,Unnamed: 0,token_address,project_name,code_repo,token_creator,total_tvl,other_contracts,token_creation_date
0,0,0x7D1AfA7B718fb893dB30A3aBc0Cfc608AaCfeBB0,Matic,https://github.com/maticnetwork/contracts,0x78655080b65f42E2ceE5FA5673689CC44D4E1cFC,6303444802.0,"[{'smartContract': {'address': {'address': '0xb83e7f1b67d9e57faaa82452ddea2ec9db54f2e8'}}, 'caller': {'address': '0xa6b71e26c5e0845f74c812102ca7114b6a896ab2'}, 'date': {'date': '2022-09-05'}, 'block': {'height': 15477383}}, {'smartContract': {'address': {'address': '0x4c37c126eac3baaa98e38eae05215c522e6ca817'}}, 'caller': {'address': '0xa6b71e26c5e0845f74c812102ca7114b6a896ab2'}, 'date': {'date': '2021-09-10'}, 'block': {'height': 13198845}}, {'smartContract': {'address': {'address': '0x185486869e615f5a5644991a491212582caa08fb'}}, 'caller': {'address': '0x78655080b65f42e2cee5fa5673689cc44d4e1cfc'}, 'date': {'date': '2021-02-28'}, 'block': {'height': 11945637}}, {'smartContract': {'address': {'address': '0x4a5020dc88541c4e0ed19fd7e1da2f6722012c56'}}, 'caller': {'address': '0x78655080b65f42e2cee5fa5673689cc44d4e1cfc'}, 'date': {'date': '2021-02-28'}, 'block': {'height': 11945596}}, {'smartContract': {'address': {'address': '0x40730f34668afcb3884f050cbc3d376a444bbe44'}}, 'caller': {'address': '0x78655080b65f42e2cee5fa5673689cc44d4e1cfc'}, 'date': {'date': '2021-01-25'}, 'block': {'height': 11726151}}, {'smartContract': {'address': {'address': '0x4015ccad9218b109d3339b356392c6ee8438e5d0'}}, 'caller': {'address': '0x78655080b65f42e2cee5fa5673689cc44d4e1cfc'}, 'date': {'date': '2021-01-22'}, 'block': {'height': 11706979}}, {'smartContract': {'address': {'address': '0xfe2dbdbfd39456b3f7e2eb8a8cb262c078d4c79b'}}, 'caller': {'address': '0x76e2cfc1f5fa8f6a5b3fc4c8f4788f0116861f9b'}, 'date': {'date': '2020-07-01'}, 'block': {'height': 10372613}}, {'smartContract': {'address': {'address': '0xfa7d2a996ac6350f4b56c043112da0366a59b74c'}}, 'caller': {'address': '0x76e2cfc1f5fa8f6a5b3fc4c8f4788f0116861f9b'}, 'date': {'date': '2020-07-01'}, 'block': {'height': 10372536}}, {'smartContract': {'address': {'address': '0x9968d5ec60324f999f8c4bf1c3cd16c420d6d4b8'}}, 'caller': {'address': '0x76e2cfc1f5fa8f6a5b3fc4c8f4788f0116861f9b'}, 'date': {'date': '2020-07-01'}, 'block': {'height': 10372520}}, {'smartContract': {'address': {'address': '0xcd6507d87f605f5e95c12f7c4b1fc3279dc944ab'}}, 'caller': {'address': '0x76e2cfc1f5fa8f6a5b3fc4c8f4788f0116861f9b'}, 'date': {'date': '2020-04-26'}, 'block': {'height': 9949221}}, {'smartContract': {'address': {'address': '0x534e19c774b1f5916da969bdf1aa5d3032913f0e'}}, 'caller': {'address': '0x76e2cfc1f5fa8f6a5b3fc4c8f4788f0116861f9b'}, 'date': {'date': '2020-04-26'}, 'block': {'height': 9949210}}, {'smartContract': {'address': {'address': '0x8aef5765ba996a5ec4f607026729082fa6b51096'}}, 'caller': {'address': '0x6e95c8e8557abc08b46f3c347ba06f8dc012763f'}, 'date': {'date': '2020-04-26'}, 'block': {'height': 9949187}}]",2019-04-20
1,1,0x9f8F72aA9304c8B593d555F12eF6589cC3A579A2,Maker,https://github.com/makerdao/dai.js,0x731c6F8C754FA404CFCC2Ed8035EF79262f65702,6018573078.0,[],2017-11-25
2,2,0x5A98FcBEA516Cf06857215779Fd812CA3beF1B32,Lido,https://github.com/lidofinance/lido-dao,0x909d05F384D0663eD4BE59863815aB43b4f347Ec,5927610762.0,[],2020-12-17
3,3,0xD533a949740bb3306d119CC777fa900bA034cd52,Curve,https://github.com/curvefi/curve-contract,0xc4AD0Ef33A0A4ddA3461c479ccb6c36d1e4B7Be4,3651282639.0,"[{'smartContract': {'address': {'address': '0x679fcb9b33fc4ae10ff4f96caef49c1ae3f8fa67'}}, 'caller': {'address': '0xc4ad0ef33a0a4dda3461c479ccb6c36d1e4b7be4'}, 'date': {'date': '2020-08-13'}, 'block': {'height': 10652519}}, {'smartContract': {'address': {'address': '0xf7dbc322d72c1788a1e37eee738e2ea9c7fa875e'}}, 'caller': {'address': '0xc4ad0ef33a0a4dda3461c479ccb6c36d1e4b7be4'}, 'date': {'date': '2020-08-13'}, 'block': {'height': 10652490}}, {'smartContract': {'address': {'address': '0x2a7d59e327759acd5d11a8fb652bf4072d28ac04'}}, 'caller': {'address': '0xc4ad0ef33a0a4dda3461c479ccb6c36d1e4b7be4'}, 'date': {'date': '2020-08-13'}, 'block': {'height': 10652466}}, {'smartContract': {'address': {'address': '0xd2d43555134dc575bf7279f4ba18809645db0f1d'}}, 'caller': {'address': '0xc4ad0ef33a0a4dda3461c479ccb6c36d1e4b7be4'}, 'date': {'date': '2020-08-13'}, 'block': {'height': 10652441}}, {'smartContract': {'address': {'address': '0xe3997288987e6297ad550a69b31439504f513267'}}, 'caller': {'address': '0xc4ad0ef33a0a4dda3461c479ccb6c36d1e4b7be4'}, 'date': {'date': '2020-08-13'}, 'block': {'height': 10652433}}, {'smartContract': {'address': {'address': '0x41df5d28c7e801c4df0ab33421e2ed6ce52d2567'}}, 'caller': {'address': '0xc4ad0ef33a0a4dda3461c479ccb6c36d1e4b7be4'}, 'date': {'date': '2020-08-13'}, 'block': {'height': 10652425}}, {'smartContract': {'address': {'address': '0xf22995a3ea2c83f6764c711115b23a88411cafdd'}}, 'caller': {'address': '0xc4ad0ef33a0a4dda3461c479ccb6c36d1e4b7be4'}, 'date': {'date': '2020-08-13'}, 'block': {'height': 10652415}}, {'smartContract': {'address': {'address': '0xa219008f38a698cc5df6074f0f147a5eab2a2ebe'}}, 'caller': {'address': '0xc4ad0ef33a0a4dda3461c479ccb6c36d1e4b7be4'}, 'date': {'date': '2020-08-13'}, 'block': {'height': 10652408}}, {'smartContract': {'address': {'address': '0x575ccd8e2d300e2377b43478339e364000318e2c'}}, 'caller': {'address': '0xc4ad0ef33a0a4dda3461c479ccb6c36d1e4b7be4'}, 'date': {'date': '2020-08-13'}, 'block': {'height': 10651694}}, {'smartContract': {'address': {'address': '0x705350c4bcd35c9441419ddd5d2f097d7a55410f'}}, 'caller': {'address': '0xc4ad0ef33a0a4dda3461c479ccb6c36d1e4b7be4'}, 'date': {'date': '2020-08-12'}, 'block': {'height': 10647943}}, {'smartContract': {'address': {'address': '0xa90996896660decc6e997655e065b23788857849'}}, 'caller': {'address': '0xc4ad0ef33a0a4dda3461c479ccb6c36d1e4b7be4'}, 'date': {'date': '2020-08-12'}, 'block': {'height': 10647937}}, {'smartContract': {'address': {'address': '0xb1f2cdec61db658f091671f5f199635aef202cac'}}, 'caller': {'address': '0xc4ad0ef33a0a4dda3461c479ccb6c36d1e4b7be4'}, 'date': {'date': '2020-08-12'}, 'block': {'height': 10647928}}, {'smartContract': {'address': {'address': '0x64e3c23bfc40722d3b649844055f1d51c1ac041d'}}, 'caller': {'address': '0xc4ad0ef33a0a4dda3461c479ccb6c36d1e4b7be4'}, 'date': {'date': '2020-08-12'}, 'block': {'height': 10647922}}, {'smartContract': {'address': {'address': '0x69fb7c45726cfe2badee8317005d3f94be838840'}}, 'caller': {'address': '0xc4ad0ef33a0a4dda3461c479ccb6c36d1e4b7be4'}, 'date': {'date': '2020-08-12'}, 'block': {'height': 10647916}}, {'smartContract': {'address': {'address': '0xfa712ee4788c042e2b7bb55e6cb8ec569c4530c1'}}, 'caller': {'address': '0xc4ad0ef33a0a4dda3461c479ccb6c36d1e4b7be4'}, 'date': {'date': '2020-08-12'}, 'block': {'height': 10647909}}, {'smartContract': {'address': {'address': '0xbc89cd85491d81c6ad2954e6d0362ee29fca8f53'}}, 'caller': {'address': '0xc4ad0ef33a0a4dda3461c479ccb6c36d1e4b7be4'}, 'date': {'date': '2020-08-12'}, 'block': {'height': 10647902}}, {'smartContract': {'address': {'address': '0x7ca5b0a2910b33e9759dc7ddb0413949071d7575'}}, 'caller': {'address': '0xc4ad0ef33a0a4dda3461c479ccb6c36d1e4b7be4'}, 'date': {'date': '2020-08-12'}, 'block': {'height': 10647894}}, {'smartContract': {'address': {'address': '0xd061d61a4d941c39e5453435b6345dc261c2fce0'}}, 'caller': {'address': '0xc4ad0ef33a0a4dda3461c479ccb6c36d1e4b7be4'}, 'date': {'date': '2020-08-12'}, 'block': {'height': 10647887}}, {'smartContract': {'address': {'address': '0x6e8f6d1da6232d5e40b0b8758a0145d6c5123eb7'}}, 'caller': {'address': '0xc4ad0ef33a0a4dda3461c479ccb6c36d1e4b7be4'}, 'date': {'date': '2020-08-12'}, 'block': {'height': 10647882}}, {'smartContract': {'address': {'address': '0x2f50d538606fa9edd2b11e2446beb18c9d5846bb'}}, 'caller': {'address': '0xc4ad0ef33a0a4dda3461c479ccb6c36d1e4b7be4'}, 'date': {'date': '2020-08-12'}, 'block': {'height': 10647875}}, {'smartContract': {'address': {'address': '0x5f3b5dfeb7b28cdbd7faba78963ee202a494e2a2'}}, 'caller': {'address': '0xc4ad0ef33a0a4dda3461c479ccb6c36d1e4b7be4'}, 'date': {'date': '2020-08-12'}, 'block': {'height': 10647812}}, {'smartContract': {'address': {'address': '0xd533a949740bb3306d119cc777fa900ba034cd52'}}, 'caller': {'address': '0xc4ad0ef33a0a4dda3461c479ccb6c36d1e4b7be4'}, 'date': {'date': '2020-08-12'}, 'block': {'height': 10647806}}]",2020-08-13
4,4,0x7Fc66500c84A76Ad7e9c93437bFc5Ac33E2DDaE9,Aave,https://github.com/aave/aave-protocol,0x51F22ac850D29C879367A77D241734AcB276B815,3207148015.0,"[{'smartContract': {'address': {'address': '0xcd55262c3ea354a58661597f71037d5fa26b72bd'}}, 'caller': {'address': '0x51f22ac850d29c879367a77d241734acb276b815'}, 'date': {'date': '2020-10-07'}, 'block': {'height': 11007783}}, {'smartContract': {'address': {'address': '0x9e194d49b7ed0123f46b07d7e10013a335e0ed11'}}, 'caller': {'address': '0x51f22ac850d29c879367a77d241734acb276b815'}, 'date': {'date': '2020-10-07'}, 'block': {'height': 11007773}}, {'smartContract': {'address': {'address': '0xb76289b5e22bd8acc7ab4d35d3c58a1830517e13'}}, 'caller': {'address': '0x51f22ac850d29c879367a77d241734acb276b815'}, 'date': {'date': '2020-10-07'}, 'block': {'height': 11007602}}, {'smartContract': {'address': {'address': '0xfbddac793b8d16d8ac7ca614646eda373d926f19'}}, 'caller': {'address': '0x51f22ac850d29c879367a77d241734acb276b815'}, 'date': {'date': '2020-10-02'}, 'block': {'height': 10976496}}, {'smartContract': {'address': {'address': '0x06abcc3b98b7310f50197f0f9cec6cf6e176ae68'}}, 'caller': {'address': '0x51f22ac850d29c879367a77d241734acb276b815'}, 'date': {'date': '2020-10-02'}, 'block': {'height': 10976456}}, {'smartContract': {'address': {'address': '0x76fdb6cc74e69ccef060f90ee0f7a111b742b1e8'}}, 'caller': {'address': '0x51f22ac850d29c879367a77d241734acb276b815'}, 'date': {'date': '2020-10-02'}, 'block': {'height': 10976446}}, {'smartContract': {'address': {'address': '0x95a4949f09415b12da789e144b2522956620d005'}}, 'caller': {'address': '0x51f22ac850d29c879367a77d241734acb276b815'}, 'date': {'date': '2020-09-25'}, 'block': {'height': 10932382}}, {'smartContract': {'address': {'address': '0x492dd0e56eb3e1e5bea8938c0e128c5160063050'}}, 'caller': {'address': '0x51f22ac850d29c879367a77d241734acb276b815'}, 'date': {'date': '2020-09-25'}, 'block': {'height': 10932336}}, {'smartContract': {'address': {'address': '0x66c812e4b6e889b638ff548c8c02c803f640d6d5'}}, 'caller': {'address': '0x51f22ac850d29c879367a77d241734acb276b815'}, 'date': {'date': '2020-09-24'}, 'block': {'height': 10927159}}, {'smartContract': {'address': {'address': '0xa133459b2502b0137e85a446fa8d4e300877a007'}}, 'caller': {'address': '0x51f22ac850d29c879367a77d241734acb276b815'}, 'date': {'date': '2020-09-24'}, 'block': {'height': 10927101}}, {'smartContract': {'address': {'address': '0xa5e83c1a6e56f27f7764e5c5d99a9b8786e3a391'}}, 'caller': {'address': '0x51f22ac850d29c879367a77d241734acb276b815'}, 'date': {'date': '2020-09-24'}, 'block': {'height': 10927054}}, {'smartContract': {'address': {'address': '0x4da27a545c0c5b758a6ba100e3a049001de870f5'}}, 'caller': {'address': '0x51f22ac850d29c879367a77d241734acb276b815'}, 'date': {'date': '2020-09-24'}, 'block': {'height': 10927018}}, {'smartContract': {'address': {'address': '0x74a7a4e7566a2f523986e500ce35b20d343f6741'}}, 'caller': {'address': '0x51f22ac850d29c879367a77d241734acb276b815'}, 'date': {'date': '2020-09-24'}, 'block': {'height': 10927016}}, {'smartContract': {'address': {'address': '0x25f2226b597e8f9514b3f68f00f494cf4f286491'}}, 'caller': {'address': '0x51f22ac850d29c879367a77d241734acb276b815'}, 'date': {'date': '2020-09-24'}, 'block': {'height': 10926951}}, {'smartContract': {'address': {'address': '0x91abd2708b6b83359e7da5c4bda1df9c42ed334b'}}, 'caller': {'address': '0x51f22ac850d29c879367a77d241734acb276b815'}, 'date': {'date': '2020-09-24'}, 'block': {'height': 10926949}}, {'smartContract': {'address': {'address': '0x317625234562b1526ea2fac4030ea499c5291de4'}}, 'caller': {'address': '0x51f22ac850d29c879367a77d241734acb276b815'}, 'date': {'date': '2020-09-24'}, 'block': {'height': 10926835}}, {'smartContract': {'address': {'address': '0x86241b6c526998582556f7c0342d8863b604b17b'}}, 'caller': {'address': '0x51f22ac850d29c879367a77d241734acb276b815'}, 'date': {'date': '2020-09-24'}, 'block': {'height': 10926833}}, {'smartContract': {'address': {'address': '0x7fc66500c84a76ad7e9c93437bfc5ac33e2ddae9'}}, 'caller': {'address': '0x51f22ac850d29c879367a77d241734acb276b815'}, 'date': {'date': '2020-09-24'}, 'block': {'height': 10926829}}, {'smartContract': {'address': {'address': '0xea86074fdac85e6a605cd418668c63d2716cdfbc'}}, 'caller': {'address': '0x51f22ac850d29c879367a77d241734acb276b815'}, 'date': {'date': '2020-09-24'}, 'block': {'height': 10926824}}, {'smartContract': {'address': {'address': '0x8a2efd9a790199f4c94c6effe210fce0b4724f52'}}, 'caller': {'address': '0x51f22ac850d29c879367a77d241734acb276b815'}, 'date': {'date': '2020-09-24'}, 'block': {'height': 10925875}}, {'smartContract': {'address': {'address': '0xf7ff0aee0c2d6fbdea3a85742443e284b62fd0b2'}}, 'caller': {'address': '0x51f22ac850d29c879367a77d241734acb276b815'}, 'date': {'date': '2020-09-24'}, 'block': {'height': 10925871}}, {'smartContract': {'address': {'address': '0x5ac493b8c2cef1f02f117b9ba2797e7da95574aa'}}, 'caller': {'address': '0x51f22ac850d29c879367a77d241734acb276b815'}, 'date': {'date': '2020-09-24'}, 'block': {'height': 10925862}}, {'smartContract': {'address': {'address': '0x72bbcfc20d355fc3e8ac4ce8fcaf63874f746631'}}, 'caller': {'address': '0x51f22ac850d29c879367a77d241734acb276b815'}, 'date': {'date': '2020-09-24'}, 'block': {'height': 10925857}}, {'smartContract': {'address': {'address': '0x0671ca7e039af2cf2d2c5e7f1aa261ae78b3ffdf'}}, 'caller': {'address': '0x51f22ac850d29c879367a77d241734acb276b815'}, 'date': {'date': '2020-09-24'}, 'block': {'height': 10925313}}, {'smartContract': {'address': {'address': '0xf3a353eaba70cab5fd035b1d071b4dba630e1489'}}, 'caller': {'address': '0x51f22ac850d29c879367a77d241734acb276b815'}, 'date': {'date': '2020-09-22'}, 'block': {'height': 10912473}}, {'smartContract': {'address': {'address': '0xc85d2665dc2a9c1b3235743eb0b0e6cfb9f8720a'}}, 'caller': {'address': '0x51f22ac850d29c879367a77d241734acb276b815'}, 'date': {'date': '2020-09-22'}, 'block': {'height': 10912446}}, {'smartContract': {'address': {'address': '0xa66fe285f35b62a10a88a0d81043c23eb6b5e891'}}, 'caller': {'address': '0x51f22ac850d29c879367a77d241734acb276b815'}, 'date': {'date': '2020-09-22'}, 'block': {'height': 10912430}}, {'smartContract': {'address': {'address': '0x36ec8f61d077909b2166f78c488f2525bca62e94'}}, 'caller': {'address': '0x51f22ac850d29c879367a77d241734acb276b815'}, 'date': {'date': '2020-09-22'}, 'block': {'height': 10910797}}, {'smartContract': {'address': {'address': '0xbb109741ff6c92c196cbf1fdb5f1baf874e6ea8a'}}, 'caller': {'address': '0x51f22ac850d29c879367a77d241734acb276b815'}, 'date': {'date': '2020-09-22'}, 'block': {'height': 10910765}}, {'smartContract': {'address': {'address': '0x797ae69562588dd893567ba22dfcf8e842686b53'}}, 'caller': {'address': '0x51f22ac850d29c879367a77d241734acb276b815'}, 'date': {'date': '2020-09-22'}, 'block': {'height': 10910717}}, {'smartContract': {'address': {'address': '0x3b42cd463d247aaeffb38cff5d5ee42e9ddc4430'}}, 'caller': {'address': '0x51f22ac850d29c879367a77d241734acb276b815'}, 'date': {'date': '2020-09-21'}, 'block': {'height': 10907525}}, {'smartContract': {'address': {'address': '0x7151da420959f0445f8b1ae893f72985691f862f'}}, 'caller': {'address': '0x51f22ac850d29c879367a77d241734acb276b815'}, 'date': {'date': '2020-09-21'}, 'block': {'height': 10907523}}, {'smartContract': {'address': {'address': '0x481484ee9be4819842268487aeeb1f43810d03a1'}}, 'caller': {'address': '0x51f22ac850d29c879367a77d241734acb276b815'}, 'date': {'date': '2020-09-21'}, 'block': {'height': 10907512}}, {'smartContract': {'address': {'address': '0x9e85cb1dc092818ceb0498c45cd0f7963db66569'}}, 'caller': {'address': '0x51f22ac850d29c879367a77d241734acb276b815'}, 'date': {'date': '2020-09-21'}, 'block': {'height': 10907336}}, {'smartContract': {'address': {'address': '0xb22f211c8d6ef7b59a780bfb6c493fc0c47f11fb'}}, 'caller': {'address': '0x51f22ac850d29c879367a77d241734acb276b815'}, 'date': {'date': '2020-09-21'}, 'block': {'height': 10907275}}, {'smartContract': {'address': {'address': '0x253f7b06c1d60c1fbbc9d82c301327eb86e3ba81'}}, 'caller': {'address': '0x51f22ac850d29c879367a77d241734acb276b815'}, 'date': {'date': '2020-09-21'}, 'block': {'height': 10906715}}, {'smartContract': {'address': {'address': '0x238fcb066a2e4662078836237a62b59664d6f76d'}}, 'caller': {'address': '0x51f22ac850d29c879367a77d241734acb276b815'}, 'date': {'date': '2020-09-21'}, 'block': {'height': 10906697}}, {'smartContract': {'address': {'address': '0x3368fefe5465c5593a3fd09f50d4660309e4738a'}}, 'caller': {'address': '0x51f22ac850d29c879367a77d241734acb276b815'}, 'date': {'date': '2020-09-21'}, 'block': {'height': 10905229}}, {'smartContract': {'address': {'address': '0xb49c03bf8eba52ec3a53b240036b35470e4129b3'}}, 'caller': {'address': '0x51f22ac850d29c879367a77d241734acb276b815'}, 'date': {'date': '2020-09-21'}, 'block': {'height': 10905227}}, {'smartContract': {'address': {'address': '0x9c0435779f5e52cec404d957c9baa6f7d674c8ba'}}, 'caller': {'address': '0x51f22ac850d29c879367a77d241734acb276b815'}, 'date': {'date': '2020-09-21'}, 'block': {'height': 10905224}}, {'smartContract': {'address': {'address': '0xd1ec5d22ca2c0a47e06440bff4221c7f1f702d0f'}}, 'caller': {'address': '0x51f22ac850d29c879367a77d241734acb276b815'}, 'date': {'date': '2020-09-21'}, 'block': {'height': 10905220}}, {'smartContract': {'address': {'address': '0xda8ad436e1dfe962091d86a341e957c6a5168a9d'}}, 'caller': {'address': '0x51f22ac850d29c879367a77d241734acb276b815'}, 'date': {'date': '2020-09-18'}, 'block': {'height': 10887194}}, {'smartContract': {'address': {'address': '0xf3b2c28c7245c49ea5e6c6db98026f180b443a06'}}, 'caller': {'address': '0x51f22ac850d29c879367a77d241734acb276b815'}, 'date': {'date': '2020-09-18'}, 'block': {'height': 10887151}}, {'smartContract': {'address': {'address': '0xedac33e303ef865151ae73f97610c09cdadc5c7b'}}, 'caller': {'address': '0x51f22ac850d29c879367a77d241734acb276b815'}, 'date': {'date': '2020-09-18'}, 'block': {'height': 10887148}}, {'smartContract': {'address': {'address': '0xfe431426a5d7338e925afd9335e47c52cc41d35d'}}, 'caller': {'address': '0x51f22ac850d29c879367a77d241734acb276b815'}, 'date': {'date': '2020-09-18'}, 'block': {'height': 10887132}}, {'smartContract': {'address': {'address': '0xed4ec9c8bce4b765abdd0aadb545e076bbb18760'}}, 'caller': {'address': '0x51f22ac850d29c879367a77d241734acb276b815'}, 'date': {'date': '2020-09-18'}, 'block': {'height': 10887132}}]",2020-09-24
5,5,0x2260FAC5E5542a773Aa44fBCfeDf7C193bc2C599,WBTC,https://github.com/WrappedBTC/bitcoin-token-smart-contracts,0x8b41783AD99FCBeB8d575fA7A7b5a04fA0b8d80b,3119822341.0,[],2018-11-24
6,6,0x4e3FBD56CD56c3e72c1403e103b45Db9da5B9D2B,Convex,https://github.com/convex-eth/platform,0x947B7742C403f20e5FaCcDAc5E092C943E7D0277,3066105675.0,"[{'smartContract': {'address': {'address': '0x7b55160e5199ec3bedeed13c701a7b462dcbb41c'}}, 'caller': {'address': '0x3c995e43e6ddd551e226f4c5544c77bfed147ab9'}, 'date': {'date': '2022-12-23'}, 'block': {'height': 16247416}}, {'smartContract': {'address': {'address': '0x2a7b6a16cf7be51968b69768c3fecaa7e27524a5'}}, 'caller': {'address': '0xedccb35798fae4925718a43cc608ae136208aa8d'}, 'date': {'date': '2022-12-23'}, 'block': {'height': 16247416}}, {'smartContract': {'address': {'address': '0x2893e553b4c075a649b68ef6f7bbc6ebf87a8531'}}, 'caller': {'address': '0x66807b5598a848602734b82e432dd88dbe13fc8f'}, 'date': {'date': '2022-12-23'}, 'block': {'height': 16247416}}, {'smartContract': {'address': {'address': '0x3b7ffdce9f2d62a12acaadf700383093abbd399c'}}, 'caller': {'address': '0x66807b5598a848602734b82e432dd88dbe13fc8f'}, 'date': {'date': '2022-12-21'}, 'block': {'height': 16229612}}, {'smartContract': {'address': {'address': '0xf04ff142d4b036df35e64f386a4038b0bbbb768a'}}, 'caller': {'address': '0x3c995e43e6ddd551e226f4c5544c77bfed147ab9'}, 'date': {'date': '2022-12-21'}, 'block': {'height': 16229612}}, {'smartContract': {'address': {'address': '0xe5ba5e48114ecf21df6d0ba958372ce878592705'}}, 'caller': {'address': '0xedccb35798fae4925718a43cc608ae136208aa8d'}, 'date': {'date': '2022-12-21'}, 'block': {'height': 16229612}}, {'smartContract': {'address': {'address': '0xc461e1ce3795ee30ba2ec59843d5fae14d5782d5'}}, 'caller': {'address': '0x947b7742c403f20e5faccdac5e092c943e7d0277'}, 'date': {'date': '2022-12-20'}, 'block': {'height': 16225762}}, {'smartContract': {'address': {'address': '0x0e4e9d97440182ea72d988d48eb9b156a0c02e11'}}, 'caller': {'address': '0x947b7742c403f20e5faccdac5e092c943e7d0277'}, 'date': {'date': '2022-12-15'}, 'block': {'height': 16187043}}, {'smartContract': {'address': {'address': '0x1a938e62dab29a8df2904b370aa3af8cf91cb854'}}, 'caller': {'address': '0x947b7742c403f20e5faccdac5e092c943e7d0277'}, 'date': {'date': '2022-12-15'}, 'block': {'height': 16187017}}, {'smartContract': {'address': {'address': '0x7a03479676d26ee8cf5649ad5bf6beff83d506a6'}}, 'caller': {'address': '0x66807b5598a848602734b82e432dd88dbe13fc8f'}, 'date': {'date': '2022-12-14'}, 'block': {'height': 16180785}}, {'smartContract': {'address': {'address': '0xb6d514658d5fb48de939e208b40cb081d98b7f58'}}, 'caller': {'address': '0x66807b5598a848602734b82e432dd88dbe13fc8f'}, 'date': {'date': '2022-12-14'}, 'block': {'height': 16180783}}, {'smartContract': {'address': {'address': '0x62e209e8104bb44ea6935eadd5840c68ddc9891c'}}, 'caller': {'address': '0x66807b5598a848602734b82e432dd88dbe13fc8f'}, 'date': {'date': '2022-12-14'}, 'block': {'height': 16180780}}, {'smartContract': {'address': {'address': '0x19f0a60f4635d3e2c48647822eda5332ba094fd3'}}, 'caller': {'address': '0x66807b5598a848602734b82e432dd88dbe13fc8f'}, 'date': {'date': '2022-12-08'}, 'block': {'height': 16136490}}, {'smartContract': {'address': {'address': '0xf37007f2b9de656115e1b977bb1fd38a99b8a2a6'}}, 'caller': {'address': '0x66807b5598a848602734b82e432dd88dbe13fc8f'}, 'date': {'date': '2022-12-08'}, 'block': {'height': 16136486}}, {'smartContract': {'address': {'address': '0xd1b222aaedf2877ceeb3c66bdaa6858200eb48fc'}}, 'caller': {'address': '0x66807b5598a848602734b82e432dd88dbe13fc8f'}, 'date': {'date': '2022-12-02'}, 'block': {'height': 16094232}}, {'smartContract': {'address': {'address': '0x54a3a6afd87f10eea4acc2a067a2c0b612b6d315'}}, 'caller': {'address': '0x66807b5598a848602734b82e432dd88dbe13fc8f'}, 'date': {'date': '2022-12-02'}, 'block': {'height': 16094228}}, {'smartContract': {'address': {'address': '0xfc1e8bf3e81383ef07be24c3fd146745719de48d'}}, 'caller': {'address': '0xf18056bbd320e96a48e3fbf8bc061322531aac99'}, 'date': {'date': '2022-11-11'}, 'block': {'height': 15944840}}, {'smartContract': {'address': {'address': '0x5271045f7b73c17825a7a7aee6917ee46b0b7520'}}, 'caller': {'address': '0xf18056bbd320e96a48e3fbf8bc061322531aac99'}, 'date': {'date': '2022-11-11'}, 'block': {'height': 15944840}}, {'smartContract': {'address': {'address': '0x3465b8211278505ae9c6b5ba08ecd9af951a6896'}}, 'caller': {'address': '0x66807b5598a848602734b82e432dd88dbe13fc8f'}, 'date': {'date': '2022-11-04'}, 'block': {'height': 15896754}}, {'smartContract': {'address': {'address': '0x0a952e9f66bd93f00339895a798fa458ea332e17'}}, 'caller': {'address': '0x66807b5598a848602734b82e432dd88dbe13fc8f'}, 'date': {'date': '2022-11-04'}, 'block': {'height': 15896752}}, {'smartContract': {'address': {'address': '0x03fb8543e933624b45abdd31987548c0d9892f07'}}, 'caller': {'address': '0x947b7742c403f20e5faccdac5e092c943e7d0277'}, 'date': {'date': '2022-11-04'}, 'block': {'height': 15896654}}, {'smartContract': {'address': {'address': '0x24aadb83e284e80bba0ece5c8890bff6c9097a51'}}, 'caller': {'address': '0x66807b5598a848602734b82e432dd88dbe13fc8f'}, 'date': {'date': '2022-11-04'}, 'block': {'height': 15893162}}, {'smartContract': {'address': {'address': '0xbb0d72dd9262bb001485097b27fc64ef2966a1a9'}}, 'caller': {'address': '0x66807b5598a848602734b82e432dd88dbe13fc8f'}, 'date': {'date': '2022-11-04'}, 'block': {'height': 15893159}}, {'smartContract': {'address': {'address': '0x4659d5ff63a1e1edd6d5dd9cc315e063c95947d0'}}, 'caller': {'address': '0x66807b5598a848602734b82e432dd88dbe13fc8f'}, 'date': {'date': '2022-11-02'}, 'block': {'height': 15878623}}, {'smartContract': {'address': {'address': '0xb92e3fd365fc5e038aa304afe919fee158359c88'}}, 'caller': {'address': '0x66807b5598a848602734b82e432dd88dbe13fc8f'}, 'date': {'date': '2022-11-02'}, 'block': {'height': 15878620}}, {'smartContract': {'address': {'address': '0xb410d27baa290c5d54ece34913eafb687aa2cb08'}}, 'caller': {'address': '0x947b7742c403f20e5faccdac5e092c943e7d0277'}, 'date': {'date': '2022-11-01'}, 'block': {'height': 15878574}}, {'smartContract': {'address': {'address': '0xa82bebc607cd258c66a6d5006a19401eafb786a4'}}, 'caller': {'address': '0x947b7742c403f20e5faccdac5e092c943e7d0277'}, 'date': {'date': '2022-11-01'}, 'block': {'height': 15872671}}, {'smartContract': {'address': {'address': '0x34a96d4d52cae5c278ff17237b2df21bc187b71e'}}, 'caller': {'address': '0x66807b5598a848602734b82e432dd88dbe13fc8f'}, 'date': {'date': '2022-10-31'}, 'block': {'height': 15865873}}, {'smartContract': {'address': {'address': '0xc07e540dbfeccf7431ea2478eb28a03918c1c30e'}}, 'caller': {'address': '0x3c995e43e6ddd551e226f4c5544c77bfed147ab9'}, 'date': {'date': '2022-10-31'}, 'block': {'height': 15865873}}, {'smartContract': {'address': {'address': '0xbd5445402b0a287cbc77cb67b2a52e2fc635dce4'}}, 'caller': {'address': '0xedccb35798fae4925718a43cc608ae136208aa8d'}, 'date': {'date': '2022-10-31'}, 'block': {'height': 15865873}}, {'smartContract': {'address': {'address': '0xddc53d3b91090cd99d87ee1e6108857732fb5e4a'}}, 'caller': {'address': '0x66807b5598a848602734b82e432dd88dbe13fc8f'}, 'date': {'date': '2022-10-30'}, 'block': {'height': 15860907}}, {'smartContract': {'address': {'address': '0x06a2c4431fb5dbfecbcba15154dd53e374c14292'}}, 'caller': {'address': '0x3c995e43e6ddd551e226f4c5544c77bfed147ab9'}, 'date': {'date': '2022-10-30'}, 'block': {'height': 15860907}}, {'smartContract': {'address': {'address': '0x5d02ecd9b83f1187e92ad5be3d1bd2915ca03699'}}, 'caller': {'address': '0xedccb35798fae4925718a43cc608ae136208aa8d'}, 'date': {'date': '2022-10-30'}, 'block': {'height': 15860907}}, {'smartContract': {'address': {'address': '0x451a78ffff9f98f46c98cde891ce87afed6537a8'}}, 'caller': {'address': '0x66807b5598a848602734b82e432dd88dbe13fc8f'}, 'date': {'date': '2022-10-18'}, 'block': {'height': 15775661}}, {'smartContract': {'address': {'address': '0xf5c71cb5e1dd07f1fef6cf5771bd5e91a056d025'}}, 'caller': {'address': '0x66807b5598a848602734b82e432dd88dbe13fc8f'}, 'date': {'date': '2022-10-18'}, 'block': {'height': 15775659}}, {'smartContract': {'address': {'address': '0x1b343ea48a0cd04f59c8f276a1f4c89a646efc19'}}, 'caller': {'address': '0x66807b5598a848602734b82e432dd88dbe13fc8f'}, 'date': {'date': '2022-10-18'}, 'block': {'height': 15775657}}, {'smartContract': {'address': {'address': '0x18abf08369124189a1dc9e293d9cbe1a7b2e695c'}}, 'caller': {'address': '0x947b7742c403f20e5faccdac5e092c943e7d0277'}, 'date': {'date': '2022-10-18'}, 'block': {'height': 15772876}}, {'smartContract': {'address': {'address': '0x30a0b1b1dab2fea869e5937ead83af9284eb1661'}}, 'caller': {'address': '0x66807b5598a848602734b82e432dd88dbe13fc8f'}, 'date': {'date': '2022-09-20'}, 'block': {'height': 15577925}}, {'smartContract': {'address': {'address': '0xcad494145db80d9dccd7b423d4de6498fc0b6f1f'}}, 'caller': {'address': '0x66807b5598a848602734b82e432dd88dbe13fc8f'}, 'date': {'date': '2022-09-20'}, 'block': {'height': 15577921}}, {'smartContract': {'address': {'address': '0x325dff89825e03f52b96a5fda94b6d8b6921d40e'}}, 'caller': {'address': '0x66807b5598a848602734b82e432dd88dbe13fc8f'}, 'date': {'date': '2022-09-20'}, 'block': {'height': 15577916}}, {'smartContract': {'address': {'address': '0xc3b5696bd612a3270aff7fa02cd16176bc13f275'}}, 'caller': {'address': '0x66807b5598a848602734b82e432dd88dbe13fc8f'}, 'date': {'date': '2022-09-20'}, 'block': {'height': 15577911}}, {'smartContract': {'address': {'address': '0x4a6bef20c3ea4844e34e87ba06f29270f17cddae'}}, 'caller': {'address': '0x66807b5598a848602734b82e432dd88dbe13fc8f'}, 'date': {'date': '2022-09-20'}, 'block': {'height': 15577907}}, {'smartContract': {'address': {'address': '0xa62a7a5f54d039a7bbbbafe12110e7bb3b3d85c0'}}, 'caller': {'address': '0x66807b5598a848602734b82e432dd88dbe13fc8f'}, 'date': {'date': '2022-09-20'}, 'block': {'height': 15577903}}, {'smartContract': {'address': {'address': '0x5dbbb702592d14474c0cb91481503e8fdbf87dfe'}}, 'caller': {'address': '0x66807b5598a848602734b82e432dd88dbe13fc8f'}, 'date': {'date': '2022-09-20'}, 'block': {'height': 15577899}}, {'smartContract': {'address': {'address': '0x8308b8dad392e1dc4ad03846d5eccbd1c6e05896'}}, 'caller': {'address': '0x66807b5598a848602734b82e432dd88dbe13fc8f'}, 'date': {'date': '2022-09-20'}, 'block': {'height': 15577895}}, {'smartContract': {'address': {'address': '0x787eb52b94c4610abe2c9c5ee95c3a4a16533344'}}, 'caller': {'address': '0x66807b5598a848602734b82e432dd88dbe13fc8f'}, 'date': {'date': '2022-09-19'}, 'block': {'height': 15563953}}, {'smartContract': {'address': {'address': '0xaf1b82809296e52a42b3452c52e301369ce20554'}}, 'caller': {'address': '0x66807b5598a848602734b82e432dd88dbe13fc8f'}, 'date': {'date': '2022-09-19'}, 'block': {'height': 15563950}}, {'smartContract': {'address': {'address': '0xa6a8f315b1a8c9b05433d206b8fecfbf0fc96217'}}, 'caller': {'address': '0x66807b5598a848602734b82e432dd88dbe13fc8f'}, 'date': {'date': '2022-09-19'}, 'block': {'height': 15563945}}, {'smartContract': {'address': {'address': '0xa103a6ca0c4d4072ba59a55fd453bfe4197a095b'}}, 'caller': {'address': '0x66807b5598a848602734b82e432dd88dbe13fc8f'}, 'date': {'date': '2022-09-19'}, 'block': {'height': 15563941}}, {'smartContract': {'address': {'address': '0x93d1de20eabb21686cfe716f78f67e51ee578185'}}, 'caller': {'address': '0x66807b5598a848602734b82e432dd88dbe13fc8f'}, 'date': {'date': '2022-09-19'}, 'block': {'height': 15563936}}, {'smartContract': {'address': {'address': '0x78b74c93c726b6e29d0ef5a01764fa19eccf0c1c'}}, 'caller': {'address': '0x66807b5598a848602734b82e432dd88dbe13fc8f'}, 'date': {'date': '2022-09-19'}, 'block': {'height': 15563932}}, {'smartContract': {'address': {'address': '0xf06c8696730cf760619e4fa0edd0f79ea50531a9'}}, 'caller': {'address': '0x66807b5598a848602734b82e432dd88dbe13fc8f'}, 'date': {'date': '2022-09-19'}, 'block': {'height': 15563928}}, {'smartContract': {'address': {'address': '0x7aef5bdc573dcbfb40ec68b0baab03abb846c9c6'}}, 'caller': {'address': '0x66807b5598a848602734b82e432dd88dbe13fc8f'}, 'date': {'date': '2022-09-19'}, 'block': {'height': 15563924}}, {'smartContract': {'address': {'address': '0x0dab35761fe778293de1508075cd7d11184292bd'}}, 'caller': {'address': '0x66807b5598a848602734b82e432dd88dbe13fc8f'}, 'date': {'date': '2022-09-14'}, 'block': {'height': 15535542}}, {'smartContract': {'address': {'address': '0xd3c412c3cedbec604425b23dcd79aa1ac810622f'}}, 'caller': {'address': '0xedccb35798fae4925718a43cc608ae136208aa8d'}, 'date': {'date': '2022-09-14'}, 'block': {'height': 15535542}}, {'smartContract': {'address': {'address': '0xe79914274ea1332222793d7ba931647531e10a5b'}}, 'caller': {'address': '0x3c995e43e6ddd551e226f4c5544c77bfed147ab9'}, 'date': {'date': '2022-09-14'}, 'block': {'height': 15535542}}, {'smartContract': {'address': {'address': '0xcf9fc20189755354eddded66c9ed9dfadafd7a2e'}}, 'caller': {'address': '0x3c995e43e6ddd551e226f4c5544c77bfed147ab9'}, 'date': {'date': '2022-09-14'}, 'block': {'height': 15530149}}, {'smartContract': {'address': {'address': '0x138fc6d00f2eaccdf34ab2a7a88f73633e20fd14'}}, 'caller': {'address': '0x66807b5598a848602734b82e432dd88dbe13fc8f'}, 'date': {'date': '2022-09-14'}, 'block': {'height': 15530149}}, {'smartContract': {'address': {'address': '0xc10fd95fd3b56535668426b2c8681ad1e15be608'}}, 'caller': {'address': '0xedccb35798fae4925718a43cc608ae136208aa8d'}, 'date': {'date': '2022-09-14'}, 'block': {'height': 15530149}}, {'smartContract': {'address': {'address': '0x19ea715f854db2196c6f45a174541a5ac884d2f9'}}, 'caller': {'address': '0xedccb35798fae4925718a43cc608ae136208aa8d'}, 'date': {'date': '2022-09-14'}, 'block': {'height': 15530147}}, {'smartContract': {'address': {'address': '0xdad9db2c7c96a1496493e6d48d131a2667f284f9'}}, 'caller': {'address': '0x3c995e43e6ddd551e226f4c5544c77bfed147ab9'}, 'date': {'date': '2022-09-14'}, 'block': {'height': 15530147}}, {'smartContract': {'address': {'address': '0xbebb0da27c8e488fbbf6570835f5ca3894f0c66f'}}, 'caller': {'address': '0x66807b5598a848602734b82e432dd88dbe13fc8f'}, 'date': {'date': '2022-09-14'}, 'block': {'height': 15530147}}, {'smartContract': {'address': {'address': '0xdebc7b51043b4d0dd4f3310c68a12382b8843cee'}}, 'caller': {'address': '0xedccb35798fae4925718a43cc608ae136208aa8d'}, 'date': {'date': '2022-09-14'}, 'block': {'height': 15530146}}, {'smartContract': {'address': {'address': '0x2ae739f40cda5f053f9dbece7e177fcbdc4a07d9'}}, 'caller': {'address': '0x3c995e43e6ddd551e226f4c5544c77bfed147ab9'}, 'date': {'date': '2022-09-14'}, 'block': {'height': 15530146}}, {'smartContract': {'address': {'address': '0x5fde2e46ca794b5057a7c662833fa133b23c7e51'}}, 'caller': {'address': '0x66807b5598a848602734b82e432dd88dbe13fc8f'}, 'date': {'date': '2022-09-14'}, 'block': {'height': 15530146}}, {'smartContract': {'address': {'address': '0xf02b3a77b1e7775de10294d78a4c3d77772b484a'}}, 'caller': {'address': '0xedccb35798fae4925718a43cc608ae136208aa8d'}, 'date': {'date': '2022-09-14'}, 'block': {'height': 15530145}}, {'smartContract': {'address': {'address': '0xaf1c8bbf3c7da2ad67f62bae4ec423f03c322f8d'}}, 'caller': {'address': '0x66807b5598a848602734b82e432dd88dbe13fc8f'}, 'date': {'date': '2022-09-14'}, 'block': {'height': 15530145}}, {'smartContract': {'address': {'address': '0x123dc033d6ff314211f7953ed31bc805f85c13d5'}}, 'caller': {'address': '0x3c995e43e6ddd551e226f4c5544c77bfed147ab9'}, 'date': {'date': '2022-09-14'}, 'block': {'height': 15530145}}, {'smartContract': {'address': {'address': '0x0404d05f3992347d2f0dc3a97bdd147d77c85c1c'}}, 'caller': {'address': '0xedccb35798fae4925718a43cc608ae136208aa8d'}, 'date': {'date': '2022-09-14'}, 'block': {'height': 15530141}}, {'smartContract': {'address': {'address': '0x17962ab30c7f291b125a0a38d0ad220ab22f8a5b'}}, 'caller': {'address': '0xedccb35798fae4925718a43cc608ae136208aa8d'}, 'date': {'date': '2022-09-14'}, 'block': {'height': 15530141}}, {'smartContract': {'address': {'address': '0xe5a980f96c791c8ea56c2585840cab571441510e'}}, 'caller': {'address': '0x66807b5598a848602734b82e432dd88dbe13fc8f'}, 'date': {'date': '2022-09-14'}, 'block': {'height': 15530141}}, {'smartContract': {'address': {'address': '0x9e187393cbc76c8bf8e8a06bd7737a7cabe9d66c'}}, 'caller': {'address': '0x3c995e43e6ddd551e226f4c5544c77bfed147ab9'}, 'date': {'date': '2022-09-14'}, 'block': {'height': 15530141}}, {'smartContract': {'address': {'address': '0xae2a390e40fd426bd6af14038de89b5a6d4abe99'}}, 'caller': {'address': '0x66807b5598a848602734b82e432dd88dbe13fc8f'}, 'date': {'date': '2022-09-14'}, 'block': {'height': 15530141}}, {'smartContract': {'address': {'address': '0xf7ecc27cc9db5d28110af2d89b176a6623c7e351'}}, 'caller': {'address': '0x3c995e43e6ddd551e226f4c5544c77bfed147ab9'}, 'date': {'date': '2022-09-14'}, 'block': {'height': 15530141}}, {'smartContract': {'address': {'address': '0xb17255d92892f1322d023befddab85f172e36f67'}}, 'caller': {'address': '0x3c995e43e6ddd551e226f4c5544c77bfed147ab9'}, 'date': {'date': '2022-09-14'}, 'block': {'height': 15530139}}, {'smartContract': {'address': {'address': '0x6d096c99cc2ea52490355311b73d86365acf087f'}}, 'caller': {'address': '0xedccb35798fae4925718a43cc608ae136208aa8d'}, 'date': {'date': '2022-09-14'}, 'block': {'height': 15530139}}, {'smartContract': {'address': {'address': '0x85f3401c525d123ebca71f63da94cdb6b52a8671'}}, 'caller': {'address': '0x66807b5598a848602734b82e432dd88dbe13fc8f'}, 'date': {'date': '2022-09-14'}, 'block': {'height': 15530139}}, {'smartContract': {'address': {'address': '0xf74175ace638e612a0a3b09e6be89795ff48e06d'}}, 'caller': {'address': '0xf18056bbd320e96a48e3fbf8bc061322531aac99'}, 'date': {'date': '2022-09-05'}, 'block': {'height': 15475501}}, {'smartContract': {'address': {'address': '0xa47d0837f84fb2d1aa08077d10d10101316a959d'}}, 'caller': {'address': '0xf18056bbd320e96a48e3fbf8bc061322531aac99'}, 'date': {'date': '2022-09-04'}, 'block': {'height': 15469191}}, {'smartContract': {'address': {'address': '0x31c325a01861c7dbd331a9270296a31296d797a0'}}, 'caller': {'address': '0xf18056bbd320e96a48e3fbf8bc061322531aac99'}, 'date': {'date': '2022-09-04'}, 'block': {'height': 15469163}}, {'smartContract': {'address': {'address': '0x527331f3f550f6f85acfecab9cc0889180c6f1d5'}}, 'caller': {'address': '0xf18056bbd320e96a48e3fbf8bc061322531aac99'}, 'date': {'date': '2022-09-04'}, 'block': {'height': 15469163}}, {'smartContract': {'address': {'address': '0xd5be6a05b45aed524730b6d1cc05f59b021f6c87'}}, 'caller': {'address': '0xf18056bbd320e96a48e3fbf8bc061322531aac99'}, 'date': {'date': '2022-09-03'}, 'block': {'height': 15465521}}, {'smartContract': {'address': {'address': '0xaa386ef96a910ee2f9cbef7b139e99a88df3b2ba'}}, 'caller': {'address': '0xf18056bbd320e96a48e3fbf8bc061322531aac99'}, 'date': {'date': '2022-09-03'}, 'block': {'height': 15465489}}, {'smartContract': {'address': {'address': '0xc7a770de69479beeeef22b2c9851760bac3630da'}}, 'caller': {'address': '0xf18056bbd320e96a48e3fbf8bc061322531aac99'}, 'date': {'date': '2022-09-03'}, 'block': {'height': 15465483}}, {'smartContract': {'address': {'address': '0xf985005a3793dba4cce241b3c19ddcd3fe069ff4'}}, 'caller': {'address': '0xf18056bbd320e96a48e3fbf8bc061322531aac99'}, 'date': {'date': '2022-09-03'}, 'block': {'height': 15465436}}, {'smartContract': {'address': {'address': '0x4149d1038575ce235e03e03b39487a80fd709d31'}}, 'caller': {'address': '0xf18056bbd320e96a48e3fbf8bc061322531aac99'}, 'date': {'date': '2022-09-03'}, 'block': {'height': 15465436}}, {'smartContract': {'address': {'address': '0x7f17a6c77c3938d235b014818092eb6305bda110'}}, 'caller': {'address': '0xf18056bbd320e96a48e3fbf8bc061322531aac99'}, 'date': {'date': '2022-09-03'}, 'block': {'height': 15465318}}, {'smartContract': {'address': {'address': '0xbec570d92afb7ffc553bdd9d4b4638121000b10d'}}, 'caller': {'address': '0xf18056bbd320e96a48e3fbf8bc061322531aac99'}, 'date': {'date': '2022-09-03'}, 'block': {'height': 15465318}}, {'smartContract': {'address': {'address': '0x21d158d95c2e150e144c36fc64e3653b8d6c6267'}}, 'caller': {'address': '0xf18056bbd320e96a48e3fbf8bc061322531aac99'}, 'date': {'date': '2022-09-03'}, 'block': {'height': 15465253}}, {'smartContract': {'address': {'address': '0xf57ccad8122b898a147cc8601b1eca88b1662c7e'}}, 'caller': {'address': '0xf18056bbd320e96a48e3fbf8bc061322531aac99'}, 'date': {'date': '2022-09-03'}, 'block': {'height': 15465253}}, {'smartContract': {'address': {'address': '0x65ce744904bc60680b7548f68aea4efad264764e'}}, 'caller': {'address': '0x66807b5598a848602734b82e432dd88dbe13fc8f'}, 'date': {'date': '2022-08-30'}, 'block': {'height': 15440749}}, {'smartContract': {'address': {'address': '0x26fdc81d1898c82d897402506d866c8031790503'}}, 'caller': {'address': '0x66807b5598a848602734b82e432dd88dbe13fc8f'}, 'date': {'date': '2022-08-30'}, 'block': {'height': 15440748}}, {'smartContract': {'address': {'address': '0x072928bbfaec9e9142a5bfb9cf7de325a300c791'}}, 'caller': {'address': '0x66807b5598a848602734b82e432dd88dbe13fc8f'}, 'date': {'date': '2022-08-30'}, 'block': {'height': 15440746}}, {'smartContract': {'address': {'address': '0xf7da58795dddc5bf773652e3fd0cd420ab1a150f'}}, 'caller': {'address': '0x66807b5598a848602734b82e432dd88dbe13fc8f'}, 'date': {'date': '2022-08-30'}, 'block': {'height': 15440745}}, {'smartContract': {'address': {'address': '0xf4fa300a3f2d9482f213253ed6c9e19dc3fc419d'}}, 'caller': {'address': '0x66807b5598a848602734b82e432dd88dbe13fc8f'}, 'date': {'date': '2022-08-30'}, 'block': {'height': 15440742}}, {'smartContract': {'address': {'address': '0x37b249a1690a02a849bafd933c5121d37ec60195'}}, 'caller': {'address': '0x66807b5598a848602734b82e432dd88dbe13fc8f'}, 'date': {'date': '2022-08-30'}, 'block': {'height': 15440738}}, {'smartContract': {'address': {'address': '0xc427c0d9448d98d86bae744b140b7bc9a7d5ae2b'}}, 'caller': {'address': '0x66807b5598a848602734b82e432dd88dbe13fc8f'}, 'date': {'date': '2022-08-30'}, 'block': {'height': 15440736}}, {'smartContract': {'address': {'address': '0x1373d819a78488cbc9a7cdf40e395540c61c2486'}}, 'caller': {'address': '0x66807b5598a848602734b82e432dd88dbe13fc8f'}, 'date': {'date': '2022-08-30'}, 'block': {'height': 15440735}}, {'smartContract': {'address': {'address': '0xf6ed53150e17c2b8e5a0f2228c17f75698cba611'}}, 'caller': {'address': '0x66807b5598a848602734b82e432dd88dbe13fc8f'}, 'date': {'date': '2022-08-27'}, 'block': {'height': 15420018}}, {'smartContract': {'address': {'address': '0x8a1c839941de4a9ae517803d90f5a62b2a875019'}}, 'caller': {'address': '0x66807b5598a848602734b82e432dd88dbe13fc8f'}, 'date': {'date': '2022-08-27'}, 'block': {'height': 15420016}}]",2021-05-17
7,7,0x1f9840a85d5aF5bf1D1762F925BDADdC4201F984,Uniswap,,0x41653c7d61609D856f29355E404F310Ec4142Cfb,2474407833.0,"[{'smartContract': {'address': {'address': '0x18e433c7bf8a2e1d0197ce5d8f9afada1a771360'}}, 'caller': {'address': '0x41653c7d61609d856f29355e404f310ec4142cfb'}, 'date': {'date': '2020-09-16'}, 'block': {'height': 10875204}}, {'smartContract': {'address': {'address': '0xdaf819c2437a82f9e01f6586207ebf961a7f0970'}}, 'caller': {'address': '0x41653c7d61609d856f29355e404f310ec4142cfb'}, 'date': {'date': '2020-09-16'}, 'block': {'height': 10875203}}, {'smartContract': {'address': {'address': '0x3d30b1ab88d487b0f3061f40de76845bec3f1e94'}}, 'caller': {'address': '0x41653c7d61609d856f29355e404f310ec4142cfb'}, 'date': {'date': '2020-09-16'}, 'block': {'height': 10875202}}, {'smartContract': {'address': {'address': '0x4b4e140d1f131fdad6fb59c13af796fd194e4135'}}, 'caller': {'address': '0x41653c7d61609d856f29355e404f310ec4142cfb'}, 'date': {'date': '2020-09-16'}, 'block': {'height': 10875200}}, {'smartContract': {'address': {'address': '0xe3953d9d317b834592ab58ab2c7a6ad22b54075d'}}, 'caller': {'address': '0x41653c7d61609d856f29355e404f310ec4142cfb'}, 'date': {'date': '2020-09-16'}, 'block': {'height': 10875199}}, {'smartContract': {'address': {'address': '0x4750c43867ef5f89869132eccf19b9b6c4286e1a'}}, 'caller': {'address': '0x41653c7d61609d856f29355e404f310ec4142cfb'}, 'date': {'date': '2020-09-16'}, 'block': {'height': 10875198}}, {'smartContract': {'address': {'address': '0x7fba4b8dc5e7616e59622806932dbea72537a56b'}}, 'caller': {'address': '0x3032ab3fa8c01d786d29dade018d7f2017918e12'}, 'date': {'date': '2020-09-16'}, 'block': {'height': 10875196}}, {'smartContract': {'address': {'address': '0x6c3e4cb2e96b01f4b866965a91ed4437839a121a'}}, 'caller': {'address': '0x3032ab3fa8c01d786d29dade018d7f2017918e12'}, 'date': {'date': '2020-09-16'}, 'block': {'height': 10875196}}, {'smartContract': {'address': {'address': '0xa1484c3aa22a66c62b77e0ae78e15258bd0cb711'}}, 'caller': {'address': '0x3032ab3fa8c01d786d29dade018d7f2017918e12'}, 'date': {'date': '2020-09-16'}, 'block': {'height': 10875196}}, {'smartContract': {'address': {'address': '0xca35e32e7926b96a9988f61d510e038108d8068e'}}, 'caller': {'address': '0x3032ab3fa8c01d786d29dade018d7f2017918e12'}, 'date': {'date': '2020-09-16'}, 'block': {'height': 10875196}}, {'smartContract': {'address': {'address': '0x3032ab3fa8c01d786d29dade018d7f2017918e12'}}, 'caller': {'address': '0x41653c7d61609d856f29355e404f310ec4142cfb'}, 'date': {'date': '2020-09-16'}, 'block': {'height': 10875194}}, {'smartContract': {'address': {'address': '0x090d4613473dee047c3f2706764f49e0821d256e'}}, 'caller': {'address': '0x41653c7d61609d856f29355e404f310ec4142cfb'}, 'date': {'date': '2020-09-16'}, 'block': {'height': 10875192}}, {'smartContract': {'address': {'address': '0x1a9c8182c09f50c8318d769245bea52c32be35bc'}}, 'caller': {'address': '0x41653c7d61609d856f29355e404f310ec4142cfb'}, 'date': {'date': '2020-09-14'}, 'block': {'height': 10861678}}, {'smartContract': {'address': {'address': '0x5e4be8bc9637f0eaa1a755019e06a68ce081d58f'}}, 'caller': {'address': '0x41653c7d61609d856f29355e404f310ec4142cfb'}, 'date': {'date': '2020-09-14'}, 'block': {'height': 10861678}}, {'smartContract': {'address': {'address': '0x1f9840a85d5af5bf1d1762f925bdaddc4201f984'}}, 'caller': {'address': '0x41653c7d61609d856f29355e404f310ec4142cfb'}, 'date': {'date': '2020-09-14'}, 'block': {'height': 10861674}}]",2020-09-14
8,8,0x6f40d4A6237C257fff2dB00FA0510DeEECd303eb,Instadapp,https://github.com/instadapp/dsa-connect,0xf6839085F692bDe6A8062573E3DA35E7e947C21E,1568800686.0,"[{'smartContract': {'address': {'address': '0x4d07ec0e61b60ca997e44ec14ea0114aaeb1cf6a'}}, 'caller': {'address': '0xf6839085f692bde6a8062573e3da35e7e947c21e'}, 'date': {'date': '2022-11-01'}, 'block': {'height': 15875167}}, {'smartContract': {'address': {'address': '0x445490bfbdb38ae6f1f95ad0c011848b4a4ce881'}}, 'caller': {'address': '0xf6839085f692bde6a8062573e3da35e7e947c21e'}, 'date': {'date': '2022-01-30'}, 'block': {'height': 14107528}}, {'smartContract': {'address': {'address': '0x56230c05368af25842dc4370da8bb8a2b61ed7bf'}}, 'caller': {'address': '0xf6839085f692bde6a8062573e3da35e7e947c21e'}, 'date': {'date': '2022-01-27'}, 'block': {'height': 14090008}}, {'smartContract': {'address': {'address': '0xc0b476ccd4a96cbcba8cc2aa65db8c385e7b9828'}}, 'caller': {'address': '0xf6839085f692bde6a8062573e3da35e7e947c21e'}, 'date': {'date': '2022-01-27'}, 'block': {'height': 14089979}}, {'smartContract': {'address': {'address': '0x90478cf152f6a6ce8ece5dc0b66c8a2c22863e06'}}, 'caller': {'address': '0xf6839085f692bde6a8062573e3da35e7e947c21e'}, 'date': {'date': '2022-01-04'}, 'block': {'height': 13941747}}, {'smartContract': {'address': {'address': '0x4c18e2f45182883df871f3bdf26ea4805f1e3f56'}}, 'caller': {'address': '0x2971adfa57b20e5a416ae5a708a8655a9c74f723'}, 'date': {'date': '2021-12-07'}, 'block': {'height': 13760165}}, {'smartContract': {'address': {'address': '0x766aea38d9bf8207b3dcc1b8a64418c1a7604dd4'}}, 'caller': {'address': '0xf6839085f692bde6a8062573e3da35e7e947c21e'}, 'date': {'date': '2021-12-04'}, 'block': {'height': 13741410}}, {'smartContract': {'address': {'address': '0xfea004aef10f4a08f8c7636f1cbfb7965be5db01'}}, 'caller': {'address': '0xf6839085f692bde6a8062573e3da35e7e947c21e'}, 'date': {'date': '2021-12-04'}, 'block': {'height': 13741408}}, {'smartContract': {'address': {'address': '0xbdf5a32458a2b2e8d2a1ffb751bb38d1030cad65'}}, 'caller': {'address': '0xf6839085f692bde6a8062573e3da35e7e947c21e'}, 'date': {'date': '2021-12-04'}, 'block': {'height': 13741407}}, {'smartContract': {'address': {'address': '0x314abefc28f2cec9a7e2a407f63b6223a982ac38'}}, 'caller': {'address': '0xa6b71e26c5e0845f74c812102ca7114b6a896ab2'}, 'date': {'date': '2021-12-04'}, 'block': {'height': 13741405}}, {'smartContract': {'address': {'address': '0x9ca07484c20db8b8949b30596e411f0f516ad53a'}}, 'caller': {'address': '0xf6839085f692bde6a8062573e3da35e7e947c21e'}, 'date': {'date': '2021-12-04'}, 'block': {'height': 13741399}}, {'smartContract': {'address': {'address': '0xbefdfcc46332eb616d7d1d9ecd09de8c1fb17155'}}, 'caller': {'address': '0xf6839085f692bde6a8062573e3da35e7e947c21e'}, 'date': {'date': '2021-11-08'}, 'block': {'height': 13577908}}, {'smartContract': {'address': {'address': '0x24bd20b89183cf797a4efea1966892147a29e8b4'}}, 'caller': {'address': '0xf6839085f692bde6a8062573e3da35e7e947c21e'}, 'date': {'date': '2021-11-08'}, 'block': {'height': 13577907}}, {'smartContract': {'address': {'address': '0x16a26a54ce43affff8c54d2af709b0a388974a38'}}, 'caller': {'address': '0xf6839085f692bde6a8062573e3da35e7e947c21e'}, 'date': {'date': '2021-11-08'}, 'block': {'height': 13577890}}, {'smartContract': {'address': {'address': '0xc17d822983c297d10b32d4529ce6a43190e18eb0'}}, 'caller': {'address': '0xf6839085f692bde6a8062573e3da35e7e947c21e'}, 'date': {'date': '2021-11-01'}, 'block': {'height': 13532972}}, {'smartContract': {'address': {'address': '0x276b88d057b368179480cb707366d497dfc79726'}}, 'caller': {'address': '0xf6839085f692bde6a8062573e3da35e7e947c21e'}, 'date': {'date': '2021-11-01'}, 'block': {'height': 13532723}}, {'smartContract': {'address': {'address': '0x4bcecba95c4c1ec8996c32837a7d77ef07edf63a'}}, 'caller': {'address': '0xf6839085f692bde6a8062573e3da35e7e947c21e'}, 'date': {'date': '2021-11-01'}, 'block': {'height': 13532721}}, {'smartContract': {'address': {'address': '0xaf19ee38397ca9cf8715197f428e02c031efe418'}}, 'caller': {'address': '0xf6839085f692bde6a8062573e3da35e7e947c21e'}, 'date': {'date': '2021-11-01'}, 'block': {'height': 13532620}}, {'smartContract': {'address': {'address': '0x7d61949f97ed191755386639a3f318005a1d6fd8'}}, 'caller': {'address': '0xf6839085f692bde6a8062573e3da35e7e947c21e'}, 'date': {'date': '2021-11-01'}, 'block': {'height': 13532618}}, {'smartContract': {'address': {'address': '0x12d7d18c5ad9f56ff323840a1c26c2ab1a99e65b'}}, 'caller': {'address': '0xf6839085f692bde6a8062573e3da35e7e947c21e'}, 'date': {'date': '2021-11-01'}, 'block': {'height': 13532614}}, {'smartContract': {'address': {'address': '0x0bbaeadf17eb7c49dc18dde89aa661c2bfbf4c12'}}, 'caller': {'address': '0xf6839085f692bde6a8062573e3da35e7e947c21e'}, 'date': {'date': '2021-10-26'}, 'block': {'height': 13492326}}, {'smartContract': {'address': {'address': '0x335ddc96779eff7390d251812519e4aeacef7e09'}}, 'caller': {'address': '0xf6839085f692bde6a8062573e3da35e7e947c21e'}, 'date': {'date': '2021-10-26'}, 'block': {'height': 13492268}}, {'smartContract': {'address': {'address': '0xda6312a54fa0af8a49f99f3a16f63c8d4e8db82c'}}, 'caller': {'address': '0xf6839085f692bde6a8062573e3da35e7e947c21e'}, 'date': {'date': '2021-10-26'}, 'block': {'height': 13492265}}, {'smartContract': {'address': {'address': '0x08bae28d448d1aacac2eaa850e9098274f0c7222'}}, 'caller': {'address': '0xf6839085f692bde6a8062573e3da35e7e947c21e'}, 'date': {'date': '2021-10-22'}, 'block': {'height': 13467411}}, {'smartContract': {'address': {'address': '0xf77a5935f35add4c2f524788805293ef86b87560'}}, 'caller': {'address': '0xf6839085f692bde6a8062573e3da35e7e947c21e'}, 'date': {'date': '2021-10-22'}, 'block': {'height': 13467355}}, {'smartContract': {'address': {'address': '0xb6a15e7dd81999792353119014a018378e104121'}}, 'caller': {'address': '0xf6839085f692bde6a8062573e3da35e7e947c21e'}, 'date': {'date': '2021-10-22'}, 'block': {'height': 13467353}}, {'smartContract': {'address': {'address': '0xf33236f1122bfb02aaf73483e72b1da9847c8510'}}, 'caller': {'address': '0xf6839085f692bde6a8062573e3da35e7e947c21e'}, 'date': {'date': '2021-09-18'}, 'block': {'height': 13251502}}, {'smartContract': {'address': {'address': '0x1a96af80ed8753a77e23074de78480675049a3c9'}}, 'caller': {'address': '0xf6839085f692bde6a8062573e3da35e7e947c21e'}, 'date': {'date': '2021-09-18'}, 'block': {'height': 13248078}}, {'smartContract': {'address': {'address': '0x9156cd73ba5f792e26e9a1762dfc05162d9408c5'}}, 'caller': {'address': '0xf6839085f692bde6a8062573e3da35e7e947c21e'}, 'date': {'date': '2021-09-15'}, 'block': {'height': 13231333}}, {'smartContract': {'address': {'address': '0xdbcff934a9d62700de09343e6c03f45028f56fd4'}}, 'caller': {'address': '0xf6839085f692bde6a8062573e3da35e7e947c21e'}, 'date': {'date': '2021-09-15'}, 'block': {'height': 13231259}}, {'smartContract': {'address': {'address': '0xb75984ec0d81a163b2925ae3ec6797a85bc45553'}}, 'caller': {'address': '0xf6839085f692bde6a8062573e3da35e7e947c21e'}, 'date': {'date': '2021-09-14'}, 'block': {'height': 13222082}}, {'smartContract': {'address': {'address': '0x8d7945bf14c2cbdb1ca5464455c5cba66f374bab'}}, 'caller': {'address': '0xf6839085f692bde6a8062573e3da35e7e947c21e'}, 'date': {'date': '2021-09-14'}, 'block': {'height': 13222060}}, {'smartContract': {'address': {'address': '0xa4791648b830b3c574dad4b3095691d22d803518'}}, 'caller': {'address': '0xf6839085f692bde6a8062573e3da35e7e947c21e'}, 'date': {'date': '2021-09-13'}, 'block': {'height': 13218715}}, {'smartContract': {'address': {'address': '0xee6eb9fdf4eeb422b09b503abdfd67ca51da34f2'}}, 'caller': {'address': '0xf6839085f692bde6a8062573e3da35e7e947c21e'}, 'date': {'date': '2021-09-13'}, 'block': {'height': 13217328}}, {'smartContract': {'address': {'address': '0x99ac4fdec6f874c0bb236632adc901252c66d802'}}, 'caller': {'address': '0xf6839085f692bde6a8062573e3da35e7e947c21e'}, 'date': {'date': '2021-09-13'}, 'block': {'height': 13217217}}, {'smartContract': {'address': {'address': '0xb8e9ef2a085671858d923aa947cb93b88714d2f8'}}, 'caller': {'address': '0xf6839085f692bde6a8062573e3da35e7e947c21e'}, 'date': {'date': '2021-09-11'}, 'block': {'height': 13206248}}, {'smartContract': {'address': {'address': '0x465ac38b1ba01867bd06f20cdbf471f8805717e3'}}, 'caller': {'address': '0xf6839085f692bde6a8062573e3da35e7e947c21e'}, 'date': {'date': '2021-09-08'}, 'block': {'height': 13186959}}, {'smartContract': {'address': {'address': '0x917de7305e73a4175192d9c895c34a174edbe414'}}, 'caller': {'address': '0xf6839085f692bde6a8062573e3da35e7e947c21e'}, 'date': {'date': '2021-09-07'}, 'block': {'height': 13180319}}, {'smartContract': {'address': {'address': '0x6ecbf5a77d65f857c66fe729cb3cd7835369c42b'}}, 'caller': {'address': '0xf6839085f692bde6a8062573e3da35e7e947c21e'}, 'date': {'date': '2021-09-07'}, 'block': {'height': 13180158}}, {'smartContract': {'address': {'address': '0x4dfa1780ae85f0ec7197c61ffe533c7dc84f15e9'}}, 'caller': {'address': '0xf6839085f692bde6a8062573e3da35e7e947c21e'}, 'date': {'date': '2021-09-07'}, 'block': {'height': 13180158}}, {'smartContract': {'address': {'address': '0xf68eb6d8bc9d5432829b3b47449aa4304337c6de'}}, 'caller': {'address': '0xf6839085f692bde6a8062573e3da35e7e947c21e'}, 'date': {'date': '2021-09-01'}, 'block': {'height': 13136650}}, {'smartContract': {'address': {'address': '0x4f0538a3dee25b28633e27af81bf894dd921af68'}}, 'caller': {'address': '0xf6839085f692bde6a8062573e3da35e7e947c21e'}, 'date': {'date': '2021-08-31'}, 'block': {'height': 13136142}}, {'smartContract': {'address': {'address': '0xd2a2e00b467ab2304aaddcb3f2554c2c441f7d2c'}}, 'caller': {'address': '0xf6839085f692bde6a8062573e3da35e7e947c21e'}, 'date': {'date': '2021-08-31'}, 'block': {'height': 13131696}}, {'smartContract': {'address': {'address': '0xfc8ccefeb8bd4e637c787c70f7bf7c2e7ba9addf'}}, 'caller': {'address': '0xf6839085f692bde6a8062573e3da35e7e947c21e'}, 'date': {'date': '2021-08-31'}, 'block': {'height': 13131576}}, {'smartContract': {'address': {'address': '0xd4941a6db3acf67b1644a55737b0c133ec374421'}}, 'caller': {'address': '0xf6839085f692bde6a8062573e3da35e7e947c21e'}, 'date': {'date': '2021-08-31'}, 'block': {'height': 13131464}}, {'smartContract': {'address': {'address': '0xb5e4b2a67e0643afa793e2defbac7984811cd455'}}, 'caller': {'address': '0xf6839085f692bde6a8062573e3da35e7e947c21e'}, 'date': {'date': '2021-08-30'}, 'block': {'height': 13129570}}, {'smartContract': {'address': {'address': '0x60faeec73299cbe55d4e5736ebdf432a1d2117b3'}}, 'caller': {'address': '0xf6839085f692bde6a8062573e3da35e7e947c21e'}, 'date': {'date': '2021-08-30'}, 'block': {'height': 13129086}}, {'smartContract': {'address': {'address': '0xa3eefdc2de9dfa59968becff3e15b53e6162460f'}}, 'caller': {'address': '0xf6839085f692bde6a8062573e3da35e7e947c21e'}, 'date': {'date': '2021-08-23'}, 'block': {'height': 13084172}}, {'smartContract': {'address': {'address': '0xb0a1f10feefecf25064ce7cdf0a65042f7de7bf0'}}, 'caller': {'address': '0xf6839085f692bde6a8062573e3da35e7e947c21e'}, 'date': {'date': '2021-08-23'}, 'block': {'height': 13083896}}, {'smartContract': {'address': {'address': '0x25b0c76de86c3457b9b8b9ee3775f5a7b8d4c475'}}, 'caller': {'address': '0xf6839085f692bde6a8062573e3da35e7e947c21e'}, 'date': {'date': '2021-08-23'}, 'block': {'height': 13083799}}, {'smartContract': {'address': {'address': '0x3643ba40b8e2bd8f77233bdb6abe38c218f31bfe'}}, 'caller': {'address': '0xf6839085f692bde6a8062573e3da35e7e947c21e'}, 'date': {'date': '2021-08-16'}, 'block': {'height': 13037407}}, {'smartContract': {'address': {'address': '0x9b5bf719e97399fc31c53071f07f43623c367716'}}, 'caller': {'address': '0xf6839085f692bde6a8062573e3da35e7e947c21e'}, 'date': {'date': '2021-08-10'}, 'block': {'height': 12998955}}, {'smartContract': {'address': {'address': '0x43e4442b14badedbeea99afbbd970be2cdc056c9'}}, 'caller': {'address': '0xf6839085f692bde6a8062573e3da35e7e947c21e'}, 'date': {'date': '2021-08-10'}, 'block': {'height': 12998949}}, {'smartContract': {'address': {'address': '0x907f0c8c99b08606ee0a51ec5bc3dfdbfc2d92f3'}}, 'caller': {'address': '0xf6839085f692bde6a8062573e3da35e7e947c21e'}, 'date': {'date': '2021-08-09'}, 'block': {'height': 12992419}}, {'smartContract': {'address': {'address': '0x6f22931423e8ffc8d51f6e5af73118fc64b27856'}}, 'caller': {'address': '0xf6839085f692bde6a8062573e3da35e7e947c21e'}, 'date': {'date': '2021-08-09'}, 'block': {'height': 12992379}}, {'smartContract': {'address': {'address': '0xd4c52a29f558aa2efe908a16049c31fb5003d6b2'}}, 'caller': {'address': '0xf6839085f692bde6a8062573e3da35e7e947c21e'}, 'date': {'date': '2021-08-05'}, 'block': {'height': 12963665}}, {'smartContract': {'address': {'address': '0x1b1eacaa31abbe544117073f6f8f658a56a3ae25'}}, 'caller': {'address': '0xf6839085f692bde6a8062573e3da35e7e947c21e'}, 'date': {'date': '2021-08-05'}, 'block': {'height': 12963655}}, {'smartContract': {'address': {'address': '0xe7a85d0addb972a4f0a4e57b698b37f171519e88'}}, 'caller': {'address': '0xf6839085f692bde6a8062573e3da35e7e947c21e'}, 'date': {'date': '2021-08-05'}, 'block': {'height': 12963630}}, {'smartContract': {'address': {'address': '0xac6dc28a6251f49bbe5755e630107dccde9ae2c8'}}, 'caller': {'address': '0xf6839085f692bde6a8062573e3da35e7e947c21e'}, 'date': {'date': '2021-08-03'}, 'block': {'height': 12953643}}, {'smartContract': {'address': {'address': '0x573e5132693c046d1a9f75bac683889164ba41b4'}}, 'caller': {'address': '0xf6839085f692bde6a8062573e3da35e7e947c21e'}, 'date': {'date': '2021-08-03'}, 'block': {'height': 12953275}}, {'smartContract': {'address': {'address': '0xddd075d5e1024901e4038461e1e4bbc3a48a08d4'}}, 'caller': {'address': '0xf6839085f692bde6a8062573e3da35e7e947c21e'}, 'date': {'date': '2021-08-03'}, 'block': {'height': 12953201}}, {'smartContract': {'address': {'address': '0xee619922b3a1334c798b0b756dd19077e34822c9'}}, 'caller': {'address': '0xf6839085f692bde6a8062573e3da35e7e947c21e'}, 'date': {'date': '2021-07-31'}, 'block': {'height': 12933345}}, {'smartContract': {'address': {'address': '0xbe60081a617e78ceafcdf4c0921f519f3cda8d2e'}}, 'caller': {'address': '0xf6839085f692bde6a8062573e3da35e7e947c21e'}, 'date': {'date': '2021-07-24'}, 'block': {'height': 12891214}}, {'smartContract': {'address': {'address': '0xb3e586bce929312e8b0685e2c12c1d6dbbcdc370'}}, 'caller': {'address': '0xf6839085f692bde6a8062573e3da35e7e947c21e'}, 'date': {'date': '2021-07-19'}, 'block': {'height': 12857381}}, {'smartContract': {'address': {'address': '0xdaf2a39503463b0f41f899edd82213b3c96b6cf8'}}, 'caller': {'address': '0xf6839085f692bde6a8062573e3da35e7e947c21e'}, 'date': {'date': '2021-07-14'}, 'block': {'height': 12826805}}, {'smartContract': {'address': {'address': '0x9dc5fc20c91b1bbc8ef6c36a6173314ba9ba92ea'}}, 'caller': {'address': '0xf6839085f692bde6a8062573e3da35e7e947c21e'}, 'date': {'date': '2021-07-14'}, 'block': {'height': 12826452}}, {'smartContract': {'address': {'address': '0xc15adb22ecf004a9d5f2e87f82471090014a2904'}}, 'caller': {'address': '0xf6839085f692bde6a8062573e3da35e7e947c21e'}, 'date': {'date': '2021-07-13'}, 'block': {'height': 12820109}}, {'smartContract': {'address': {'address': '0x6658173f1b8ba88ef82452295c60fa6843a74196'}}, 'caller': {'address': '0xf6839085f692bde6a8062573e3da35e7e947c21e'}, 'date': {'date': '2021-07-10'}, 'block': {'height': 12801231}}, {'smartContract': {'address': {'address': '0x5f2f4a300dfbcf3f1a58e660a24558feb307a6ce'}}, 'caller': {'address': '0xf6839085f692bde6a8062573e3da35e7e947c21e'}, 'date': {'date': '2021-07-10'}, 'block': {'height': 12801230}}, {'smartContract': {'address': {'address': '0x04692e855f581612ecbfe6801a4eadc224d2937e'}}, 'caller': {'address': '0x3b05a5295aa749d78858e33ece3b97bb3ef4f029'}, 'date': {'date': '2021-06-25'}, 'block': {'height': 12705018}}, {'smartContract': {'address': {'address': '0x1902046109da7f75ac3539d3927e332508a86198'}}, 'caller': {'address': '0x3b05a5295aa749d78858e33ece3b97bb3ef4f029'}, 'date': {'date': '2021-06-25'}, 'block': {'height': 12705018}}, {'smartContract': {'address': {'address': '0x235fca310ac7be45c7ad45f111203468743e4b7c'}}, 'caller': {'address': '0xf6839085f692bde6a8062573e3da35e7e947c21e'}, 'date': {'date': '2021-06-25'}, 'block': {'height': 12704779}}, {'smartContract': {'address': {'address': '0x4049db23c605b197f764072569b8db2464653ef6'}}, 'caller': {'address': '0xf6839085f692bde6a8062573e3da35e7e947c21e'}, 'date': {'date': '2021-06-25'}, 'block': {'height': 12704738}}, {'smartContract': {'address': {'address': '0x1e5ce41bdb653734445fec3553b61febddafc43c'}}, 'caller': {'address': '0xf6839085f692bde6a8062573e3da35e7e947c21e'}, 'date': {'date': '2021-06-25'}, 'block': {'height': 12704713}}, {'smartContract': {'address': {'address': '0x8bcc9ebd6432d1a8d77f61afe032bbafa4b86458'}}, 'caller': {'address': '0xf6839085f692bde6a8062573e3da35e7e947c21e'}, 'date': {'date': '2021-06-25'}, 'block': {'height': 12704685}}, {'smartContract': {'address': {'address': '0xbb153cf09a123746e0eb3b3a436c544a7eeb24b6'}}, 'caller': {'address': '0xf6839085f692bde6a8062573e3da35e7e947c21e'}, 'date': {'date': '2021-06-25'}, 'block': {'height': 12704685}}, {'smartContract': {'address': {'address': '0x68b27a84101ac5120bbab7ce8d6b096c961df52c'}}, 'caller': {'address': '0xf6839085f692bde6a8062573e3da35e7e947c21e'}, 'date': {'date': '2021-06-25'}, 'block': {'height': 12704669}}, {'smartContract': {'address': {'address': '0x612c5ca43230d9f97a0ac87e4420f66b8df97e9d'}}, 'caller': {'address': '0xf6839085f692bde6a8062573e3da35e7e947c21e'}, 'date': {'date': '2021-06-25'}, 'block': {'height': 12704569}}, {'smartContract': {'address': {'address': '0xabac3dcf164ed827eafda8e05ecc8208d6bc5e04'}}, 'caller': {'address': '0xf6839085f692bde6a8062573e3da35e7e947c21e'}, 'date': {'date': '2021-06-25'}, 'block': {'height': 12704566}}, {'smartContract': {'address': {'address': '0xb3864f90ed478b08a0ed8114c51017325d670464'}}, 'caller': {'address': '0xf6839085f692bde6a8062573e3da35e7e947c21e'}, 'date': {'date': '2021-06-25'}, 'block': {'height': 12704563}}, {'smartContract': {'address': {'address': '0x9ea34be6da51aa9f6408fea79c946fdcfa424442'}}, 'caller': {'address': '0xf6839085f692bde6a8062573e3da35e7e947c21e'}, 'date': {'date': '2021-06-24'}, 'block': {'height': 12694108}}, {'smartContract': {'address': {'address': '0xbe4ea1a66b31037b4ae3495ad2d86ea20622d9d1'}}, 'caller': {'address': '0xf6839085f692bde6a8062573e3da35e7e947c21e'}, 'date': {'date': '2021-06-23'}, 'block': {'height': 12691589}}, {'smartContract': {'address': {'address': '0x3b9ae61b9feacba6c2f58d73aa484d671900bfb4'}}, 'caller': {'address': '0xf6839085f692bde6a8062573e3da35e7e947c21e'}, 'date': {'date': '2021-06-23'}, 'block': {'height': 12691587}}, {'smartContract': {'address': {'address': '0x68206e807c44216b606493e4415dc78e0db25a18'}}, 'caller': {'address': '0xf6839085f692bde6a8062573e3da35e7e947c21e'}, 'date': {'date': '2021-06-17'}, 'block': {'height': 12654157}}, {'smartContract': {'address': {'address': '0x871a1e08845d274c8b52880596180a907b102b67'}}, 'caller': {'address': '0xf6839085f692bde6a8062573e3da35e7e947c21e'}, 'date': {'date': '2021-06-17'}, 'block': {'height': 12654155}}, {'smartContract': {'address': {'address': '0xb8266d0afdd49dd8a4283e9ff601ec7743041048'}}, 'caller': {'address': '0xf6839085f692bde6a8062573e3da35e7e947c21e'}, 'date': {'date': '2021-06-17'}, 'block': {'height': 12654151}}, {'smartContract': {'address': {'address': '0xa0e03e95bb7cfe31c7079d71bd3a7edfab7e4815'}}, 'caller': {'address': '0xf6839085f692bde6a8062573e3da35e7e947c21e'}, 'date': {'date': '2021-06-17'}, 'block': {'height': 12653239}}, {'smartContract': {'address': {'address': '0x20fd0312edfe3954ec96039b9c644a8074c07f33'}}, 'caller': {'address': '0xf6839085f692bde6a8062573e3da35e7e947c21e'}, 'date': {'date': '2021-06-17'}, 'block': {'height': 12653221}}, {'smartContract': {'address': {'address': '0x49fad24bec517822e5d3402dd510fdc54e834649'}}, 'caller': {'address': '0xf6839085f692bde6a8062573e3da35e7e947c21e'}, 'date': {'date': '2021-06-16'}, 'block': {'height': 12646346}}, {'smartContract': {'address': {'address': '0x2f8cbe650af98602a215b6482f2ad60893c5a4e8'}}, 'caller': {'address': '0xf6839085f692bde6a8062573e3da35e7e947c21e'}, 'date': {'date': '2021-06-16'}, 'block': {'height': 12646344}}, {'smartContract': {'address': {'address': '0xac838332afc2937fded89c16a59b2ed8e8e2743c'}}, 'caller': {'address': '0xf6839085f692bde6a8062573e3da35e7e947c21e'}, 'date': {'date': '2021-06-16'}, 'block': {'height': 12646342}}, {'smartContract': {'address': {'address': '0x6fe05374924830b6ac98849f75a3d5766e51ef10'}}, 'caller': {'address': '0xf6839085f692bde6a8062573e3da35e7e947c21e'}, 'date': {'date': '2021-06-16'}, 'block': {'height': 12646336}}, {'smartContract': {'address': {'address': '0x1ba631331503f0486538cb707c6685cbc6b28944'}}, 'caller': {'address': '0xf6839085f692bde6a8062573e3da35e7e947c21e'}, 'date': {'date': '2021-06-16'}, 'block': {'height': 12646335}}, {'smartContract': {'address': {'address': '0xda101870ca6136539628f28041e1b55baf4eb6c0'}}, 'caller': {'address': '0xf6839085f692bde6a8062573e3da35e7e947c21e'}, 'date': {'date': '2021-06-16'}, 'block': {'height': 12646332}}, {'smartContract': {'address': {'address': '0x6300080a77ffff563b542978555d121ded05b896'}}, 'caller': {'address': '0xf6839085f692bde6a8062573e3da35e7e947c21e'}, 'date': {'date': '2021-06-16'}, 'block': {'height': 12646330}}, {'smartContract': {'address': {'address': '0x53c4deafba1054ffc0dffc3993758261ee91a8f5'}}, 'caller': {'address': '0xf6839085f692bde6a8062573e3da35e7e947c21e'}, 'date': {'date': '2021-06-16'}, 'block': {'height': 12646050}}, {'smartContract': {'address': {'address': '0x729bf02a9a786529fc80498f8fd0051116061b13'}}, 'caller': {'address': '0xf6839085f692bde6a8062573e3da35e7e947c21e'}, 'date': {'date': '2021-06-16'}, 'block': {'height': 12644408}}, {'smartContract': {'address': {'address': '0x4f774c123d012a6cfd5918b7f4ce7d3386ca727d'}}, 'caller': {'address': '0xf6839085f692bde6a8062573e3da35e7e947c21e'}, 'date': {'date': '2021-06-15'}, 'block': {'height': 12641812}}, {'smartContract': {'address': {'address': '0x8ec26bee02fbcf27d3b9d6c37806f6293fcb1674'}}, 'caller': {'address': '0xf6839085f692bde6a8062573e3da35e7e947c21e'}, 'date': {'date': '2021-06-15'}, 'block': {'height': 12641784}}, {'smartContract': {'address': {'address': '0x04d5627503d2e5fa62f8c505df46c00ba2b7051a'}}, 'caller': {'address': '0xf6839085f692bde6a8062573e3da35e7e947c21e'}, 'date': {'date': '2021-06-15'}, 'block': {'height': 12641780}}]",2021-04-06
9,9,0xba100000625a3754423978a60c9317c58a424e3D,Balancer,https://github.com/balancer-labs/balancer-core,0x24A12Fa313F57aF541d447c594072A992c605DCf,1533299054.0,"[{'smartContract': {'address': {'address': '0xba100000625a3754423978a60c9317c58a424e3d'}}, 'caller': {'address': '0x24a12fa313f57af541d447c594072a992c605dcf'}, 'date': {'date': '2020-06-20'}, 'block': {'height': 10299683}}]",2020-06-20
10,10,0xc00e94Cb662C3520282E6f5717214004A7f26888,Compound,https://github.com/compound-finance/compound-protocol,0x1449e0687810BdDD356ae6Dd87789244A46d9AdB,1413648677.0,[],2020-03-04
11,11,0x9Fb9a33956351cf4fa040f65A13b835A3C8764E3,Multichain,,0x9Ad2fd279ff72F8B7C167118dd0e077050D3027D,1262195631.0,"[{'smartContract': {'address': {'address': '0x37414a8662bc1d25be3ee51fb27c2686e2490a89'}}, 'caller': {'address': '0x9ad2fd279ff72f8b7c167118dd0e077050d3027d'}, 'date': {'date': '2022-02-11'}, 'block': {'height': 14184644}}, {'smartContract': {'address': {'address': '0x9fb9a33956351cf4fa040f65a13b835a3c8764e3'}}, 'caller': {'address': '0x9ad2fd279ff72f8b7c167118dd0e077050d3027d'}, 'date': {'date': '2021-12-15'}, 'block': {'height': 13809220}}, {'smartContract': {'address': {'address': '0xd50ab2485e20103fbd0a7e8c09230bfbef6d4e90'}}, 'caller': {'address': '0x9ad2fd279ff72f8b7c167118dd0e077050d3027d'}, 'date': {'date': '2021-11-30'}, 'block': {'height': 13713520}}]",2021-12-15
12,12,0xBe9895146f7AF43049ca1c1AE358B0541Ea49704,Coinbase Wrapped Staked ETH,,0xdf95DC8971217ce0b345B31D8A4B9Cc13D6825c9,1179372744.0,"[{'smartContract': {'address': {'address': '0xbe9895146f7af43049ca1c1ae358b0541ea49704'}}, 'caller': {'address': '0xdf95dc8971217ce0b345b31d8a4b9cc13d6825c9'}, 'date': {'date': '2022-02-03'}, 'block': {'height': 14133762}}]",2022-02-03
13,13,0x3432B6A60D23Ca0dFCa7761B7ab56459D9C964D0,Frax Share,https://github.com/fraxfinance/frax-solidity,0xa448833bEcE66fD8803ac0c390936C79b5FD6eDf,1081424791.0,"[{'smartContract': {'address': {'address': '0x5814cbfb4f67cb384de981849d773a9da179fec9'}}, 'caller': {'address': '0xa448833bece66fd8803ac0c390936c79b5fd6edf'}, 'date': {'date': '2022-12-20'}, 'block': {'height': 16228613}}, {'smartContract': {'address': {'address': '0xec9189c95beb2e7f735e439e858a70b3bb8a6aa6'}}, 'caller': {'address': '0xa448833bece66fd8803ac0c390936c79b5fd6edf'}, 'date': {'date': '2022-12-20'}, 'block': {'height': 16228578}}, {'smartContract': {'address': {'address': '0x734fd1fd1f3720379f52cb9d8168d76cd1ca4a73'}}, 'caller': {'address': '0xa448833bece66fd8803ac0c390936c79b5fd6edf'}, 'date': {'date': '2022-12-14'}, 'block': {'height': 16186187}}, {'smartContract': {'address': {'address': '0x59f91aa50dfb3e4ac6d3580e5a2fc22a7c24f505'}}, 'caller': {'address': '0xa448833bece66fd8803ac0c390936c79b5fd6edf'}, 'date': {'date': '2022-12-14'}, 'block': {'height': 16186187}}, {'smartContract': {'address': {'address': '0x4edf7c64dad8c256f6843acfe56876024b54a1b6'}}, 'caller': {'address': '0xa448833bece66fd8803ac0c390936c79b5fd6edf'}, 'date': {'date': '2022-12-08'}, 'block': {'height': 16142358}}, {'smartContract': {'address': {'address': '0x827e68386424dcc2bc3dbece925f960a2912ad6c'}}, 'caller': {'address': '0xa448833bece66fd8803ac0c390936c79b5fd6edf'}, 'date': {'date': '2022-12-08'}, 'block': {'height': 16142347}}, {'smartContract': {'address': {'address': '0x24d79bb8997e1ed356f06d77127647fb923b597f'}}, 'caller': {'address': '0xa448833bece66fd8803ac0c390936c79b5fd6edf'}, 'date': {'date': '2022-12-08'}, 'block': {'height': 16141849}}, {'smartContract': {'address': {'address': '0xf22d3c85e41ef4b5ac8cb8b89a14718e290a0561'}}, 'caller': {'address': '0xa448833bece66fd8803ac0c390936c79b5fd6edf'}, 'date': {'date': '2022-12-08'}, 'block': {'height': 16141849}}, {'smartContract': {'address': {'address': '0x73e1e624c6d3e027b8674e6c72f104f1429fc17e'}}, 'caller': {'address': '0xa448833bece66fd8803ac0c390936c79b5fd6edf'}, 'date': {'date': '2022-12-08'}, 'block': {'height': 16141570}}, {'smartContract': {'address': {'address': '0x15ada72a3b52a88e25ddd2cc2ba1120234e34bb0'}}, 'caller': {'address': '0xa448833bece66fd8803ac0c390936c79b5fd6edf'}, 'date': {'date': '2022-11-14'}, 'block': {'height': 15964667}}, {'smartContract': {'address': {'address': '0x43959a388603dcb6b02ca084a55d4c7f3b442c57'}}, 'caller': {'address': '0xa448833bece66fd8803ac0c390936c79b5fd6edf'}, 'date': {'date': '2022-11-13'}, 'block': {'height': 15963120}}, {'smartContract': {'address': {'address': '0x06fa869caa1160754c6a0b744da6454c5ea325d4'}}, 'caller': {'address': '0xa448833bece66fd8803ac0c390936c79b5fd6edf'}, 'date': {'date': '2022-11-13'}, 'block': {'height': 15963106}}, {'smartContract': {'address': {'address': '0xf1e1dea8f1053fd9c5f47f72f1f03977e17af242'}}, 'caller': {'address': '0xa448833bece66fd8803ac0c390936c79b5fd6edf'}, 'date': {'date': '2022-11-13'}, 'block': {'height': 15963091}}, {'smartContract': {'address': {'address': '0xfb788f9e20ef426a32a67986654750172a6c1788'}}, 'caller': {'address': '0xa448833bece66fd8803ac0c390936c79b5fd6edf'}, 'date': {'date': '2022-11-13'}, 'block': {'height': 15963081}}, {'smartContract': {'address': {'address': '0xdae210bfb0cf8c81edb4b459e2e0ba14d553e2d9'}}, 'caller': {'address': '0xa448833bece66fd8803ac0c390936c79b5fd6edf'}, 'date': {'date': '2022-11-13'}, 'block': {'height': 15963068}}, {'smartContract': {'address': {'address': '0xa381d58e96ec3818c825e1fb264099448945cf8b'}}, 'caller': {'address': '0xa448833bece66fd8803ac0c390936c79b5fd6edf'}, 'date': {'date': '2022-11-13'}, 'block': {'height': 15963057}}, {'smartContract': {'address': {'address': '0x85c5f05ae4cb68190c695a22b292c3ba90696128'}}, 'caller': {'address': '0xa448833bece66fd8803ac0c390936c79b5fd6edf'}, 'date': {'date': '2022-11-13'}, 'block': {'height': 15963031}}, {'smartContract': {'address': {'address': '0x6ac96f65156281a9383455d704b58a74ea9c9ec4'}}, 'caller': {'address': '0xa448833bece66fd8803ac0c390936c79b5fd6edf'}, 'date': {'date': '2022-11-08'}, 'block': {'height': 15928395}}, {'smartContract': {'address': {'address': '0xb526ee3e0a4e333bb46106c4725c1379f7b52aae'}}, 'caller': {'address': '0xa448833bece66fd8803ac0c390936c79b5fd6edf'}, 'date': {'date': '2022-11-08'}, 'block': {'height': 15926360}}, {'smartContract': {'address': {'address': '0x798fd0b27283cae4f3ace987d0e03864bf3e7d83'}}, 'caller': {'address': '0xa448833bece66fd8803ac0c390936c79b5fd6edf'}, 'date': {'date': '2022-11-08'}, 'block': {'height': 15926336}}, {'smartContract': {'address': {'address': '0x5a92ef27f4baa7c766aee6d751f754ebdebd9fae'}}, 'caller': {'address': '0xa448833bece66fd8803ac0c390936c79b5fd6edf'}, 'date': {'date': '2022-11-03'}, 'block': {'height': 15890445}}, {'smartContract': {'address': {'address': '0xa537d64881b84faffb9ae43c951eebf368b71cda'}}, 'caller': {'address': '0xa448833bece66fd8803ac0c390936c79b5fd6edf'}, 'date': {'date': '2022-11-03'}, 'block': {'height': 15890102}}, {'smartContract': {'address': {'address': '0x25e9aca5951262241290841b6f863d59d37dc4f0'}}, 'caller': {'address': '0xa448833bece66fd8803ac0c390936c79b5fd6edf'}, 'date': {'date': '2022-11-01'}, 'block': {'height': 15877166}}, {'smartContract': {'address': {'address': '0x95702e148363a6fc4bc97ff54bda8a2ae88b4c0f'}}, 'caller': {'address': '0xa448833bece66fd8803ac0c390936c79b5fd6edf'}, 'date': {'date': '2022-10-25'}, 'block': {'height': 15827263}}, {'smartContract': {'address': {'address': '0xa632fab76fe013199c8271ac22b466b9d11bfe88'}}, 'caller': {'address': '0xa448833bece66fd8803ac0c390936c79b5fd6edf'}, 'date': {'date': '2022-10-04'}, 'block': {'height': 15672084}}, {'smartContract': {'address': {'address': '0x870f5a9afa272f07bd941e8f8a8b43ced0b64a5a'}}, 'caller': {'address': '0xa448833bece66fd8803ac0c390936c79b5fd6edf'}, 'date': {'date': '2022-10-04'}, 'block': {'height': 15671671}}, {'smartContract': {'address': {'address': '0x788e44b6424a0e4160ae4766e86640ec5a6bad5b'}}, 'caller': {'address': '0xa448833bece66fd8803ac0c390936c79b5fd6edf'}, 'date': {'date': '2022-10-04'}, 'block': {'height': 15671587}}, {'smartContract': {'address': {'address': '0x7af00cf8d3a8a75210a5ed74f2254e2ec43b5b5b'}}, 'caller': {'address': '0xa448833bece66fd8803ac0c390936c79b5fd6edf'}, 'date': {'date': '2022-10-04'}, 'block': {'height': 15671586}}, {'smartContract': {'address': {'address': '0xa64ed4018f0838545fdc57db1b43ca7c9637fd54'}}, 'caller': {'address': '0xa448833bece66fd8803ac0c390936c79b5fd6edf'}, 'date': {'date': '2022-10-04'}, 'block': {'height': 15671284}}, {'smartContract': {'address': {'address': '0x40b42e4ab3c044e67cbfb0bd99c9e975dcb83668'}}, 'caller': {'address': '0xa448833bece66fd8803ac0c390936c79b5fd6edf'}, 'date': {'date': '2022-09-20'}, 'block': {'height': 15571286}}, {'smartContract': {'address': {'address': '0xde5684f85a78f6cccffb4b9301ad0944eb5ce3ee'}}, 'caller': {'address': '0xa448833bece66fd8803ac0c390936c79b5fd6edf'}, 'date': {'date': '2022-09-20'}, 'block': {'height': 15571185}}, {'smartContract': {'address': {'address': '0xe7211e87d60177575846936f2123b5fa6f0ce8ab'}}, 'caller': {'address': '0xa448833bece66fd8803ac0c390936c79b5fd6edf'}, 'date': {'date': '2022-09-20'}, 'block': {'height': 15571160}}, {'smartContract': {'address': {'address': '0x2f9504988675c91787e188ed928d6e042d9052e9'}}, 'caller': {'address': '0xa448833bece66fd8803ac0c390936c79b5fd6edf'}, 'date': {'date': '2022-09-20'}, 'block': {'height': 15571126}}, {'smartContract': {'address': {'address': '0x57c9f019b25aaaf822926f4cacf0a860f61edd8d'}}, 'caller': {'address': '0xa448833bece66fd8803ac0c390936c79b5fd6edf'}, 'date': {'date': '2022-09-20'}, 'block': {'height': 15571094}}, {'smartContract': {'address': {'address': '0xec670c5e0a8a8d5ae5639158565d840de44ca03f'}}, 'caller': {'address': '0xa448833bece66fd8803ac0c390936c79b5fd6edf'}, 'date': {'date': '2022-09-20'}, 'block': {'height': 15571069}}, {'smartContract': {'address': {'address': '0xa0657642224fc53dab4a3d2069430afe157bec5d'}}, 'caller': {'address': '0xa448833bece66fd8803ac0c390936c79b5fd6edf'}, 'date': {'date': '2022-09-20'}, 'block': {'height': 15571040}}, {'smartContract': {'address': {'address': '0xd1f21322bbdd3586dc1151adccaa2684641c2b31'}}, 'caller': {'address': '0xa448833bece66fd8803ac0c390936c79b5fd6edf'}, 'date': {'date': '2022-09-19'}, 'block': {'height': 15570871}}, {'smartContract': {'address': {'address': '0x914cb62c14777068956090adb494ab4279424499'}}, 'caller': {'address': '0xa448833bece66fd8803ac0c390936c79b5fd6edf'}, 'date': {'date': '2022-09-19'}, 'block': {'height': 15570840}}, {'smartContract': {'address': {'address': '0x8875a328eadb1e142f4021fc2098096796a30cf8'}}, 'caller': {'address': '0xa448833bece66fd8803ac0c390936c79b5fd6edf'}, 'date': {'date': '2022-08-26'}, 'block': {'height': 15417121}}, {'smartContract': {'address': {'address': '0xf562b2f33b3c90d5d273f88cdf0ced866e17092e'}}, 'caller': {'address': '0xa448833bece66fd8803ac0c390936c79b5fd6edf'}, 'date': {'date': '2022-08-23'}, 'block': {'height': 15398704}}, {'smartContract': {'address': {'address': '0x38950d42cd549842b3fc862a45f00eb24331f462'}}, 'caller': {'address': '0xa448833bece66fd8803ac0c390936c79b5fd6edf'}, 'date': {'date': '2022-08-23'}, 'block': {'height': 15398091}}, {'smartContract': {'address': {'address': '0x3f2e53b1a3036fd33f3c2f3cc49dab26a88df2e0'}}, 'caller': {'address': '0xa448833bece66fd8803ac0c390936c79b5fd6edf'}, 'date': {'date': '2022-08-23'}, 'block': {'height': 15395961}}, {'smartContract': {'address': {'address': '0xd2b19c772f225c6f55eec8ac6a40dc338f28eee8'}}, 'caller': {'address': '0xa448833bece66fd8803ac0c390936c79b5fd6edf'}, 'date': {'date': '2022-08-23'}, 'block': {'height': 15395961}}, {'smartContract': {'address': {'address': '0x9d46c0584c5c89e14fb1143e2414712fef36f00f'}}, 'caller': {'address': '0xa448833bece66fd8803ac0c390936c79b5fd6edf'}, 'date': {'date': '2022-08-23'}, 'block': {'height': 15395961}}, {'smartContract': {'address': {'address': '0x629c473e0e698fd101496e5fbda4bcb58da78dc4'}}, 'caller': {'address': '0xa448833bece66fd8803ac0c390936c79b5fd6edf'}, 'date': {'date': '2022-08-21'}, 'block': {'height': 15386975}}, {'smartContract': {'address': {'address': '0xf7242a1ce383174802818febb36b6eebb56d5bfb'}}, 'caller': {'address': '0xa448833bece66fd8803ac0c390936c79b5fd6edf'}, 'date': {'date': '2022-08-14'}, 'block': {'height': 15340767}}, {'smartContract': {'address': {'address': '0xb324b2bd8a3dc55b04111e84d5cce0c3771f8889'}}, 'caller': {'address': '0xa448833bece66fd8803ac0c390936c79b5fd6edf'}, 'date': {'date': '2022-08-14'}, 'block': {'height': 15340766}}, {'smartContract': {'address': {'address': '0x560c7668459221e33ed515d1d17c09ecda1996f5'}}, 'caller': {'address': '0xa448833bece66fd8803ac0c390936c79b5fd6edf'}, 'date': {'date': '2022-08-14'}, 'block': {'height': 15340765}}, {'smartContract': {'address': {'address': '0xf0a9b6f6593b4bf96e1ab13921a8a3fbfd9d4f16'}}, 'caller': {'address': '0xa448833bece66fd8803ac0c390936c79b5fd6edf'}, 'date': {'date': '2022-08-14'}, 'block': {'height': 15340765}}, {'smartContract': {'address': {'address': '0xf0ffe16810b7f412c52c1610e3bc9819a7dcb366'}}, 'caller': {'address': '0xa448833bece66fd8803ac0c390936c79b5fd6edf'}, 'date': {'date': '2022-08-14'}, 'block': {'height': 15340765}}, {'smartContract': {'address': {'address': '0xacf54f101b86f9e55d35c0674ebd8c854e5f80e4'}}, 'caller': {'address': '0xa448833bece66fd8803ac0c390936c79b5fd6edf'}, 'date': {'date': '2022-08-14'}, 'block': {'height': 15340764}}, {'smartContract': {'address': {'address': '0xa810d1268cef398ec26095c27094596374262826'}}, 'caller': {'address': '0xa448833bece66fd8803ac0c390936c79b5fd6edf'}, 'date': {'date': '2022-08-14'}, 'block': {'height': 15340462}}, {'smartContract': {'address': {'address': '0x711d650cd10df656c2c28d375649689f137005fa'}}, 'caller': {'address': '0xa448833bece66fd8803ac0c390936c79b5fd6edf'}, 'date': {'date': '2022-08-14'}, 'block': {'height': 15340459}}, {'smartContract': {'address': {'address': '0x963f487796d54d2f27ba6f3fbe91154ca103b199'}}, 'caller': {'address': '0xa448833bece66fd8803ac0c390936c79b5fd6edf'}, 'date': {'date': '2022-08-09'}, 'block': {'height': 15308990}}, {'smartContract': {'address': {'address': '0xe8453a2e8e97cba69365a1d727fde3768b18d814'}}, 'caller': {'address': '0xa448833bece66fd8803ac0c390936c79b5fd6edf'}, 'date': {'date': '2022-07-19'}, 'block': {'height': 15174957}}, {'smartContract': {'address': {'address': '0x24c66ba25ca2a53bb97b452b9f45dd075b07cf55'}}, 'caller': {'address': '0xa448833bece66fd8803ac0c390936c79b5fd6edf'}, 'date': {'date': '2022-07-18'}, 'block': {'height': 15167953}}, {'smartContract': {'address': {'address': '0x35678017e1d252da1cdd6745b147e3e75d1f9c27'}}, 'caller': {'address': '0xa448833bece66fd8803ac0c390936c79b5fd6edf'}, 'date': {'date': '2022-07-18'}, 'block': {'height': 15167953}}, {'smartContract': {'address': {'address': '0xbf33b67f243a4dabed494ff5840f113b2e202a0d'}}, 'caller': {'address': '0xa448833bece66fd8803ac0c390936c79b5fd6edf'}, 'date': {'date': '2022-07-08'}, 'block': {'height': 15104320}}, {'smartContract': {'address': {'address': '0x899aa575e0e46344d18471f69337663c48b76e35'}}, 'caller': {'address': '0xa448833bece66fd8803ac0c390936c79b5fd6edf'}, 'date': {'date': '2022-07-08'}, 'block': {'height': 15104320}}, {'smartContract': {'address': {'address': '0xb8e49724a342c5f4c02918a1cda6b3b25632d04b'}}, 'caller': {'address': '0xa448833bece66fd8803ac0c390936c79b5fd6edf'}, 'date': {'date': '2022-07-07'}, 'block': {'height': 15097133}}, {'smartContract': {'address': {'address': '0xe679312c16200bc42b7a05edde8b0162b340a1f3'}}, 'caller': {'address': '0xa448833bece66fd8803ac0c390936c79b5fd6edf'}, 'date': {'date': '2022-07-05'}, 'block': {'height': 15084640}}, {'smartContract': {'address': {'address': '0x9bdbe31bb011d99c55b17455acbe71814065e718'}}, 'caller': {'address': '0xa448833bece66fd8803ac0c390936c79b5fd6edf'}, 'date': {'date': '2022-06-29'}, 'block': {'height': 15047508}}, {'smartContract': {'address': {'address': '0x06b7c6e8d22ece102fb282c41075bcc968b6e046'}}, 'caller': {'address': '0xa448833bece66fd8803ac0c390936c79b5fd6edf'}, 'date': {'date': '2022-06-29'}, 'block': {'height': 15047447}}, {'smartContract': {'address': {'address': '0x5e15e40a3aa06beca711ede9f3f76e1d80c34490'}}, 'caller': {'address': '0xa448833bece66fd8803ac0c390936c79b5fd6edf'}, 'date': {'date': '2022-06-18'}, 'block': {'height': 14982221}}, {'smartContract': {'address': {'address': '0x847fa1a5337c7f24d7066e467f2e2a0f969ca79f'}}, 'caller': {'address': '0xa448833bece66fd8803ac0c390936c79b5fd6edf'}, 'date': {'date': '2022-06-16'}, 'block': {'height': 14974617}}, {'smartContract': {'address': {'address': '0x53c2758fba4063aa9eb1d1d7a481d53266214f2e'}}, 'caller': {'address': '0xa448833bece66fd8803ac0c390936c79b5fd6edf'}, 'date': {'date': '2022-06-11'}, 'block': {'height': 14947060}}, {'smartContract': {'address': {'address': '0xce597d830229b0bf827d4230a09d0069f4e93c30'}}, 'caller': {'address': '0xa448833bece66fd8803ac0c390936c79b5fd6edf'}, 'date': {'date': '2022-06-11'}, 'block': {'height': 14947060}}, {'smartContract': {'address': {'address': '0x48d9a9e67e9decfd493efe2b3d3b5291fc802e5f'}}, 'caller': {'address': '0xa448833bece66fd8803ac0c390936c79b5fd6edf'}, 'date': {'date': '2022-06-04'}, 'block': {'height': 14903971}}, {'smartContract': {'address': {'address': '0x11fc7df1fb0e51f9c9ab8f575d9bbadc92fa425b'}}, 'caller': {'address': '0xa448833bece66fd8803ac0c390936c79b5fd6edf'}, 'date': {'date': '2022-05-31'}, 'block': {'height': 14880208}}, {'smartContract': {'address': {'address': '0x9e66e7811feacf5402b65021475d1a293f7ea797'}}, 'caller': {'address': '0xa448833bece66fd8803ac0c390936c79b5fd6edf'}, 'date': {'date': '2022-05-30'}, 'block': {'height': 14874483}}, {'smartContract': {'address': {'address': '0x2397321b301b80a1c0911d6f9ed4b6033d43cf51'}}, 'caller': {'address': '0xa448833bece66fd8803ac0c390936c79b5fd6edf'}, 'date': {'date': '2022-05-14'}, 'block': {'height': 14775617}}, {'smartContract': {'address': {'address': '0x1c6ca5dee97c8c368ca559892ccce2454c8c35c7'}}, 'caller': {'address': '0xa448833bece66fd8803ac0c390936c79b5fd6edf'}, 'date': {'date': '2022-05-14'}, 'block': {'height': 14775236}}, {'smartContract': {'address': {'address': '0xb076b06f669e682609fb4a8c6646d2619717be4b'}}, 'caller': {'address': '0xa448833bece66fd8803ac0c390936c79b5fd6edf'}, 'date': {'date': '2022-05-14'}, 'block': {'height': 14775229}}, {'smartContract': {'address': {'address': '0x0a08673e3d7c454e1c6b27acd059c50df6727fc9'}}, 'caller': {'address': '0xa448833bece66fd8803ac0c390936c79b5fd6edf'}, 'date': {'date': '2022-05-10'}, 'block': {'height': 14751354}}, {'smartContract': {'address': {'address': '0xfa7c660683ff22989413256bd57f569562ce1559'}}, 'caller': {'address': '0xa448833bece66fd8803ac0c390936c79b5fd6edf'}, 'date': {'date': '2022-05-09'}, 'block': {'height': 14739270}}, {'smartContract': {'address': {'address': '0x183a756f416c723000e7bd3fb0e66cba3e48c52d'}}, 'caller': {'address': '0xa448833bece66fd8803ac0c390936c79b5fd6edf'}, 'date': {'date': '2022-05-06'}, 'block': {'height': 14724648}}, {'smartContract': {'address': {'address': '0x856153c609fd3c09244c4af0eb13c2c7f53956b1'}}, 'caller': {'address': '0xa448833bece66fd8803ac0c390936c79b5fd6edf'}, 'date': {'date': '2022-05-05'}, 'block': {'height': 14718948}}, {'smartContract': {'address': {'address': '0x02577b426f223a6b4f2351315a19ecd6f357d65c'}}, 'caller': {'address': '0xa448833bece66fd8803ac0c390936c79b5fd6edf'}, 'date': {'date': '2022-04-22'}, 'block': {'height': 14637530}}, {'smartContract': {'address': {'address': '0x7086f2acb5558043ff9ce3df346d8e3fb4f4f452'}}, 'caller': {'address': '0xa448833bece66fd8803ac0c390936c79b5fd6edf'}, 'date': {'date': '2022-03-25'}, 'block': {'height': 14456811}}, {'smartContract': {'address': {'address': '0x04baf30115d7bac714709910dd286718cfad8808'}}, 'caller': {'address': '0xa448833bece66fd8803ac0c390936c79b5fd6edf'}, 'date': {'date': '2022-03-18'}, 'block': {'height': 14411508}}, {'smartContract': {'address': {'address': '0x5fca68c9ba31dbaa5ab82dd468ae76746efd9adb'}}, 'caller': {'address': '0xa448833bece66fd8803ac0c390936c79b5fd6edf'}, 'date': {'date': '2022-03-16'}, 'block': {'height': 14399401}}, {'smartContract': {'address': {'address': '0x90e7efdca79de10f1713c59bc3ae9b076e753490'}}, 'caller': {'address': '0xa448833bece66fd8803ac0c390936c79b5fd6edf'}, 'date': {'date': '2022-03-03'}, 'block': {'height': 14311186}}, {'smartContract': {'address': {'address': '0x90503d86e120b3b309cebf00c2ca013ab3624736'}}, 'caller': {'address': '0xa448833bece66fd8803ac0c390936c79b5fd6edf'}, 'date': {'date': '2022-03-03'}, 'block': {'height': 14311077}}, {'smartContract': {'address': {'address': '0x76c8cef5b18994a85bc2be1991e5b9c716626767'}}, 'caller': {'address': '0xa448833bece66fd8803ac0c390936c79b5fd6edf'}, 'date': {'date': '2022-03-02'}, 'block': {'height': 14310590}}, {'smartContract': {'address': {'address': '0xdb68c6264e9d0f8a6df1fa5a89f205da38698d15'}}, 'caller': {'address': '0xa448833bece66fd8803ac0c390936c79b5fd6edf'}, 'date': {'date': '2022-03-02'}, 'block': {'height': 14310590}}, {'smartContract': {'address': {'address': '0x10460d02226d6ef7b2419ae150e6377bdbb7ef16'}}, 'caller': {'address': '0xa448833bece66fd8803ac0c390936c79b5fd6edf'}, 'date': {'date': '2022-02-08'}, 'block': {'height': 14167431}}, {'smartContract': {'address': {'address': '0x698137c473bc1f0ea9b85ade45caf64ef2df48d6'}}, 'caller': {'address': '0xa448833bece66fd8803ac0c390936c79b5fd6edf'}, 'date': {'date': '2022-02-03'}, 'block': {'height': 14134745}}, {'smartContract': {'address': {'address': '0x016563f5eb22cf84fa0ff8b593ddc5343ca15856'}}, 'caller': {'address': '0xa448833bece66fd8803ac0c390936c79b5fd6edf'}, 'date': {'date': '2022-02-02'}, 'block': {'height': 14123565}}, {'smartContract': {'address': {'address': '0xae47146fa8a920d220ac567366b1e6c170579993'}}, 'caller': {'address': '0xa448833bece66fd8803ac0c390936c79b5fd6edf'}, 'date': {'date': '2022-02-01'}, 'block': {'height': 14122309}}, {'smartContract': {'address': {'address': '0x3669c421b77340b2979d1a00a792cc2ee0fce737'}}, 'caller': {'address': '0xa448833bece66fd8803ac0c390936c79b5fd6edf'}, 'date': {'date': '2022-01-22'}, 'block': {'height': 14052749}}, {'smartContract': {'address': {'address': '0x4e710b33c87cedf832cd82e11d743a011864f733'}}, 'caller': {'address': '0xa448833bece66fd8803ac0c390936c79b5fd6edf'}, 'date': {'date': '2022-01-10'}, 'block': {'height': 13974728}}, {'smartContract': {'address': {'address': '0x8f8273f271b134f514b8a33f87b4de803e44d723'}}, 'caller': {'address': '0xa448833bece66fd8803ac0c390936c79b5fd6edf'}, 'date': {'date': '2022-01-09'}, 'block': {'height': 13968791}}, {'smartContract': {'address': {'address': '0x3084218bd8338a0340c74b658aff2212ab69cab1'}}, 'caller': {'address': '0xb9fc157394af804a3578134a6585c0dc9cc990d4'}, 'date': {'date': '2022-01-01'}, 'block': {'height': 13916203}}, {'smartContract': {'address': {'address': '0x1cbe07f3b3bf3bde44d363cecaecfe9a98ec2dff'}}, 'caller': {'address': '0xa448833bece66fd8803ac0c390936c79b5fd6edf'}, 'date': {'date': '2021-12-24'}, 'block': {'height': 13864614}}, {'smartContract': {'address': {'address': '0x878f2059435a19c79c20318ee57657bf4543b6d4'}}, 'caller': {'address': '0xa448833bece66fd8803ac0c390936c79b5fd6edf'}, 'date': {'date': '2021-12-24'}, 'block': {'height': 13864561}}, {'smartContract': {'address': {'address': '0x4462df433d01f32ac0c4adb0a76dcf255634490c'}}, 'caller': {'address': '0xa448833bece66fd8803ac0c390936c79b5fd6edf'}, 'date': {'date': '2021-12-24'}, 'block': {'height': 13864554}}, {'smartContract': {'address': {'address': '0xf8caed1943b15b877d7105b9906a618c154f69e8'}}, 'caller': {'address': '0xa448833bece66fd8803ac0c390936c79b5fd6edf'}, 'date': {'date': '2021-11-30'}, 'block': {'height': 13715882}}, {'smartContract': {'address': {'address': '0xb4eb45443d525149410ee69400c0956a7e89b82e'}}, 'caller': {'address': '0xa448833bece66fd8803ac0c390936c79b5fd6edf'}, 'date': {'date': '2021-11-18'}, 'block': {'height': 13636325}}, {'smartContract': {'address': {'address': '0x59e132164ec2e48b0714eb6abdb10225df44da0e'}}, 'caller': {'address': '0xa448833bece66fd8803ac0c390936c79b5fd6edf'}, 'date': {'date': '2021-11-18'}, 'block': {'height': 13636238}}, {'smartContract': {'address': {'address': '0xc91bb4b0696e3b48c0c501b4ce8e7244fc363a79'}}, 'caller': {'address': '0xa448833bece66fd8803ac0c390936c79b5fd6edf'}, 'date': {'date': '2021-11-13'}, 'block': {'height': 13609897}}]",2020-12-16
14,14,0xD33526068D116cE69F19A9ee46F0bd304F21A51f,Rocket Pool (RPL),https://github.com/rocket-pool/rocketpool,0x0cCF14983364A7735d369879603930Afe10df21e,562724511.0,"[{'smartContract': {'address': {'address': '0x372236c940f572020c0c0eb1ac7212460e4e5a33'}}, 'caller': {'address': '0x0ccf14983364a7735d369879603930afe10df21e'}, 'date': {'date': '2022-10-20'}, 'block': {'height': 15786583}}, {'smartContract': {'address': {'address': '0x030aea8378cc131674d6d655ca26b5a3ef4c63da'}}, 'caller': {'address': '0x0ccf14983364a7735d369879603930afe10df21e'}, 'date': {'date': '2021-11-05'}, 'block': {'height': 13555066}}, {'smartContract': {'address': {'address': '0xa29b42bbd19b76ab092bcc3c20370887bbfd9095'}}, 'caller': {'address': '0x0ccf14983364a7735d369879603930afe10df21e'}, 'date': {'date': '2021-11-02'}, 'block': {'height': 13535465}}, {'smartContract': {'address': {'address': '0xdcd51fc5cd918e0461b9b7fb75967fdfd10dae2f'}}, 'caller': {'address': '0x0ccf14983364a7735d369879603930afe10df21e'}, 'date': {'date': '2021-11-02'}, 'block': {'height': 13535452}}, {'smartContract': {'address': {'address': '0x6293b8abc1f36afb22406be5f96d893072a8cf3a'}}, 'caller': {'address': '0x0ccf14983364a7735d369879603930afe10df21e'}, 'date': {'date': '2021-11-02'}, 'block': {'height': 13535419}}, {'smartContract': {'address': {'address': '0xe7e0ddc778d6332c449dc0789c1c8b7c1c6154c2'}}, 'caller': {'address': '0x0ccf14983364a7735d369879603930afe10df21e'}, 'date': {'date': '2021-11-02'}, 'block': {'height': 13535384}}, {'smartContract': {'address': {'address': '0xb45d37129c9b9e15b7ed170e70670a2b00c4d05b'}}, 'caller': {'address': '0x0ccf14983364a7735d369879603930afe10df21e'}, 'date': {'date': '2021-10-01'}, 'block': {'height': 13331069}}, {'smartContract': {'address': {'address': '0xd4ae2511df21f367792ba4d67c6eb032171c6a16'}}, 'caller': {'address': '0x0ccf14983364a7735d369879603930afe10df21e'}, 'date': {'date': '2021-09-30'}, 'block': {'height': 13325314}}, {'smartContract': {'address': {'address': '0x44e31944e1a6f3b8f805e105b130f8bdb7e2ebd8'}}, 'caller': {'address': '0x0ccf14983364a7735d369879603930afe10df21e'}, 'date': {'date': '2021-09-30'}, 'block': {'height': 13325311}}, {'smartContract': {'address': {'address': '0xd33526068d116ce69f19a9ee46f0bd304f21a51f'}}, 'caller': {'address': '0x0ccf14983364a7735d369879603930afe10df21e'}, 'date': {'date': '2021-09-30'}, 'block': {'height': 13325306}}, {'smartContract': {'address': {'address': '0xae78736cd615f374d3085123a210448e74fc6393'}}, 'caller': {'address': '0x0ccf14983364a7735d369879603930afe10df21e'}, 'date': {'date': '2021-09-30'}, 'block': {'height': 13325304}}, {'smartContract': {'address': {'address': '0x6a032a901f17227b4db52937fb25f2523a529760'}}, 'caller': {'address': '0x0ccf14983364a7735d369879603930afe10df21e'}, 'date': {'date': '2021-09-30'}, 'block': {'height': 13325301}}, {'smartContract': {'address': {'address': '0x781693a15e1fa7c743a299f4f0242cdf5489a0d9'}}, 'caller': {'address': '0x0ccf14983364a7735d369879603930afe10df21e'}, 'date': {'date': '2021-09-30'}, 'block': {'height': 13325299}}, {'smartContract': {'address': {'address': '0xc1b6057e8232fb509fc60f9e9297e11e59d4a189'}}, 'caller': {'address': '0x0ccf14983364a7735d369879603930afe10df21e'}, 'date': {'date': '2021-09-30'}, 'block': {'height': 13325298}}, {'smartContract': {'address': {'address': '0xc82d37221940b6e594d6d26d2c5af775c3f1f437'}}, 'caller': {'address': '0x0ccf14983364a7735d369879603930afe10df21e'}, 'date': {'date': '2021-09-30'}, 'block': {'height': 13325295}}, {'smartContract': {'address': {'address': '0x87c41e0a44826745b398071025e306ce03bebecf'}}, 'caller': {'address': '0x0ccf14983364a7735d369879603930afe10df21e'}, 'date': {'date': '2021-09-30'}, 'block': {'height': 13325294}}, {'smartContract': {'address': {'address': '0xcdb681af33c60f4d659d12e309b6c57fa4a97673'}}, 'caller': {'address': '0x0ccf14983364a7735d369879603930afe10df21e'}, 'date': {'date': '2021-09-30'}, 'block': {'height': 13325293}}, {'smartContract': {'address': {'address': '0xedd568281929a9a276f4cbed80deb208f11ba3bb'}}, 'caller': {'address': '0x0ccf14983364a7735d369879603930afe10df21e'}, 'date': {'date': '2021-09-30'}, 'block': {'height': 13325291}}, {'smartContract': {'address': {'address': '0xb50d513de40ee70a662c39207b4382a693f9e08d'}}, 'caller': {'address': '0x0ccf14983364a7735d369879603930afe10df21e'}, 'date': {'date': '2021-09-30'}, 'block': {'height': 13325290}}, {'smartContract': {'address': {'address': '0x42ec642eaa86091059569d8de8aeccf7f2f9b1a2'}}, 'caller': {'address': '0x0ccf14983364a7735d369879603930afe10df21e'}, 'date': {'date': '2021-09-30'}, 'block': {'height': 13325288}}, {'smartContract': {'address': {'address': '0x0429cdd8ceace24d4dc2b97ce22a780a407df0e1'}}, 'caller': {'address': '0x0ccf14983364a7735d369879603930afe10df21e'}, 'date': {'date': '2021-09-30'}, 'block': {'height': 13325286}}, {'smartContract': {'address': {'address': '0xad038f8994a6bd51c8a72d3721ced83401d4d2b0'}}, 'caller': {'address': '0x0ccf14983364a7735d369879603930afe10df21e'}, 'date': {'date': '2021-09-30'}, 'block': {'height': 13325283}}, {'smartContract': {'address': {'address': '0xda1ab39e62e0a5297af44c7064e501b0613f0d01'}}, 'caller': {'address': '0x0ccf14983364a7735d369879603930afe10df21e'}, 'date': {'date': '2021-09-30'}, 'block': {'height': 13325279}}, {'smartContract': {'address': {'address': '0x952999ec97248547d810fd6464fdb78855b022ab'}}, 'caller': {'address': '0x0ccf14983364a7735d369879603930afe10df21e'}, 'date': {'date': '2021-09-30'}, 'block': {'height': 13325278}}, {'smartContract': {'address': {'address': '0x5b9b2494060138470a2b834f6003c0343a585349'}}, 'caller': {'address': '0x0ccf14983364a7735d369879603930afe10df21e'}, 'date': {'date': '2021-09-30'}, 'block': {'height': 13325274}}, {'smartContract': {'address': {'address': '0xb0ec3f657ef43a615ab480fa8d5a53bf2c2f05d5'}}, 'caller': {'address': '0x0ccf14983364a7735d369879603930afe10df21e'}, 'date': {'date': '2021-09-30'}, 'block': {'height': 13325271}}, {'smartContract': {'address': {'address': '0xb8e783882b11ff4f6cef3c501ea0f4b960152cc9'}}, 'caller': {'address': '0x0ccf14983364a7735d369879603930afe10df21e'}, 'date': {'date': '2021-09-30'}, 'block': {'height': 13325269}}, {'smartContract': {'address': {'address': '0x37714d3a9d3b3091220d68184e3afec4ec911368'}}, 'caller': {'address': '0x0ccf14983364a7735d369879603930afe10df21e'}, 'date': {'date': '2021-09-30'}, 'block': {'height': 13325268}}, {'smartContract': {'address': {'address': '0x3019227b2b8493e45bf5d25302139c9a2713bf15'}}, 'caller': {'address': '0x0ccf14983364a7735d369879603930afe10df21e'}, 'date': {'date': '2021-09-30'}, 'block': {'height': 13325267}}, {'smartContract': {'address': {'address': '0x4477fbf4af5b34e49662d9217681a763ddc0a322'}}, 'caller': {'address': '0x0ccf14983364a7735d369879603930afe10df21e'}, 'date': {'date': '2021-09-30'}, 'block': {'height': 13325266}}, {'smartContract': {'address': {'address': '0xdc9c66155667578179ed82bd17e725aba9dacd09'}}, 'caller': {'address': '0x0ccf14983364a7735d369879603930afe10df21e'}, 'date': {'date': '2021-09-30'}, 'block': {'height': 13325264}}, {'smartContract': {'address': {'address': '0x6af730deb0463b432433318dc8002c0a4e9315e8'}}, 'caller': {'address': '0x0ccf14983364a7735d369879603930afe10df21e'}, 'date': {'date': '2021-09-30'}, 'block': {'height': 13325263}}, {'smartContract': {'address': {'address': '0x899336a2a86053705e65db61f52c686dcfaef548'}}, 'caller': {'address': '0x0ccf14983364a7735d369879603930afe10df21e'}, 'date': {'date': '2021-09-30'}, 'block': {'height': 13325261}}, {'smartContract': {'address': {'address': '0x428f0de7a6bf5ecca29e1c5e8c407b21e8becd39'}}, 'caller': {'address': '0x0ccf14983364a7735d369879603930afe10df21e'}, 'date': {'date': '2021-09-30'}, 'block': {'height': 13325260}}, {'smartContract': {'address': {'address': '0xa3a18348e6e2d3897b6f2671bb8c120e36554802'}}, 'caller': {'address': '0x0ccf14983364a7735d369879603930afe10df21e'}, 'date': {'date': '2021-09-30'}, 'block': {'height': 13325257}}, {'smartContract': {'address': {'address': '0xd3f500f550f46e504a4d2153127b47e007e11166'}}, 'caller': {'address': '0x0ccf14983364a7735d369879603930afe10df21e'}, 'date': {'date': '2021-09-30'}, 'block': {'height': 13325254}}, {'smartContract': {'address': {'address': '0x0a882c9059cc2e97c860b80018c27145884d694b'}}, 'caller': {'address': '0x0ccf14983364a7735d369879603930afe10df21e'}, 'date': {'date': '2021-09-30'}, 'block': {'height': 13325253}}, {'smartContract': {'address': {'address': '0x138313f102ce9a0662f826fca977e3ab4d6e5539'}}, 'caller': {'address': '0x0ccf14983364a7735d369879603930afe10df21e'}, 'date': {'date': '2021-09-30'}, 'block': {'height': 13325250}}, {'smartContract': {'address': {'address': '0xe64ac47b6e2fecfcdea35147fe61af9894a06ba6'}}, 'caller': {'address': '0x0ccf14983364a7735d369879603930afe10df21e'}, 'date': {'date': '2021-09-30'}, 'block': {'height': 13325248}}, {'smartContract': {'address': {'address': '0xa52451b9d25eef02be42b3a8161a18f947f8a6a5'}}, 'caller': {'address': '0x0ccf14983364a7735d369879603930afe10df21e'}, 'date': {'date': '2021-09-30'}, 'block': {'height': 13325246}}, {'smartContract': {'address': {'address': '0x5870da524635d1310dc0e6f256ce331012c9c19e'}}, 'caller': {'address': '0x0ccf14983364a7735d369879603930afe10df21e'}, 'date': {'date': '2021-09-30'}, 'block': {'height': 13325244}}, {'smartContract': {'address': {'address': '0xfc1a4a1eaf9e80fa5380ce45d9d12bdf7a81ca18'}}, 'caller': {'address': '0x0ccf14983364a7735d369879603930afe10df21e'}, 'date': {'date': '2021-09-30'}, 'block': {'height': 13325242}}, {'smartContract': {'address': {'address': '0x0444bc6fd57f157406d393570520d0472cafdfc4'}}, 'caller': {'address': '0x0ccf14983364a7735d369879603930afe10df21e'}, 'date': {'date': '2021-09-30'}, 'block': {'height': 13325239}}, {'smartContract': {'address': {'address': '0x4d05e3d48a938db4b7a9a59a802d5b45011bde58'}}, 'caller': {'address': '0x0ccf14983364a7735d369879603930afe10df21e'}, 'date': {'date': '2021-09-30'}, 'block': {'height': 13325238}}, {'smartContract': {'address': {'address': '0x1a2f00d187c9388fda3bf2dc46a6b4740849ecce'}}, 'caller': {'address': '0x0ccf14983364a7735d369879603930afe10df21e'}, 'date': {'date': '2021-09-30'}, 'block': {'height': 13325236}}, {'smartContract': {'address': {'address': '0x3bdc69c4e5e13e52a65f5583c23efb9636b469d6'}}, 'caller': {'address': '0x0ccf14983364a7735d369879603930afe10df21e'}, 'date': {'date': '2021-09-30'}, 'block': {'height': 13325235}}, {'smartContract': {'address': {'address': '0x1d8f8f00cfa6758d7be78336684788fb0ee0fa46'}}, 'caller': {'address': '0x0ccf14983364a7735d369879603930afe10df21e'}, 'date': {'date': '2021-09-30'}, 'block': {'height': 13325233}}, {'smartContract': {'address': {'address': '0x0aab73d845d481fe790787f535618457921a7e85'}}, 'caller': {'address': '0x0ccf14983364a7735d369879603930afe10df21e'}, 'date': {'date': '2021-09-30'}, 'block': {'height': 13325228}}]",2021-09-30
15,15,0x6DEA81C8171D0bA574754EF6F8b412F2Ed88c54D,LQTY,https://github.com/liquity/dev,0xa850535D3628CD4dFEB528dC85cfA93051Ff2984,422900768.4,"[{'smartContract': {'address': {'address': '0x5eced47f98e1357e5184fc876335549794fda513'}}, 'caller': {'address': '0x2ebef24da09489218ba2becb01867f6daaedcd4b'}, 'date': {'date': '2021-07-20'}, 'block': {'height': 12862817}}, {'smartContract': {'address': {'address': '0xba4a395251dbeb49a17ba0d09eab6cb3f55752f9'}}, 'caller': {'address': '0x2ebef24da09489218ba2becb01867f6daaedcd4b'}, 'date': {'date': '2021-05-13'}, 'block': {'height': 12425242}}, {'smartContract': {'address': {'address': '0x0051099cac8f0c27467425be5eedd96078e6f748'}}, 'caller': {'address': '0x2ebef24da09489218ba2becb01867f6daaedcd4b'}, 'date': {'date': '2021-05-13'}, 'block': {'height': 12425237}}, {'smartContract': {'address': {'address': '0xe15f843480bad6b9ce15338c7741ecd27335101f'}}, 'caller': {'address': '0x2ebef24da09489218ba2becb01867f6daaedcd4b'}, 'date': {'date': '2021-04-06'}, 'block': {'height': 12189169}}, {'smartContract': {'address': {'address': '0x1a29d558eeefa90e23a6224c51a79ff448609539'}}, 'caller': {'address': '0x2ebef24da09489218ba2becb01867f6daaedcd4b'}, 'date': {'date': '2021-04-06'}, 'block': {'height': 12189161}}, {'smartContract': {'address': {'address': '0xc1d71192bdfa2ebc99c9b982f3c7c0fa9ef3ac4a'}}, 'caller': {'address': '0x2ebef24da09489218ba2becb01867f6daaedcd4b'}, 'date': {'date': '2021-04-06'}, 'block': {'height': 12189155}}, {'smartContract': {'address': {'address': '0x1f29d1e83c9f37ab2055e3336c4e680bff8970b0'}}, 'caller': {'address': '0x2ebef24da09489218ba2becb01867f6daaedcd4b'}, 'date': {'date': '2021-04-06'}, 'block': {'height': 12189149}}, {'smartContract': {'address': {'address': '0xf5067d3fee4d4306dd5de03a9fe5b85de279d0ca'}}, 'caller': {'address': '0x2ebef24da09489218ba2becb01867f6daaedcd4b'}, 'date': {'date': '2021-04-06'}, 'block': {'height': 12189143}}, {'smartContract': {'address': {'address': '0xa31b086125de7c3bfafabfaf738fd1f0925b6fbb'}}, 'caller': {'address': '0x2ebef24da09489218ba2becb01867f6daaedcd4b'}, 'date': {'date': '2021-04-06'}, 'block': {'height': 12189137}}, {'smartContract': {'address': {'address': '0x86dd862d995147374c8bc8d8ffeda43c50dc2e57'}}, 'caller': {'address': '0x2ebef24da09489218ba2becb01867f6daaedcd4b'}, 'date': {'date': '2021-04-06'}, 'block': {'height': 12189132}}, {'smartContract': {'address': {'address': '0x47df9fa3d01cb82b024cefb4e2c1aeb1e229876f'}}, 'caller': {'address': '0x2ebef24da09489218ba2becb01867f6daaedcd4b'}, 'date': {'date': '2021-04-06'}, 'block': {'height': 12189128}}, {'smartContract': {'address': {'address': '0x68ccd86440f58109cd964fec1a641ba7a6825b90'}}, 'caller': {'address': '0x2ebef24da09489218ba2becb01867f6daaedcd4b'}, 'date': {'date': '2021-04-06'}, 'block': {'height': 12189123}}, {'smartContract': {'address': {'address': '0xc05ad6e3dff412497f72b38a125e187e08cd922f'}}, 'caller': {'address': '0x2ebef24da09489218ba2becb01867f6daaedcd4b'}, 'date': {'date': '2021-04-06'}, 'block': {'height': 12189116}}, {'smartContract': {'address': {'address': '0xa649bc7d436aad93865d5415aa4ba6bca9a05c0a'}}, 'caller': {'address': '0x2ebef24da09489218ba2becb01867f6daaedcd4b'}, 'date': {'date': '2021-04-06'}, 'block': {'height': 12189111}}, {'smartContract': {'address': {'address': '0x84f48f7e16c4fa7afc6c2761d22803f6601b02fb'}}, 'caller': {'address': '0x2ebef24da09489218ba2becb01867f6daaedcd4b'}, 'date': {'date': '2021-04-06'}, 'block': {'height': 12189103}}, {'smartContract': {'address': {'address': '0xfb2ed967c27f07a883c9dd8a03b48ec883fc58b2'}}, 'caller': {'address': '0x2ebef24da09489218ba2becb01867f6daaedcd4b'}, 'date': {'date': '2021-04-06'}, 'block': {'height': 12189098}}, {'smartContract': {'address': {'address': '0xcde82316161446a5006d62f57a1fb372ad148a45'}}, 'caller': {'address': '0x2ebef24da09489218ba2becb01867f6daaedcd4b'}, 'date': {'date': '2021-04-06'}, 'block': {'height': 12189090}}, {'smartContract': {'address': {'address': '0x997ad8f2dd7a46de02a4aa92336de7513b9d78ec'}}, 'caller': {'address': '0x2ebef24da09489218ba2becb01867f6daaedcd4b'}, 'date': {'date': '2021-04-06'}, 'block': {'height': 12189084}}, {'smartContract': {'address': {'address': '0x2f3be49022b5944ea3f6050a3b5b415c3f307b78'}}, 'caller': {'address': '0x2ebef24da09489218ba2becb01867f6daaedcd4b'}, 'date': {'date': '2021-04-06'}, 'block': {'height': 12189079}}, {'smartContract': {'address': {'address': '0x2e00a841f3d9af5c1c8f931640d268144d6a8193'}}, 'caller': {'address': '0x2ebef24da09489218ba2becb01867f6daaedcd4b'}, 'date': {'date': '2021-04-06'}, 'block': {'height': 12189074}}, {'smartContract': {'address': {'address': '0x39ae8159561a0a33168d6df073be3008b8a5ad73'}}, 'caller': {'address': '0x2ebef24da09489218ba2becb01867f6daaedcd4b'}, 'date': {'date': '2021-04-06'}, 'block': {'height': 12189068}}, {'smartContract': {'address': {'address': '0x4757f4e5f76fe3369843770d1090ef4f60e7a92c'}}, 'caller': {'address': '0x2ebef24da09489218ba2becb01867f6daaedcd4b'}, 'date': {'date': '2021-04-06'}, 'block': {'height': 12189061}}, {'smartContract': {'address': {'address': '0x3a287bbd3d6ebb85265266fc7ad08138627bc2d2'}}, 'caller': {'address': '0x2ebef24da09489218ba2becb01867f6daaedcd4b'}, 'date': {'date': '2021-04-06'}, 'block': {'height': 12189054}}, {'smartContract': {'address': {'address': '0x036a3ccedca822c59e57ce16f28c0c3c417359e4'}}, 'caller': {'address': '0x2ebef24da09489218ba2becb01867f6daaedcd4b'}, 'date': {'date': '2021-04-06'}, 'block': {'height': 12189047}}, {'smartContract': {'address': {'address': '0x060952b3b1a3818d8917a03c43fa67bb6a15a2b2'}}, 'caller': {'address': '0x2ebef24da09489218ba2becb01867f6daaedcd4b'}, 'date': {'date': '2021-04-06'}, 'block': {'height': 12189038}}, {'smartContract': {'address': {'address': '0x2a0a9ac6d8fbcea4c470a21862ece3aaef7f0c8e'}}, 'caller': {'address': '0x2ebef24da09489218ba2becb01867f6daaedcd4b'}, 'date': {'date': '2021-04-06'}, 'block': {'height': 12189033}}, {'smartContract': {'address': {'address': '0x31bb5b1655df3cb645d17c62b96b91e01159ce2d'}}, 'caller': {'address': '0x2ebef24da09489218ba2becb01867f6daaedcd4b'}, 'date': {'date': '2021-04-06'}, 'block': {'height': 12189027}}, {'smartContract': {'address': {'address': '0xd20ac7e897b8e54df47d0a491b791c33193ce535'}}, 'caller': {'address': '0x2ebef24da09489218ba2becb01867f6daaedcd4b'}, 'date': {'date': '2021-04-06'}, 'block': {'height': 12189019}}, {'smartContract': {'address': {'address': '0xfee47986a4b9083d7db1829beed6f88a91dd4338'}}, 'caller': {'address': '0x2ebef24da09489218ba2becb01867f6daaedcd4b'}, 'date': {'date': '2021-04-06'}, 'block': {'height': 12189013}}, {'smartContract': {'address': {'address': '0xd651d97fdaf2323fc738827544eb7c91368f2bca'}}, 'caller': {'address': '0x2ebef24da09489218ba2becb01867f6daaedcd4b'}, 'date': {'date': '2021-04-06'}, 'block': {'height': 12189007}}, {'smartContract': {'address': {'address': '0x770638e0cd8781dd4b64e3a4cad06113b6eefcca'}}, 'caller': {'address': '0x2ebef24da09489218ba2becb01867f6daaedcd4b'}, 'date': {'date': '2021-04-06'}, 'block': {'height': 12188993}}, {'smartContract': {'address': {'address': '0x025baf9ba5dace8367c70cad0b44b728edba5449'}}, 'caller': {'address': '0x2ebef24da09489218ba2becb01867f6daaedcd4b'}, 'date': {'date': '2021-04-06'}, 'block': {'height': 12188986}}, {'smartContract': {'address': {'address': '0x4a2c55ccd180caa7519b7d4d3ed595ec56fa81b4'}}, 'caller': {'address': '0x2ebef24da09489218ba2becb01867f6daaedcd4b'}, 'date': {'date': '2021-04-06'}, 'block': {'height': 12188980}}, {'smartContract': {'address': {'address': '0x241ad9dfc7466c5299d622df7664b71ab60fe8d6'}}, 'caller': {'address': '0x2ebef24da09489218ba2becb01867f6daaedcd4b'}, 'date': {'date': '2021-04-06'}, 'block': {'height': 12188974}}, {'smartContract': {'address': {'address': '0x81331bee74f0495233709f4e1c76415d853d7960'}}, 'caller': {'address': '0x2ebef24da09489218ba2becb01867f6daaedcd4b'}, 'date': {'date': '2021-04-06'}, 'block': {'height': 12188944}}, {'smartContract': {'address': {'address': '0xcd3db7e77c91f6bd56d1ca3dc700471849e08d65'}}, 'caller': {'address': '0x2ebef24da09489218ba2becb01867f6daaedcd4b'}, 'date': {'date': '2021-04-06'}, 'block': {'height': 12188834}}, {'smartContract': {'address': {'address': '0x015f2eb03910dfe31a013f3bd074daea1da5cabf'}}, 'caller': {'address': '0x2ebef24da09489218ba2becb01867f6daaedcd4b'}, 'date': {'date': '2021-04-05'}, 'block': {'height': 12178677}}, {'smartContract': {'address': {'address': '0xb69e194239169767494c432dd0826ca5c3b1d310'}}, 'caller': {'address': '0x2ebef24da09489218ba2becb01867f6daaedcd4b'}, 'date': {'date': '2021-04-05'}, 'block': {'height': 12178674}}, {'smartContract': {'address': {'address': '0xfc92d0e9fa35df17e3a6d9f40716ca2ce749922b'}}, 'caller': {'address': '0xa850535d3628cd4dfeb528dc85cfa93051ff2984'}, 'date': {'date': '2021-04-05'}, 'block': {'height': 12178664}}, {'smartContract': {'address': {'address': '0x6dea81c8171d0ba574754ef6f8b412f2ed88c54d'}}, 'caller': {'address': '0xa850535d3628cd4dfeb528dc85cfa93051ff2984'}, 'date': {'date': '2021-04-05'}, 'block': {'height': 12178618}}, {'smartContract': {'address': {'address': '0xd8c9d9071123a059c6e0a945cf0e0c82b508d816'}}, 'caller': {'address': '0xa850535d3628cd4dfeb528dc85cfa93051ff2984'}, 'date': {'date': '2021-04-05'}, 'block': {'height': 12178614}}, {'smartContract': {'address': {'address': '0x2ebef24da09489218ba2becb01867f6daaedcd4b'}}, 'caller': {'address': '0xa850535d3628cd4dfeb528dc85cfa93051ff2984'}, 'date': {'date': '2021-04-05'}, 'block': {'height': 12178611}}, {'smartContract': {'address': {'address': '0x4f9fbb3f1e99b56e0fe2892e623ed36a76fc605d'}}, 'caller': {'address': '0xa850535d3628cd4dfeb528dc85cfa93051ff2984'}, 'date': {'date': '2021-04-05'}, 'block': {'height': 12178607}}, {'smartContract': {'address': {'address': '0xd37a77e71ddf3373a79be2ebb76b6c4808bdf0d5'}}, 'caller': {'address': '0xa850535d3628cd4dfeb528dc85cfa93051ff2984'}, 'date': {'date': '2021-04-05'}, 'block': {'height': 12178602}}, {'smartContract': {'address': {'address': '0xf20ef17b889b437c151eb5ba15a47bfc62bff469'}}, 'caller': {'address': '0x5c69bee701ef814a2b6a3edd4b1652cb9cc5aa6f'}, 'date': {'date': '2021-04-05'}, 'block': {'height': 12178599}}, {'smartContract': {'address': {'address': '0x5f98805a4e8be255a32880fdec7f6728c6568ba0'}}, 'caller': {'address': '0xa850535d3628cd4dfeb528dc85cfa93051ff2984'}, 'date': {'date': '2021-04-05'}, 'block': {'height': 12178594}}, {'smartContract': {'address': {'address': '0xad430500ecda11e38c9bcb08a702274b94641112'}}, 'caller': {'address': '0xa850535d3628cd4dfeb528dc85cfa93051ff2984'}, 'date': {'date': '2021-04-05'}, 'block': {'height': 12178590}}, {'smartContract': {'address': {'address': '0xe84251b93d9524e0d2e621ba7dc7cb3579f997c0'}}, 'caller': {'address': '0xa850535d3628cd4dfeb528dc85cfa93051ff2984'}, 'date': {'date': '2021-04-05'}, 'block': {'height': 12178586}}, {'smartContract': {'address': {'address': '0x24179cd81c9e782a4096035f7ec97fb8b783e007'}}, 'caller': {'address': '0xa850535d3628cd4dfeb528dc85cfa93051ff2984'}, 'date': {'date': '2021-04-05'}, 'block': {'height': 12178582}}, {'smartContract': {'address': {'address': '0x3d32e8b97ed5881324241cf03b2da5e2ebce5521'}}, 'caller': {'address': '0xa850535d3628cd4dfeb528dc85cfa93051ff2984'}, 'date': {'date': '2021-04-05'}, 'block': {'height': 12178578}}, {'smartContract': {'address': {'address': '0x896a3f03176f05cfbb4f006bfcd8723f2b0d741c'}}, 'caller': {'address': '0xa850535d3628cd4dfeb528dc85cfa93051ff2984'}, 'date': {'date': '2021-04-05'}, 'block': {'height': 12178574}}, {'smartContract': {'address': {'address': '0x9555b042f969e561855e5f28cb1230819149a8d9'}}, 'caller': {'address': '0xa850535d3628cd4dfeb528dc85cfa93051ff2984'}, 'date': {'date': '2021-04-05'}, 'block': {'height': 12178570}}, {'smartContract': {'address': {'address': '0x66017d22b0f8556afdd19fc67041899eb65a21bb'}}, 'caller': {'address': '0xa850535d3628cd4dfeb528dc85cfa93051ff2984'}, 'date': {'date': '2021-04-05'}, 'block': {'height': 12178565}}, {'smartContract': {'address': {'address': '0xdf9eb223bafbe5c5271415c75aecd68c21fe3d7f'}}, 'caller': {'address': '0xa850535d3628cd4dfeb528dc85cfa93051ff2984'}, 'date': {'date': '2021-04-05'}, 'block': {'height': 12178562}}, {'smartContract': {'address': {'address': '0xa39739ef8b0231dbfa0dcda07d7e29faabcf4bb2'}}, 'caller': {'address': '0xa850535d3628cd4dfeb528dc85cfa93051ff2984'}, 'date': {'date': '2021-04-05'}, 'block': {'height': 12178557}}, {'smartContract': {'address': {'address': '0x8fdd3fbfeb32b28fb73555518f8b361bcea741a6'}}, 'caller': {'address': '0xa850535d3628cd4dfeb528dc85cfa93051ff2984'}, 'date': {'date': '2021-04-05'}, 'block': {'height': 12178554}}, {'smartContract': {'address': {'address': '0x4c517d4e2c851ca76d7ec94b805269df0f2201de'}}, 'caller': {'address': '0xa850535d3628cd4dfeb528dc85cfa93051ff2984'}, 'date': {'date': '2021-04-05'}, 'block': {'height': 12178551}}]",2021-04-05
16,16,0x92D6C1e31e14520e676a687F0a93788B716BEff5,dYdX (DYDX),https://github.com/dydxprotocol,0x301DF37d653b281AF83a1DDf4464eF21A622eC83,411802099.3,"[{'smartContract': {'address': {'address': '0x95eabb0248d013b9f59c5d5256ce11b0a8140b54'}}, 'caller': {'address': '0x301df37d653b281af83a1ddf4464ef21a622ec83'}, 'date': {'date': '2021-08-29'}, 'block': {'height': 13117539}}, {'smartContract': {'address': {'address': '0xd249ad8fa4646c303028a8d29cf8568a38897c55'}}, 'caller': {'address': '0x301df37d653b281af83a1ddf4464ef21a622ec83'}, 'date': {'date': '2021-08-03'}, 'block': {'height': 12951146}}, {'smartContract': {'address': {'address': '0xfcaac0f14dea11ede11afcb875f29130e1ad5ec0'}}, 'caller': {'address': '0x301df37d653b281af83a1ddf4464ef21a622ec83'}, 'date': {'date': '2021-08-02'}, 'block': {'height': 12946416}}, {'smartContract': {'address': {'address': '0xef38176e2daa62880b6d26b0787a66cd583c6184'}}, 'caller': {'address': '0x301df37d653b281af83a1ddf4464ef21a622ec83'}, 'date': {'date': '2021-07-31'}, 'block': {'height': 12931675}}, {'smartContract': {'address': {'address': '0x531f3be462f10386d01fbed7fad1d20a61ce7874'}}, 'caller': {'address': '0x301df37d653b281af83a1ddf4464ef21a622ec83'}, 'date': {'date': '2021-07-31'}, 'block': {'height': 12931671}}, {'smartContract': {'address': {'address': '0xfa45dcdbec82c94082d283b62506320db8632054'}}, 'caller': {'address': '0x301df37d653b281af83a1ddf4464ef21a622ec83'}, 'date': {'date': '2021-07-31'}, 'block': {'height': 12931663}}, {'smartContract': {'address': {'address': '0x95668f98017d3b40d50c38d376fd5f0a7dae36d3'}}, 'caller': {'address': '0x301df37d653b281af83a1ddf4464ef21a622ec83'}, 'date': {'date': '2021-07-31'}, 'block': {'height': 12931651}}, {'smartContract': {'address': {'address': '0x16bec2d9a010e7d8b2d576d17893c52ddbfe4c06'}}, 'caller': {'address': '0x301df37d653b281af83a1ddf4464ef21a622ec83'}, 'date': {'date': '2021-07-31'}, 'block': {'height': 12931642}}, {'smartContract': {'address': {'address': '0x4d9460e5c958f46a1fe129954a069a37972f16ea'}}, 'caller': {'address': '0x301df37d653b281af83a1ddf4464ef21a622ec83'}, 'date': {'date': '2021-07-31'}, 'block': {'height': 12931633}}, {'smartContract': {'address': {'address': '0xced6498c0acfecb23dec7005d14fa0905ea1988e'}}, 'caller': {'address': '0x301df37d653b281af83a1ddf4464ef21a622ec83'}, 'date': {'date': '2021-07-31'}, 'block': {'height': 12931625}}, {'smartContract': {'address': {'address': '0xcb7fa3a2f47b62293cc2e1a4c7752fc72e49fce2'}}, 'caller': {'address': '0x301df37d653b281af83a1ddf4464ef21a622ec83'}, 'date': {'date': '2021-07-31'}, 'block': {'height': 12931622}}, {'smartContract': {'address': {'address': '0x15774d4555fefd57c9fc8b11c8beba993eafcc13'}}, 'caller': {'address': '0x301df37d653b281af83a1ddf4464ef21a622ec83'}, 'date': {'date': '2021-07-31'}, 'block': {'height': 12931619}}, {'smartContract': {'address': {'address': '0xaf0512240806dc9e57315fe22bb7820e6d905580'}}, 'caller': {'address': '0x301df37d653b281af83a1ddf4464ef21a622ec83'}, 'date': {'date': '2021-07-31'}, 'block': {'height': 12931609}}, {'smartContract': {'address': {'address': '0x3e6e9efb0a677a24f47093a22044dc5451a028cf'}}, 'caller': {'address': '0x301df37d653b281af83a1ddf4464ef21a622ec83'}, 'date': {'date': '2021-07-31'}, 'block': {'height': 12931604}}, {'smartContract': {'address': {'address': '0x78e899e576c3565c3219dbc9ea5042a9dbed36d3'}}, 'caller': {'address': '0x301df37d653b281af83a1ddf4464ef21a622ec83'}, 'date': {'date': '2021-07-31'}, 'block': {'height': 12931596}}, {'smartContract': {'address': {'address': '0x820ced132f703a53c72c0e78641509c68fe2be34'}}, 'caller': {'address': '0x301df37d653b281af83a1ddf4464ef21a622ec83'}, 'date': {'date': '2021-07-31'}, 'block': {'height': 12931584}}, {'smartContract': {'address': {'address': '0x0b2b08ac98a1568a34208121c26f4f41a9e0fbb6'}}, 'caller': {'address': '0x301df37d653b281af83a1ddf4464ef21a622ec83'}, 'date': {'date': '2021-07-31'}, 'block': {'height': 12931541}}, {'smartContract': {'address': {'address': '0xe16718eace44e0cb06b9cd164490a69a6425d1e3'}}, 'caller': {'address': '0x301df37d653b281af83a1ddf4464ef21a622ec83'}, 'date': {'date': '2021-07-31'}, 'block': {'height': 12931539}}, {'smartContract': {'address': {'address': '0x3f129162087dbdf50f28246610e085cbf3a04012'}}, 'caller': {'address': '0x301df37d653b281af83a1ddf4464ef21a622ec83'}, 'date': {'date': '2021-07-31'}, 'block': {'height': 12931537}}, {'smartContract': {'address': {'address': '0x0db9b3f7dd83e29c9bece8e5e1089ba4369e694a'}}, 'caller': {'address': '0x301df37d653b281af83a1ddf4464ef21a622ec83'}, 'date': {'date': '2021-07-31'}, 'block': {'height': 12931532}}, {'smartContract': {'address': {'address': '0xa306989ba6bcacdeccf3c0614fff2b8c668e3cae'}}, 'caller': {'address': '0x301df37d653b281af83a1ddf4464ef21a622ec83'}, 'date': {'date': '2021-07-31'}, 'block': {'height': 12931528}}, {'smartContract': {'address': {'address': '0x0fd829c3365a225fb9226e75c97c3a114bd3199e'}}, 'caller': {'address': '0x301df37d653b281af83a1ddf4464ef21a622ec83'}, 'date': {'date': '2021-07-31'}, 'block': {'height': 12931509}}, {'smartContract': {'address': {'address': '0xbe607a58206180fef691bf1b5ae9670174284388'}}, 'caller': {'address': '0x301df37d653b281af83a1ddf4464ef21a622ec83'}, 'date': {'date': '2021-07-31'}, 'block': {'height': 12931497}}, {'smartContract': {'address': {'address': '0x5aa653a076c1dbb47cec8c1b4d152444cad91941'}}, 'caller': {'address': '0x301df37d653b281af83a1ddf4464ef21a622ec83'}, 'date': {'date': '2021-07-31'}, 'block': {'height': 12931493}}, {'smartContract': {'address': {'address': '0xac5d8bcd13da463bea96c75f9085c4e40037f790'}}, 'caller': {'address': '0x301df37d653b281af83a1ddf4464ef21a622ec83'}, 'date': {'date': '2021-07-31'}, 'block': {'height': 12931492}}, {'smartContract': {'address': {'address': '0x99b0599952a4fd2d1a1561fa4c010827ead30354'}}, 'caller': {'address': '0x301df37d653b281af83a1ddf4464ef21a622ec83'}, 'date': {'date': '2021-07-31'}, 'block': {'height': 12931491}}, {'smartContract': {'address': {'address': '0xfe1d5439625a9524a80f66670733129e80e0c112'}}, 'caller': {'address': '0x301df37d653b281af83a1ddf4464ef21a622ec83'}, 'date': {'date': '2021-07-31'}, 'block': {'height': 12931484}}, {'smartContract': {'address': {'address': '0x01d3348601968ab85b4bb028979006eac235a588'}}, 'caller': {'address': '0x301df37d653b281af83a1ddf4464ef21a622ec83'}, 'date': {'date': '2021-07-31'}, 'block': {'height': 12931482}}, {'smartContract': {'address': {'address': '0x6c5cd3ad7a16ae207d221908e6b997d9b0dcd7b0'}}, 'caller': {'address': '0x301df37d653b281af83a1ddf4464ef21a622ec83'}, 'date': {'date': '2021-07-31'}, 'block': {'height': 12931480}}, {'smartContract': {'address': {'address': '0x08a90fe0741b7def03fb290cc7b273f1855767d8'}}, 'caller': {'address': '0x301df37d653b281af83a1ddf4464ef21a622ec83'}, 'date': {'date': '2021-07-31'}, 'block': {'height': 12931479}}, {'smartContract': {'address': {'address': '0xb9431e19b29b952d9358025f680077c3fd37292f'}}, 'caller': {'address': '0x301df37d653b281af83a1ddf4464ef21a622ec83'}, 'date': {'date': '2021-07-31'}, 'block': {'height': 12931477}}, {'smartContract': {'address': {'address': '0xca71b28f7322806122c028b8ce44152679a88e99'}}, 'caller': {'address': '0x301df37d653b281af83a1ddf4464ef21a622ec83'}, 'date': {'date': '2021-07-31'}, 'block': {'height': 12931472}}, {'smartContract': {'address': {'address': '0xe710ced57456d3a16152c32835b5fb4e72d9ea5b'}}, 'caller': {'address': '0x301df37d653b281af83a1ddf4464ef21a622ec83'}, 'date': {'date': '2021-07-31'}, 'block': {'height': 12931471}}, {'smartContract': {'address': {'address': '0x9d51599a6b10f562619d8ef2efdca1b68ae80d03'}}, 'caller': {'address': '0x301df37d653b281af83a1ddf4464ef21a622ec83'}, 'date': {'date': '2021-07-31'}, 'block': {'height': 12931469}}, {'smartContract': {'address': {'address': '0x90dfd35f4a0bb2d30cdf66508085e33c353475d9'}}, 'caller': {'address': '0x301df37d653b281af83a1ddf4464ef21a622ec83'}, 'date': {'date': '2021-07-31'}, 'block': {'height': 12931464}}, {'smartContract': {'address': {'address': '0x5132f4f3d8a16797816190e2dd7cb06499b7ae87'}}, 'caller': {'address': '0x301df37d653b281af83a1ddf4464ef21a622ec83'}, 'date': {'date': '2021-07-31'}, 'block': {'height': 12931459}}, {'smartContract': {'address': {'address': '0x65f7ba4ec257af7c55fd5854e5f6356bbd0fb8ec'}}, 'caller': {'address': '0x301df37d653b281af83a1ddf4464ef21a622ec83'}, 'date': {'date': '2021-07-31'}, 'block': {'height': 12931454}}, {'smartContract': {'address': {'address': '0x6aad0bcfbd91963cf2c8fb042091fd411fb05b3c'}}, 'caller': {'address': '0x301df37d653b281af83a1ddf4464ef21a622ec83'}, 'date': {'date': '2021-07-31'}, 'block': {'height': 12931449}}, {'smartContract': {'address': {'address': '0x0ada60e07717ab19e4a466f5f0ac68a66e3995ce'}}, 'caller': {'address': '0x301df37d653b281af83a1ddf4464ef21a622ec83'}, 'date': {'date': '2021-07-31'}, 'block': {'height': 12931445}}, {'smartContract': {'address': {'address': '0x639192d54431f8c816368d3fb4107bc168d0e871'}}, 'caller': {'address': '0x301df37d653b281af83a1ddf4464ef21a622ec83'}, 'date': {'date': '2021-07-31'}, 'block': {'height': 12931442}}, {'smartContract': {'address': {'address': '0x40d6992cbd03e0dc1c2de9606d29cb245e737a5d'}}, 'caller': {'address': '0x301df37d653b281af83a1ddf4464ef21a622ec83'}, 'date': {'date': '2021-07-31'}, 'block': {'height': 12931441}}, {'smartContract': {'address': {'address': '0xd98e7a71bacb6f11438a8271ddb2efd7f9361f52'}}, 'caller': {'address': '0x301df37d653b281af83a1ddf4464ef21a622ec83'}, 'date': {'date': '2021-07-13'}, 'block': {'height': 12816315}}, {'smartContract': {'address': {'address': '0x64c7d40c07efabec2aafdc243bf59eaf2195c6dc'}}, 'caller': {'address': '0x301df37d653b281af83a1ddf4464ef21a622ec83'}, 'date': {'date': '2021-07-13'}, 'block': {'height': 12816312}}, {'smartContract': {'address': {'address': '0xecae9bf44a21d00e2350a42127a377bf5856d84b'}}, 'caller': {'address': '0x301df37d653b281af83a1ddf4464ef21a622ec83'}, 'date': {'date': '2021-07-13'}, 'block': {'height': 12816311}}, {'smartContract': {'address': {'address': '0x7e9b1672616ff6d6629ef2879419aae79a9018d2'}}, 'caller': {'address': '0x301df37d653b281af83a1ddf4464ef21a622ec83'}, 'date': {'date': '2021-07-13'}, 'block': {'height': 12816310}}, {'smartContract': {'address': {'address': '0xcdde64cfc40821b8804a42bd4bde22244d3dfc23'}}, 'caller': {'address': '0x301df37d653b281af83a1ddf4464ef21a622ec83'}, 'date': {'date': '2021-07-12'}, 'block': {'height': 12809786}}, {'smartContract': {'address': {'address': '0x8371e04b9ba4465bd5086ceecf9446bb62850c5e'}}, 'caller': {'address': '0x301df37d653b281af83a1ddf4464ef21a622ec83'}, 'date': {'date': '2021-07-12'}, 'block': {'height': 12809785}}, {'smartContract': {'address': {'address': '0xf82e527af09f97eaa327f2dd276a8a3bb75a3025'}}, 'caller': {'address': '0x301df37d653b281af83a1ddf4464ef21a622ec83'}, 'date': {'date': '2021-07-12'}, 'block': {'height': 12809558}}, {'smartContract': {'address': {'address': '0x0cb3b545adbe9dbc601eda8ff36f1c866d0ba812'}}, 'caller': {'address': '0x301df37d653b281af83a1ddf4464ef21a622ec83'}, 'date': {'date': '2021-07-12'}, 'block': {'height': 12809556}}, {'smartContract': {'address': {'address': '0x92d6c1e31e14520e676a687f0a93788b716beff5'}}, 'caller': {'address': '0x301df37d653b281af83a1ddf4464ef21a622ec83'}, 'date': {'date': '2021-07-12'}, 'block': {'height': 12809555}}]",2021-07-12
17,17,0x6B3595068778DD592e39A122f4f5a5cF09C90fE2,SushiToken (SUSHI),,0xF942Dba4159CB61F8AD88ca4A83f5204e8F4A6bd,403257119.5,"[{'smartContract': {'address': {'address': '0x4849d2a7fec8572f12f369659cf48a826601cc5c'}}, 'caller': {'address': '0xf942dba4159cb61f8ad88ca4a83f5204e8f4a6bd'}, 'date': {'date': '2020-09-18'}, 'block': {'height': 10884686}}, {'smartContract': {'address': {'address': '0x6684977bbed67e101bb80fc07fccfba655c0a64f'}}, 'caller': {'address': '0xf942dba4159cb61f8ad88ca4a83f5204e8f4a6bd'}, 'date': {'date': '2020-09-10'}, 'block': {'height': 10833263}}, {'smartContract': {'address': {'address': '0x54844afe358ca98e4d09aae869f25bfe072e1b1a'}}, 'caller': {'address': '0xf942dba4159cb61f8ad88ca4a83f5204e8f4a6bd'}, 'date': {'date': '2020-09-05'}, 'block': {'height': 10801592}}, {'smartContract': {'address': {'address': '0x8798249c2e607446efb7ad49ec89dd1865ff4272'}}, 'caller': {'address': '0xf942dba4159cb61f8ad88ca4a83f5204e8f4a6bd'}, 'date': {'date': '2020-09-05'}, 'block': {'height': 10801571}}, {'smartContract': {'address': {'address': '0x818180acb9d300ffc023be2300addb6879d94830'}}, 'caller': {'address': '0xf942dba4159cb61f8ad88ca4a83f5204e8f4a6bd'}, 'date': {'date': '2020-09-05'}, 'block': {'height': 10799778}}, {'smartContract': {'address': {'address': '0x5a926ec7b9173835b5c8870539a3bd3177089b5d'}}, 'caller': {'address': '0x76e2cfc1f5fa8f6a5b3fc4c8f4788f0116861f9b'}, 'date': {'date': '2020-09-05'}, 'block': {'height': 10799022}}, {'smartContract': {'address': {'address': '0x680a025da7b1be2c204d7745e809919bce074026'}}, 'caller': {'address': '0xc0aee478e3658e2610c5f7a4a2e1777ce9e4f2ac'}, 'date': {'date': '2020-09-04'}, 'block': {'height': 10794352}}, {'smartContract': {'address': {'address': '0x820670b1e4ddc54ee5e156d32d3ebd89bdb7f154'}}, 'caller': {'address': '0xf942dba4159cb61f8ad88ca4a83f5204e8f4a6bd'}, 'date': {'date': '2020-09-04'}, 'block': {'height': 10794305}}, {'smartContract': {'address': {'address': '0xd9e1ce17f2641f24ae83637ab66a2cca9c378b9f'}}, 'caller': {'address': '0xf942dba4159cb61f8ad88ca4a83f5204e8f4a6bd'}, 'date': {'date': '2020-09-04'}, 'block': {'height': 10794261}}, {'smartContract': {'address': {'address': '0xc0aee478e3658e2610c5f7a4a2e1777ce9e4f2ac'}}, 'caller': {'address': '0xf942dba4159cb61f8ad88ca4a83f5204e8f4a6bd'}, 'date': {'date': '2020-09-04'}, 'block': {'height': 10794229}}, {'smartContract': {'address': {'address': '0xf73b31c07e3f8ea8f7c59ac58ed1f878708c8a76'}}, 'caller': {'address': '0x6e95c8e8557abc08b46f3c347ba06f8dc012763f'}, 'date': {'date': '2020-09-03'}, 'block': {'height': 10788550}}, {'smartContract': {'address': {'address': '0x9a8541ddf3a932a9a922b607e9cf7301f1d47bd1'}}, 'caller': {'address': '0xf942dba4159cb61f8ad88ca4a83f5204e8f4a6bd'}, 'date': {'date': '2020-08-26'}, 'block': {'height': 10736929}}, {'smartContract': {'address': {'address': '0xce84867c3c02b05dc570d0135103d3fb9cc19433'}}, 'caller': {'address': '0x5c69bee701ef814a2b6a3edd4b1652cb9cc5aa6f'}, 'date': {'date': '2020-08-26'}, 'block': {'height': 10736320}}, {'smartContract': {'address': {'address': '0xc2edad668740f1aa35e4d8f227fb8e17dca888cd'}}, 'caller': {'address': '0xf942dba4159cb61f8ad88ca4a83f5204e8f4a6bd'}, 'date': {'date': '2020-08-26'}, 'block': {'height': 10736242}}, {'smartContract': {'address': {'address': '0x6b3595068778dd592e39a122f4f5a5cf09c90fe2'}}, 'caller': {'address': '0xf942dba4159cb61f8ad88ca4a83f5204e8f4a6bd'}, 'date': {'date': '2020-08-26'}, 'block': {'height': 10736094}}]",2020-08-26
18,18,0xAf5191B0De278C7286d6C7CC6ab6BB8A73bA2Cd6,StargateToken (STG),,0x1D7C6783328C145393e84fb47a7f7C548f5Ee28d,372416944.8,"[{'smartContract': {'address': {'address': '0x6faf1ab85ffbe7b3a557f4864046ff861734afd0'}}, 'caller': {'address': '0x1d7c6783328c145393e84fb47a7f7c548f5ee28d'}, 'date': {'date': '2022-12-20'}, 'block': {'height': 16222824}}, {'smartContract': {'address': {'address': '0x091068a5acb5314de3013aaaa1499a8617aeb047'}}, 'caller': {'address': '0x1d7c6783328c145393e84fb47a7f7c548f5ee28d'}, 'date': {'date': '2022-08-22'}, 'block': {'height': 15391705}}, {'smartContract': {'address': {'address': '0x76d4d68966728894961aa3ddc1d5b0e45668a5a6'}}, 'caller': {'address': '0x1d7c6783328c145393e84fb47a7f7c548f5ee28d'}, 'date': {'date': '2022-08-18'}, 'block': {'height': 15363356}}, {'smartContract': {'address': {'address': '0xdbf50791d09603915bd066354a5b45775cfad924'}}, 'caller': {'address': '0x1d7c6783328c145393e84fb47a7f7c548f5ee28d'}, 'date': {'date': '2022-07-19'}, 'block': {'height': 15175923}}, {'smartContract': {'address': {'address': '0x02489ac60f7f581445b7d2dd59bb0a415a1009df'}}, 'caller': {'address': '0x1d7c6783328c145393e84fb47a7f7c548f5ee28d'}, 'date': {'date': '2022-07-19'}, 'block': {'height': 15175677}}, {'smartContract': {'address': {'address': '0x33a1fa4930a77b2314f3541def88c0f4a2590aaa'}}, 'caller': {'address': '0x1d7c6783328c145393e84fb47a7f7c548f5ee28d'}, 'date': {'date': '2022-07-15'}, 'block': {'height': 15150233}}, {'smartContract': {'address': {'address': '0xe081ffe69722492ce3ceac8abaf894f7864378d5'}}, 'caller': {'address': '0x1d7c6783328c145393e84fb47a7f7c548f5ee28d'}, 'date': {'date': '2022-07-14'}, 'block': {'height': 15143797}}, {'smartContract': {'address': {'address': '0x150f94b44927f078737562f0fcf3c95c01cc2376'}}, 'caller': {'address': '0x1d7c6783328c145393e84fb47a7f7c548f5ee28d'}, 'date': {'date': '2022-06-27'}, 'block': {'height': 15035810}}, {'smartContract': {'address': {'address': '0x72e2f4830b9e45d52f80ac08cb2bec0fef72ed9c'}}, 'caller': {'address': '0x1d7c6783328c145393e84fb47a7f7c548f5ee28d'}, 'date': {'date': '2022-06-24'}, 'block': {'height': 15020457}}, {'smartContract': {'address': {'address': '0xf32c2de6663c8ab0ce3780166334750266145687'}}, 'caller': {'address': '0x1d7c6783328c145393e84fb47a7f7c548f5ee28d'}, 'date': {'date': '2022-06-19'}, 'block': {'height': 14988205}}, {'smartContract': {'address': {'address': '0xc54c25a66dc15ee4c08215bb6a24dd798d319fa2'}}, 'caller': {'address': '0x1d7c6783328c145393e84fb47a7f7c548f5ee28d'}, 'date': {'date': '2022-06-14'}, 'block': {'height': 14962739}}, {'smartContract': {'address': {'address': '0x36d6d2fb6acae9a49da8cc536258b05f5a7240ec'}}, 'caller': {'address': '0x1d7c6783328c145393e84fb47a7f7c548f5ee28d'}, 'date': {'date': '2022-06-10'}, 'block': {'height': 14940401}}, {'smartContract': {'address': {'address': '0x9485dbda44b279311e3eee374ced60b5364a97d9'}}, 'caller': {'address': '0x1d7c6783328c145393e84fb47a7f7c548f5ee28d'}, 'date': {'date': '2022-04-20'}, 'block': {'height': 14624953}}, {'smartContract': {'address': {'address': '0x0e42acbd23faee03249daff896b78d7e79fbd58e'}}, 'caller': {'address': '0x1d7c6783328c145393e84fb47a7f7c548f5ee28d'}, 'date': {'date': '2022-04-20'}, 'block': {'height': 14624943}}, {'smartContract': {'address': {'address': '0x4dfcad285ef39fed84e77edf1b7dbc442565e55e'}}, 'caller': {'address': '0x1d7c6783328c145393e84fb47a7f7c548f5ee28d'}, 'date': {'date': '2022-03-30'}, 'block': {'height': 14484524}}, {'smartContract': {'address': {'address': '0x38ea452219524bb87e18de1c24d3bb59510bd783'}}, 'caller': {'address': '0x06d538690af257da524f25d0cd52fd85b1c2173e'}, 'date': {'date': '2022-03-17'}, 'block': {'height': 14403402}}, {'smartContract': {'address': {'address': '0xdf0770df86a8034b3efef0a1bb3c889b8332ff56'}}, 'caller': {'address': '0x06d538690af257da524f25d0cd52fd85b1c2173e'}, 'date': {'date': '2022-03-17'}, 'block': {'height': 14403393}}, {'smartContract': {'address': {'address': '0x701a95707a0290ac8b90b3719e8ee5b210360883'}}, 'caller': {'address': '0x1d7c6783328c145393e84fb47a7f7c548f5ee28d'}, 'date': {'date': '2022-03-17'}, 'block': {'height': 14402875}}, {'smartContract': {'address': {'address': '0xb0d502e938ed5f4df2e681fe6e419ff29631d62b'}}, 'caller': {'address': '0x1d7c6783328c145393e84fb47a7f7c548f5ee28d'}, 'date': {'date': '2022-03-17'}, 'block': {'height': 14402874}}, {'smartContract': {'address': {'address': '0x06d538690af257da524f25d0cd52fd85b1c2173e'}}, 'caller': {'address': '0x1d7c6783328c145393e84fb47a7f7c548f5ee28d'}, 'date': {'date': '2022-03-17'}, 'block': {'height': 14402871}}, {'smartContract': {'address': {'address': '0x296f55f8fb28e498b858d0bcda06d955b2cb3f97'}}, 'caller': {'address': '0x1d7c6783328c145393e84fb47a7f7c548f5ee28d'}, 'date': {'date': '2022-03-17'}, 'block': {'height': 14402868}}, {'smartContract': {'address': {'address': '0x8731d54e9d02c286767d56ac03e8037c07e01e98'}}, 'caller': {'address': '0x1d7c6783328c145393e84fb47a7f7c548f5ee28d'}, 'date': {'date': '2022-03-17'}, 'block': {'height': 14402864}}, {'smartContract': {'address': {'address': '0x224d8fd7ab6ad4c6eb4611ce56ef35dec2277f03'}}, 'caller': {'address': '0x1d7c6783328c145393e84fb47a7f7c548f5ee28d'}, 'date': {'date': '2022-03-17'}, 'block': {'height': 14402862}}, {'smartContract': {'address': {'address': '0x808d7c71ad2ba3fa531b068a2417c63106bc0949'}}, 'caller': {'address': '0x1d7c6783328c145393e84fb47a7f7c548f5ee28d'}, 'date': {'date': '2022-03-17'}, 'block': {'height': 14402861}}, {'smartContract': {'address': {'address': '0x9d1b1669c73b033dfe47ae5a0164ab96df25b944'}}, 'caller': {'address': '0x1d7c6783328c145393e84fb47a7f7c548f5ee28d'}, 'date': {'date': '2022-03-17'}, 'block': {'height': 14402860}}, {'smartContract': {'address': {'address': '0x45a01e4e04f14f7a4a6702c74187c5f6222033cd'}}, 'caller': {'address': '0x1d7c6783328c145393e84fb47a7f7c548f5ee28d'}, 'date': {'date': '2022-03-17'}, 'block': {'height': 14402859}}, {'smartContract': {'address': {'address': '0xaf5191b0de278c7286d6c7cc6ab6bb8a73ba2cd6'}}, 'caller': {'address': '0x1d7c6783328c145393e84fb47a7f7c548f5ee28d'}, 'date': {'date': '2022-03-17'}, 'block': {'height': 14402855}}]",2022-03-17
19,19,0x0bc529c00C6401aEF6D220BE8C6Ea1667F6Ad93e,yearn.finance (YFI),https://github.com/iearn-finance/ygov-finance,0x2D407dDb06311396fE14D4b49da5F0471447d45C,353514133.6,"[{'smartContract': {'address': {'address': '0x54508cbe9142de7f7d8b799743c6fe6146e98db8'}}, 'caller': {'address': '0x2d407ddb06311396fe14d4b49da5f0471447d45c'}, 'date': {'date': '2022-11-03'}, 'block': {'height': 15889898}}, {'smartContract': {'address': {'address': '0x1ba86c33509013c937344f6e231da2e63ea45197'}}, 'caller': {'address': '0xf18056bbd320e96a48e3fbf8bc061322531aac99'}, 'date': {'date': '2022-03-30'}, 'block': {'height': 14486443}}, {'smartContract': {'address': {'address': '0x3a748a2f4765bdfb119cb7143b884db7594a68c3'}}, 'caller': {'address': '0xf18056bbd320e96a48e3fbf8bc061322531aac99'}, 'date': {'date': '2022-03-30'}, 'block': {'height': 14486443}}, {'smartContract': {'address': {'address': '0x1779aeb087c5bdbe48749ab03575f5f25d1deeaf'}}, 'caller': {'address': '0xf18056bbd320e96a48e3fbf8bc061322531aac99'}, 'date': {'date': '2022-03-30'}, 'block': {'height': 14486443}}, {'smartContract': {'address': {'address': '0xb6d7c2bda5a907832d4556ae5f7ba800ff084c2a'}}, 'caller': {'address': '0xf18056bbd320e96a48e3fbf8bc061322531aac99'}, 'date': {'date': '2022-03-30'}, 'block': {'height': 14486443}}, {'smartContract': {'address': {'address': '0x36c66bc294fef4e94b3e40a1801d0ab0085fe96e'}}, 'caller': {'address': '0xf18056bbd320e96a48e3fbf8bc061322531aac99'}, 'date': {'date': '2022-03-30'}, 'block': {'height': 14486443}}, {'smartContract': {'address': {'address': '0xe1d520b1263d6be5678568bd699c84f7f9086023'}}, 'caller': {'address': '0xf18056bbd320e96a48e3fbf8bc061322531aac99'}, 'date': {'date': '2022-03-30'}, 'block': {'height': 14486443}}, {'smartContract': {'address': {'address': '0x6d3328f0333f6fb0b2fac87cf5a0ffa7e77beb60'}}, 'caller': {'address': '0xf18056bbd320e96a48e3fbf8bc061322531aac99'}, 'date': {'date': '2022-03-30'}, 'block': {'height': 14486421}}, {'smartContract': {'address': {'address': '0x4647b6d835f3b393c7a955df51eefcf0db961606'}}, 'caller': {'address': '0xf18056bbd320e96a48e3fbf8bc061322531aac99'}, 'date': {'date': '2022-03-30'}, 'block': {'height': 14486339}}, {'smartContract': {'address': {'address': '0x21410232b484136404911780bc32756d5d1a9fa9'}}, 'caller': {'address': '0xf18056bbd320e96a48e3fbf8bc061322531aac99'}, 'date': {'date': '2022-03-30'}, 'block': {'height': 14486339}}, {'smartContract': {'address': {'address': '0x0a0b06322825cb979678c722ba9932e0e4b5fd90'}}, 'caller': {'address': '0x2d407ddb06311396fe14d4b49da5f0471447d45c'}, 'date': {'date': '2022-03-16'}, 'block': {'height': 14397594}}, {'smartContract': {'address': {'address': '0x1b092d118323537c9e9d7b65ccdfed41be1b4d9b'}}, 'caller': {'address': '0x2d407ddb06311396fe14d4b49da5f0471447d45c'}, 'date': {'date': '2022-03-16'}, 'block': {'height': 14397573}}, {'smartContract': {'address': {'address': '0xa511da90c2f4c557456cd84cd003a1f74c202d80'}}, 'caller': {'address': '0x2d407ddb06311396fe14d4b49da5f0471447d45c'}, 'date': {'date': '2022-03-16'}, 'block': {'height': 14396522}}, {'smartContract': {'address': {'address': '0x4bcd0d9bdc8f28664987b99cc73dc368c7dee1bd'}}, 'caller': {'address': '0x2d407ddb06311396fe14d4b49da5f0471447d45c'}, 'date': {'date': '2022-03-16'}, 'block': {'height': 14396431}}, {'smartContract': {'address': {'address': '0x1e812a013912bec0aa769f7e24b45c849577f455'}}, 'caller': {'address': '0x2d407ddb06311396fe14d4b49da5f0471447d45c'}, 'date': {'date': '2022-03-16'}, 'block': {'height': 14396405}}, {'smartContract': {'address': {'address': '0xef04f337fcb2ea220b6e8db5edbe2d774837581c'}}, 'caller': {'address': '0xf18056bbd320e96a48e3fbf8bc061322531aac99'}, 'date': {'date': '2022-03-15'}, 'block': {'height': 14389693}}, {'smartContract': {'address': {'address': '0x80caccdbd3f07bbdb558db4a9e146d099933d677'}}, 'caller': {'address': '0xf18056bbd320e96a48e3fbf8bc061322531aac99'}, 'date': {'date': '2022-03-15'}, 'block': {'height': 14389693}}, {'smartContract': {'address': {'address': '0xeb0265938c1190ab4e3e1f6583bc956df47c0f93'}}, 'caller': {'address': '0xf18056bbd320e96a48e3fbf8bc061322531aac99'}, 'date': {'date': '2022-03-15'}, 'block': {'height': 14389675}}, {'smartContract': {'address': {'address': '0x127091ede112aed7bae281747771b3150bb047bb'}}, 'caller': {'address': '0xf18056bbd320e96a48e3fbf8bc061322531aac99'}, 'date': {'date': '2022-03-15'}, 'block': {'height': 14389675}}, {'smartContract': {'address': {'address': '0xacce4fe9ce2a6fe9af83e7cf321a3ff7675e0ab6'}}, 'caller': {'address': '0xf18056bbd320e96a48e3fbf8bc061322531aac99'}, 'date': {'date': '2022-03-15'}, 'block': {'height': 14389659}}, {'smartContract': {'address': {'address': '0x22cf19eb64226e0e1a79c69b345b31466fd273a7'}}, 'caller': {'address': '0xf18056bbd320e96a48e3fbf8bc061322531aac99'}, 'date': {'date': '2022-03-15'}, 'block': {'height': 14389659}}, {'smartContract': {'address': {'address': '0x08cea8e5b4551722deb97113c139dd83c26c5398'}}, 'caller': {'address': '0xf18056bbd320e96a48e3fbf8bc061322531aac99'}, 'date': {'date': '2022-03-15'}, 'block': {'height': 14389640}}, {'smartContract': {'address': {'address': '0x6df0d77f0496ce44e72d695943950d8641fca5cf'}}, 'caller': {'address': '0xf18056bbd320e96a48e3fbf8bc061322531aac99'}, 'date': {'date': '2022-03-15'}, 'block': {'height': 14389640}}, {'smartContract': {'address': {'address': '0x54c8ecf46a81496eeb0608bd3353388b5d7a2a33'}}, 'caller': {'address': '0xf18056bbd320e96a48e3fbf8bc061322531aac99'}, 'date': {'date': '2022-03-15'}, 'block': {'height': 14389625}}, {'smartContract': {'address': {'address': '0x5b692073f141c31384fae55856cfb6cbffe91e60'}}, 'caller': {'address': '0xf18056bbd320e96a48e3fbf8bc061322531aac99'}, 'date': {'date': '2022-03-15'}, 'block': {'height': 14389625}}, {'smartContract': {'address': {'address': '0x1570af3df649fc74872c5b8f280a162a3bdd4eb6'}}, 'caller': {'address': '0xf18056bbd320e96a48e3fbf8bc061322531aac99'}, 'date': {'date': '2022-03-15'}, 'block': {'height': 14389423}}, {'smartContract': {'address': {'address': '0x8682fbf0cbf312c891532ba9f1a91e44f81ad7df'}}, 'caller': {'address': '0xf18056bbd320e96a48e3fbf8bc061322531aac99'}, 'date': {'date': '2022-03-15'}, 'block': {'height': 14389423}}, {'smartContract': {'address': {'address': '0x0c769e7a0e4e27ee63a806ff7b4f07c5e9574aac'}}, 'caller': {'address': '0x2d407ddb06311396fe14d4b49da5f0471447d45c'}, 'date': {'date': '2022-03-10'}, 'block': {'height': 14358823}}, {'smartContract': {'address': {'address': '0x34ffe9469d518ecbaa8daed2683b0344c71f08e1'}}, 'caller': {'address': '0x2d407ddb06311396fe14d4b49da5f0471447d45c'}, 'date': {'date': '2022-02-14'}, 'block': {'height': 14203548}}, {'smartContract': {'address': {'address': '0x58d288812a2d67f520335e99a9718c04b8f2a3d4'}}, 'caller': {'address': '0x2d407ddb06311396fe14d4b49da5f0471447d45c'}, 'date': {'date': '2022-02-11'}, 'block': {'height': 14183541}}, {'smartContract': {'address': {'address': '0xf89666ffe02d7e32b6037f2f0eb65731a3785f8b'}}, 'caller': {'address': '0x2d407ddb06311396fe14d4b49da5f0471447d45c'}, 'date': {'date': '2022-01-05'}, 'block': {'height': 13944185}}, {'smartContract': {'address': {'address': '0xa6848b14afedf3d12d73793cc5968b22e7ee4973'}}, 'caller': {'address': '0x2d407ddb06311396fe14d4b49da5f0471447d45c'}, 'date': {'date': '2022-01-05'}, 'block': {'height': 13944128}}, {'smartContract': {'address': {'address': '0x4087fe8dc04b35a3b4a952c6864a36114d178702'}}, 'caller': {'address': '0x2d407ddb06311396fe14d4b49da5f0471447d45c'}, 'date': {'date': '2021-12-22'}, 'block': {'height': 13853670}}, {'smartContract': {'address': {'address': '0xc15dbdbdf9d5e69c2484c3380dc7c6324360d9c0'}}, 'caller': {'address': '0x2d407ddb06311396fe14d4b49da5f0471447d45c'}, 'date': {'date': '2021-12-21'}, 'block': {'height': 13849678}}, {'smartContract': {'address': {'address': '0x38039dd47636154273b287f74c432cac83da97e2'}}, 'caller': {'address': '0xb9fc157394af804a3578134a6585c0dc9cc990d4'}, 'date': {'date': '2021-12-16'}, 'block': {'height': 13815282}}, {'smartContract': {'address': {'address': '0xb37d6c07482bc11cd28a1f11f1a6ad7b66dec933'}}, 'caller': {'address': '0xb9fc157394af804a3578134a6585c0dc9cc990d4'}, 'date': {'date': '2021-12-16'}, 'block': {'height': 13815271}}, {'smartContract': {'address': {'address': '0xe6b5240efacbd57c4235c044c3a1211c58061a4e'}}, 'caller': {'address': '0x2d407ddb06311396fe14d4b49da5f0471447d45c'}, 'date': {'date': '2021-12-16'}, 'block': {'height': 13815237}}, {'smartContract': {'address': {'address': '0x62d285fe5a36fd98ce034dc3e926f905ae38049a'}}, 'caller': {'address': '0x2d407ddb06311396fe14d4b49da5f0471447d45c'}, 'date': {'date': '2021-12-16'}, 'block': {'height': 13815186}}, {'smartContract': {'address': {'address': '0xbb2dc673e1091abca3eadb622b18f6d4634b2cd9'}}, 'caller': {'address': '0xb9fc157394af804a3578134a6585c0dc9cc990d4'}, 'date': {'date': '2021-12-08'}, 'block': {'height': 13763779}}, {'smartContract': {'address': {'address': '0x70d3c44cf2f5a4206e0f794e47b4532e75bcca6f'}}, 'caller': {'address': '0x2d407ddb06311396fe14d4b49da5f0471447d45c'}, 'date': {'date': '2021-12-03'}, 'block': {'height': 13733117}}, {'smartContract': {'address': {'address': '0x4e8aa91188690f3919d2066f8d4df62a8ddd264c'}}, 'caller': {'address': '0x2d407ddb06311396fe14d4b49da5f0471447d45c'}, 'date': {'date': '2021-12-03'}, 'block': {'height': 13732859}}, {'smartContract': {'address': {'address': '0xc610aefad2cb87a610ead35eb588318591943be4'}}, 'caller': {'address': '0x2d407ddb06311396fe14d4b49da5f0471447d45c'}, 'date': {'date': '2021-12-03'}, 'block': {'height': 13732844}}, {'smartContract': {'address': {'address': '0x68924dbd6eb82bfe666b2e0403f4cd1cd6790c3f'}}, 'caller': {'address': '0x2d407ddb06311396fe14d4b49da5f0471447d45c'}, 'date': {'date': '2021-11-25'}, 'block': {'height': 13682061}}, {'smartContract': {'address': {'address': '0xd4260b2781e2460f49db746112bb592ba3fb6382'}}, 'caller': {'address': '0x2d407ddb06311396fe14d4b49da5f0471447d45c'}, 'date': {'date': '2021-11-15'}, 'block': {'height': 13619966}}, {'smartContract': {'address': {'address': '0xdb190e4d9c9a95fdf066b258892b8d6bb107434e'}}, 'caller': {'address': '0xb9fc157394af804a3578134a6585c0dc9cc990d4'}, 'date': {'date': '2021-11-10'}, 'block': {'height': 13588175}}, {'smartContract': {'address': {'address': '0xcbd5cc53c5b846671c6434ab301ad4d210c21184'}}, 'caller': {'address': '0xb9fc157394af804a3578134a6585c0dc9cc990d4'}, 'date': {'date': '2021-11-10'}, 'block': {'height': 13588113}}, {'smartContract': {'address': {'address': '0x1b36c6c2413f7027b1c582c75b12e3c61a9b5069'}}, 'caller': {'address': '0x2d407ddb06311396fe14d4b49da5f0471447d45c'}, 'date': {'date': '2021-09-13'}, 'block': {'height': 13215606}}, {'smartContract': {'address': {'address': '0x81a8cab6bb568fc94bca70c9adbfcf05592ded7b'}}, 'caller': {'address': '0x2d407ddb06311396fe14d4b49da5f0471447d45c'}, 'date': {'date': '2021-09-12'}, 'block': {'height': 13209909}}, {'smartContract': {'address': {'address': '0xedb67ee1b171c4ec66e6c10ec43edbba20fae8e9'}}, 'caller': {'address': '0x2d407ddb06311396fe14d4b49da5f0471447d45c'}, 'date': {'date': '2021-09-12'}, 'block': {'height': 13209816}}, {'smartContract': {'address': {'address': '0xba15ab4c5b27917e19f772c9718095e248feff35'}}, 'caller': {'address': '0xedb67ee1b171c4ec66e6c10ec43edbba20fae8e9'}, 'date': {'date': '2021-09-12'}, 'block': {'height': 13209816}}, {'smartContract': {'address': {'address': '0x83b0ee4d409c189494b14465ca44ef08d0492d7c'}}, 'caller': {'address': '0xd567fd95820193386158550abdcff0cbc9112fe6'}, 'date': {'date': '2021-09-10'}, 'block': {'height': 13197169}}, {'smartContract': {'address': {'address': '0xd567fd95820193386158550abdcff0cbc9112fe6'}}, 'caller': {'address': '0x2d407ddb06311396fe14d4b49da5f0471447d45c'}, 'date': {'date': '2021-09-10'}, 'block': {'height': 13197169}}, {'smartContract': {'address': {'address': '0x85b4d6ae18f6a17c6349a1b443eef8cbfa130209'}}, 'caller': {'address': '0x2d407ddb06311396fe14d4b49da5f0471447d45c'}, 'date': {'date': '2021-09-10'}, 'block': {'height': 13197132}}, {'smartContract': {'address': {'address': '0x052a2f6e343efd4ccaabe76753a3f91ed2b6e996'}}, 'caller': {'address': '0x85b4d6ae18f6a17c6349a1b443eef8cbfa130209'}, 'date': {'date': '2021-09-10'}, 'block': {'height': 13197132}}, {'smartContract': {'address': {'address': '0xc7fddc707bc5fb804509081e3c5d7b9fc8777e73'}}, 'caller': {'address': '0x96aba2f40334fd8b8117e04d8aa47315705d90ca'}, 'date': {'date': '2021-09-10'}, 'block': {'height': 13197005}}, {'smartContract': {'address': {'address': '0x96aba2f40334fd8b8117e04d8aa47315705d90ca'}}, 'caller': {'address': '0x2d407ddb06311396fe14d4b49da5f0471447d45c'}, 'date': {'date': '2021-09-10'}, 'block': {'height': 13197005}}, {'smartContract': {'address': {'address': '0x1f1a822cdf63027a8d4647f577e88db01e86c829'}}, 'caller': {'address': '0x2d407ddb06311396fe14d4b49da5f0471447d45c'}, 'date': {'date': '2021-09-05'}, 'block': {'height': 13164534}}, {'smartContract': {'address': {'address': '0x9459358c87059ed76fcaf6296e29399bc48c0009'}}, 'caller': {'address': '0x2d407ddb06311396fe14d4b49da5f0471447d45c'}, 'date': {'date': '2021-09-05'}, 'block': {'height': 13164534}}, {'smartContract': {'address': {'address': '0x3aee99acb6256de43ef9f4ffa654fdca2cae3f36'}}, 'caller': {'address': '0x2d407ddb06311396fe14d4b49da5f0471447d45c'}, 'date': {'date': '2021-09-05'}, 'block': {'height': 13164533}}, {'smartContract': {'address': {'address': '0x22d37bce36d464cf6a5ec3245e29d0741216ff85'}}, 'caller': {'address': '0x2d407ddb06311396fe14d4b49da5f0471447d45c'}, 'date': {'date': '2021-09-05'}, 'block': {'height': 13164530}}, {'smartContract': {'address': {'address': '0x2156532ab13a97c7b88fb737938229fc168cc49a'}}, 'caller': {'address': '0x2d407ddb06311396fe14d4b49da5f0471447d45c'}, 'date': {'date': '2021-09-05'}, 'block': {'height': 13164530}}, {'smartContract': {'address': {'address': '0x523f27044bbc4ad439970a7256b3c20fbf47634c'}}, 'caller': {'address': '0x2d407ddb06311396fe14d4b49da5f0471447d45c'}, 'date': {'date': '2021-09-05'}, 'block': {'height': 13164530}}, {'smartContract': {'address': {'address': '0xf71258b9f9802a934d761381b6ae65a21239d6f6'}}, 'caller': {'address': '0x2d407ddb06311396fe14d4b49da5f0471447d45c'}, 'date': {'date': '2021-09-05'}, 'block': {'height': 13164530}}, {'smartContract': {'address': {'address': '0x7d7d5f3ca4b1c1b1adcb0d7a2851d56e7427af60'}}, 'caller': {'address': '0x2d407ddb06311396fe14d4b49da5f0471447d45c'}, 'date': {'date': '2021-09-05'}, 'block': {'height': 13164529}}, {'smartContract': {'address': {'address': '0x7151bd4edd93df6411af964f190538b9ce715b7e'}}, 'caller': {'address': '0x2d407ddb06311396fe14d4b49da5f0471447d45c'}, 'date': {'date': '2021-09-04'}, 'block': {'height': 13159032}}, {'smartContract': {'address': {'address': '0x341336558919b3ec3c74df3ebc30cbcbe7a9223a'}}, 'caller': {'address': '0x2d407ddb06311396fe14d4b49da5f0471447d45c'}, 'date': {'date': '2021-09-04'}, 'block': {'height': 13158935}}, {'smartContract': {'address': {'address': '0x8d285288720430905c617e68815075a9cab16137'}}, 'caller': {'address': '0x2d407ddb06311396fe14d4b49da5f0471447d45c'}, 'date': {'date': '2021-09-04'}, 'block': {'height': 13158350}}, {'smartContract': {'address': {'address': '0xf40a62b2c2bbf8469174f786f103eafc0235d8ab'}}, 'caller': {'address': '0x2d407ddb06311396fe14d4b49da5f0471447d45c'}, 'date': {'date': '2021-09-03'}, 'block': {'height': 13152058}}, {'smartContract': {'address': {'address': '0x2ecb138b616986ae27ddeab468b74281666c7e4c'}}, 'caller': {'address': '0x2d407ddb06311396fe14d4b49da5f0471447d45c'}, 'date': {'date': '2021-09-03'}, 'block': {'height': 13151722}}, {'smartContract': {'address': {'address': '0xb9d18ab94cf61bb2bcebe6ac8ba8c19ff0cdb0ca'}}, 'caller': {'address': '0x2d407ddb06311396fe14d4b49da5f0471447d45c'}, 'date': {'date': '2021-09-03'}, 'block': {'height': 13151601}}, {'smartContract': {'address': {'address': '0x5c08bc10f45468f18cbdc65454cbd1dd2cb1ac65'}}, 'caller': {'address': '0x2d407ddb06311396fe14d4b49da5f0471447d45c'}, 'date': {'date': '2021-09-02'}, 'block': {'height': 13145626}}, {'smartContract': {'address': {'address': '0x076bbbd5384acd0550d8d58bc758dd9e0287cccf'}}, 'caller': {'address': '0x2d407ddb06311396fe14d4b49da5f0471447d45c'}, 'date': {'date': '2021-08-31'}, 'block': {'height': 13134296}}, {'smartContract': {'address': {'address': '0x940576ed8553ea1e2aaf3253d21cf6fc8b7080e2'}}, 'caller': {'address': '0x2d407ddb06311396fe14d4b49da5f0471447d45c'}, 'date': {'date': '2021-08-31'}, 'block': {'height': 13133968}}, {'smartContract': {'address': {'address': '0xb07cad796a3698b00d7722dd518362cbe5a0b8b8'}}, 'caller': {'address': '0x2d407ddb06311396fe14d4b49da5f0471447d45c'}, 'date': {'date': '2021-08-31'}, 'block': {'height': 13133721}}, {'smartContract': {'address': {'address': '0x26bc3bbd5e840c120b4c5ba51010a0e262d12740'}}, 'caller': {'address': '0x2d407ddb06311396fe14d4b49da5f0471447d45c'}, 'date': {'date': '2021-08-31'}, 'block': {'height': 13133706}}, {'smartContract': {'address': {'address': '0xc3e8dbac219a71cbc6beefcba13cd94031c0883e'}}, 'caller': {'address': '0x2d407ddb06311396fe14d4b49da5f0471447d45c'}, 'date': {'date': '2021-08-31'}, 'block': {'height': 13132172}}, {'smartContract': {'address': {'address': '0x9fdc96627159bba430041ed069e6d5ed1005b79d'}}, 'caller': {'address': '0xa5409ec958c83c3f309868babaca7c86dcb077c1'}, 'date': {'date': '2021-08-29'}, 'block': {'height': 13120243}}, {'smartContract': {'address': {'address': '0x2fc52c61fb0c03489649311989ce2689d93dc1a2'}}, 'caller': {'address': '0x2d407ddb06311396fe14d4b49da5f0471447d45c'}, 'date': {'date': '2021-08-29'}, 'block': {'height': 13120132}}, {'smartContract': {'address': {'address': '0x2fa53e8fa5fadb81f4332c8ece39fe62ea2f919e'}}, 'caller': {'address': '0xb9fc157394af804a3578134a6585c0dc9cc990d4'}, 'date': {'date': '2021-08-26'}, 'block': {'height': 13099650}}, {'smartContract': {'address': {'address': '0x63d9f3ab7d0c528797a12a0684e50c397e9e79dc'}}, 'caller': {'address': '0xb9fc157394af804a3578134a6585c0dc9cc990d4'}, 'date': {'date': '2021-08-26'}, 'block': {'height': 13099648}}, {'smartContract': {'address': {'address': '0x05ca5c01629a8e5845f12ea3a03ff7331932233a'}}, 'caller': {'address': '0xb9fc157394af804a3578134a6585c0dc9cc990d4'}, 'date': {'date': '2021-08-26'}, 'block': {'height': 13099647}}, {'smartContract': {'address': {'address': '0xeff437a56a22d7dd86c1202a308536ed8c7da7c1'}}, 'caller': {'address': '0xb9fc157394af804a3578134a6585c0dc9cc990d4'}, 'date': {'date': '2021-08-26'}, 'block': {'height': 13099647}}, {'smartContract': {'address': {'address': '0x9c2c8910f113181783c249d8f6aa41b51cde0f0c'}}, 'caller': {'address': '0xb9fc157394af804a3578134a6585c0dc9cc990d4'}, 'date': {'date': '2021-08-26'}, 'block': {'height': 13099601}}, {'smartContract': {'address': {'address': '0xd6ac1cb9019137a896343da59dde6d097f710538'}}, 'caller': {'address': '0xb9fc157394af804a3578134a6585c0dc9cc990d4'}, 'date': {'date': '2021-08-26'}, 'block': {'height': 13099589}}, {'smartContract': {'address': {'address': '0x3f1b0278a9ee595635b61817630cc19de792f506'}}, 'caller': {'address': '0xb9fc157394af804a3578134a6585c0dc9cc990d4'}, 'date': {'date': '2021-08-26'}, 'block': {'height': 13099582}}, {'smartContract': {'address': {'address': '0x8818a9bb44fbf33502be7c15c500d0c783b73067'}}, 'caller': {'address': '0xb9fc157394af804a3578134a6585c0dc9cc990d4'}, 'date': {'date': '2021-08-26'}, 'block': {'height': 13099579}}, {'smartContract': {'address': {'address': '0xa49b8296fdb0ee3da0428d56feb0d32d07607d6f'}}, 'caller': {'address': '0x2d407ddb06311396fe14d4b49da5f0471447d45c'}, 'date': {'date': '2021-08-25'}, 'block': {'height': 13093756}}, {'smartContract': {'address': {'address': '0x19c11da539c68a3a2c42a91783007e48ca8988ec'}}, 'caller': {'address': '0x2d407ddb06311396fe14d4b49da5f0471447d45c'}, 'date': {'date': '2021-08-25'}, 'block': {'height': 13093749}}, {'smartContract': {'address': {'address': '0x1a9a81e6a0212faaadbf9be818821200e77defef'}}, 'caller': {'address': '0x2d407ddb06311396fe14d4b49da5f0471447d45c'}, 'date': {'date': '2021-08-25'}, 'block': {'height': 13093509}}, {'smartContract': {'address': {'address': '0x1920c3c90d1e4c1a9075aa0668b6ba30d39a8e51'}}, 'caller': {'address': '0x2d407ddb06311396fe14d4b49da5f0471447d45c'}, 'date': {'date': '2021-08-21'}, 'block': {'height': 13067711}}, {'smartContract': {'address': {'address': '0x2a58ec1536474a02e7b13cc25bd914b2e0346196'}}, 'caller': {'address': '0x2d407ddb06311396fe14d4b49da5f0471447d45c'}, 'date': {'date': '2021-08-21'}, 'block': {'height': 13067651}}, {'smartContract': {'address': {'address': '0x9675c38c04db9c27c70c9299fb5c8d408a5e1fca'}}, 'caller': {'address': '0x2d407ddb06311396fe14d4b49da5f0471447d45c'}, 'date': {'date': '2021-08-21'}, 'block': {'height': 13067574}}, {'smartContract': {'address': {'address': '0xde09beff62f20d5af977c0019e51352b8ce83319'}}, 'caller': {'address': '0x2d407ddb06311396fe14d4b49da5f0471447d45c'}, 'date': {'date': '2021-08-17'}, 'block': {'height': 13042978}}, {'smartContract': {'address': {'address': '0x7893bbb46613d7a4fbcc31dab4c9b823ffee1026'}}, 'caller': {'address': '0x2d407ddb06311396fe14d4b49da5f0471447d45c'}, 'date': {'date': '2021-08-13'}, 'block': {'height': 13016019}}, {'smartContract': {'address': {'address': '0x3de30a3a65773890d0abd465201a79d1bc46ab30'}}, 'caller': {'address': '0x2d407ddb06311396fe14d4b49da5f0471447d45c'}, 'date': {'date': '2021-08-13'}, 'block': {'height': 13015922}}, {'smartContract': {'address': {'address': '0x1c0214203d1375c632e00d4a6c086f4af614a059'}}, 'caller': {'address': '0x2d407ddb06311396fe14d4b49da5f0471447d45c'}, 'date': {'date': '2021-08-13'}, 'block': {'height': 13015801}}, {'smartContract': {'address': {'address': '0xc6be1d1aebeba8c3e6afcf1cc756840e40b4b0f7'}}, 'caller': {'address': '0x2d407ddb06311396fe14d4b49da5f0471447d45c'}, 'date': {'date': '2021-08-13'}, 'block': {'height': 13015766}}, {'smartContract': {'address': {'address': '0x7779c09f6a42834758349c31a26471483e8d2d71'}}, 'caller': {'address': '0x2d407ddb06311396fe14d4b49da5f0471447d45c'}, 'date': {'date': '2021-08-12'}, 'block': {'height': 13008406}}, {'smartContract': {'address': {'address': '0x316daa88d931c7221e2e4039f6b793ba2b724180'}}, 'caller': {'address': '0x76e2cfc1f5fa8f6a5b3fc4c8f4788f0116861f9b'}, 'date': {'date': '2021-08-12'}, 'block': {'height': 13008200}}, {'smartContract': {'address': {'address': '0xbe9aaf4113b5a4afcdb7e20c21eaa53c6ee20b10'}}, 'caller': {'address': '0x76e2cfc1f5fa8f6a5b3fc4c8f4788f0116861f9b'}, 'date': {'date': '2021-08-12'}, 'block': {'height': 13008186}}]",2020-07-17
20,20,0xC0c293ce456fF0ED870ADd98a0828Dd4d2903DBF,Aura,https://github.com/aurafinance/,0xA28ea848801da877E1844F954FF388e857d405e5,351440556.0,"[{'smartContract': {'address': {'address': '0x2c9bbc371decd975a7d5a2c903cdcf18746ba7a7'}}, 'caller': {'address': '0x45aad11f2fa2c215bc9686eb6f06d46e0474f356'}, 'date': {'date': '2022-06-23'}, 'block': {'height': 15014025}}, {'smartContract': {'address': {'address': '0xb188b1cb84fb0ba13cb9ee1292769f903a9fec59'}}, 'caller': {'address': '0xa28ea848801da877e1844f954ff388e857d405e5'}, 'date': {'date': '2022-06-23'}, 'block': {'height': 15013656}}, {'smartContract': {'address': {'address': '0x999dbce0a18f721f04e793f916c30e72a9d0f56e'}}, 'caller': {'address': '0xa28ea848801da877e1844f954ff388e857d405e5'}, 'date': {'date': '2022-06-23'}, 'block': {'height': 15013653}}, {'smartContract': {'address': {'address': '0x4686af7c8026980cefc057ceaf4896bf51e421ed'}}, 'caller': {'address': '0x7ed9003c6003eace1e8c3ae99f0bb19894377b0f'}, 'date': {'date': '2022-06-23'}, 'block': {'height': 15013649}}, {'smartContract': {'address': {'address': '0x1ba9e3ec7dff02b6cfa4bbfe2180b9a3011efd39'}}, 'caller': {'address': '0xb6ce51dee8bd4a2fd11c01205414dc26f0b453ac'}, 'date': {'date': '2022-06-23'}, 'block': {'height': 15013649}}, {'smartContract': {'address': {'address': '0xcea3aa5b2a50e39c7c7755ebff1e9e1e1516d3f5'}}, 'caller': {'address': '0x45aad11f2fa2c215bc9686eb6f06d46e0474f356'}, 'date': {'date': '2022-06-23'}, 'block': {'height': 15013649}}, {'smartContract': {'address': {'address': '0xae327c28d13a497357ad2189b75c83e6ba8cadc6'}}, 'caller': {'address': '0x45aad11f2fa2c215bc9686eb6f06d46e0474f356'}, 'date': {'date': '2022-06-23'}, 'block': {'height': 15013646}}, {'smartContract': {'address': {'address': '0x1c2567606b9379784403cd92f2f3b8c710e23566'}}, 'caller': {'address': '0xb6ce51dee8bd4a2fd11c01205414dc26f0b453ac'}, 'date': {'date': '2022-06-23'}, 'block': {'height': 15013646}}, {'smartContract': {'address': {'address': '0x95bb4d5e3c220b5c9885c22781c36702e39dadeb'}}, 'caller': {'address': '0x7ed9003c6003eace1e8c3ae99f0bb19894377b0f'}, 'date': {'date': '2022-06-23'}, 'block': {'height': 15013646}}, {'smartContract': {'address': {'address': '0xcfda81bab472e44da8e6c9b2cfa68d3fb6a64d68'}}, 'caller': {'address': '0xb6ce51dee8bd4a2fd11c01205414dc26f0b453ac'}, 'date': {'date': '2022-06-23'}, 'block': {'height': 15013643}}, {'smartContract': {'address': {'address': '0xddc7ae8afd45e0dff6d47299b9f9ff18052e5da7'}}, 'caller': {'address': '0x7ed9003c6003eace1e8c3ae99f0bb19894377b0f'}, 'date': {'date': '2022-06-23'}, 'block': {'height': 15013643}}, {'smartContract': {'address': {'address': '0x3e6e36021fab48919b65927b7b2f202b4ee378ab'}}, 'caller': {'address': '0x45aad11f2fa2c215bc9686eb6f06d46e0474f356'}, 'date': {'date': '2022-06-23'}, 'block': {'height': 15013643}}, {'smartContract': {'address': {'address': '0xc369c695bce62588fd6fb888e05fd1d4048ca5e4'}}, 'caller': {'address': '0xb6ce51dee8bd4a2fd11c01205414dc26f0b453ac'}, 'date': {'date': '2022-06-23'}, 'block': {'height': 15013639}}, {'smartContract': {'address': {'address': '0x1e3f3e7a8ab22fc9c6a3cadde3970930d0b081bb'}}, 'caller': {'address': '0x7ed9003c6003eace1e8c3ae99f0bb19894377b0f'}, 'date': {'date': '2022-06-23'}, 'block': {'height': 15013639}}, {'smartContract': {'address': {'address': '0x6e3b0a191cbcca3ece8995ce397c3585fe5da236'}}, 'caller': {'address': '0x45aad11f2fa2c215bc9686eb6f06d46e0474f356'}, 'date': {'date': '2022-06-23'}, 'block': {'height': 15013639}}, {'smartContract': {'address': {'address': '0x11de96b41032039f3be9b5bc3d4c583f162a9cd5'}}, 'caller': {'address': '0x7ed9003c6003eace1e8c3ae99f0bb19894377b0f'}, 'date': {'date': '2022-06-23'}, 'block': {'height': 15013636}}, {'smartContract': {'address': {'address': '0x05514051ba78c2b28baf5f465c1fa64e8d114fe3'}}, 'caller': {'address': '0xb6ce51dee8bd4a2fd11c01205414dc26f0b453ac'}, 'date': {'date': '2022-06-23'}, 'block': {'height': 15013636}}, {'smartContract': {'address': {'address': '0xbdadc814dec8f76832f43a44073be8354398e9c6'}}, 'caller': {'address': '0x45aad11f2fa2c215bc9686eb6f06d46e0474f356'}, 'date': {'date': '2022-06-23'}, 'block': {'height': 15013636}}, {'smartContract': {'address': {'address': '0x71c8ea7395999aa2007ca860ce66dafa8d5c44fb'}}, 'caller': {'address': '0x45aad11f2fa2c215bc9686eb6f06d46e0474f356'}, 'date': {'date': '2022-06-23'}, 'block': {'height': 15013633}}, {'smartContract': {'address': {'address': '0x85bd8666219ca3822f817d75c7f89d696dc15dfb'}}, 'caller': {'address': '0x7ed9003c6003eace1e8c3ae99f0bb19894377b0f'}, 'date': {'date': '2022-06-23'}, 'block': {'height': 15013633}}, {'smartContract': {'address': {'address': '0x0e445beef3ce89c6748ee3214ffed34ad0ad4f30'}}, 'caller': {'address': '0xb6ce51dee8bd4a2fd11c01205414dc26f0b453ac'}, 'date': {'date': '2022-06-23'}, 'block': {'height': 15013633}}, {'smartContract': {'address': {'address': '0xcbd01dfd783ba9ee85b5458a12950b95d70975a4'}}, 'caller': {'address': '0x7ed9003c6003eace1e8c3ae99f0bb19894377b0f'}, 'date': {'date': '2022-06-23'}, 'block': {'height': 15013630}}, {'smartContract': {'address': {'address': '0xc0e061f62e930edaa2cc5ff30c39187d197f367d'}}, 'caller': {'address': '0xb6ce51dee8bd4a2fd11c01205414dc26f0b453ac'}, 'date': {'date': '2022-06-23'}, 'block': {'height': 15013630}}, {'smartContract': {'address': {'address': '0x88e3c651b57245e13183d553a7573cbfbd4fddc0'}}, 'caller': {'address': '0x45aad11f2fa2c215bc9686eb6f06d46e0474f356'}, 'date': {'date': '2022-06-23'}, 'block': {'height': 15013630}}, {'smartContract': {'address': {'address': '0x3e82df78bb504c8bc8de981178e6cce81f274132'}}, 'caller': {'address': '0xb6ce51dee8bd4a2fd11c01205414dc26f0b453ac'}, 'date': {'date': '2022-06-23'}, 'block': {'height': 15013627}}, {'smartContract': {'address': {'address': '0xcc2f52b57247f2bc58fec182b9a60dac5963d010'}}, 'caller': {'address': '0x45aad11f2fa2c215bc9686eb6f06d46e0474f356'}, 'date': {'date': '2022-06-23'}, 'block': {'height': 15013627}}, {'smartContract': {'address': {'address': '0x7c3c8dc112a9f7ffc8a80044dfcd4a0f1bc540c2'}}, 'caller': {'address': '0x7ed9003c6003eace1e8c3ae99f0bb19894377b0f'}, 'date': {'date': '2022-06-23'}, 'block': {'height': 15013627}}, {'smartContract': {'address': {'address': '0xdcee1c640cc270121faf145f231fd8ff1d8d5cd4'}}, 'caller': {'address': '0x45aad11f2fa2c215bc9686eb6f06d46e0474f356'}, 'date': {'date': '2022-06-23'}, 'block': {'height': 15013624}}, {'smartContract': {'address': {'address': '0x0d33d832d3280981c37ec15e4b1ebe811e09736d'}}, 'caller': {'address': '0xb6ce51dee8bd4a2fd11c01205414dc26f0b453ac'}, 'date': {'date': '2022-06-23'}, 'block': {'height': 15013624}}, {'smartContract': {'address': {'address': '0x20d1a663f7268564734c04a5dcf0855463d004d4'}}, 'caller': {'address': '0x7ed9003c6003eace1e8c3ae99f0bb19894377b0f'}, 'date': {'date': '2022-06-23'}, 'block': {'height': 15013624}}, {'smartContract': {'address': {'address': '0x7ca8dfcba2e34ae6eab017be1552dc05ddc76edd'}}, 'caller': {'address': '0xb6ce51dee8bd4a2fd11c01205414dc26f0b453ac'}, 'date': {'date': '2022-06-23'}, 'block': {'height': 15013620}}, {'smartContract': {'address': {'address': '0x125028094b6ff0d6a6f0bd0eb9e9d30e889d72e8'}}, 'caller': {'address': '0x45aad11f2fa2c215bc9686eb6f06d46e0474f356'}, 'date': {'date': '2022-06-23'}, 'block': {'height': 15013620}}, {'smartContract': {'address': {'address': '0x227eda2e933e0f1137bf103f777dede303432088'}}, 'caller': {'address': '0x7ed9003c6003eace1e8c3ae99f0bb19894377b0f'}, 'date': {'date': '2022-06-23'}, 'block': {'height': 15013620}}, {'smartContract': {'address': {'address': '0xf67e2efd501b6c930e391098eb376e53283bc466'}}, 'caller': {'address': '0x7ed9003c6003eace1e8c3ae99f0bb19894377b0f'}, 'date': {'date': '2022-06-23'}, 'block': {'height': 15013617}}, {'smartContract': {'address': {'address': '0x635bc596948d45fa08a2ed3bc74c3934780c4fed'}}, 'caller': {'address': '0x45aad11f2fa2c215bc9686eb6f06d46e0474f356'}, 'date': {'date': '2022-06-23'}, 'block': {'height': 15013617}}, {'smartContract': {'address': {'address': '0xc0d760e31549e95e79be95c142682205fa05d08b'}}, 'caller': {'address': '0xb6ce51dee8bd4a2fd11c01205414dc26f0b453ac'}, 'date': {'date': '2022-06-23'}, 'block': {'height': 15013617}}, {'smartContract': {'address': {'address': '0x08b8a86b9498ac249bf4b86e14c5d4187085a239'}}, 'caller': {'address': '0x45aad11f2fa2c215bc9686eb6f06d46e0474f356'}, 'date': {'date': '2022-06-23'}, 'block': {'height': 15013614}}, {'smartContract': {'address': {'address': '0x284c6168abab1af6aaecce4e5c8bbe6046331595'}}, 'caller': {'address': '0x7ed9003c6003eace1e8c3ae99f0bb19894377b0f'}, 'date': {'date': '2022-06-23'}, 'block': {'height': 15013614}}, {'smartContract': {'address': {'address': '0xdfe7be27537c3eefa53ecfc615137ea34d93688b'}}, 'caller': {'address': '0xb6ce51dee8bd4a2fd11c01205414dc26f0b453ac'}, 'date': {'date': '2022-06-23'}, 'block': {'height': 15013614}}, {'smartContract': {'address': {'address': '0x623b83755a39b12161a63748f3f595a530917ab2'}}, 'caller': {'address': '0xa28ea848801da877e1844f954ff388e857d405e5'}, 'date': {'date': '2022-06-23'}, 'block': {'height': 15013608}}, {'smartContract': {'address': {'address': '0x0312aa8d0ba4a1969fddb382235870bf55f7f242'}}, 'caller': {'address': '0x4e7bbd911cf1efa442bc1b2e9ea01ffe785412ec'}, 'date': {'date': '2022-06-17'}, 'block': {'height': 14979366}}, {'smartContract': {'address': {'address': '0x006aad228d44655c4c97cdda600f2d56e99569b9'}}, 'caller': {'address': '0x4e7bbd911cf1efa442bc1b2e9ea01ffe785412ec'}, 'date': {'date': '2022-06-15'}, 'block': {'height': 14967871}}, {'smartContract': {'address': {'address': '0xc29562b045d80fd77c69bec09541f5c16fe20d9d'}}, 'caller': {'address': '0xa5bf2ddf098bb0ef6d120c98217dd6b141c74ee0'}, 'date': {'date': '2022-06-15'}, 'block': {'height': 14967724}}, {'smartContract': {'address': {'address': '0x3dd0843a028c86e0b760b1a76929d1c5ef93a2dd'}}, 'caller': {'address': '0x8df6efec5547e31b0eb7d1291b511ff8a2bf987c'}, 'date': {'date': '2022-06-14'}, 'block': {'height': 14961092}}, {'smartContract': {'address': {'address': '0xa7429af4deb16827dad0e71d8aeea9c2bf70e32c'}}, 'caller': {'address': '0xa28ea848801da877e1844f954ff388e857d405e5'}, 'date': {'date': '2022-06-09'}, 'block': {'height': 14932464}}, {'smartContract': {'address': {'address': '0x6fc73b9d624b543f8b6b88fc3ce627877ff169ee'}}, 'caller': {'address': '0x751a0bc0e3f75b38e01cf25bfce7ff36de1c87de'}, 'date': {'date': '2022-06-09'}, 'block': {'height': 14932449}}, {'smartContract': {'address': {'address': '0x1a661cf8d8cd69dd2a423f3626a461a24280a8fb'}}, 'caller': {'address': '0xa28ea848801da877e1844f954ff388e857d405e5'}, 'date': {'date': '2022-06-09'}, 'block': {'height': 14932441}}, {'smartContract': {'address': {'address': '0x45eb1a004373b1d8457134a2c04a42d69d287724'}}, 'caller': {'address': '0xa28ea848801da877e1844f954ff388e857d405e5'}, 'date': {'date': '2022-06-09'}, 'block': {'height': 14932435}}, {'smartContract': {'address': {'address': '0x1ab80f7fb46b25b7e0b2cfac23fc88ac37aaf4e9'}}, 'caller': {'address': '0xa28ea848801da877e1844f954ff388e857d405e5'}, 'date': {'date': '2022-06-09'}, 'block': {'height': 14932423}}, {'smartContract': {'address': {'address': '0x6641a8c1d33bd3dec8dd85e69c63cafb5bf36388'}}, 'caller': {'address': '0xc66ba2b6595d3613ccab350c886ace23866ede24'}, 'date': {'date': '2022-06-09'}, 'block': {'height': 14932410}}, {'smartContract': {'address': {'address': '0xc47162863a12227e5c3b0860715f9cf721651c0c'}}, 'caller': {'address': '0xa28ea848801da877e1844f954ff388e857d405e5'}, 'date': {'date': '2022-06-09'}, 'block': {'height': 14932396}}, {'smartContract': {'address': {'address': '0x43b17088503f4ce1aed9fb302ed6bb51ad6694fa'}}, 'caller': {'address': '0xa28ea848801da877e1844f954ff388e857d405e5'}, 'date': {'date': '2022-06-09'}, 'block': {'height': 14932386}}, {'smartContract': {'address': {'address': '0xfd72170339ac6d7bdda09d1eaca346b21a30d422'}}, 'caller': {'address': '0xa28ea848801da877e1844f954ff388e857d405e5'}, 'date': {'date': '2022-06-09'}, 'block': {'height': 14932373}}, {'smartContract': {'address': {'address': '0x45025ebc38647bcf7edd2b40cfdaf3fbfe1538f5'}}, 'caller': {'address': '0xa28ea848801da877e1844f954ff388e857d405e5'}, 'date': {'date': '2022-06-09'}, 'block': {'height': 14932364}}, {'smartContract': {'address': {'address': '0x24346652e0e2ae0ce05c781501fdf4fe4553fac6'}}, 'caller': {'address': '0xa28ea848801da877e1844f954ff388e857d405e5'}, 'date': {'date': '2022-06-09'}, 'block': {'height': 14932355}}, {'smartContract': {'address': {'address': '0x5bd3fca8d3d8c94a6419d85e0a76ec8da52d836a'}}, 'caller': {'address': '0xa28ea848801da877e1844f954ff388e857d405e5'}, 'date': {'date': '2022-06-09'}, 'block': {'height': 14932343}}, {'smartContract': {'address': {'address': '0x4043569200f7a7a1d989abbabc2de2bde1c20d1e'}}, 'caller': {'address': '0xa28ea848801da877e1844f954ff388e857d405e5'}, 'date': {'date': '2022-06-09'}, 'block': {'height': 14932234}}, {'smartContract': {'address': {'address': '0xa3739b206097317c72ef416f0e75bb8f58fbd308'}}, 'caller': {'address': '0xa28ea848801da877e1844f954ff388e857d405e5'}, 'date': {'date': '2022-06-09'}, 'block': {'height': 14932231}}, {'smartContract': {'address': {'address': '0xd9e863b7317a66fe0a4d2834910f604fd6f89c6c'}}, 'caller': {'address': '0xa28ea848801da877e1844f954ff388e857d405e5'}, 'date': {'date': '2022-06-09'}, 'block': {'height': 14932227}}, {'smartContract': {'address': {'address': '0x68655ad9852a99c87c0934c7290bb62cfa5d4123'}}, 'caller': {'address': '0xa28ea848801da877e1844f954ff388e857d405e5'}, 'date': {'date': '2022-06-09'}, 'block': {'height': 14932224}}, {'smartContract': {'address': {'address': '0x3fa73f1e5d8a792c80f426fc8f84fbf7ce9bbcac'}}, 'caller': {'address': '0xa28ea848801da877e1844f954ff388e857d405e5'}, 'date': {'date': '2022-06-09'}, 'block': {'height': 14932220}}, {'smartContract': {'address': {'address': '0x5d208cd54f5132f2bd0c1f1e8d8c864bb6bedc40'}}, 'caller': {'address': '0xa28ea848801da877e1844f954ff388e857d405e5'}, 'date': {'date': '2022-06-09'}, 'block': {'height': 14932217}}, {'smartContract': {'address': {'address': '0xfa838af70314135159b309bf27f1dbf1f954ec34'}}, 'caller': {'address': '0xa28ea848801da877e1844f954ff388e857d405e5'}, 'date': {'date': '2022-06-09'}, 'block': {'height': 14932214}}, {'smartContract': {'address': {'address': '0xf843f61508fc17543412de55b10ed87f4c28de50'}}, 'caller': {'address': '0xa28ea848801da877e1844f954ff388e857d405e5'}, 'date': {'date': '2022-06-09'}, 'block': {'height': 14932210}}, {'smartContract': {'address': {'address': '0xdc274f4854831fed60f9eca12cacbd449134cf67'}}, 'caller': {'address': '0xa28ea848801da877e1844f954ff388e857d405e5'}, 'date': {'date': '2022-06-09'}, 'block': {'height': 14932207}}, {'smartContract': {'address': {'address': '0x16a04e58a77ab1ce561a37371dfb479a8594947a'}}, 'caller': {'address': '0xa28ea848801da877e1844f954ff388e857d405e5'}, 'date': {'date': '2022-06-09'}, 'block': {'height': 14932204}}, {'smartContract': {'address': {'address': '0x5e5ea2048475854a5702f5b8468a51ba1296efcc'}}, 'caller': {'address': '0xa28ea848801da877e1844f954ff388e857d405e5'}, 'date': {'date': '2022-06-09'}, 'block': {'height': 14932201}}, {'smartContract': {'address': {'address': '0xead792b55340aa20181a80d6a16db6a0ecd1b827'}}, 'caller': {'address': '0xa28ea848801da877e1844f954ff388e857d405e5'}, 'date': {'date': '2022-06-09'}, 'block': {'height': 14932198}}, {'smartContract': {'address': {'address': '0x616e8bfa43f920657b3497dbf40d6b1a02d4608d'}}, 'caller': {'address': '0xa28ea848801da877e1844f954ff388e857d405e5'}, 'date': {'date': '2022-06-09'}, 'block': {'height': 14932194}}, {'smartContract': {'address': {'address': '0xf9c0f3431f859e773ed052758052e06b6d175742'}}, 'caller': {'address': '0xa28ea848801da877e1844f954ff388e857d405e5'}, 'date': {'date': '2022-06-09'}, 'block': {'height': 14932191}}, {'smartContract': {'address': {'address': '0x95171c9ef5ca540a6d3502e9547fcfe022458eb5'}}, 'caller': {'address': '0xa28ea848801da877e1844f954ff388e857d405e5'}, 'date': {'date': '2022-06-09'}, 'block': {'height': 14932188}}, {'smartContract': {'address': {'address': '0x7ed9003c6003eace1e8c3ae99f0bb19894377b0f'}}, 'caller': {'address': '0xa28ea848801da877e1844f954ff388e857d405e5'}, 'date': {'date': '2022-06-09'}, 'block': {'height': 14932185}}, {'smartContract': {'address': {'address': '0xb6ce51dee8bd4a2fd11c01205414dc26f0b453ac'}}, 'caller': {'address': '0xa28ea848801da877e1844f954ff388e857d405e5'}, 'date': {'date': '2022-06-09'}, 'block': {'height': 14932181}}, {'smartContract': {'address': {'address': '0x45aad11f2fa2c215bc9686eb6f06d46e0474f356'}}, 'caller': {'address': '0xa28ea848801da877e1844f954ff388e857d405e5'}, 'date': {'date': '2022-06-09'}, 'block': {'height': 14932178}}, {'smartContract': {'address': {'address': '0x7818a1da7bd1e64c199029e86ba244a9798eee10'}}, 'caller': {'address': '0xa28ea848801da877e1844f954ff388e857d405e5'}, 'date': {'date': '2022-06-09'}, 'block': {'height': 14932175}}, {'smartContract': {'address': {'address': '0x59a5ccd34943cd0adcf5ce703ee9f06889e13707'}}, 'caller': {'address': '0xa28ea848801da877e1844f954ff388e857d405e5'}, 'date': {'date': '2022-06-09'}, 'block': {'height': 14932172}}, {'smartContract': {'address': {'address': '0xc0c293ce456ff0ed870add98a0828dd4d2903dbf'}}, 'caller': {'address': '0xa28ea848801da877e1844f954ff388e857d405e5'}, 'date': {'date': '2022-06-09'}, 'block': {'height': 14932168}}, {'smartContract': {'address': {'address': '0x665d01dbd89a0d1b693bb806feea499b5359cf15'}}, 'caller': {'address': '0xa28ea848801da877e1844f954ff388e857d405e5'}, 'date': {'date': '2022-06-09'}, 'block': {'height': 14932156}}, {'smartContract': {'address': {'address': '0xaf52695e1bb01a16d33d7194c28c42b10e0dbec2'}}, 'caller': {'address': '0xa28ea848801da877e1844f954ff388e857d405e5'}, 'date': {'date': '2022-04-20'}, 'block': {'height': 14620751}}, {'smartContract': {'address': {'address': '0x42b047d1c751a871e61ec77bfde5fbbf2ce053ee'}}, 'caller': {'address': '0xa28ea848801da877e1844f954ff388e857d405e5'}, 'date': {'date': '2022-04-17'}, 'block': {'height': 14602418}}]",2022-06-09
21,21,0xC011a73ee8576Fb46F5E1c5751cA3B9Fe0af2a6F,Synthetix Network Token (SNX),https://github.com/Synthetixio/synthetix,0xb75503907b1a1432C59f397cab0c9b4410bb98f5,272901788.5,[],2019-08-09
22,22,0x0316EB71485b0Ab14103307bf65a021042c6d380,Huobi BTC (HBTC),,0x63155828e949AEbA75038a5e8a5F4EDd5038d9a6,218427080.8,[],2019-12-09
23,23,0x1cEB5cB57C4D4E2b2433641b95Dd330A33185A44,Keep3rV1 (KP3R),,0x2D407dDb06311396fE14D4b49da5F0471447d45C,214738390.0,"[{'smartContract': {'address': {'address': '0x54508cbe9142de7f7d8b799743c6fe6146e98db8'}}, 'caller': {'address': '0x2d407ddb06311396fe14d4b49da5f0471447d45c'}, 'date': {'date': '2022-11-03'}, 'block': {'height': 15889898}}, {'smartContract': {'address': {'address': '0x1ba86c33509013c937344f6e231da2e63ea45197'}}, 'caller': {'address': '0xf18056bbd320e96a48e3fbf8bc061322531aac99'}, 'date': {'date': '2022-03-30'}, 'block': {'height': 14486443}}, {'smartContract': {'address': {'address': '0x3a748a2f4765bdfb119cb7143b884db7594a68c3'}}, 'caller': {'address': '0xf18056bbd320e96a48e3fbf8bc061322531aac99'}, 'date': {'date': '2022-03-30'}, 'block': {'height': 14486443}}, {'smartContract': {'address': {'address': '0x1779aeb087c5bdbe48749ab03575f5f25d1deeaf'}}, 'caller': {'address': '0xf18056bbd320e96a48e3fbf8bc061322531aac99'}, 'date': {'date': '2022-03-30'}, 'block': {'height': 14486443}}, {'smartContract': {'address': {'address': '0xb6d7c2bda5a907832d4556ae5f7ba800ff084c2a'}}, 'caller': {'address': '0xf18056bbd320e96a48e3fbf8bc061322531aac99'}, 'date': {'date': '2022-03-30'}, 'block': {'height': 14486443}}, {'smartContract': {'address': {'address': '0x36c66bc294fef4e94b3e40a1801d0ab0085fe96e'}}, 'caller': {'address': '0xf18056bbd320e96a48e3fbf8bc061322531aac99'}, 'date': {'date': '2022-03-30'}, 'block': {'height': 14486443}}, {'smartContract': {'address': {'address': '0xe1d520b1263d6be5678568bd699c84f7f9086023'}}, 'caller': {'address': '0xf18056bbd320e96a48e3fbf8bc061322531aac99'}, 'date': {'date': '2022-03-30'}, 'block': {'height': 14486443}}, {'smartContract': {'address': {'address': '0x6d3328f0333f6fb0b2fac87cf5a0ffa7e77beb60'}}, 'caller': {'address': '0xf18056bbd320e96a48e3fbf8bc061322531aac99'}, 'date': {'date': '2022-03-30'}, 'block': {'height': 14486421}}, {'smartContract': {'address': {'address': '0x4647b6d835f3b393c7a955df51eefcf0db961606'}}, 'caller': {'address': '0xf18056bbd320e96a48e3fbf8bc061322531aac99'}, 'date': {'date': '2022-03-30'}, 'block': {'height': 14486339}}, {'smartContract': {'address': {'address': '0x21410232b484136404911780bc32756d5d1a9fa9'}}, 'caller': {'address': '0xf18056bbd320e96a48e3fbf8bc061322531aac99'}, 'date': {'date': '2022-03-30'}, 'block': {'height': 14486339}}, {'smartContract': {'address': {'address': '0x0a0b06322825cb979678c722ba9932e0e4b5fd90'}}, 'caller': {'address': '0x2d407ddb06311396fe14d4b49da5f0471447d45c'}, 'date': {'date': '2022-03-16'}, 'block': {'height': 14397594}}, {'smartContract': {'address': {'address': '0x1b092d118323537c9e9d7b65ccdfed41be1b4d9b'}}, 'caller': {'address': '0x2d407ddb06311396fe14d4b49da5f0471447d45c'}, 'date': {'date': '2022-03-16'}, 'block': {'height': 14397573}}, {'smartContract': {'address': {'address': '0xa511da90c2f4c557456cd84cd003a1f74c202d80'}}, 'caller': {'address': '0x2d407ddb06311396fe14d4b49da5f0471447d45c'}, 'date': {'date': '2022-03-16'}, 'block': {'height': 14396522}}, {'smartContract': {'address': {'address': '0x4bcd0d9bdc8f28664987b99cc73dc368c7dee1bd'}}, 'caller': {'address': '0x2d407ddb06311396fe14d4b49da5f0471447d45c'}, 'date': {'date': '2022-03-16'}, 'block': {'height': 14396431}}, {'smartContract': {'address': {'address': '0x1e812a013912bec0aa769f7e24b45c849577f455'}}, 'caller': {'address': '0x2d407ddb06311396fe14d4b49da5f0471447d45c'}, 'date': {'date': '2022-03-16'}, 'block': {'height': 14396405}}, {'smartContract': {'address': {'address': '0xef04f337fcb2ea220b6e8db5edbe2d774837581c'}}, 'caller': {'address': '0xf18056bbd320e96a48e3fbf8bc061322531aac99'}, 'date': {'date': '2022-03-15'}, 'block': {'height': 14389693}}, {'smartContract': {'address': {'address': '0x80caccdbd3f07bbdb558db4a9e146d099933d677'}}, 'caller': {'address': '0xf18056bbd320e96a48e3fbf8bc061322531aac99'}, 'date': {'date': '2022-03-15'}, 'block': {'height': 14389693}}, {'smartContract': {'address': {'address': '0xeb0265938c1190ab4e3e1f6583bc956df47c0f93'}}, 'caller': {'address': '0xf18056bbd320e96a48e3fbf8bc061322531aac99'}, 'date': {'date': '2022-03-15'}, 'block': {'height': 14389675}}, {'smartContract': {'address': {'address': '0x127091ede112aed7bae281747771b3150bb047bb'}}, 'caller': {'address': '0xf18056bbd320e96a48e3fbf8bc061322531aac99'}, 'date': {'date': '2022-03-15'}, 'block': {'height': 14389675}}, {'smartContract': {'address': {'address': '0xacce4fe9ce2a6fe9af83e7cf321a3ff7675e0ab6'}}, 'caller': {'address': '0xf18056bbd320e96a48e3fbf8bc061322531aac99'}, 'date': {'date': '2022-03-15'}, 'block': {'height': 14389659}}, {'smartContract': {'address': {'address': '0x22cf19eb64226e0e1a79c69b345b31466fd273a7'}}, 'caller': {'address': '0xf18056bbd320e96a48e3fbf8bc061322531aac99'}, 'date': {'date': '2022-03-15'}, 'block': {'height': 14389659}}, {'smartContract': {'address': {'address': '0x08cea8e5b4551722deb97113c139dd83c26c5398'}}, 'caller': {'address': '0xf18056bbd320e96a48e3fbf8bc061322531aac99'}, 'date': {'date': '2022-03-15'}, 'block': {'height': 14389640}}, {'smartContract': {'address': {'address': '0x6df0d77f0496ce44e72d695943950d8641fca5cf'}}, 'caller': {'address': '0xf18056bbd320e96a48e3fbf8bc061322531aac99'}, 'date': {'date': '2022-03-15'}, 'block': {'height': 14389640}}, {'smartContract': {'address': {'address': '0x54c8ecf46a81496eeb0608bd3353388b5d7a2a33'}}, 'caller': {'address': '0xf18056bbd320e96a48e3fbf8bc061322531aac99'}, 'date': {'date': '2022-03-15'}, 'block': {'height': 14389625}}, {'smartContract': {'address': {'address': '0x5b692073f141c31384fae55856cfb6cbffe91e60'}}, 'caller': {'address': '0xf18056bbd320e96a48e3fbf8bc061322531aac99'}, 'date': {'date': '2022-03-15'}, 'block': {'height': 14389625}}, {'smartContract': {'address': {'address': '0x1570af3df649fc74872c5b8f280a162a3bdd4eb6'}}, 'caller': {'address': '0xf18056bbd320e96a48e3fbf8bc061322531aac99'}, 'date': {'date': '2022-03-15'}, 'block': {'height': 14389423}}, {'smartContract': {'address': {'address': '0x8682fbf0cbf312c891532ba9f1a91e44f81ad7df'}}, 'caller': {'address': '0xf18056bbd320e96a48e3fbf8bc061322531aac99'}, 'date': {'date': '2022-03-15'}, 'block': {'height': 14389423}}, {'smartContract': {'address': {'address': '0x0c769e7a0e4e27ee63a806ff7b4f07c5e9574aac'}}, 'caller': {'address': '0x2d407ddb06311396fe14d4b49da5f0471447d45c'}, 'date': {'date': '2022-03-10'}, 'block': {'height': 14358823}}, {'smartContract': {'address': {'address': '0x34ffe9469d518ecbaa8daed2683b0344c71f08e1'}}, 'caller': {'address': '0x2d407ddb06311396fe14d4b49da5f0471447d45c'}, 'date': {'date': '2022-02-14'}, 'block': {'height': 14203548}}, {'smartContract': {'address': {'address': '0x58d288812a2d67f520335e99a9718c04b8f2a3d4'}}, 'caller': {'address': '0x2d407ddb06311396fe14d4b49da5f0471447d45c'}, 'date': {'date': '2022-02-11'}, 'block': {'height': 14183541}}, {'smartContract': {'address': {'address': '0xf89666ffe02d7e32b6037f2f0eb65731a3785f8b'}}, 'caller': {'address': '0x2d407ddb06311396fe14d4b49da5f0471447d45c'}, 'date': {'date': '2022-01-05'}, 'block': {'height': 13944185}}, {'smartContract': {'address': {'address': '0xa6848b14afedf3d12d73793cc5968b22e7ee4973'}}, 'caller': {'address': '0x2d407ddb06311396fe14d4b49da5f0471447d45c'}, 'date': {'date': '2022-01-05'}, 'block': {'height': 13944128}}, {'smartContract': {'address': {'address': '0x4087fe8dc04b35a3b4a952c6864a36114d178702'}}, 'caller': {'address': '0x2d407ddb06311396fe14d4b49da5f0471447d45c'}, 'date': {'date': '2021-12-22'}, 'block': {'height': 13853670}}, {'smartContract': {'address': {'address': '0xc15dbdbdf9d5e69c2484c3380dc7c6324360d9c0'}}, 'caller': {'address': '0x2d407ddb06311396fe14d4b49da5f0471447d45c'}, 'date': {'date': '2021-12-21'}, 'block': {'height': 13849678}}, {'smartContract': {'address': {'address': '0x38039dd47636154273b287f74c432cac83da97e2'}}, 'caller': {'address': '0xb9fc157394af804a3578134a6585c0dc9cc990d4'}, 'date': {'date': '2021-12-16'}, 'block': {'height': 13815282}}, {'smartContract': {'address': {'address': '0xb37d6c07482bc11cd28a1f11f1a6ad7b66dec933'}}, 'caller': {'address': '0xb9fc157394af804a3578134a6585c0dc9cc990d4'}, 'date': {'date': '2021-12-16'}, 'block': {'height': 13815271}}, {'smartContract': {'address': {'address': '0xe6b5240efacbd57c4235c044c3a1211c58061a4e'}}, 'caller': {'address': '0x2d407ddb06311396fe14d4b49da5f0471447d45c'}, 'date': {'date': '2021-12-16'}, 'block': {'height': 13815237}}, {'smartContract': {'address': {'address': '0x62d285fe5a36fd98ce034dc3e926f905ae38049a'}}, 'caller': {'address': '0x2d407ddb06311396fe14d4b49da5f0471447d45c'}, 'date': {'date': '2021-12-16'}, 'block': {'height': 13815186}}, {'smartContract': {'address': {'address': '0xbb2dc673e1091abca3eadb622b18f6d4634b2cd9'}}, 'caller': {'address': '0xb9fc157394af804a3578134a6585c0dc9cc990d4'}, 'date': {'date': '2021-12-08'}, 'block': {'height': 13763779}}, {'smartContract': {'address': {'address': '0x70d3c44cf2f5a4206e0f794e47b4532e75bcca6f'}}, 'caller': {'address': '0x2d407ddb06311396fe14d4b49da5f0471447d45c'}, 'date': {'date': '2021-12-03'}, 'block': {'height': 13733117}}, {'smartContract': {'address': {'address': '0x4e8aa91188690f3919d2066f8d4df62a8ddd264c'}}, 'caller': {'address': '0x2d407ddb06311396fe14d4b49da5f0471447d45c'}, 'date': {'date': '2021-12-03'}, 'block': {'height': 13732859}}, {'smartContract': {'address': {'address': '0xc610aefad2cb87a610ead35eb588318591943be4'}}, 'caller': {'address': '0x2d407ddb06311396fe14d4b49da5f0471447d45c'}, 'date': {'date': '2021-12-03'}, 'block': {'height': 13732844}}, {'smartContract': {'address': {'address': '0x68924dbd6eb82bfe666b2e0403f4cd1cd6790c3f'}}, 'caller': {'address': '0x2d407ddb06311396fe14d4b49da5f0471447d45c'}, 'date': {'date': '2021-11-25'}, 'block': {'height': 13682061}}, {'smartContract': {'address': {'address': '0xd4260b2781e2460f49db746112bb592ba3fb6382'}}, 'caller': {'address': '0x2d407ddb06311396fe14d4b49da5f0471447d45c'}, 'date': {'date': '2021-11-15'}, 'block': {'height': 13619966}}, {'smartContract': {'address': {'address': '0xdb190e4d9c9a95fdf066b258892b8d6bb107434e'}}, 'caller': {'address': '0xb9fc157394af804a3578134a6585c0dc9cc990d4'}, 'date': {'date': '2021-11-10'}, 'block': {'height': 13588175}}, {'smartContract': {'address': {'address': '0xcbd5cc53c5b846671c6434ab301ad4d210c21184'}}, 'caller': {'address': '0xb9fc157394af804a3578134a6585c0dc9cc990d4'}, 'date': {'date': '2021-11-10'}, 'block': {'height': 13588113}}, {'smartContract': {'address': {'address': '0x1b36c6c2413f7027b1c582c75b12e3c61a9b5069'}}, 'caller': {'address': '0x2d407ddb06311396fe14d4b49da5f0471447d45c'}, 'date': {'date': '2021-09-13'}, 'block': {'height': 13215606}}, {'smartContract': {'address': {'address': '0x81a8cab6bb568fc94bca70c9adbfcf05592ded7b'}}, 'caller': {'address': '0x2d407ddb06311396fe14d4b49da5f0471447d45c'}, 'date': {'date': '2021-09-12'}, 'block': {'height': 13209909}}, {'smartContract': {'address': {'address': '0xedb67ee1b171c4ec66e6c10ec43edbba20fae8e9'}}, 'caller': {'address': '0x2d407ddb06311396fe14d4b49da5f0471447d45c'}, 'date': {'date': '2021-09-12'}, 'block': {'height': 13209816}}, {'smartContract': {'address': {'address': '0xba15ab4c5b27917e19f772c9718095e248feff35'}}, 'caller': {'address': '0xedb67ee1b171c4ec66e6c10ec43edbba20fae8e9'}, 'date': {'date': '2021-09-12'}, 'block': {'height': 13209816}}, {'smartContract': {'address': {'address': '0x83b0ee4d409c189494b14465ca44ef08d0492d7c'}}, 'caller': {'address': '0xd567fd95820193386158550abdcff0cbc9112fe6'}, 'date': {'date': '2021-09-10'}, 'block': {'height': 13197169}}, {'smartContract': {'address': {'address': '0xd567fd95820193386158550abdcff0cbc9112fe6'}}, 'caller': {'address': '0x2d407ddb06311396fe14d4b49da5f0471447d45c'}, 'date': {'date': '2021-09-10'}, 'block': {'height': 13197169}}, {'smartContract': {'address': {'address': '0x85b4d6ae18f6a17c6349a1b443eef8cbfa130209'}}, 'caller': {'address': '0x2d407ddb06311396fe14d4b49da5f0471447d45c'}, 'date': {'date': '2021-09-10'}, 'block': {'height': 13197132}}, {'smartContract': {'address': {'address': '0x052a2f6e343efd4ccaabe76753a3f91ed2b6e996'}}, 'caller': {'address': '0x85b4d6ae18f6a17c6349a1b443eef8cbfa130209'}, 'date': {'date': '2021-09-10'}, 'block': {'height': 13197132}}, {'smartContract': {'address': {'address': '0xc7fddc707bc5fb804509081e3c5d7b9fc8777e73'}}, 'caller': {'address': '0x96aba2f40334fd8b8117e04d8aa47315705d90ca'}, 'date': {'date': '2021-09-10'}, 'block': {'height': 13197005}}, {'smartContract': {'address': {'address': '0x96aba2f40334fd8b8117e04d8aa47315705d90ca'}}, 'caller': {'address': '0x2d407ddb06311396fe14d4b49da5f0471447d45c'}, 'date': {'date': '2021-09-10'}, 'block': {'height': 13197005}}, {'smartContract': {'address': {'address': '0x1f1a822cdf63027a8d4647f577e88db01e86c829'}}, 'caller': {'address': '0x2d407ddb06311396fe14d4b49da5f0471447d45c'}, 'date': {'date': '2021-09-05'}, 'block': {'height': 13164534}}, {'smartContract': {'address': {'address': '0x9459358c87059ed76fcaf6296e29399bc48c0009'}}, 'caller': {'address': '0x2d407ddb06311396fe14d4b49da5f0471447d45c'}, 'date': {'date': '2021-09-05'}, 'block': {'height': 13164534}}, {'smartContract': {'address': {'address': '0x3aee99acb6256de43ef9f4ffa654fdca2cae3f36'}}, 'caller': {'address': '0x2d407ddb06311396fe14d4b49da5f0471447d45c'}, 'date': {'date': '2021-09-05'}, 'block': {'height': 13164533}}, {'smartContract': {'address': {'address': '0x22d37bce36d464cf6a5ec3245e29d0741216ff85'}}, 'caller': {'address': '0x2d407ddb06311396fe14d4b49da5f0471447d45c'}, 'date': {'date': '2021-09-05'}, 'block': {'height': 13164530}}, {'smartContract': {'address': {'address': '0x2156532ab13a97c7b88fb737938229fc168cc49a'}}, 'caller': {'address': '0x2d407ddb06311396fe14d4b49da5f0471447d45c'}, 'date': {'date': '2021-09-05'}, 'block': {'height': 13164530}}, {'smartContract': {'address': {'address': '0x523f27044bbc4ad439970a7256b3c20fbf47634c'}}, 'caller': {'address': '0x2d407ddb06311396fe14d4b49da5f0471447d45c'}, 'date': {'date': '2021-09-05'}, 'block': {'height': 13164530}}, {'smartContract': {'address': {'address': '0xf71258b9f9802a934d761381b6ae65a21239d6f6'}}, 'caller': {'address': '0x2d407ddb06311396fe14d4b49da5f0471447d45c'}, 'date': {'date': '2021-09-05'}, 'block': {'height': 13164530}}, {'smartContract': {'address': {'address': '0x7d7d5f3ca4b1c1b1adcb0d7a2851d56e7427af60'}}, 'caller': {'address': '0x2d407ddb06311396fe14d4b49da5f0471447d45c'}, 'date': {'date': '2021-09-05'}, 'block': {'height': 13164529}}, {'smartContract': {'address': {'address': '0x7151bd4edd93df6411af964f190538b9ce715b7e'}}, 'caller': {'address': '0x2d407ddb06311396fe14d4b49da5f0471447d45c'}, 'date': {'date': '2021-09-04'}, 'block': {'height': 13159032}}, {'smartContract': {'address': {'address': '0x341336558919b3ec3c74df3ebc30cbcbe7a9223a'}}, 'caller': {'address': '0x2d407ddb06311396fe14d4b49da5f0471447d45c'}, 'date': {'date': '2021-09-04'}, 'block': {'height': 13158935}}, {'smartContract': {'address': {'address': '0x8d285288720430905c617e68815075a9cab16137'}}, 'caller': {'address': '0x2d407ddb06311396fe14d4b49da5f0471447d45c'}, 'date': {'date': '2021-09-04'}, 'block': {'height': 13158350}}, {'smartContract': {'address': {'address': '0xf40a62b2c2bbf8469174f786f103eafc0235d8ab'}}, 'caller': {'address': '0x2d407ddb06311396fe14d4b49da5f0471447d45c'}, 'date': {'date': '2021-09-03'}, 'block': {'height': 13152058}}, {'smartContract': {'address': {'address': '0x2ecb138b616986ae27ddeab468b74281666c7e4c'}}, 'caller': {'address': '0x2d407ddb06311396fe14d4b49da5f0471447d45c'}, 'date': {'date': '2021-09-03'}, 'block': {'height': 13151722}}, {'smartContract': {'address': {'address': '0xb9d18ab94cf61bb2bcebe6ac8ba8c19ff0cdb0ca'}}, 'caller': {'address': '0x2d407ddb06311396fe14d4b49da5f0471447d45c'}, 'date': {'date': '2021-09-03'}, 'block': {'height': 13151601}}, {'smartContract': {'address': {'address': '0x5c08bc10f45468f18cbdc65454cbd1dd2cb1ac65'}}, 'caller': {'address': '0x2d407ddb06311396fe14d4b49da5f0471447d45c'}, 'date': {'date': '2021-09-02'}, 'block': {'height': 13145626}}, {'smartContract': {'address': {'address': '0x076bbbd5384acd0550d8d58bc758dd9e0287cccf'}}, 'caller': {'address': '0x2d407ddb06311396fe14d4b49da5f0471447d45c'}, 'date': {'date': '2021-08-31'}, 'block': {'height': 13134296}}, {'smartContract': {'address': {'address': '0x940576ed8553ea1e2aaf3253d21cf6fc8b7080e2'}}, 'caller': {'address': '0x2d407ddb06311396fe14d4b49da5f0471447d45c'}, 'date': {'date': '2021-08-31'}, 'block': {'height': 13133968}}, {'smartContract': {'address': {'address': '0xb07cad796a3698b00d7722dd518362cbe5a0b8b8'}}, 'caller': {'address': '0x2d407ddb06311396fe14d4b49da5f0471447d45c'}, 'date': {'date': '2021-08-31'}, 'block': {'height': 13133721}}, {'smartContract': {'address': {'address': '0x26bc3bbd5e840c120b4c5ba51010a0e262d12740'}}, 'caller': {'address': '0x2d407ddb06311396fe14d4b49da5f0471447d45c'}, 'date': {'date': '2021-08-31'}, 'block': {'height': 13133706}}, {'smartContract': {'address': {'address': '0xc3e8dbac219a71cbc6beefcba13cd94031c0883e'}}, 'caller': {'address': '0x2d407ddb06311396fe14d4b49da5f0471447d45c'}, 'date': {'date': '2021-08-31'}, 'block': {'height': 13132172}}, {'smartContract': {'address': {'address': '0x9fdc96627159bba430041ed069e6d5ed1005b79d'}}, 'caller': {'address': '0xa5409ec958c83c3f309868babaca7c86dcb077c1'}, 'date': {'date': '2021-08-29'}, 'block': {'height': 13120243}}, {'smartContract': {'address': {'address': '0x2fc52c61fb0c03489649311989ce2689d93dc1a2'}}, 'caller': {'address': '0x2d407ddb06311396fe14d4b49da5f0471447d45c'}, 'date': {'date': '2021-08-29'}, 'block': {'height': 13120132}}, {'smartContract': {'address': {'address': '0x2fa53e8fa5fadb81f4332c8ece39fe62ea2f919e'}}, 'caller': {'address': '0xb9fc157394af804a3578134a6585c0dc9cc990d4'}, 'date': {'date': '2021-08-26'}, 'block': {'height': 13099650}}, {'smartContract': {'address': {'address': '0x63d9f3ab7d0c528797a12a0684e50c397e9e79dc'}}, 'caller': {'address': '0xb9fc157394af804a3578134a6585c0dc9cc990d4'}, 'date': {'date': '2021-08-26'}, 'block': {'height': 13099648}}, {'smartContract': {'address': {'address': '0x05ca5c01629a8e5845f12ea3a03ff7331932233a'}}, 'caller': {'address': '0xb9fc157394af804a3578134a6585c0dc9cc990d4'}, 'date': {'date': '2021-08-26'}, 'block': {'height': 13099647}}, {'smartContract': {'address': {'address': '0xeff437a56a22d7dd86c1202a308536ed8c7da7c1'}}, 'caller': {'address': '0xb9fc157394af804a3578134a6585c0dc9cc990d4'}, 'date': {'date': '2021-08-26'}, 'block': {'height': 13099647}}, {'smartContract': {'address': {'address': '0x9c2c8910f113181783c249d8f6aa41b51cde0f0c'}}, 'caller': {'address': '0xb9fc157394af804a3578134a6585c0dc9cc990d4'}, 'date': {'date': '2021-08-26'}, 'block': {'height': 13099601}}, {'smartContract': {'address': {'address': '0xd6ac1cb9019137a896343da59dde6d097f710538'}}, 'caller': {'address': '0xb9fc157394af804a3578134a6585c0dc9cc990d4'}, 'date': {'date': '2021-08-26'}, 'block': {'height': 13099589}}, {'smartContract': {'address': {'address': '0x3f1b0278a9ee595635b61817630cc19de792f506'}}, 'caller': {'address': '0xb9fc157394af804a3578134a6585c0dc9cc990d4'}, 'date': {'date': '2021-08-26'}, 'block': {'height': 13099582}}, {'smartContract': {'address': {'address': '0x8818a9bb44fbf33502be7c15c500d0c783b73067'}}, 'caller': {'address': '0xb9fc157394af804a3578134a6585c0dc9cc990d4'}, 'date': {'date': '2021-08-26'}, 'block': {'height': 13099579}}, {'smartContract': {'address': {'address': '0xa49b8296fdb0ee3da0428d56feb0d32d07607d6f'}}, 'caller': {'address': '0x2d407ddb06311396fe14d4b49da5f0471447d45c'}, 'date': {'date': '2021-08-25'}, 'block': {'height': 13093756}}, {'smartContract': {'address': {'address': '0x19c11da539c68a3a2c42a91783007e48ca8988ec'}}, 'caller': {'address': '0x2d407ddb06311396fe14d4b49da5f0471447d45c'}, 'date': {'date': '2021-08-25'}, 'block': {'height': 13093749}}, {'smartContract': {'address': {'address': '0x1a9a81e6a0212faaadbf9be818821200e77defef'}}, 'caller': {'address': '0x2d407ddb06311396fe14d4b49da5f0471447d45c'}, 'date': {'date': '2021-08-25'}, 'block': {'height': 13093509}}, {'smartContract': {'address': {'address': '0x1920c3c90d1e4c1a9075aa0668b6ba30d39a8e51'}}, 'caller': {'address': '0x2d407ddb06311396fe14d4b49da5f0471447d45c'}, 'date': {'date': '2021-08-21'}, 'block': {'height': 13067711}}, {'smartContract': {'address': {'address': '0x2a58ec1536474a02e7b13cc25bd914b2e0346196'}}, 'caller': {'address': '0x2d407ddb06311396fe14d4b49da5f0471447d45c'}, 'date': {'date': '2021-08-21'}, 'block': {'height': 13067651}}, {'smartContract': {'address': {'address': '0x9675c38c04db9c27c70c9299fb5c8d408a5e1fca'}}, 'caller': {'address': '0x2d407ddb06311396fe14d4b49da5f0471447d45c'}, 'date': {'date': '2021-08-21'}, 'block': {'height': 13067574}}, {'smartContract': {'address': {'address': '0xde09beff62f20d5af977c0019e51352b8ce83319'}}, 'caller': {'address': '0x2d407ddb06311396fe14d4b49da5f0471447d45c'}, 'date': {'date': '2021-08-17'}, 'block': {'height': 13042978}}, {'smartContract': {'address': {'address': '0x7893bbb46613d7a4fbcc31dab4c9b823ffee1026'}}, 'caller': {'address': '0x2d407ddb06311396fe14d4b49da5f0471447d45c'}, 'date': {'date': '2021-08-13'}, 'block': {'height': 13016019}}, {'smartContract': {'address': {'address': '0x3de30a3a65773890d0abd465201a79d1bc46ab30'}}, 'caller': {'address': '0x2d407ddb06311396fe14d4b49da5f0471447d45c'}, 'date': {'date': '2021-08-13'}, 'block': {'height': 13015922}}, {'smartContract': {'address': {'address': '0x1c0214203d1375c632e00d4a6c086f4af614a059'}}, 'caller': {'address': '0x2d407ddb06311396fe14d4b49da5f0471447d45c'}, 'date': {'date': '2021-08-13'}, 'block': {'height': 13015801}}, {'smartContract': {'address': {'address': '0xc6be1d1aebeba8c3e6afcf1cc756840e40b4b0f7'}}, 'caller': {'address': '0x2d407ddb06311396fe14d4b49da5f0471447d45c'}, 'date': {'date': '2021-08-13'}, 'block': {'height': 13015766}}, {'smartContract': {'address': {'address': '0x7779c09f6a42834758349c31a26471483e8d2d71'}}, 'caller': {'address': '0x2d407ddb06311396fe14d4b49da5f0471447d45c'}, 'date': {'date': '2021-08-12'}, 'block': {'height': 13008406}}, {'smartContract': {'address': {'address': '0x316daa88d931c7221e2e4039f6b793ba2b724180'}}, 'caller': {'address': '0x76e2cfc1f5fa8f6a5b3fc4c8f4788f0116861f9b'}, 'date': {'date': '2021-08-12'}, 'block': {'height': 13008200}}, {'smartContract': {'address': {'address': '0xbe9aaf4113b5a4afcdb7e20c21eaa53c6ee20b10'}}, 'caller': {'address': '0x76e2cfc1f5fa8f6a5b3fc4c8f4788f0116861f9b'}, 'date': {'date': '2021-08-12'}, 'block': {'height': 13008186}}]",2020-10-28
24,24,0x383518188C0C6d7730D91b2c03a03C837814a899,OHM V1,https://github.com/OlympusDAO,0xD7c4208AeB0961972B3eA717Be25F2194d5F0331,207273505.9,"[{'smartContract': {'address': {'address': '0xbe731507810c8747c3e01e62c676b1ca6f93242f'}}, 'caller': {'address': '0xd7c4208aeb0961972b3ea717be25f2194d5f0331'}, 'date': {'date': '2021-03-30'}, 'block': {'height': 12139469}}, {'smartContract': {'address': {'address': '0x0ee5c2865d6dff605e527b13c336f0b8774815b9'}}, 'caller': {'address': '0xd7c4208aeb0961972b3ea717be25f2194d5f0331'}, 'date': {'date': '2021-03-30'}, 'block': {'height': 12139438}}, {'smartContract': {'address': {'address': '0x2ce62b196ea521c88d6cf884283cb0372f4a6cd1'}}, 'caller': {'address': '0xd7c4208aeb0961972b3ea717be25f2194d5f0331'}, 'date': {'date': '2021-03-25'}, 'block': {'height': 12110733}}, {'smartContract': {'address': {'address': '0xf18e6104f20f039157f250ce8320eb912f10d92f'}}, 'caller': {'address': '0x76e2cfc1f5fa8f6a5b3fc4c8f4788f0116861f9b'}, 'date': {'date': '2021-03-24'}, 'block': {'height': 12098299}}, {'smartContract': {'address': {'address': '0xde485ff72973bbd9fd872c64b4b5042431025aea'}}, 'caller': {'address': '0x76e2cfc1f5fa8f6a5b3fc4c8f4788f0116861f9b'}, 'date': {'date': '2021-03-24'}, 'block': {'height': 12098285}}, {'smartContract': {'address': {'address': '0xf11f0f078bfaf05a28eac345bb84fcb2a3722223'}}, 'caller': {'address': '0xd7c4208aeb0961972b3ea717be25f2194d5f0331'}, 'date': {'date': '2021-03-23'}, 'block': {'height': 12096913}}, {'smartContract': {'address': {'address': '0x39baa524eab3f5c9d0738bdf781c3ec9c8d34867'}}, 'caller': {'address': '0xd7c4208aeb0961972b3ea717be25f2194d5f0331'}, 'date': {'date': '2021-03-23'}, 'block': {'height': 12096817}}, {'smartContract': {'address': {'address': '0xc7f56ec779cb9e60afa116d73f3708761197db3d'}}, 'caller': {'address': '0xd7c4208aeb0961972b3ea717be25f2194d5f0331'}, 'date': {'date': '2021-03-23'}, 'block': {'height': 12092047}}, {'smartContract': {'address': {'address': '0xf31b987e4be1b1e55bdb244db3bbcff9397dd23c'}}, 'caller': {'address': '0xd7c4208aeb0961972b3ea717be25f2194d5f0331'}, 'date': {'date': '2021-03-23'}, 'block': {'height': 12092012}}, {'smartContract': {'address': {'address': '0x906d7af3412e8f3cd9320629ebbd865c05ad8fd2'}}, 'caller': {'address': '0xd7c4208aeb0961972b3ea717be25f2194d5f0331'}, 'date': {'date': '2021-03-22'}, 'block': {'height': 12091217}}, {'smartContract': {'address': {'address': '0x886ce997aa9ee4f8c2282e182ab72a705762399d'}}, 'caller': {'address': '0xd7c4208aeb0961972b3ea717be25f2194d5f0331'}, 'date': {'date': '2021-03-22'}, 'block': {'height': 12085425}}, {'smartContract': {'address': {'address': '0x0822f3c03dcc24d200aff33493dc08d0e1f274a2'}}, 'caller': {'address': '0xd7c4208aeb0961972b3ea717be25f2194d5f0331'}, 'date': {'date': '2021-03-22'}, 'block': {'height': 12085272}}, {'smartContract': {'address': {'address': '0x4a049d23ffaf21e7477e04caf22335b7a8cf7d7e'}}, 'caller': {'address': '0xd7c4208aeb0961972b3ea717be25f2194d5f0331'}, 'date': {'date': '2021-03-21'}, 'block': {'height': 12085244}}, {'smartContract': {'address': {'address': '0xb1b46206b0e5d0fe9e5255d5a632dde2b7d6ce87'}}, 'caller': {'address': '0xd7c4208aeb0961972b3ea717be25f2194d5f0331'}, 'date': {'date': '2021-03-21'}, 'block': {'height': 12085050}}, {'smartContract': {'address': {'address': '0x31932e6e45012476ba3a3a4953cba62aee77fbbe'}}, 'caller': {'address': '0xd7c4208aeb0961972b3ea717be25f2194d5f0331'}, 'date': {'date': '2021-03-21'}, 'block': {'height': 12084973}}, {'smartContract': {'address': {'address': '0x6a617fe9163c1499b9d2773fb2d0105a2368bedc'}}, 'caller': {'address': '0xd7c4208aeb0961972b3ea717be25f2194d5f0331'}, 'date': {'date': '2021-03-21'}, 'block': {'height': 12084968}}, {'smartContract': {'address': {'address': '0x383518188c0c6d7730d91b2c03a03c837814a899'}}, 'caller': {'address': '0xd7c4208aeb0961972b3ea717be25f2194d5f0331'}, 'date': {'date': '2021-03-21'}, 'block': {'height': 12084967}}, {'smartContract': {'address': {'address': '0x9f93c9fca9037eb606af706af0b61635b8e5abf4'}}, 'caller': {'address': '0xd7c4208aeb0961972b3ea717be25f2194d5f0331'}, 'date': {'date': '2021-03-21'}, 'block': {'height': 12084956}}, {'smartContract': {'address': {'address': '0x8f5930936e8e7457108768f1754840bda795da47'}}, 'caller': {'address': '0xd7c4208aeb0961972b3ea717be25f2194d5f0331'}, 'date': {'date': '2021-03-21'}, 'block': {'height': 12084916}}, {'smartContract': {'address': {'address': '0x8e0462ee5efd90be757ef89337fd3218f517c54b'}}, 'caller': {'address': '0xa5409ec958c83c3f309868babaca7c86dcb077c1'}, 'date': {'date': '2021-03-17'}, 'block': {'height': 12059232}}, {'smartContract': {'address': {'address': '0x245cc372c84b3645bf0ffe6538620b04a217988b'}}, 'caller': {'address': '0x76e2cfc1f5fa8f6a5b3fc4c8f4788f0116861f9b'}, 'date': {'date': '2021-03-14'}, 'block': {'height': 12037372}}, {'smartContract': {'address': {'address': '0xdf6d033dc1526226cd4bcc5c5abf9b25a7d4a812'}}, 'caller': {'address': '0x61a0ebb954bd5ca9de1f7953219ffa52400964ae'}, 'date': {'date': '2021-03-12'}, 'block': {'height': 12020728}}, {'smartContract': {'address': {'address': '0x61a0ebb954bd5ca9de1f7953219ffa52400964ae'}}, 'caller': {'address': '0xb9da44c051c6cc9e04b7e0f95e95d69c6a6d8031'}, 'date': {'date': '2021-03-12'}, 'block': {'height': 12020728}}, {'smartContract': {'address': {'address': '0x77bfe6a1961a475db6cf16a8477173f2ff8960a1'}}, 'caller': {'address': '0x909d05f384d0663ed4be59863815ab43b4f347ec'}, 'date': {'date': '2021-03-12'}, 'block': {'height': 12020728}}, {'smartContract': {'address': {'address': '0x888de93318af6a461f2ca81adf188fc022162749'}}, 'caller': {'address': '0x61a0ebb954bd5ca9de1f7953219ffa52400964ae'}, 'date': {'date': '2021-03-12'}, 'block': {'height': 12020728}}, {'smartContract': {'address': {'address': '0x981e6ef40bae49c76c79e1633ccb9e277d558b94'}}, 'caller': {'address': '0x61a0ebb954bd5ca9de1f7953219ffa52400964ae'}, 'date': {'date': '2021-03-12'}, 'block': {'height': 12020728}}, {'smartContract': {'address': {'address': '0x7ca4319f144ea561fb4ffbe99e4d6901bb4dd6cb'}}, 'caller': {'address': '0x61a0ebb954bd5ca9de1f7953219ffa52400964ae'}, 'date': {'date': '2021-03-12'}, 'block': {'height': 12020728}}, {'smartContract': {'address': {'address': '0x1c03cfa19639dcd95cf9739b6df30a4e68c8d5e0'}}, 'caller': {'address': '0x61a0ebb954bd5ca9de1f7953219ffa52400964ae'}, 'date': {'date': '2021-03-12'}, 'block': {'height': 12020728}}, {'smartContract': {'address': {'address': '0x589ada417c17cdf0c244e836484cbccb0659fd50'}}, 'caller': {'address': '0x61a0ebb954bd5ca9de1f7953219ffa52400964ae'}, 'date': {'date': '2021-03-12'}, 'block': {'height': 12020728}}]",2021-03-22
25,25,0xaDB2437e6F65682B85F814fBc12FeC0508A7B1D0,UniCrypt,,0x60e2E1b2a317EdfC870b6Fc6886F69083FB2099a,180476222.3,"[{'smartContract': {'address': {'address': '0x9eda2f38cbec1a39c9e88eef4d6387cdafdb40b4'}}, 'caller': {'address': '0x5c69bee701ef814a2b6a3edd4b1652cb9cc5aa6f'}, 'date': {'date': '2021-10-21'}, 'block': {'height': 13464012}}, {'smartContract': {'address': {'address': '0x2d7ba20115f59423491bc56b1b2cf51354482f0e'}}, 'caller': {'address': '0x5c69bee701ef814a2b6a3edd4b1652cb9cc5aa6f'}, 'date': {'date': '2021-09-05'}, 'block': {'height': 13167974}}, {'smartContract': {'address': {'address': '0x066e57977455c8bc3f53ca6bc60d004d043db94d'}}, 'caller': {'address': '0x193d7319e752019fab6bbadefd06dadbde794a07'}, 'date': {'date': '2021-09-05'}, 'block': {'height': 13167889}}, {'smartContract': {'address': {'address': '0xe4d33fc4ca31cc91b1909d741bf9ecbb6a4a2a8b'}}, 'caller': {'address': '0x60e2e1b2a317edfc870b6fc6886f69083fb2099a'}, 'date': {'date': '2021-09-05'}, 'block': {'height': 13167877}}, {'smartContract': {'address': {'address': '0x889b85c1582fb35764dbf7c638cd31b751bc7a92'}}, 'caller': {'address': '0x5c69bee701ef814a2b6a3edd4b1652cb9cc5aa6f'}, 'date': {'date': '2021-08-22'}, 'block': {'height': 13078023}}, {'smartContract': {'address': {'address': '0x88376566136ede2099942337f552924e760a9083'}}, 'caller': {'address': '0x6679db82e06f58ebc5f8593a5c0913dddec4dac6'}, 'date': {'date': '2021-08-22'}, 'block': {'height': 13077889}}, {'smartContract': {'address': {'address': '0x6679db82e06f58ebc5f8593a5c0913dddec4dac6'}}, 'caller': {'address': '0x60e2e1b2a317edfc870b6fc6886f69083fb2099a'}, 'date': {'date': '2021-08-22'}, 'block': {'height': 13077781}}, {'smartContract': {'address': {'address': '0xb72b7eef3fb8bd08a175c4e6a15aa5ef4908af45'}}, 'caller': {'address': '0x60e2e1b2a317edfc870b6fc6886f69083fb2099a'}, 'date': {'date': '2021-08-22'}, 'block': {'height': 13077775}}, {'smartContract': {'address': {'address': '0x9720526c803aeee9c7558dbd19a4d6b512a49b94'}}, 'caller': {'address': '0x60e2e1b2a317edfc870b6fc6886f69083fb2099a'}, 'date': {'date': '2021-08-22'}, 'block': {'height': 13077739}}, {'smartContract': {'address': {'address': '0x21c7758736a87d385b9db6efae7faa728fe94875'}}, 'caller': {'address': '0x05e5a82ad97caf832ca3e53b154f84a8b69dc1eb'}, 'date': {'date': '2021-06-05'}, 'block': {'height': 12574158}}, {'smartContract': {'address': {'address': '0x071469e074621505756d896201b20834f041df59'}}, 'caller': {'address': '0x499df38a3be830a4c21611a7d3fcf78c189db36d'}, 'date': {'date': '2021-06-05'}, 'block': {'height': 12574132}}, {'smartContract': {'address': {'address': '0x939292c1af769cff8a1e4da119472342d5ef9417'}}, 'caller': {'address': '0x0fd433e474ecb81005ac906e0bcfab66e1d49371'}, 'date': {'date': '2021-06-05'}, 'block': {'height': 12574121}}, {'smartContract': {'address': {'address': '0x05e5a82ad97caf832ca3e53b154f84a8b69dc1eb'}}, 'caller': {'address': '0x60e2e1b2a317edfc870b6fc6886f69083fb2099a'}, 'date': {'date': '2021-06-05'}, 'block': {'height': 12574101}}, {'smartContract': {'address': {'address': '0xa113f90fd1714933ccf9b378e08a7f5d680c44f2'}}, 'caller': {'address': '0x60e2e1b2a317edfc870b6fc6886f69083fb2099a'}, 'date': {'date': '2021-06-05'}, 'block': {'height': 12574098}}, {'smartContract': {'address': {'address': '0x4ad4afc8d908b01429ae87146e6ff6b843493f84'}}, 'caller': {'address': '0x60e2e1b2a317edfc870b6fc6886f69083fb2099a'}, 'date': {'date': '2021-05-30'}, 'block': {'height': 12538617}}, {'smartContract': {'address': {'address': '0x740e25f0ab8298170c2d444f5f83e1a4a9b72b85'}}, 'caller': {'address': '0x0fd433e474ecb81005ac906e0bcfab66e1d49371'}, 'date': {'date': '2021-05-30'}, 'block': {'height': 12538593}}, {'smartContract': {'address': {'address': '0xf9d6f3e5b95ccd595478a942be14f7121f03f78d'}}, 'caller': {'address': '0x0fd433e474ecb81005ac906e0bcfab66e1d49371'}, 'date': {'date': '2021-05-30'}, 'block': {'height': 12538590}}, {'smartContract': {'address': {'address': '0x0fd433e474ecb81005ac906e0bcfab66e1d49371'}}, 'caller': {'address': '0x60e2e1b2a317edfc870b6fc6886f69083fb2099a'}, 'date': {'date': '2021-05-30'}, 'block': {'height': 12538576}}, {'smartContract': {'address': {'address': '0xbfaa7a85d2c737e31341d6cb11d5eea63d23684a'}}, 'caller': {'address': '0x60e2e1b2a317edfc870b6fc6886f69083fb2099a'}, 'date': {'date': '2021-05-30'}, 'block': {'height': 12538570}}, {'smartContract': {'address': {'address': '0xf72e2d5d025cbce9ce4d25e5ac4a5c3437ff8d26'}}, 'caller': {'address': '0x60e2e1b2a317edfc870b6fc6886f69083fb2099a'}, 'date': {'date': '2021-05-30'}, 'block': {'height': 12538556}}, {'smartContract': {'address': {'address': '0x7a3dcabd034d702f70a3ce98364c3fd43200f6da'}}, 'caller': {'address': '0x60e2e1b2a317edfc870b6fc6886f69083fb2099a'}, 'date': {'date': '2021-05-19'}, 'block': {'height': 12464094}}, {'smartContract': {'address': {'address': '0xdba68f07d1b7ca219f78ae8582c213d975c25caf'}}, 'caller': {'address': '0x60e2e1b2a317edfc870b6fc6886f69083fb2099a'}, 'date': {'date': '2021-05-19'}, 'block': {'height': 12464071}}, {'smartContract': {'address': {'address': '0x3febe0e6e06bd5c470e9df3c9f058ac23c342cf7'}}, 'caller': {'address': '0x60e2e1b2a317edfc870b6fc6886f69083fb2099a'}, 'date': {'date': '2021-05-19'}, 'block': {'height': 12464052}}, {'smartContract': {'address': {'address': '0x9d9d605c03d6b8d61341cc2c64c8595833c46f22'}}, 'caller': {'address': '0xa1de0bcafc6c723fefb4a84a1d0efea067dd99f6'}, 'date': {'date': '2021-03-10'}, 'block': {'height': 12013166}}, {'smartContract': {'address': {'address': '0xa1de0bcafc6c723fefb4a84a1d0efea067dd99f6'}}, 'caller': {'address': '0x60e2e1b2a317edfc870b6fc6886f69083fb2099a'}, 'date': {'date': '2021-03-10'}, 'block': {'height': 12013044}}, {'smartContract': {'address': {'address': '0xec7bfa2c7c34f0e069436151d73ab0ec27594b45'}}, 'caller': {'address': '0x60e2e1b2a317edfc870b6fc6886f69083fb2099a'}, 'date': {'date': '2021-03-10'}, 'block': {'height': 12013041}}, {'smartContract': {'address': {'address': '0xa03ec8117c3c16412e5dc4bc4d6b72b517fdf244'}}, 'caller': {'address': '0x60e2e1b2a317edfc870b6fc6886f69083fb2099a'}, 'date': {'date': '2021-03-10'}, 'block': {'height': 12013002}}, {'smartContract': {'address': {'address': '0xcee32da23a4ea61f6217b19d84fe63e077af5990'}}, 'caller': {'address': '0x60e2e1b2a317edfc870b6fc6886f69083fb2099a'}, 'date': {'date': '2021-03-10'}, 'block': {'height': 12012986}}, {'smartContract': {'address': {'address': '0xed9180976c2a4742c7a57354fd39d8bec6cbd8ab'}}, 'caller': {'address': '0x60e2e1b2a317edfc870b6fc6886f69083fb2099a'}, 'date': {'date': '2021-03-10'}, 'block': {'height': 12010517}}, {'smartContract': {'address': {'address': '0xad9f667328c910668ad6e20e89ca7888de4f77ec'}}, 'caller': {'address': '0x60e2e1b2a317edfc870b6fc6886f69083fb2099a'}, 'date': {'date': '2021-01-29'}, 'block': {'height': 11751809}}, {'smartContract': {'address': {'address': '0x4cac92dfc7977495ed7c58b82841e217320187d3'}}, 'caller': {'address': '0x5c69bee701ef814a2b6a3edd4b1652cb9cc5aa6f'}, 'date': {'date': '2021-01-29'}, 'block': {'height': 11751449}}, {'smartContract': {'address': {'address': '0x499df38a3be830a4c21611a7d3fcf78c189db36d'}}, 'caller': {'address': '0x60e2e1b2a317edfc870b6fc6886f69083fb2099a'}, 'date': {'date': '2021-01-29'}, 'block': {'height': 11750708}}, {'smartContract': {'address': {'address': '0x6219ba54eb5f60a21a5dd2de5aaeb01874e95b34'}}, 'caller': {'address': '0x60e2e1b2a317edfc870b6fc6886f69083fb2099a'}, 'date': {'date': '2021-01-29'}, 'block': {'height': 11750703}}, {'smartContract': {'address': {'address': '0x9c603e70da2e8674385861918840ccd1e679ce09'}}, 'caller': {'address': '0x60e2e1b2a317edfc870b6fc6886f69083fb2099a'}, 'date': {'date': '2021-01-29'}, 'block': {'height': 11750699}}, {'smartContract': {'address': {'address': '0x266fa12dc7551ae0333223a510c72f02eae85a8e'}}, 'caller': {'address': '0x60e2e1b2a317edfc870b6fc6886f69083fb2099a'}, 'date': {'date': '2021-01-29'}, 'block': {'height': 11749936}}, {'smartContract': {'address': {'address': '0xd483e70059a204b4c405a5f3e3eb0a0eafb84afc'}}, 'caller': {'address': '0x60e2e1b2a317edfc870b6fc6886f69083fb2099a'}, 'date': {'date': '2021-01-29'}, 'block': {'height': 11749929}}, {'smartContract': {'address': {'address': '0x13a264ecc9caee457c670997653a9dfe1c6ca13c'}}, 'caller': {'address': '0x60e2e1b2a317edfc870b6fc6886f69083fb2099a'}, 'date': {'date': '2021-01-29'}, 'block': {'height': 11749909}}, {'smartContract': {'address': {'address': '0xca07e89e9674e9bc5bb9cade6771fec8e14e4042'}}, 'caller': {'address': '0x60e2e1b2a317edfc870b6fc6886f69083fb2099a'}, 'date': {'date': '2021-01-29'}, 'block': {'height': 11749874}}, {'smartContract': {'address': {'address': '0xcba369bc33bbb486033b858caf422c184c7b483c'}}, 'caller': {'address': '0x60e2e1b2a317edfc870b6fc6886f69083fb2099a'}, 'date': {'date': '2021-01-29'}, 'block': {'height': 11749852}}, {'smartContract': {'address': {'address': '0x2a8977e2a829be0dd8c94fc7886b15937a376c41'}}, 'caller': {'address': '0x60e2e1b2a317edfc870b6fc6886f69083fb2099a'}, 'date': {'date': '2021-01-29'}, 'block': {'height': 11749838}}, {'smartContract': {'address': {'address': '0x663a5c229c09b049e36dcc11a9b0d4a8eb9db214'}}, 'caller': {'address': '0x60e2e1b2a317edfc870b6fc6886f69083fb2099a'}, 'date': {'date': '2020-12-16'}, 'block': {'height': 11463946}}, {'smartContract': {'address': {'address': '0x9ff02b45d66033d03889ca0344d6dbcd67071b0f'}}, 'caller': {'address': '0x197d2286f299c323272c08d768d7fd987e1350f2'}, 'date': {'date': '2020-12-02'}, 'block': {'height': 11375469}}, {'smartContract': {'address': {'address': '0x325e1f9f0f6caf37f377cdb011d19be8cf58cbf7'}}, 'caller': {'address': '0x197d2286f299c323272c08d768d7fd987e1350f2'}, 'date': {'date': '2020-11-14'}, 'block': {'height': 11258101}}, {'smartContract': {'address': {'address': '0x51ade0937ea8bb2b4e890fdd8f91f7aab9af2d22'}}, 'caller': {'address': '0x197d2286f299c323272c08d768d7fd987e1350f2'}, 'date': {'date': '2020-11-14'}, 'block': {'height': 11258081}}, {'smartContract': {'address': {'address': '0xc6f4915b82fe37374d4c9354de0b2d55f6290792'}}, 'caller': {'address': '0x5c69bee701ef814a2b6a3edd4b1652cb9cc5aa6f'}, 'date': {'date': '2020-11-14'}, 'block': {'height': 11257970}}, {'smartContract': {'address': {'address': '0xec7269c26844b05271c552d64dc2f01f2213c85e'}}, 'caller': {'address': '0x5c69bee701ef814a2b6a3edd4b1652cb9cc5aa6f'}, 'date': {'date': '2020-11-14'}, 'block': {'height': 11257946}}, {'smartContract': {'address': {'address': '0xc55c27fe427282fc26f0d5b895d52cf5de253758'}}, 'caller': {'address': '0x197d2286f299c323272c08d768d7fd987e1350f2'}, 'date': {'date': '2020-11-10'}, 'block': {'height': 11229667}}, {'smartContract': {'address': {'address': '0x8f3ba6e63fc058376cfb52b6b973ac4217d088f3'}}, 'caller': {'address': '0x197d2286f299c323272c08d768d7fd987e1350f2'}, 'date': {'date': '2020-11-10'}, 'block': {'height': 11229405}}, {'smartContract': {'address': {'address': '0x6f60fb4a9febcba00e363c7140be2fc81c66c432'}}, 'caller': {'address': '0x197d2286f299c323272c08d768d7fd987e1350f2'}, 'date': {'date': '2020-11-08'}, 'block': {'height': 11217288}}, {'smartContract': {'address': {'address': '0x4c412f365f2cea503bc0d519a48e54670d6fd729'}}, 'caller': {'address': '0x60e2e1b2a317edfc870b6fc6886f69083fb2099a'}, 'date': {'date': '2020-11-05'}, 'block': {'height': 11196220}}, {'smartContract': {'address': {'address': '0x197d2286f299c323272c08d768d7fd987e1350f2'}}, 'caller': {'address': '0x60e2e1b2a317edfc870b6fc6886f69083fb2099a'}, 'date': {'date': '2020-11-05'}, 'block': {'height': 11196195}}, {'smartContract': {'address': {'address': '0x388f7e6d45e058aa703227b44e216e3be3c6a6e7'}}, 'caller': {'address': '0x60e2e1b2a317edfc870b6fc6886f69083fb2099a'}, 'date': {'date': '2020-11-05'}, 'block': {'height': 11196187}}, {'smartContract': {'address': {'address': '0x8a5e208c1ca217db8ee64e8d390cf1f25de35a4e'}}, 'caller': {'address': '0x60e2e1b2a317edfc870b6fc6886f69083fb2099a'}, 'date': {'date': '2020-11-02'}, 'block': {'height': 11178083}}, {'smartContract': {'address': {'address': '0x2f4eb47a1b1f4488c71fc10e39a4aa56af33dd49'}}, 'caller': {'address': '0x60e2e1b2a317edfc870b6fc6886f69083fb2099a'}, 'date': {'date': '2020-11-02'}, 'block': {'height': 11178060}}, {'smartContract': {'address': {'address': '0x816c82409ec8e0c008fc79e902a8e790bb70840c'}}, 'caller': {'address': '0x60e2e1b2a317edfc870b6fc6886f69083fb2099a'}, 'date': {'date': '2020-10-15'}, 'block': {'height': 11061203}}, {'smartContract': {'address': {'address': '0xadb2437e6f65682b85f814fbc12fec0508a7b1d0'}}, 'caller': {'address': '0x60e2e1b2a317edfc870b6fc6886f69083fb2099a'}, 'date': {'date': '2020-10-14'}, 'block': {'height': 11055690}}]",2020-10-14
26,26,0x662b67d00A13FAf93254714DD601F5Ed49Ef2F51,Orbit Chain,,0xd7F2839533819ac01a36c30364abF9a106e3B01F,173968082.2,"[{'smartContract': {'address': {'address': '0x6c943dc29e22be4ed8c1461e5eea3f344d0463c6'}}, 'caller': {'address': '0xd7f2839533819ac01a36c30364abf9a106e3b01f'}, 'date': {'date': '2020-10-13'}, 'block': {'height': 11045997}}]",2019-06-24
27,27,0x77777FeDdddFfC19Ff86DB637967013e6C6A116C,TORN Token (TORN),https://github.com/tornadocash-community,0xce0042B868300000d44A59004Da54A005ffdcf9f,168747928.9,[],2020-12-18
28,28,0xd7c49CEE7E9188cCa6AD8FF264C1DA2e69D4Cf3B,NXM (NXM),,0x1B541c2dC0653FD060E8320D2F763733BA8Cffe3,167578539.4,[],2019-05-23
29,29,0x090185f2135308BaD17527004364eBcC2D37e5F6,Spell Token (SPELL),,0xfddfE525054efaAD204600d00CA86ADb1Cc2ea8a,161507802.1,"[{'smartContract': {'address': {'address': '0xaeef657a06e6d9255b2895c9cef556da5359d50a'}}, 'caller': {'address': '0xfddfe525054efaad204600d00ca86adb1cc2ea8a'}, 'date': {'date': '2022-12-14'}, 'block': {'height': 16179837}}, {'smartContract': {'address': {'address': '0x5d411d0fb861473d03bb972f420d9880d9eb917f'}}, 'caller': {'address': '0xa6b71e26c5e0845f74c812102ca7114b6a896ab2'}, 'date': {'date': '2022-12-05'}, 'block': {'height': 16121690}}, {'smartContract': {'address': {'address': '0xdc25b9bc15b055299c6a83eef24917397368bd34'}}, 'caller': {'address': '0xfddfe525054efaad204600d00ca86adb1cc2ea8a'}, 'date': {'date': '2022-11-21'}, 'block': {'height': 16015610}}, {'smartContract': {'address': {'address': '0xe1b0ed287da0db14537416f6ca2f1679e0536b52'}}, 'caller': {'address': '0xfddfe525054efaad204600d00ca86adb1cc2ea8a'}, 'date': {'date': '2022-11-09'}, 'block': {'height': 15935604}}, {'smartContract': {'address': {'address': '0x487b60622c59e56de566b7ca2efe18bba36e67e8'}}, 'caller': {'address': '0xfddfe525054efaad204600d00ca86adb1cc2ea8a'}, 'date': {'date': '2022-11-09'}, 'block': {'height': 15935597}}, {'smartContract': {'address': {'address': '0x426e43b82513f17e375681a15ded0c88720aca86'}}, 'caller': {'address': '0xfddfe525054efaad204600d00ca86adb1cc2ea8a'}, 'date': {'date': '2022-11-09'}, 'block': {'height': 15935330}}, {'smartContract': {'address': {'address': '0xc7c92bc47c84348e78a7d0367c8b34f74999db77'}}, 'caller': {'address': '0xfddfe525054efaad204600d00ca86adb1cc2ea8a'}, 'date': {'date': '2022-11-09'}, 'block': {'height': 15934778}}, {'smartContract': {'address': {'address': '0x0632ad0bb0037d4527bc92dda9be64d7607e8327'}}, 'caller': {'address': '0xfddfe525054efaad204600d00ca86adb1cc2ea8a'}, 'date': {'date': '2022-11-09'}, 'block': {'height': 15934732}}, {'smartContract': {'address': {'address': '0xfff13a1189633c5e5ce800858e243c4d63c614e9'}}, 'caller': {'address': '0xfddfe525054efaad204600d00ca86adb1cc2ea8a'}, 'date': {'date': '2022-11-09'}, 'block': {'height': 15934683}}, {'smartContract': {'address': {'address': '0x500fab7ec6641674bf4d3fc456a4863876b00e33'}}, 'caller': {'address': '0xfddfe525054efaad204600d00ca86adb1cc2ea8a'}, 'date': {'date': '2022-11-09'}, 'block': {'height': 15934612}}, {'smartContract': {'address': {'address': '0x0477633b45405a9b1f79745d37e87e495e6a883f'}}, 'caller': {'address': '0xfddfe525054efaad204600d00ca86adb1cc2ea8a'}, 'date': {'date': '2022-11-09'}, 'block': {'height': 15934415}}, {'smartContract': {'address': {'address': '0xfdcfec5eb5d2affff29c5fc854668f9e60fd5cce'}}, 'caller': {'address': '0xc815db16d4be6ddf2685c201937905abf338f5d7'}, 'date': {'date': '2022-11-09'}, 'block': {'height': 15934400}}, {'smartContract': {'address': {'address': '0x4d4b8fa5baf8367f7f8af69b7392c6fd76b9f8a5'}}, 'caller': {'address': '0xfddfe525054efaad204600d00ca86adb1cc2ea8a'}, 'date': {'date': '2022-11-09'}, 'block': {'height': 15934354}}, {'smartContract': {'address': {'address': '0x9685c79e7572faf11220d0f3a1c1fff8b74fdc65'}}, 'caller': {'address': '0xa6b71e26c5e0845f74c812102ca7114b6a896ab2'}, 'date': {'date': '2022-09-19'}, 'block': {'height': 15569355}}, {'smartContract': {'address': {'address': '0xa85f5ded4b2a0141b06e5d30196367393db5d497'}}, 'caller': {'address': '0xa6b71e26c5e0845f74c812102ca7114b6a896ab2'}, 'date': {'date': '2022-09-19'}, 'block': {'height': 15569341}}, {'smartContract': {'address': {'address': '0x0a15035e1ae91d980fad129973b8249a589a682a'}}, 'caller': {'address': '0xfddfe525054efaad204600d00ca86adb1cc2ea8a'}, 'date': {'date': '2022-09-14'}, 'block': {'height': 15534470}}, {'smartContract': {'address': {'address': '0x6558f11468a5117e61ac931c28786f9810e04bad'}}, 'caller': {'address': '0xabb322c65e9e0f8c7d4f28f3a5deb8084af6d2f4'}, 'date': {'date': '2022-09-12'}, 'block': {'height': 15521259}}, {'smartContract': {'address': {'address': '0x450a3fa45f944c8344d853dc94e123da75aa146f'}}, 'caller': {'address': '0xa6b71e26c5e0845f74c812102ca7114b6a896ab2'}, 'date': {'date': '2022-07-03'}, 'block': {'height': 15069698}}, {'smartContract': {'address': {'address': '0x5dcb515ffd0b22d68dd5139951bf11a67dd5a52b'}}, 'caller': {'address': '0x1f98431c8ad98523631ae4a59f267346ea31f984'}, 'date': {'date': '2022-06-15'}, 'block': {'height': 14968211}}, {'smartContract': {'address': {'address': '0x9427e70e0c33a25efc6cba94a44a51e53ddf3587'}}, 'caller': {'address': '0xfddfe525054efaad204600d00ca86adb1cc2ea8a'}, 'date': {'date': '2022-05-10'}, 'block': {'height': 14745380}}, {'smartContract': {'address': {'address': '0x692b43a5c7f16f4fc9fcaa353a519b98ef8befa3'}}, 'caller': {'address': '0xfddfe525054efaad204600d00ca86adb1cc2ea8a'}, 'date': {'date': '2022-05-09'}, 'block': {'height': 14740010}}, {'smartContract': {'address': {'address': '0xccf7e3bd8162c5e59135601305261d94d5f4805d'}}, 'caller': {'address': '0xfddfe525054efaad204600d00ca86adb1cc2ea8a'}, 'date': {'date': '2022-05-08'}, 'block': {'height': 14738551}}, {'smartContract': {'address': {'address': '0x64e27959ec2602713460234c24728deef539df91'}}, 'caller': {'address': '0xfddfe525054efaad204600d00ca86adb1cc2ea8a'}, 'date': {'date': '2022-04-12'}, 'block': {'height': 14572552}}, {'smartContract': {'address': {'address': '0xdf2c270f610dc35d8ffda5b453e74db5471e126b'}}, 'caller': {'address': '0xa6b71e26c5e0845f74c812102ca7114b6a896ab2'}, 'date': {'date': '2022-02-23'}, 'block': {'height': 14263512}}, {'smartContract': {'address': {'address': '0x958da0fc423e716554e67dff80921d171e6741b3'}}, 'caller': {'address': '0xfddfe525054efaad204600d00ca86adb1cc2ea8a'}, 'date': {'date': '2021-11-02'}, 'block': {'height': 13537392}}, {'smartContract': {'address': {'address': '0x18dd9f78d26a94a91ac8fbe3bb8245a5454b1aa8'}}, 'caller': {'address': '0xfddfe525054efaad204600d00ca86adb1cc2ea8a'}, 'date': {'date': '2021-10-31'}, 'block': {'height': 13523971}}, {'smartContract': {'address': {'address': '0xc1879bf24917ebe531fbaa20b0d05da027b592ce'}}, 'caller': {'address': '0xf5bce5077908a1b7370b9ae04adc565ebd643966'}, 'date': {'date': '2021-09-29'}, 'block': {'height': 13318362}}, {'smartContract': {'address': {'address': '0x4eaed76c3a388f4a841e9c765560bbe7b3e4b3a0'}}, 'caller': {'address': '0xf5bce5077908a1b7370b9ae04adc565ebd643966'}, 'date': {'date': '2021-09-25'}, 'block': {'height': 13297740}}, {'smartContract': {'address': {'address': '0x813c2b48f92006ce2ca315acef45bf96756cfc7a'}}, 'caller': {'address': '0xfddfe525054efaad204600d00ca86adb1cc2ea8a'}, 'date': {'date': '2021-09-17'}, 'block': {'height': 13241348}}, {'smartContract': {'address': {'address': '0x06676dc8668a7e189eadff6bbc2ce7f62da08d92'}}, 'caller': {'address': '0xfddfe525054efaad204600d00ca86adb1cc2ea8a'}, 'date': {'date': '2021-09-17'}, 'block': {'height': 13240431}}, {'smartContract': {'address': {'address': '0xe88f8bcef4dd35cb54583ed4c37d0c555805b43a'}}, 'caller': {'address': '0xfddfe525054efaad204600d00ca86adb1cc2ea8a'}, 'date': {'date': '2021-09-17'}, 'block': {'height': 13239938}}, {'smartContract': {'address': {'address': '0x24a1a1cb198f0d3ee9d86b4bd4d3f89358608b48'}}, 'caller': {'address': '0xfddfe525054efaad204600d00ca86adb1cc2ea8a'}, 'date': {'date': '2021-09-17'}, 'block': {'height': 13239924}}, {'smartContract': {'address': {'address': '0xc319eea1e792577c319723b5e60a15da3857e7da'}}, 'caller': {'address': '0xf5bce5077908a1b7370b9ae04adc565ebd643966'}, 'date': {'date': '2021-09-16'}, 'block': {'height': 13239675}}, {'smartContract': {'address': {'address': '0x806e16ec797c69afa8590a55723ce4cc1b54050e'}}, 'caller': {'address': '0xf5bce5077908a1b7370b9ae04adc565ebd643966'}, 'date': {'date': '2021-09-02'}, 'block': {'height': 13148516}}, {'smartContract': {'address': {'address': '0x83a56ba3cfc236f8923bd27258c6abfc19b375f4'}}, 'caller': {'address': '0xfddfe525054efaad204600d00ca86adb1cc2ea8a'}, 'date': {'date': '2021-08-31'}, 'block': {'height': 13131852}}, {'smartContract': {'address': {'address': '0xe1847af8f3292ac831066bd288889596a1fd09bb'}}, 'caller': {'address': '0xfddfe525054efaad204600d00ca86adb1cc2ea8a'}, 'date': {'date': '2021-08-31'}, 'block': {'height': 13131843}}, {'smartContract': {'address': {'address': '0x05500e2ee779329698df35760bedcaac046e7c27'}}, 'caller': {'address': '0xf5bce5077908a1b7370b9ae04adc565ebd643966'}, 'date': {'date': '2021-08-30'}, 'block': {'height': 13127890}}, {'smartContract': {'address': {'address': '0xed3056e0aa92c8ea9732212b254a59e9bc57c378'}}, 'caller': {'address': '0xfddfe525054efaad204600d00ca86adb1cc2ea8a'}, 'date': {'date': '2021-08-30'}, 'block': {'height': 13127791}}, {'smartContract': {'address': {'address': '0x7b7473a76d6ae86ce19f7352a1e89f6c9dc39020'}}, 'caller': {'address': '0xf5bce5077908a1b7370b9ae04adc565ebd643966'}, 'date': {'date': '2021-08-30'}, 'block': {'height': 13127188}}, {'smartContract': {'address': {'address': '0x0bca8ebcb26502b013493bf8fe53aa2b1ed401c1'}}, 'caller': {'address': '0xf5bce5077908a1b7370b9ae04adc565ebd643966'}, 'date': {'date': '2021-08-25'}, 'block': {'height': 13097463}}, {'smartContract': {'address': {'address': '0x942d5f657d5b48f82db530ad530e200e1caddc26'}}, 'caller': {'address': '0xfddfe525054efaad204600d00ca86adb1cc2ea8a'}, 'date': {'date': '2021-08-25'}, 'block': {'height': 13097438}}, {'smartContract': {'address': {'address': '0xf314ad60c32f80671d00e3de35e44a130829b795'}}, 'caller': {'address': '0xfddfe525054efaad204600d00ca86adb1cc2ea8a'}, 'date': {'date': '2021-08-25'}, 'block': {'height': 13097414}}, {'smartContract': {'address': {'address': '0x2764eae8481b1f463124c817feb310042618ca72'}}, 'caller': {'address': '0xfddfe525054efaad204600d00ca86adb1cc2ea8a'}, 'date': {'date': '2021-08-25'}, 'block': {'height': 13097411}}, {'smartContract': {'address': {'address': '0x997ae5926b42b49966bcd2ca4c0d7df744b07d66'}}, 'caller': {'address': '0xfddfe525054efaad204600d00ca86adb1cc2ea8a'}, 'date': {'date': '2021-08-25'}, 'block': {'height': 13095088}}, {'smartContract': {'address': {'address': '0x98a84eff6e008c5ed0289655ccdca899bcb6b99f'}}, 'caller': {'address': '0xf5bce5077908a1b7370b9ae04adc565ebd643966'}, 'date': {'date': '2021-08-23'}, 'block': {'height': 13082618}}, {'smartContract': {'address': {'address': '0x125238b61064ab2c00c3b22acb4b3b6e4732ae90'}}, 'caller': {'address': '0xfddfe525054efaad204600d00ca86adb1cc2ea8a'}, 'date': {'date': '2021-08-22'}, 'block': {'height': 13071945}}, {'smartContract': {'address': {'address': '0x0c2e700c8eb3da2f70338c845354a3fe70d2c9fa'}}, 'caller': {'address': '0xfddfe525054efaad204600d00ca86adb1cc2ea8a'}, 'date': {'date': '2021-08-22'}, 'block': {'height': 13071881}}, {'smartContract': {'address': {'address': '0x985486e621c28452f444bbcc8c84868bda920922'}}, 'caller': {'address': '0xfddfe525054efaad204600d00ca86adb1cc2ea8a'}, 'date': {'date': '2021-08-22'}, 'block': {'height': 13071831}}, {'smartContract': {'address': {'address': '0x229104587b6ef8762f0a5ce394bf02f78ee25366'}}, 'caller': {'address': '0xfddfe525054efaad204600d00ca86adb1cc2ea8a'}, 'date': {'date': '2021-08-22'}, 'block': {'height': 13071788}}, {'smartContract': {'address': {'address': '0x003d5a75d284824af736df51933be522de9eed0f'}}, 'caller': {'address': '0xf5bce5077908a1b7370b9ae04adc565ebd643966'}, 'date': {'date': '2021-08-21'}, 'block': {'height': 13071089}}, {'smartContract': {'address': {'address': '0x1478551ff3ee214409db6d0d0182ace2d6b25b88'}}, 'caller': {'address': '0xfddfe525054efaad204600d00ca86adb1cc2ea8a'}, 'date': {'date': '2021-08-21'}, 'block': {'height': 13071052}}, {'smartContract': {'address': {'address': '0x29ddf8bc8d23a157771eee17f455e84d983a4635'}}, 'caller': {'address': '0xf5bce5077908a1b7370b9ae04adc565ebd643966'}, 'date': {'date': '2021-08-21'}, 'block': {'height': 13069489}}, {'smartContract': {'address': {'address': '0x5db0ebf9feeecfd0ee82a4f27078dbce7b4cd1dc'}}, 'caller': {'address': '0xf5bce5077908a1b7370b9ae04adc565ebd643966'}, 'date': {'date': '2021-08-21'}, 'block': {'height': 13069041}}, {'smartContract': {'address': {'address': '0xf6c91a7af5d193fda57cca21cba1b3bc662ccb89'}}, 'caller': {'address': '0xfddfe525054efaad204600d00ca86adb1cc2ea8a'}, 'date': {'date': '2021-08-21'}, 'block': {'height': 13069004}}, {'smartContract': {'address': {'address': '0xa3634ce42d614ea649c47a5d162f7d5085bf8436'}}, 'caller': {'address': '0xf5bce5077908a1b7370b9ae04adc565ebd643966'}, 'date': {'date': '2021-08-21'}, 'block': {'height': 13068871}}, {'smartContract': {'address': {'address': '0xbd06b8bd8198d07333f92b20a7c75ba2344178c5'}}, 'caller': {'address': '0xf5bce5077908a1b7370b9ae04adc565ebd643966'}, 'date': {'date': '2021-08-21'}, 'block': {'height': 13068862}}, {'smartContract': {'address': {'address': '0x657fd000944f1f09dca0f1cd6cf485fd81e074e0'}}, 'caller': {'address': '0xfddfe525054efaad204600d00ca86adb1cc2ea8a'}, 'date': {'date': '2021-08-21'}, 'block': {'height': 13068727}}, {'smartContract': {'address': {'address': '0xd1ea64e28ba942b450fd8633148870db4948234c'}}, 'caller': {'address': '0xfddfe525054efaad204600d00ca86adb1cc2ea8a'}, 'date': {'date': '2021-08-21'}, 'block': {'height': 13068727}}, {'smartContract': {'address': {'address': '0x4c96a8c69e583fb1fc57782f1385f00599a03a68'}}, 'caller': {'address': '0xfddfe525054efaad204600d00ca86adb1cc2ea8a'}, 'date': {'date': '2021-08-21'}, 'block': {'height': 13068725}}, {'smartContract': {'address': {'address': '0xc2bbe07e57508d61989251e399f96d1218b90523'}}, 'caller': {'address': '0xfddfe525054efaad204600d00ca86adb1cc2ea8a'}, 'date': {'date': '2021-08-21'}, 'block': {'height': 13068696}}, {'smartContract': {'address': {'address': '0xa10cbefb8fa376805d6589f0c3358d672fc5f6c0'}}, 'caller': {'address': '0xfddfe525054efaad204600d00ca86adb1cc2ea8a'}, 'date': {'date': '2021-08-21'}, 'block': {'height': 13068684}}, {'smartContract': {'address': {'address': '0xa17e42d018c0a04da6f1642ce549c407597d7aa1'}}, 'caller': {'address': '0xfddfe525054efaad204600d00ca86adb1cc2ea8a'}, 'date': {'date': '2021-08-21'}, 'block': {'height': 13068244}}, {'smartContract': {'address': {'address': '0x261e769d52165379834080ec4c80070f6eb1a6cb'}}, 'caller': {'address': '0xfddfe525054efaad204600d00ca86adb1cc2ea8a'}, 'date': {'date': '2021-08-21'}, 'block': {'height': 13068219}}, {'smartContract': {'address': {'address': '0x5ec2443b23f18a49910e94c71e098a19c8c58c11'}}, 'caller': {'address': '0xfddfe525054efaad204600d00ca86adb1cc2ea8a'}, 'date': {'date': '2021-08-21'}, 'block': {'height': 13068134}}, {'smartContract': {'address': {'address': '0x1ad386d647c216f3fe5a4fc04f6e4cb83e3048cf'}}, 'caller': {'address': '0xfddfe525054efaad204600d00ca86adb1cc2ea8a'}, 'date': {'date': '2021-08-21'}, 'block': {'height': 13067911}}, {'smartContract': {'address': {'address': '0xb63eb840daee054d9971dedfecbe0667a08c51f8'}}, 'caller': {'address': '0xfddfe525054efaad204600d00ca86adb1cc2ea8a'}, 'date': {'date': '2021-08-19'}, 'block': {'height': 13056444}}, {'smartContract': {'address': {'address': '0xf9bae4c8c6e933d4d9dcac611715024a1ecb7527'}}, 'caller': {'address': '0xfddfe525054efaad204600d00ca86adb1cc2ea8a'}, 'date': {'date': '2021-08-19'}, 'block': {'height': 13056419}}, {'smartContract': {'address': {'address': '0xbf5526fcce86b925891047efd3a7021e14d4a539'}}, 'caller': {'address': '0xf5bce5077908a1b7370b9ae04adc565ebd643966'}, 'date': {'date': '2021-08-18'}, 'block': {'height': 13051032}}, {'smartContract': {'address': {'address': '0xe0b858c2698598830256a005e1ad3a2c5ef5e6bc'}}, 'caller': {'address': '0xfddfe525054efaad204600d00ca86adb1cc2ea8a'}, 'date': {'date': '2021-08-18'}, 'block': {'height': 13050999}}, {'smartContract': {'address': {'address': '0x0bf90b3b5cad7dfcf70de198c498b61b3ba35cff'}}, 'caller': {'address': '0xf5bce5077908a1b7370b9ae04adc565ebd643966'}, 'date': {'date': '2021-08-18'}, 'block': {'height': 13050790}}, {'smartContract': {'address': {'address': '0xe1055bc2b2b7ac529733fc4f2880120f893cdad6'}}, 'caller': {'address': '0xfddfe525054efaad204600d00ca86adb1cc2ea8a'}, 'date': {'date': '2021-08-17'}, 'block': {'height': 13043624}}, {'smartContract': {'address': {'address': '0xebfde87310dc22404d918058faa4d56dc4e93f0a'}}, 'caller': {'address': '0xf5bce5077908a1b7370b9ae04adc565ebd643966'}, 'date': {'date': '2021-07-26'}, 'block': {'height': 12903352}}, {'smartContract': {'address': {'address': '0x1945dc833570a040e28b6e02aac913726e363180'}}, 'caller': {'address': '0xfddfe525054efaad204600d00ca86adb1cc2ea8a'}, 'date': {'date': '2021-07-13'}, 'block': {'height': 12821350}}, {'smartContract': {'address': {'address': '0xc09faaaac10b59ce3fc6a56539d43786049f4436'}}, 'caller': {'address': '0xfddfe525054efaad204600d00ca86adb1cc2ea8a'}, 'date': {'date': '2021-07-13'}, 'block': {'height': 12821266}}, {'smartContract': {'address': {'address': '0xaead4290574d52009bb62ee22a3e55f694ec732d'}}, 'caller': {'address': '0xfddfe525054efaad204600d00ca86adb1cc2ea8a'}, 'date': {'date': '2021-07-13'}, 'block': {'height': 12821223}}, {'smartContract': {'address': {'address': '0x33058da8c688251d98e7df7368a1a793390dc93a'}}, 'caller': {'address': '0xfddfe525054efaad204600d00ca86adb1cc2ea8a'}, 'date': {'date': '2021-07-13'}, 'block': {'height': 12820350}}, {'smartContract': {'address': {'address': '0x5e89e5430cc8e234ea8bfd907a367340c297e981'}}, 'caller': {'address': '0xfddfe525054efaad204600d00ca86adb1cc2ea8a'}, 'date': {'date': '2021-07-13'}, 'block': {'height': 12816512}}, {'smartContract': {'address': {'address': '0x96ffaa1b3d647a2ab4cfda942f411f4abf749cdb'}}, 'caller': {'address': '0xfddfe525054efaad204600d00ca86adb1cc2ea8a'}, 'date': {'date': '2021-07-08'}, 'block': {'height': 12788128}}, {'smartContract': {'address': {'address': '0xbc801018f5c9f979ddaac1b1c554b88d3092b5ff'}}, 'caller': {'address': '0xfddfe525054efaad204600d00ca86adb1cc2ea8a'}, 'date': {'date': '2021-07-07'}, 'block': {'height': 12783203}}, {'smartContract': {'address': {'address': '0x4e5659446a8c42e36bea73261285e569d1498a5e'}}, 'caller': {'address': '0xfddfe525054efaad204600d00ca86adb1cc2ea8a'}, 'date': {'date': '2021-07-07'}, 'block': {'height': 12783199}}, {'smartContract': {'address': {'address': '0x920d9bd936da4eafb5e25c6bdc9f6cb528953f9f'}}, 'caller': {'address': '0xf5bce5077908a1b7370b9ae04adc565ebd643966'}, 'date': {'date': '2021-07-06'}, 'block': {'height': 12776693}}, {'smartContract': {'address': {'address': '0x63905bb681b9e68682f392df2b22b7170f78d300'}}, 'caller': {'address': '0xfddfe525054efaad204600d00ca86adb1cc2ea8a'}, 'date': {'date': '2021-07-06'}, 'block': {'height': 12770883}}, {'smartContract': {'address': {'address': '0x1d7c1c99045c1c776607f8c1ec9ddd27a2d319d3'}}, 'caller': {'address': '0xfddfe525054efaad204600d00ca86adb1cc2ea8a'}, 'date': {'date': '2021-07-02'}, 'block': {'height': 12749636}}, {'smartContract': {'address': {'address': '0xca78478456b044ac13954a9172583dd1737e52d2'}}, 'caller': {'address': '0xfddfe525054efaad204600d00ca86adb1cc2ea8a'}, 'date': {'date': '2021-07-02'}, 'block': {'height': 12749625}}, {'smartContract': {'address': {'address': '0xd9a89aa4dab9d1033f97890b7ffa6ae1564bf026'}}, 'caller': {'address': '0xfddfe525054efaad204600d00ca86adb1cc2ea8a'}, 'date': {'date': '2021-07-01'}, 'block': {'height': 12738778}}, {'smartContract': {'address': {'address': '0xa806d2e52ad8d0e3cc4a1eff7d88fd651c521de8'}}, 'caller': {'address': '0xfddfe525054efaad204600d00ca86adb1cc2ea8a'}, 'date': {'date': '2021-07-01'}, 'block': {'height': 12738753}}, {'smartContract': {'address': {'address': '0x14f38fc328a12c2b4cf6e0cdd474529bddd9b1ee'}}, 'caller': {'address': '0xfddfe525054efaad204600d00ca86adb1cc2ea8a'}, 'date': {'date': '2021-06-20'}, 'block': {'height': 12670003}}, {'smartContract': {'address': {'address': '0x726ee39e9c7d00498109ebf4d05c28a47bf04655'}}, 'caller': {'address': '0xfddfe525054efaad204600d00ca86adb1cc2ea8a'}, 'date': {'date': '2021-06-18'}, 'block': {'height': 12660365}}, {'smartContract': {'address': {'address': '0x69704cb6c34586f648beb1634e692b8a09bf0d01'}}, 'caller': {'address': '0xfddfe525054efaad204600d00ca86adb1cc2ea8a'}, 'date': {'date': '2021-06-18'}, 'block': {'height': 12660360}}, {'smartContract': {'address': {'address': '0x1b34da94f48110b64b7a437e057ae3e794c625a2'}}, 'caller': {'address': '0xfddfe525054efaad204600d00ca86adb1cc2ea8a'}, 'date': {'date': '2021-06-16'}, 'block': {'height': 12647454}}, {'smartContract': {'address': {'address': '0x02e07b6f27e5ec37ca6e9f846b6d48704031625a'}}, 'caller': {'address': '0xfddfe525054efaad204600d00ca86adb1cc2ea8a'}, 'date': {'date': '2021-06-14'}, 'block': {'height': 12634257}}, {'smartContract': {'address': {'address': '0xbf6f6654db1c1742377ddf89cb42b3440b6e6699'}}, 'caller': {'address': '0xfddfe525054efaad204600d00ca86adb1cc2ea8a'}, 'date': {'date': '2021-06-14'}, 'block': {'height': 12634252}}, {'smartContract': {'address': {'address': '0x9702b517acc393e95724a8143fb502052fed9d4d'}}, 'caller': {'address': '0xfddfe525054efaad204600d00ca86adb1cc2ea8a'}, 'date': {'date': '2021-06-14'}, 'block': {'height': 12634179}}, {'smartContract': {'address': {'address': '0x197de282d7b5cefffd8f8b0196c30e8401593cf6'}}, 'caller': {'address': '0xfddfe525054efaad204600d00ca86adb1cc2ea8a'}, 'date': {'date': '2021-06-14'}, 'block': {'height': 12634153}}, {'smartContract': {'address': {'address': '0x40f64ff796ea941f2383ce579eee147a8732f01b'}}, 'caller': {'address': '0xfddfe525054efaad204600d00ca86adb1cc2ea8a'}, 'date': {'date': '2021-06-14'}, 'block': {'height': 12634133}}, {'smartContract': {'address': {'address': '0x04a34ff16f31c8d6ea7b2c4489df13caa53e31d6'}}, 'caller': {'address': '0xfddfe525054efaad204600d00ca86adb1cc2ea8a'}, 'date': {'date': '2021-06-14'}, 'block': {'height': 12631015}}, {'smartContract': {'address': {'address': '0x41b98276f8c2fe212a24c1f3c37e5ef8d99e549a'}}, 'caller': {'address': '0xfddfe525054efaad204600d00ca86adb1cc2ea8a'}, 'date': {'date': '2021-06-14'}, 'block': {'height': 12631005}}, {'smartContract': {'address': {'address': '0xec919debe0255b9a4fc60886729fa8874aa63fce'}}, 'caller': {'address': '0xfddfe525054efaad204600d00ca86adb1cc2ea8a'}, 'date': {'date': '2021-06-14'}, 'block': {'height': 12630963}}, {'smartContract': {'address': {'address': '0x2150617bc0b487112b52cc0bc7dc484b95e8f633'}}, 'caller': {'address': '0xfddfe525054efaad204600d00ca86adb1cc2ea8a'}, 'date': {'date': '2021-06-14'}, 'block': {'height': 12630939}}, {'smartContract': {'address': {'address': '0x27f2bec8890fbc7920b88ddba0bf0e7fac3c7bc2'}}, 'caller': {'address': '0xfddfe525054efaad204600d00ca86adb1cc2ea8a'}, 'date': {'date': '2021-06-14'}, 'block': {'height': 12630892}}]",2021-05-18
30,30,0xd9Fcd98c322942075A5C3860693e9f4f03AAE07b,Euler,https://github.com/euler-xyz,0xEe009FAF00CF54C1B4387829aF7A8Dc5f0c8C8C5,153204206.8,"[{'smartContract': {'address': {'address': '0xe83b69edfd12e477fe47152c0e1d65576b91a1cf'}}, 'caller': {'address': '0xee009faf00cf54c1b4387829af7a8dc5f0c8c8c5'}, 'date': {'date': '2022-12-14'}, 'block': {'height': 16183803}}, {'smartContract': {'address': {'address': '0x9e82c6a347c5444099ddb1e0b501bbea1e22c7f0'}}, 'caller': {'address': '0xee009faf00cf54c1b4387829af7a8dc5f0c8c8c5'}, 'date': {'date': '2022-12-05'}, 'block': {'height': 16120832}}, {'smartContract': {'address': {'address': '0x229443bf7f1297192394b7127427db172a5bde9e'}}, 'caller': {'address': '0xee009faf00cf54c1b4387829af7a8dc5f0c8c8c5'}, 'date': {'date': '2022-12-01'}, 'block': {'height': 16090891}}, {'smartContract': {'address': {'address': '0x7882f919e3acca984babd70529100f937d90f860'}}, 'caller': {'address': '0xee009faf00cf54c1b4387829af7a8dc5f0c8c8c5'}, 'date': {'date': '2022-12-01'}, 'block': {'height': 16090883}}, {'smartContract': {'address': {'address': '0xe5afe81e63f0a52a3a03b922b30f73b8ce74d570'}}, 'caller': {'address': '0xee009faf00cf54c1b4387829af7a8dc5f0c8c8c5'}, 'date': {'date': '2022-12-01'}, 'block': {'height': 16090873}}, {'smartContract': {'address': {'address': '0xa9839d52e964d0ed0d6d546c27d2248fac610c43'}}, 'caller': {'address': '0xee009faf00cf54c1b4387829af7a8dc5f0c8c8c5'}, 'date': {'date': '2022-12-01'}, 'block': {'height': 16090848}}, {'smartContract': {'address': {'address': '0x7527e082300fb8d189b3c07db3becc990b5037e7'}}, 'caller': {'address': '0xee009faf00cf54c1b4387829af7a8dc5f0c8c8c5'}, 'date': {'date': '2022-11-28'}, 'block': {'height': 16070582}}, {'smartContract': {'address': {'address': '0xfd310b00523707e6b3a9ba83c3d6eac3350cf8ea'}}, 'caller': {'address': '0xee009faf00cf54c1b4387829af7a8dc5f0c8c8c5'}, 'date': {'date': '2022-11-28'}, 'block': {'height': 16070569}}, {'smartContract': {'address': {'address': '0xc87bfc9de10b45adb6d10945f612a3de5b3e134e'}}, 'caller': {'address': '0xee009faf00cf54c1b4387829af7a8dc5f0c8c8c5'}, 'date': {'date': '2022-11-24'}, 'block': {'height': 16041380}}, {'smartContract': {'address': {'address': '0xd1679029ae81da676d9b5850feb6c8ee68f9d04e'}}, 'caller': {'address': '0xee009faf00cf54c1b4387829af7a8dc5f0c8c8c5'}, 'date': {'date': '2022-10-18'}, 'block': {'height': 15777401}}, {'smartContract': {'address': {'address': '0x32673daa164f4a290ae1f75ddc6aea5a2d343065'}}, 'caller': {'address': '0xee009faf00cf54c1b4387829af7a8dc5f0c8c8c5'}, 'date': {'date': '2022-10-18'}, 'block': {'height': 15777388}}, {'smartContract': {'address': {'address': '0xc57d9e4a688551d99645b49126e93589d4b478c8'}}, 'caller': {'address': '0xee009faf00cf54c1b4387829af7a8dc5f0c8c8c5'}, 'date': {'date': '2022-10-17'}, 'block': {'height': 15769416}}, {'smartContract': {'address': {'address': '0x7528a0daa9026ea196933538ad09555a77080b1a'}}, 'caller': {'address': '0xee009faf00cf54c1b4387829af7a8dc5f0c8c8c5'}, 'date': {'date': '2022-10-11'}, 'block': {'height': 15725896}}, {'smartContract': {'address': {'address': '0xe513452372167b3401a300834283f12fb0784758'}}, 'caller': {'address': '0xee009faf00cf54c1b4387829af7a8dc5f0c8c8c5'}, 'date': {'date': '2022-09-07'}, 'block': {'height': 15492071}}, {'smartContract': {'address': {'address': '0x816ed6dfc4a916f7ff3aebe2cbd8f69068f471ec'}}, 'caller': {'address': '0xee009faf00cf54c1b4387829af7a8dc5f0c8c8c5'}, 'date': {'date': '2022-09-07'}, 'block': {'height': 15492067}}, {'smartContract': {'address': {'address': '0x5945ae3d5bef0dc695f32fc91f006f2d2d7eaee1'}}, 'caller': {'address': '0xee009faf00cf54c1b4387829af7a8dc5f0c8c8c5'}, 'date': {'date': '2022-09-07'}, 'block': {'height': 15492063}}, {'smartContract': {'address': {'address': '0x82667bf55febcdf88f617855b01a30a67b12322c'}}, 'caller': {'address': '0xee009faf00cf54c1b4387829af7a8dc5f0c8c8c5'}, 'date': {'date': '2022-09-07'}, 'block': {'height': 15492053}}, {'smartContract': {'address': {'address': '0x9053388bda7ca8a31763e3341bcb1e4b3e54c5f3'}}, 'caller': {'address': '0xee009faf00cf54c1b4387829af7a8dc5f0c8c8c5'}, 'date': {'date': '2022-08-29'}, 'block': {'height': 15434861}}, {'smartContract': {'address': {'address': '0x56d59f0a1dfb41c1de3cf0ec91cb4308b76d079b'}}, 'caller': {'address': '0xee009faf00cf54c1b4387829af7a8dc5f0c8c8c5'}, 'date': {'date': '2022-08-25'}, 'block': {'height': 15406707}}, {'smartContract': {'address': {'address': '0x4f8e6bbf4637ccd859caa9cc88fcacac05a5d251'}}, 'caller': {'address': '0xee009faf00cf54c1b4387829af7a8dc5f0c8c8c5'}, 'date': {'date': '2022-08-25'}, 'block': {'height': 15406685}}, {'smartContract': {'address': {'address': '0x6061b6be1b5922406d674c57d2ce553f2454523e'}}, 'caller': {'address': '0xee009faf00cf54c1b4387829af7a8dc5f0c8c8c5'}, 'date': {'date': '2022-08-18'}, 'block': {'height': 15366608}}, {'smartContract': {'address': {'address': '0x4a9208bb40337ee983e2898ecb1009c763eebf5f'}}, 'caller': {'address': '0xee009faf00cf54c1b4387829af7a8dc5f0c8c8c5'}, 'date': {'date': '2022-08-18'}, 'block': {'height': 15366524}}, {'smartContract': {'address': {'address': '0xe96c9749c63ca406c8baf800c3d101c9701945dc'}}, 'caller': {'address': '0xee009faf00cf54c1b4387829af7a8dc5f0c8c8c5'}, 'date': {'date': '2022-08-18'}, 'block': {'height': 15362870}}, {'smartContract': {'address': {'address': '0x3297c8db9360f87a7f7826f52a4fa143988931a6'}}, 'caller': {'address': '0xee009faf00cf54c1b4387829af7a8dc5f0c8c8c5'}, 'date': {'date': '2022-08-18'}, 'block': {'height': 15362865}}, {'smartContract': {'address': {'address': '0x1e21cac3eb590a5f5482e1cce07174dcdb7f7fce'}}, 'caller': {'address': '0xee009faf00cf54c1b4387829af7a8dc5f0c8c8c5'}, 'date': {'date': '2022-08-18'}, 'block': {'height': 15362862}}, {'smartContract': {'address': {'address': '0xd737ee2bb39f49c62a436002a77f2710cc45ed98'}}, 'caller': {'address': '0xee009faf00cf54c1b4387829af7a8dc5f0c8c8c5'}, 'date': {'date': '2022-08-18'}, 'block': {'height': 15362858}}, {'smartContract': {'address': {'address': '0x04cb462a121e1799722fe84c60e790b64d5adfde'}}, 'caller': {'address': '0xee009faf00cf54c1b4387829af7a8dc5f0c8c8c5'}, 'date': {'date': '2022-08-18'}, 'block': {'height': 15362829}}, {'smartContract': {'address': {'address': '0x0bf04952a5b3ef6bad343c2218f584a7413bb44d'}}, 'caller': {'address': '0xee009faf00cf54c1b4387829af7a8dc5f0c8c8c5'}, 'date': {'date': '2022-08-18'}, 'block': {'height': 15362824}}, {'smartContract': {'address': {'address': '0xbb0d4bb654a21054af95456a3b29c63e8d1f4c0a'}}, 'caller': {'address': '0xee009faf00cf54c1b4387829af7a8dc5f0c8c8c5'}, 'date': {'date': '2022-08-18'}, 'block': {'height': 15362821}}, {'smartContract': {'address': {'address': '0x29daddfda3442693c21a50351a2b4820ddbbff79'}}, 'caller': {'address': '0xee009faf00cf54c1b4387829af7a8dc5f0c8c8c5'}, 'date': {'date': '2022-08-18'}, 'block': {'height': 15362815}}, {'smartContract': {'address': {'address': '0x169fcdf7ee4975e5de4859cd4030f25cb399be8c'}}, 'caller': {'address': '0xee009faf00cf54c1b4387829af7a8dc5f0c8c8c5'}, 'date': {'date': '2022-08-03'}, 'block': {'height': 15270629}}, {'smartContract': {'address': {'address': '0x196fdd95eae8c673150e5efe727f4cc84ed33cb8'}}, 'caller': {'address': '0xee009faf00cf54c1b4387829af7a8dc5f0c8c8c5'}, 'date': {'date': '2022-08-03'}, 'block': {'height': 15270625}}, {'smartContract': {'address': {'address': '0xb4d68bc247a1def6fb0b6d0f69906c5b75afe2ad'}}, 'caller': {'address': '0xee009faf00cf54c1b4387829af7a8dc5f0c8c8c5'}, 'date': {'date': '2022-07-11'}, 'block': {'height': 15122404}}, {'smartContract': {'address': {'address': '0xcad001c30e96765ac90307669d578219d4fb1dce'}}, 'caller': {'address': '0xa6b71e26c5e0845f74c812102ca7114b6a896ab2'}, 'date': {'date': '2022-06-29'}, 'block': {'height': 15046083}}, {'smartContract': {'address': {'address': '0xb6a072cc8786485abf012d8c2763721b34b94c10'}}, 'caller': {'address': '0x27182842e098f60e3d576794a5bffb0777e025d3'}, 'date': {'date': '2022-06-24'}, 'block': {'height': 15018783}}, {'smartContract': {'address': {'address': '0x198472c9e552c2afc1b096d4f1a35c08a52ff100'}}, 'caller': {'address': '0x27182842e098f60e3d576794a5bffb0777e025d3'}, 'date': {'date': '2022-06-24'}, 'block': {'height': 15018783}}, {'smartContract': {'address': {'address': '0x8e3204ae99605e6ffd2bc72d765f480bf0c05b5d'}}, 'caller': {'address': '0xee009faf00cf54c1b4387829af7a8dc5f0c8c8c5'}, 'date': {'date': '2022-06-23'}, 'block': {'height': 15011182}}, {'smartContract': {'address': {'address': '0xd524e29e3baf5bb085403ca5665301e94387a7e2'}}, 'caller': {'address': '0xee009faf00cf54c1b4387829af7a8dc5f0c8c8c5'}, 'date': {'date': '2022-06-16'}, 'block': {'height': 14975100}}, {'smartContract': {'address': {'address': '0xc697bb6625d9f7adcf0fbf0cbd4dcf50d8716cd3'}}, 'caller': {'address': '0xee009faf00cf54c1b4387829af7a8dc5f0c8c8c5'}, 'date': {'date': '2022-06-16'}, 'block': {'height': 14975091}}, {'smartContract': {'address': {'address': '0xc2d41d42939109cdcfa26c6965269d9c0220b38e'}}, 'caller': {'address': '0xee009faf00cf54c1b4387829af7a8dc5f0c8c8c5'}, 'date': {'date': '2022-06-05'}, 'block': {'height': 14909392}}, {'smartContract': {'address': {'address': '0x12401f97e2264adbf8ff98da72e3465d97b41477'}}, 'caller': {'address': '0xee009faf00cf54c1b4387829af7a8dc5f0c8c8c5'}, 'date': {'date': '2022-04-10'}, 'block': {'height': 14557916}}, {'smartContract': {'address': {'address': '0x4440a1de1fbd7f9ebead7c3dd42a44e0031f37af'}}, 'caller': {'address': '0xee009faf00cf54c1b4387829af7a8dc5f0c8c8c5'}, 'date': {'date': '2022-04-09'}, 'block': {'height': 14554180}}, {'smartContract': {'address': {'address': '0xe374b7a44dcd6b6eed4a6a845b6e162ed52924e5'}}, 'caller': {'address': '0xee009faf00cf54c1b4387829af7a8dc5f0c8c8c5'}, 'date': {'date': '2022-04-09'}, 'block': {'height': 14554177}}, {'smartContract': {'address': {'address': '0xee385a1e2f0bfe79d795a9ac680c4ab89033abab'}}, 'caller': {'address': '0xee009faf00cf54c1b4387829af7a8dc5f0c8c8c5'}, 'date': {'date': '2022-04-09'}, 'block': {'height': 14554173}}, {'smartContract': {'address': {'address': '0xacc25c4d40651676feed43a3467f3169e3e68e42'}}, 'caller': {'address': '0xee009faf00cf54c1b4387829af7a8dc5f0c8c8c5'}, 'date': {'date': '2022-03-29'}, 'block': {'height': 14482429}}, {'smartContract': {'address': {'address': '0xa9b11f86aedb82309846c98d92ef258988a84c8e'}}, 'caller': {'address': '0xee009faf00cf54c1b4387829af7a8dc5f0c8c8c5'}, 'date': {'date': '2022-03-17'}, 'block': {'height': 14405783}}, {'smartContract': {'address': {'address': '0x9ea85bcb76e4d52b03c44366d72ca5915a9f156c'}}, 'caller': {'address': '0xee009faf00cf54c1b4387829af7a8dc5f0c8c8c5'}, 'date': {'date': '2022-03-17'}, 'block': {'height': 14405781}}, {'smartContract': {'address': {'address': '0x98d7a0b0c895f6c602fe2e6b3aa83eafabb92ce6'}}, 'caller': {'address': '0xee009faf00cf54c1b4387829af7a8dc5f0c8c8c5'}, 'date': {'date': '2022-03-17'}, 'block': {'height': 14405779}}, {'smartContract': {'address': {'address': '0x1245f078a5b6161e6cb66c4cf00419ae2beafbdb'}}, 'caller': {'address': '0xee009faf00cf54c1b4387829af7a8dc5f0c8c8c5'}, 'date': {'date': '2022-03-17'}, 'block': {'height': 14405775}}, {'smartContract': {'address': {'address': '0x155020c32ceb5e1bfdd6217c2e7906c92bcac8c1'}}, 'caller': {'address': '0xee009faf00cf54c1b4387829af7a8dc5f0c8c8c5'}, 'date': {'date': '2022-03-17'}, 'block': {'height': 14405769}}, {'smartContract': {'address': {'address': '0x91243f764a6975b127816060fded7370b4611c53'}}, 'caller': {'address': '0x27182842e098f60e3d576794a5bffb0777e025d3'}, 'date': {'date': '2022-03-17'}, 'block': {'height': 14405496}}, {'smartContract': {'address': {'address': '0xbaeb6b7aa164caea6a02deb12167744453f9f30b'}}, 'caller': {'address': '0x27182842e098f60e3d576794a5bffb0777e025d3'}, 'date': {'date': '2022-03-17'}, 'block': {'height': 14405496}}, {'smartContract': {'address': {'address': '0x146f67bd771b1e666118f06248e1de7c929b1df4'}}, 'caller': {'address': '0x27182842e098f60e3d576794a5bffb0777e025d3'}, 'date': {'date': '2022-03-08'}, 'block': {'height': 14348364}}, {'smartContract': {'address': {'address': '0x315bfbfbb8421fe80a83358020f169f867bb9716'}}, 'caller': {'address': '0x27182842e098f60e3d576794a5bffb0777e025d3'}, 'date': {'date': '2022-03-08'}, 'block': {'height': 14348364}}, {'smartContract': {'address': {'address': '0x894c7499f240c0e0205c56d26a5d609c8408de2d'}}, 'caller': {'address': '0xee009faf00cf54c1b4387829af7a8dc5f0c8c8c5'}, 'date': {'date': '2022-02-08'}, 'block': {'height': 14167157}}, {'smartContract': {'address': {'address': '0xad8a5c16fdf36e568f602d088dd0c0ade52dd652'}}, 'caller': {'address': '0xee009faf00cf54c1b4387829af7a8dc5f0c8c8c5'}, 'date': {'date': '2022-01-26'}, 'block': {'height': 14082922}}, {'smartContract': {'address': {'address': '0xd9fcd98c322942075a5c3860693e9f4f03aae07b'}}, 'caller': {'address': '0xee009faf00cf54c1b4387829af7a8dc5f0c8c8c5'}, 'date': {'date': '2021-12-30'}, 'block': {'height': 13908728}}, {'smartContract': {'address': {'address': '0xf40e8314143b4cf1764cccd22588a8794a00d8ca'}}, 'caller': {'address': '0xee009faf00cf54c1b4387829af7a8dc5f0c8c8c5'}, 'date': {'date': '2021-12-20'}, 'block': {'height': 13844398}}, {'smartContract': {'address': {'address': '0x9d2b3052f5a3c156a34fc32cd08e9f5501720ea4'}}, 'caller': {'address': '0xee009faf00cf54c1b4387829af7a8dc5f0c8c8c5'}, 'date': {'date': '2021-12-11'}, 'block': {'height': 13781539}}, {'smartContract': {'address': {'address': '0x03601edc8af4b0439d63eb3a45ed11b01c6975d7'}}, 'caller': {'address': '0xee009faf00cf54c1b4387829af7a8dc5f0c8c8c5'}, 'date': {'date': '2021-12-10'}, 'block': {'height': 13774760}}, {'smartContract': {'address': {'address': '0x090c752b7b26d3cc382bf532ec9c4403c80d56cf'}}, 'caller': {'address': '0xee009faf00cf54c1b4387829af7a8dc5f0c8c8c5'}, 'date': {'date': '2021-12-10'}, 'block': {'height': 13774756}}, {'smartContract': {'address': {'address': '0x07df2ad9878f8797b4055230bbae5c808b8259b3'}}, 'caller': {'address': '0xee009faf00cf54c1b4387829af7a8dc5f0c8c8c5'}, 'date': {'date': '2021-12-10'}, 'block': {'height': 13774745}}, {'smartContract': {'address': {'address': '0x7123c8cbbd76c5c7fcc9f7150f23179bec0ba341'}}, 'caller': {'address': '0x27182842e098f60e3d576794a5bffb0777e025d3'}, 'date': {'date': '2021-12-07'}, 'block': {'height': 13758770}}, {'smartContract': {'address': {'address': '0xe20582e7fb2e5d1d96d8c8a65b4cdc3f5dc398f8'}}, 'caller': {'address': '0xee009faf00cf54c1b4387829af7a8dc5f0c8c8c5'}, 'date': {'date': '2021-12-07'}, 'block': {'height': 13758720}}, {'smartContract': {'address': {'address': '0x42ec0eb1d2746a9f2739d7501c5d5608bde9ee89'}}, 'caller': {'address': '0xee009faf00cf54c1b4387829af7a8dc5f0c8c8c5'}, 'date': {'date': '2021-11-30'}, 'block': {'height': 13711829}}, {'smartContract': {'address': {'address': '0xf058fe816b01265d1ba0a3bd226049676b107318'}}, 'caller': {'address': '0xee009faf00cf54c1b4387829af7a8dc5f0c8c8c5'}, 'date': {'date': '2021-11-30'}, 'block': {'height': 13711823}}, {'smartContract': {'address': {'address': '0xd75870dcbd1521e6cad7566fbca35d72e238572b'}}, 'caller': {'address': '0xee009faf00cf54c1b4387829af7a8dc5f0c8c8c5'}, 'date': {'date': '2021-11-30'}, 'block': {'height': 13711814}}, {'smartContract': {'address': {'address': '0x6085bc95f506c326dcbcd7a6dd6c79fbc18d4686'}}, 'caller': {'address': '0x27182842e098f60e3d576794a5bffb0777e025d3'}, 'date': {'date': '2021-11-30'}, 'block': {'height': 13711776}}, {'smartContract': {'address': {'address': '0xe025e3ca2be02316033184551d4d3aa22024d9dc'}}, 'caller': {'address': '0x27182842e098f60e3d576794a5bffb0777e025d3'}, 'date': {'date': '2021-11-30'}, 'block': {'height': 13711776}}, {'smartContract': {'address': {'address': '0xeb91861f8a4e1c12333f42dce8fb0ecdc28da716'}}, 'caller': {'address': '0x27182842e098f60e3d576794a5bffb0777e025d3'}, 'date': {'date': '2021-11-30'}, 'block': {'height': 13711771}}, {'smartContract': {'address': {'address': '0x84721a3db22eb852233aeae74f9bc8477f8bcc42'}}, 'caller': {'address': '0x27182842e098f60e3d576794a5bffb0777e025d3'}, 'date': {'date': '2021-11-30'}, 'block': {'height': 13711771}}, {'smartContract': {'address': {'address': '0x62e28f054efc24b26a794f5c1249b6349454352c'}}, 'caller': {'address': '0x27182842e098f60e3d576794a5bffb0777e025d3'}, 'date': {'date': '2021-11-30'}, 'block': {'height': 13711760}}, {'smartContract': {'address': {'address': '0x1b808f49add4b8c6b5117d9681cf7312fcf0dc1d'}}, 'caller': {'address': '0x27182842e098f60e3d576794a5bffb0777e025d3'}, 'date': {'date': '2021-11-30'}, 'block': {'height': 13711760}}, {'smartContract': {'address': {'address': '0xcd04c09a16fc4e8db47c930ac90c89f79f20aeb4'}}, 'caller': {'address': '0xee009faf00cf54c1b4387829af7a8dc5f0c8c8c5'}, 'date': {'date': '2021-11-30'}, 'block': {'height': 13711669}}, {'smartContract': {'address': {'address': '0xf2581cc80a5807405b1c68a47058c4b0f0fdd241'}}, 'caller': {'address': '0xee009faf00cf54c1b4387829af7a8dc5f0c8c8c5'}, 'date': {'date': '2021-11-30'}, 'block': {'height': 13711611}}, {'smartContract': {'address': {'address': '0xf43ce1d09050bafd6980dd43cde2ab9f18c85b34'}}, 'caller': {'address': '0x27182842e098f60e3d576794a5bffb0777e025d3'}, 'date': {'date': '2021-11-29'}, 'block': {'height': 13711556}}, {'smartContract': {'address': {'address': '0x59828fdf7ee634aaad3f58b19fdba3b03e2d9d80'}}, 'caller': {'address': '0x27182842e098f60e3d576794a5bffb0777e025d3'}, 'date': {'date': '2021-11-29'}, 'block': {'height': 13711556}}, {'smartContract': {'address': {'address': '0xaf68cfba29d0e15490236a5631ca9497e035cd39'}}, 'caller': {'address': '0x27182842e098f60e3d576794a5bffb0777e025d3'}, 'date': {'date': '2021-11-29'}, 'block': {'height': 13711556}}, {'smartContract': {'address': {'address': '0x68004911694ec42f0c56b7144a6a5281ffdd38f7'}}, 'caller': {'address': '0xee009faf00cf54c1b4387829af7a8dc5f0c8c8c5'}, 'date': {'date': '2021-11-29'}, 'block': {'height': 13711545}}, {'smartContract': {'address': {'address': '0x00d54f129293b1580c779c8f04b2d8ce370ca69d'}}, 'caller': {'address': '0xee009faf00cf54c1b4387829af7a8dc5f0c8c8c5'}, 'date': {'date': '2021-11-29'}, 'block': {'height': 13711527}}, {'smartContract': {'address': {'address': '0xaed37a234cc880a9e3d9fd9022013ee0a419493e'}}, 'caller': {'address': '0xee009faf00cf54c1b4387829af7a8dc5f0c8c8c5'}, 'date': {'date': '2021-11-29'}, 'block': {'height': 13711511}}, {'smartContract': {'address': {'address': '0x554ee3d9ed7e9ec21e186c7dd636430669812f73'}}, 'caller': {'address': '0xee009faf00cf54c1b4387829af7a8dc5f0c8c8c5'}, 'date': {'date': '2021-11-29'}, 'block': {'height': 13711491}}, {'smartContract': {'address': {'address': '0x14cbac4ec5673defd3968693eba994f07f8436d2'}}, 'caller': {'address': '0xee009faf00cf54c1b4387829af7a8dc5f0c8c8c5'}, 'date': {'date': '2021-11-29'}, 'block': {'height': 13711482}}, {'smartContract': {'address': {'address': '0x2d2f24c7614cea33a6c03c81da6de5cdb03de6f8'}}, 'caller': {'address': '0xee009faf00cf54c1b4387829af7a8dc5f0c8c8c5'}, 'date': {'date': '2021-11-29'}, 'block': {'height': 13709003}}, {'smartContract': {'address': {'address': '0xe7c7b210b22dceb3667da6dfe5c54a401897db7d'}}, 'caller': {'address': '0xee009faf00cf54c1b4387829af7a8dc5f0c8c8c5'}, 'date': {'date': '2021-11-29'}, 'block': {'height': 13708949}}, {'smartContract': {'address': {'address': '0x3520d5a913427e6f0d6a83e07ccd4a4da316e4d3'}}, 'caller': {'address': '0x27182842e098f60e3d576794a5bffb0777e025d3'}, 'date': {'date': '2021-11-29'}, 'block': {'height': 13708844}}, {'smartContract': {'address': {'address': '0xe5d0a7a3ad358792ba037cb6ee375ffde7ba2cd1'}}, 'caller': {'address': '0xee009faf00cf54c1b4387829af7a8dc5f0c8c8c5'}, 'date': {'date': '2021-11-29'}, 'block': {'height': 13708835}}, {'smartContract': {'address': {'address': '0xec29b4c2cacae5df1a491f084e5ec7c62a7edab5'}}, 'caller': {'address': '0xee009faf00cf54c1b4387829af7a8dc5f0c8c8c5'}, 'date': {'date': '2021-11-26'}, 'block': {'height': 13687491}}]",2021-12-30
31,31,0x8290333ceF9e6D528dD5618Fb97a76f268f3EDD4,Ankr Network,https://github.com/Ankr-network/dccn-common,0x146eE71e057e6B10eFB93AEdf631Fde6CbAED5E2,152189082.9,[],2019-02-21
32,32,0x0f2D719407FdBeFF09D87557AbB7232601FD9F29,Synapse (SYN),,0x846E607B930Ea1F5DDE6c4a9D9104d5fbfAfa157,148455173.9,[],2021-08-14
33,33,0x0Ae055097C6d159879521C384F1D2123D1f195e6,STAKE (STAKE),https://github.com/xdaichain/stake-token,0xc7de769D23C2b64cF0144da98484feEDADFae531,145770039.3,"[{'smartContract': {'address': {'address': '0x0ae055097c6d159879521c384f1d2123d1f195e6'}}, 'caller': {'address': '0xc7de769d23c2b64cf0144da98484feedadfae531'}, 'date': {'date': '2020-04-15'}, 'block': {'height': 9877421}}, {'smartContract': {'address': {'address': '0x9bc4a93883c522d3c79c81c2999aab52e2268d03'}}, 'caller': {'address': '0xc7de769d23c2b64cf0144da98484feedadfae531'}, 'date': {'date': '2020-04-15'}, 'block': {'height': 9877377}}, {'smartContract': {'address': {'address': '0x0218b706898d234b85d2494df21eb0677eaea918'}}, 'caller': {'address': '0xc7de769d23c2b64cf0144da98484feedadfae531'}, 'date': {'date': '2020-04-15'}, 'block': {'height': 9877362}}, {'smartContract': {'address': {'address': '0x3cfe51b61e25750ab1426b0072e5d0cc5c30aafa'}}, 'caller': {'address': '0xc7de769d23c2b64cf0144da98484feedadfae531'}, 'date': {'date': '2020-04-15'}, 'block': {'height': 9877325}}, {'smartContract': {'address': {'address': '0xf7358ded3aa54cc1be22ba779d558b472ab0036a'}}, 'caller': {'address': '0xc7de769d23c2b64cf0144da98484feedadfae531'}, 'date': {'date': '2020-04-14'}, 'block': {'height': 9868807}}, {'smartContract': {'address': {'address': '0x9a3c886ef554cfd07b2065d69b4b52a3d2379a4a'}}, 'caller': {'address': '0xc7de769d23c2b64cf0144da98484feedadfae531'}, 'date': {'date': '2020-04-14'}, 'block': {'height': 9868789}}, {'smartContract': {'address': {'address': '0x7471215451f6b300e4b771d4cb5b9797e69d17ab'}}, 'caller': {'address': '0xc7de769d23c2b64cf0144da98484feedadfae531'}, 'date': {'date': '2020-04-14'}, 'block': {'height': 9868767}}, {'smartContract': {'address': {'address': '0xeb92ecc81b112d614404dcdec73ad5b87b928645'}}, 'caller': {'address': '0xc7de769d23c2b64cf0144da98484feedadfae531'}, 'date': {'date': '2020-04-14'}, 'block': {'height': 9868753}}, {'smartContract': {'address': {'address': '0xb9c239eb5702a7bf3a496207ea5a32b6a690a4ca'}}, 'caller': {'address': '0xc7de769d23c2b64cf0144da98484feedadfae531'}, 'date': {'date': '2020-04-13'}, 'block': {'height': 9863757}}, {'smartContract': {'address': {'address': '0x5d020eb50fce62320a6730e6c18659a28b366555'}}, 'caller': {'address': '0xc7de769d23c2b64cf0144da98484feedadfae531'}, 'date': {'date': '2020-04-13'}, 'block': {'height': 9863700}}, {'smartContract': {'address': {'address': '0x1440eb0dd965524e83b317373366b98c5a604ef3'}}, 'caller': {'address': '0xc7de769d23c2b64cf0144da98484feedadfae531'}, 'date': {'date': '2020-04-13'}, 'block': {'height': 9863634}}, {'smartContract': {'address': {'address': '0x15c13a1ade048a967456bf9807a4d5bfdb3b651c'}}, 'caller': {'address': '0xc7de769d23c2b64cf0144da98484feedadfae531'}, 'date': {'date': '2020-04-13'}, 'block': {'height': 9863519}}]",2020-04-15
34,34,0x9994E35Db50125E0DF82e4c2dde62496CE330999,Morpho Token,,0x08072D67a6f158FE2c6f21886B0742736e925536,126596437.4,[],2022-06-24
35,35,0xBa3335588D9403515223F109EdC4eB7269a9Ab5D,Gearbox,https://github.com/Gearbox-protocol,0xFFf3037B1DE9d7B013fC62cCd36bcAEAF33c614C,124950115.1,[],2021-12-15
36,36,0x48C3399719B582dD63eB5AADf12A40B4C3f52FA2,(Proxy contract) StakeWise (SWISE),https://github.com/stakewise,0x1867c96601bc5fE24F685d112314B8F3Fe228D5A,102431950.1,"[{'smartContract': {'address': {'address': '0xd3ea5bf3bb42542b5b64358c12f06233704e9b99'}}, 'caller': {'address': '0x1867c96601bc5fe24f685d112314b8f3fe228d5a'}, 'date': {'date': '2021-06-17'}, 'block': {'height': 12651589}}, {'smartContract': {'address': {'address': '0x41bcac23e4db058d8d7aabe2fccdae5f01fe647a'}}, 'caller': {'address': '0x1867c96601bc5fe24f685d112314b8f3fe228d5a'}, 'date': {'date': '2021-06-17'}, 'block': {'height': 12651580}}, {'smartContract': {'address': {'address': '0x610b58583642610967727fe4fadd125a92d6f678'}}, 'caller': {'address': '0x1867c96601bc5fe24f685d112314b8f3fe228d5a'}, 'date': {'date': '2021-06-17'}, 'block': {'height': 12651568}}, {'smartContract': {'address': {'address': '0xa3f21010e8b9a3930996c8849df38f9ca3647c20'}}, 'caller': {'address': '0x1867c96601bc5fe24f685d112314b8f3fe228d5a'}, 'date': {'date': '2021-06-17'}, 'block': {'height': 12651371}}, {'smartContract': {'address': {'address': '0x459beef3c5bd5d1e66de93ac908e278ee2488f14'}}, 'caller': {'address': '0x1867c96601bc5fe24f685d112314b8f3fe228d5a'}, 'date': {'date': '2021-06-17'}, 'block': {'height': 12651287}}, {'smartContract': {'address': {'address': '0x2aab6822a1a9f982fd7b0fe35a5a5b6148ecf4d5'}}, 'caller': {'address': '0x1867c96601bc5fe24f685d112314b8f3fe228d5a'}, 'date': {'date': '2021-04-26'}, 'block': {'height': 12317515}}, {'smartContract': {'address': {'address': '0x1e6d872ce26c8711e7d47b8e0c47ab91d95a6df3'}}, 'caller': {'address': '0x1867c96601bc5fe24f685d112314b8f3fe228d5a'}, 'date': {'date': '2021-04-22'}, 'block': {'height': 12289748}}, {'smartContract': {'address': {'address': '0xbee3eb97cfd94ace6b66e606b8088c57c5f78fbf'}}, 'caller': {'address': '0x1867c96601bc5fe24f685d112314b8f3fe228d5a'}, 'date': {'date': '2021-04-22'}, 'block': {'height': 12289694}}, {'smartContract': {'address': {'address': '0x1df2ce448b082272dac9b6842a54f342cf4e614e'}}, 'caller': {'address': '0x1867c96601bc5fe24f685d112314b8f3fe228d5a'}, 'date': {'date': '2021-04-22'}, 'block': {'height': 12289055}}, {'smartContract': {'address': {'address': '0x7b910cc3d4b42feff056218bd56d7700e4ea7dd5'}}, 'caller': {'address': '0x1867c96601bc5fe24f685d112314b8f3fe228d5a'}, 'date': {'date': '2021-04-19'}, 'block': {'height': 12271843}}, {'smartContract': {'address': {'address': '0x27356a244cd2a8bbd0a1f4e96e8fcd70bf926bc3'}}, 'caller': {'address': '0x1867c96601bc5fe24f685d112314b8f3fe228d5a'}, 'date': {'date': '2021-04-19'}, 'block': {'height': 12271832}}, {'smartContract': {'address': {'address': '0xae678d2a911400a55e06f4a1f0c0b363f3ee2e42'}}, 'caller': {'address': '0x1867c96601bc5fe24f685d112314b8f3fe228d5a'}, 'date': {'date': '2021-04-19'}, 'block': {'height': 12271825}}, {'smartContract': {'address': {'address': '0x48c3399719b582dd63eb5aadf12a40b4c3f52fa2'}}, 'caller': {'address': '0x1867c96601bc5fe24f685d112314b8f3fe228d5a'}, 'date': {'date': '2021-04-19'}, 'block': {'height': 12271823}}, {'smartContract': {'address': {'address': '0xa28c2d79f0c5b78cec699dab0303008179815396'}}, 'caller': {'address': '0x1867c96601bc5fe24f685d112314b8f3fe228d5a'}, 'date': {'date': '2021-04-19'}, 'block': {'height': 12271774}}, {'smartContract': {'address': {'address': '0x2296e122c1a20fca3cac3371357bdad3be0df079'}}, 'caller': {'address': '0x1867c96601bc5fe24f685d112314b8f3fe228d5a'}, 'date': {'date': '2021-04-19'}, 'block': {'height': 12270531}}, {'smartContract': {'address': {'address': '0x749dcce12e8337dfb44635082519e656d44a2672'}}, 'caller': {'address': '0x1867c96601bc5fe24f685d112314b8f3fe228d5a'}, 'date': {'date': '2021-03-23'}, 'block': {'height': 12094441}}, {'smartContract': {'address': {'address': '0xc8970e7c07c251625f9f93ce510b1d9c1a08d299'}}, 'caller': {'address': '0x1867c96601bc5fe24f685d112314b8f3fe228d5a'}, 'date': {'date': '2021-03-23'}, 'block': {'height': 12094434}}, {'smartContract': {'address': {'address': '0xdefd18dd4f59b2f763853d8d216cd09540fee1d6'}}, 'caller': {'address': '0x1867c96601bc5fe24f685d112314b8f3fe228d5a'}, 'date': {'date': '2021-02-01'}, 'block': {'height': 11767287}}, {'smartContract': {'address': {'address': '0x2f1c5e86b13a74f5a6e7b4b35dd77fe29aa47514'}}, 'caller': {'address': '0x1867c96601bc5fe24f685d112314b8f3fe228d5a'}, 'date': {'date': '2021-01-25'}, 'block': {'height': 11726344}}, {'smartContract': {'address': {'address': '0xfdec24bb3055be9578300f1541d5e0ee4eda6261'}}, 'caller': {'address': '0x1867c96601bc5fe24f685d112314b8f3fe228d5a'}, 'date': {'date': '2021-01-25'}, 'block': {'height': 11726343}}, {'smartContract': {'address': {'address': '0x20bc832ca081b91433ff6c17f85701b6e92486c5'}}, 'caller': {'address': '0x1867c96601bc5fe24f685d112314b8f3fe228d5a'}, 'date': {'date': '2021-01-25'}, 'block': {'height': 11726341}}, {'smartContract': {'address': {'address': '0x46b7232bc7392b157371ebfcd4618ca9ceedb1bd'}}, 'caller': {'address': '0x1867c96601bc5fe24f685d112314b8f3fe228d5a'}, 'date': {'date': '2021-01-25'}, 'block': {'height': 11726340}}, {'smartContract': {'address': {'address': '0x0a2e6a50ccd23406f2f08281ad21f102d32a0d86'}}, 'caller': {'address': '0x1867c96601bc5fe24f685d112314b8f3fe228d5a'}, 'date': {'date': '2021-01-25'}, 'block': {'height': 11726307}}, {'smartContract': {'address': {'address': '0xfe2e637202056d30016725477c5da089ab0a043a'}}, 'caller': {'address': '0x1867c96601bc5fe24f685d112314b8f3fe228d5a'}, 'date': {'date': '2021-01-25'}, 'block': {'height': 11726304}}, {'smartContract': {'address': {'address': '0x6a8a1716a44f700af56ea52d44b916a50333a369'}}, 'caller': {'address': '0x1867c96601bc5fe24f685d112314b8f3fe228d5a'}, 'date': {'date': '2021-01-25'}, 'block': {'height': 11726301}}, {'smartContract': {'address': {'address': '0xeadcba8bf9aca93f627f31fb05470f5a0686ceca'}}, 'caller': {'address': '0x1867c96601bc5fe24f685d112314b8f3fe228d5a'}, 'date': {'date': '2021-01-25'}, 'block': {'height': 11726299}}, {'smartContract': {'address': {'address': '0xc874b064f465bdd6411d45734b56fac750cda29a'}}, 'caller': {'address': '0x1867c96601bc5fe24f685d112314b8f3fe228d5a'}, 'date': {'date': '2021-01-25'}, 'block': {'height': 11726298}}, {'smartContract': {'address': {'address': '0xf6a519699dd2f66a8aa1f49b81c73690f104647f'}}, 'caller': {'address': '0x1867c96601bc5fe24f685d112314b8f3fe228d5a'}, 'date': {'date': '2021-01-25'}, 'block': {'height': 11726295}}, {'smartContract': {'address': {'address': '0xaac73d4a26ae6906aa115118b7840b1f19fcd3a5'}}, 'caller': {'address': '0x1867c96601bc5fe24f685d112314b8f3fe228d5a'}, 'date': {'date': '2021-01-25'}, 'block': {'height': 11726294}}, {'smartContract': {'address': {'address': '0x3eb0175dcd67d3ab139aa03165e24aa2188a4c22'}}, 'caller': {'address': '0x1867c96601bc5fe24f685d112314b8f3fe228d5a'}, 'date': {'date': '2021-01-25'}, 'block': {'height': 11726293}}, {'smartContract': {'address': {'address': '0xa34e1010e2b76abdf7399e6c88147d0fafe28e90'}}, 'caller': {'address': '0x1867c96601bc5fe24f685d112314b8f3fe228d5a'}, 'date': {'date': '2021-01-25'}, 'block': {'height': 11726292}}]",2021-04-19
37,37,0x104F3152D8ebFC3f679392977356962Ff36566aC,(Proxy contract) ChainPort Token,https://github.com/chainport/,0xb0b599daE2afF825543cfeb061eb206365dA921f,98017415.0,"[{'smartContract': {'address': {'address': '0x2245a40c3e4714d831eb651a86d003ecc47848e4'}}, 'caller': {'address': '0xb0b599dae2aff825543cfeb061eb206365da921f'}, 'date': {'date': '2022-03-08'}, 'block': {'height': 14346271}}, {'smartContract': {'address': {'address': '0xe317bf1cf456875f37f1d1c5a63848d0ab25653c'}}, 'caller': {'address': '0xb0b599dae2aff825543cfeb061eb206365da921f'}, 'date': {'date': '2022-03-08'}, 'block': {'height': 14346267}}, {'smartContract': {'address': {'address': '0x104f3152d8ebfc3f679392977356962ff36566ac'}}, 'caller': {'address': '0xb0b599dae2aff825543cfeb061eb206365da921f'}, 'date': {'date': '2022-01-17'}, 'block': {'height': 14023363}}, {'smartContract': {'address': {'address': '0x241663b6ae912f2a5dffdcb7a3550bf60c0a5df5'}}, 'caller': {'address': '0xb0b599dae2aff825543cfeb061eb206365da921f'}, 'date': {'date': '2022-01-17'}, 'block': {'height': 14023360}}, {'smartContract': {'address': {'address': '0x351bb8e7c7243202f58a75d9e640b7282a0ef6ee'}}, 'caller': {'address': '0xb0b599dae2aff825543cfeb061eb206365da921f'}, 'date': {'date': '2022-01-11'}, 'block': {'height': 13983579}}, {'smartContract': {'address': {'address': '0x62b0ec34afa04f8dbc64d1d8c28b744002c83b85'}}, 'caller': {'address': '0xb0b599dae2aff825543cfeb061eb206365da921f'}, 'date': {'date': '2022-01-11'}, 'block': {'height': 13983578}}, {'smartContract': {'address': {'address': '0x3a535d5c5094420a6603560952f6b28d56434f48'}}, 'caller': {'address': '0xb0b599dae2aff825543cfeb061eb206365da921f'}, 'date': {'date': '2021-12-01'}, 'block': {'height': 13721882}}, {'smartContract': {'address': {'address': '0x21aebe5b5b7a33930b3c5c10fbd77117501a9552'}}, 'caller': {'address': '0xb0b599dae2aff825543cfeb061eb206365da921f'}, 'date': {'date': '2021-11-01'}, 'block': {'height': 13530488}}, {'smartContract': {'address': {'address': '0x660deb7a33bfe78058cee83fd1954353958f3a21'}}, 'caller': {'address': '0xb0b599dae2aff825543cfeb061eb206365da921f'}, 'date': {'date': '2021-11-01'}, 'block': {'height': 13530475}}]",2022-01-17
38,38,0x30D20208d987713f46DFD34EF128Bb16C404D10f,Stader,,0xD0A16a95669B14161B09dafFa20B24575b77b731,97222759.21,"[{'smartContract': {'address': {'address': '0xefe048aded507b21cca84d295135652ef49cd04e'}}, 'caller': {'address': '0xd0a16a95669b14161b09daffa20b24575b77b731'}, 'date': {'date': '2022-12-23'}, 'block': {'height': 16248131}}, {'smartContract': {'address': {'address': '0x0e0fba00ad048038bb5ab5c0a5a3fa412e91a767'}}, 'caller': {'address': '0xf74b146ce44cc162b601dec3be331784db111dc1'}, 'date': {'date': '2022-11-21'}, 'block': {'height': 16018720}}, {'smartContract': {'address': {'address': '0xcf05ddf0c0c3231c83b3067f7bb92458d8c5c36c'}}, 'caller': {'address': '0xd0a16a95669b14161b09daffa20b24575b77b731'}, 'date': {'date': '2022-10-23'}, 'block': {'height': 15811012}}, {'smartContract': {'address': {'address': '0x512d03379c135b464b0c62847141eeed6ccb1bd8'}}, 'caller': {'address': '0xd0a16a95669b14161b09daffa20b24575b77b731'}, 'date': {'date': '2022-08-25'}, 'block': {'height': 15409435}}, {'smartContract': {'address': {'address': '0xce95a27333246adf18c666898b45df5468891d7c'}}, 'caller': {'address': '0xd0a16a95669b14161b09daffa20b24575b77b731'}, 'date': {'date': '2022-07-15'}, 'block': {'height': 15147602}}, {'smartContract': {'address': {'address': '0xc5101fd7bf008b0bd715b5940e12330427ab8666'}}, 'caller': {'address': '0xd0a16a95669b14161b09daffa20b24575b77b731'}, 'date': {'date': '2022-06-25'}, 'block': {'height': 15023868}}, {'smartContract': {'address': {'address': '0xc3f26be0b2a16a938088f4df8a077ca4650c5244'}}, 'caller': {'address': '0xd0a16a95669b14161b09daffa20b24575b77b731'}, 'date': {'date': '2022-06-15'}, 'block': {'height': 14969042}}, {'smartContract': {'address': {'address': '0xcb95829d89b4917878ee8b9919ed0e50eb89e8a3'}}, 'caller': {'address': '0xd0a16a95669b14161b09daffa20b24575b77b731'}, 'date': {'date': '2022-06-15'}, 'block': {'height': 14968989}}, {'smartContract': {'address': {'address': '0x2b0cda940c3cac85f98c600ff0fccee4c478845c'}}, 'caller': {'address': '0xd0a16a95669b14161b09daffa20b24575b77b731'}, 'date': {'date': '2022-06-15'}, 'block': {'height': 14968137}}, {'smartContract': {'address': {'address': '0xd5a39717bed6e2417d8777c49611a6375e1e473e'}}, 'caller': {'address': '0xd0a16a95669b14161b09daffa20b24575b77b731'}, 'date': {'date': '2022-06-15'}, 'block': {'height': 14968105}}, {'smartContract': {'address': {'address': '0x2eb1e29fb6078b0eaf3cfff2b6361f702011ebb6'}}, 'caller': {'address': '0xd0a16a95669b14161b09daffa20b24575b77b731'}, 'date': {'date': '2022-05-15'}, 'block': {'height': 14780309}}, {'smartContract': {'address': {'address': '0x5b32c2a2013e94a07929c083854e70eacc13bfae'}}, 'caller': {'address': '0xd0a16a95669b14161b09daffa20b24575b77b731'}, 'date': {'date': '2022-04-25'}, 'block': {'height': 14654150}}, {'smartContract': {'address': {'address': '0x07751eed17f4217cdceed078322cd220236d3754'}}, 'caller': {'address': '0xd0a16a95669b14161b09daffa20b24575b77b731'}, 'date': {'date': '2022-04-15'}, 'block': {'height': 14590377}}, {'smartContract': {'address': {'address': '0x6edaf48d373c7432ffebde007a926e21d3ab99d0'}}, 'caller': {'address': '0xd0a16a95669b14161b09daffa20b24575b77b731'}, 'date': {'date': '2022-03-27'}, 'block': {'height': 14470056}}, {'smartContract': {'address': {'address': '0x2d179245782806c2ea31d6327e32122b77cb8935'}}, 'caller': {'address': '0xd0a16a95669b14161b09daffa20b24575b77b731'}, 'date': {'date': '2022-03-20'}, 'block': {'height': 14424398}}, {'smartContract': {'address': {'address': '0x525164a364f5eef4bf0ea8698ae46922f11386a2'}}, 'caller': {'address': '0xd0a16a95669b14161b09daffa20b24575b77b731'}, 'date': {'date': '2022-03-15'}, 'block': {'height': 14391518}}, {'smartContract': {'address': {'address': '0xf3f8ae73c4c1817d552e3fd9e8506a189a80fe8b'}}, 'caller': {'address': '0xd0a16a95669b14161b09daffa20b24575b77b731'}, 'date': {'date': '2022-03-15'}, 'block': {'height': 14391512}}, {'smartContract': {'address': {'address': '0x02131a7e7e9c1a515e4fe106495cd1b091bf77e0'}}, 'caller': {'address': '0xd0a16a95669b14161b09daffa20b24575b77b731'}, 'date': {'date': '2022-03-14'}, 'block': {'height': 14385853}}, {'smartContract': {'address': {'address': '0x674f9ef0a5b875bdafcd4cb52b36856fe6edbe6a'}}, 'caller': {'address': '0xc0aee478e3658e2610c5f7a4a2e1777ce9e4f2ac'}, 'date': {'date': '2022-03-14'}, 'block': {'height': 14382019}}, {'smartContract': {'address': {'address': '0x4177d19e4125213bdd8d82dbc1ca775799d18218'}}, 'caller': {'address': '0x5c69bee701ef814a2b6a3edd4b1652cb9cc5aa6f'}, 'date': {'date': '2022-03-14'}, 'block': {'height': 14382007}}, {'smartContract': {'address': {'address': '0x3409caaa408e47f3157e649c07a1a9ebe3bd567c'}}, 'caller': {'address': '0xd0a16a95669b14161b09daffa20b24575b77b731'}, 'date': {'date': '2022-03-13'}, 'block': {'height': 14379491}}, {'smartContract': {'address': {'address': '0x12b3f71237f774c95ba8380a6f053f2ae21724af'}}, 'caller': {'address': '0xd0a16a95669b14161b09daffa20b24575b77b731'}, 'date': {'date': '2022-03-13'}, 'block': {'height': 14379491}}, {'smartContract': {'address': {'address': '0x49913f5ebdc0fd5675b7e0734737d54f2d08a0e4'}}, 'caller': {'address': '0xd0a16a95669b14161b09daffa20b24575b77b731'}, 'date': {'date': '2022-03-13'}, 'block': {'height': 14379282}}, {'smartContract': {'address': {'address': '0x2a11d74bc254775cb5cd6718cdf522505682bd38'}}, 'caller': {'address': '0x5c69bee701ef814a2b6a3edd4b1652cb9cc5aa6f'}, 'date': {'date': '2022-02-27'}, 'block': {'height': 14286443}}, {'smartContract': {'address': {'address': '0x30d20208d987713f46dfd34ef128bb16c404d10f'}}, 'caller': {'address': '0xd0a16a95669b14161b09daffa20b24575b77b731'}, 'date': {'date': '2022-01-17'}, 'block': {'height': 14020088}}, {'smartContract': {'address': {'address': '0xc7452d6a59a3a38dce2ed44c9586f1e0ccd7bff4'}}, 'caller': {'address': '0xd0a16a95669b14161b09daffa20b24575b77b731'}, 'date': {'date': '2021-12-20'}, 'block': {'height': 13839491}}, {'smartContract': {'address': {'address': '0x19d50b0019dcc62bc04387069e47b8c25657b663'}}, 'caller': {'address': '0xd0a16a95669b14161b09daffa20b24575b77b731'}, 'date': {'date': '2021-12-20'}, 'block': {'height': 13839243}}, {'smartContract': {'address': {'address': '0xe4b229bb06792fd94be9c23b4a0323aa124743d3'}}, 'caller': {'address': '0xd0a16a95669b14161b09daffa20b24575b77b731'}, 'date': {'date': '2021-12-12'}, 'block': {'height': 13787026}}]",2022-01-17
39,39,0x3155BA85D5F96b2d030a4966AF206230e46849cb,THORChain ETH.RUNE,,0x3efF38C0e1e5DD6Bd58d3fa79cAecc4Da46C8866,95443892.81,"[{'smartContract': {'address': {'address': '0xd37bbe5744d730a1d98d8dc97c42f0ca46ad7146'}}, 'caller': {'address': '0x3eff38c0e1e5dd6bd58d3fa79caecc4da46c8866'}, 'date': {'date': '2022-04-24'}, 'block': {'height': 14650470}}, {'smartContract': {'address': {'address': '0xb11a1735c2e3bcc5fc8c1d147fb64629d3d0cac5'}}, 'caller': {'address': '0x3eff38c0e1e5dd6bd58d3fa79caecc4da46c8866'}, 'date': {'date': '2022-04-24'}, 'block': {'height': 14650445}}, {'smartContract': {'address': {'address': '0xf5583092de43c2e40da895e22cd43978c054241b'}}, 'caller': {'address': '0x3eff38c0e1e5dd6bd58d3fa79caecc4da46c8866'}, 'date': {'date': '2021-12-07'}, 'block': {'height': 13755348}}, {'smartContract': {'address': {'address': '0x3624525075b88b24ecc29ce226b0cec1ffcb6976'}}, 'caller': {'address': '0x3eff38c0e1e5dd6bd58d3fa79caecc4da46c8866'}, 'date': {'date': '2021-12-03'}, 'block': {'height': 13736595}}, {'smartContract': {'address': {'address': '0xdc05d6941bd15dea7072435eaa5b64da379343d3'}}, 'caller': {'address': '0x3eff38c0e1e5dd6bd58d3fa79caecc4da46c8866'}, 'date': {'date': '2021-12-02'}, 'block': {'height': 13730312}}, {'smartContract': {'address': {'address': '0x18f773c288d9a5913f58d61f962dce630f4d3be6'}}, 'caller': {'address': '0x76e2cfc1f5fa8f6a5b3fc4c8f4788f0116861f9b'}, 'date': {'date': '2021-07-19'}, 'block': {'height': 12856903}}, {'smartContract': {'address': {'address': '0x65d6720d46275e4381784b032ab8a0ccd4f33b3b'}}, 'caller': {'address': '0x3eff38c0e1e5dd6bd58d3fa79caecc4da46c8866'}, 'date': {'date': '2021-07-10'}, 'block': {'height': 12799465}}, {'smartContract': {'address': {'address': '0xc145990e84155416144c532e31f89b840ca8c2ce'}}, 'caller': {'address': '0x3eff38c0e1e5dd6bd58d3fa79caecc4da46c8866'}, 'date': {'date': '2021-07-10'}, 'block': {'height': 12796667}}, {'smartContract': {'address': {'address': '0x42a5ed456650a09dc10ebc6361a7480fdd61f27b'}}, 'caller': {'address': '0x3eff38c0e1e5dd6bd58d3fa79caecc4da46c8866'}, 'date': {'date': '2021-04-10'}, 'block': {'height': 12211899}}, {'smartContract': {'address': {'address': '0x2a705327d093322bfad691dd992be1332a9fd47b'}}, 'caller': {'address': '0x3eff38c0e1e5dd6bd58d3fa79caecc4da46c8866'}, 'date': {'date': '2021-04-10'}, 'block': {'height': 12211460}}, {'smartContract': {'address': {'address': '0xc284c7dd4dc9a981f4c0cd2c10da5e91217c3126'}}, 'caller': {'address': '0x3eff38c0e1e5dd6bd58d3fa79caecc4da46c8866'}, 'date': {'date': '2021-04-04'}, 'block': {'height': 12171540}}, {'smartContract': {'address': {'address': '0xaa749190f7259cdd2a18cb0ac42957da4d8909e0'}}, 'caller': {'address': '0x3eff38c0e1e5dd6bd58d3fa79caecc4da46c8866'}, 'date': {'date': '2021-03-31'}, 'block': {'height': 12144949}}, {'smartContract': {'address': {'address': '0x3dc7722af12100c4f12b3ba1e3c28fd2264808ef'}}, 'caller': {'address': '0xc0aee478e3658e2610c5f7a4a2e1777ce9e4f2ac'}, 'date': {'date': '2021-01-29'}, 'block': {'height': 11748971}}, {'smartContract': {'address': {'address': '0x886fdfcea615e30f7148578ea5f496dbb29a7e19'}}, 'caller': {'address': '0xc0aee478e3658e2610c5f7a4a2e1777ce9e4f2ac'}, 'date': {'date': '2021-01-29'}, 'block': {'height': 11748902}}, {'smartContract': {'address': {'address': '0x72a6d269c3e16239c24d905ca61254ec26523b2d'}}, 'caller': {'address': '0xc0aee478e3658e2610c5f7a4a2e1777ce9e4f2ac'}, 'date': {'date': '2021-01-29'}, 'block': {'height': 11748778}}, {'smartContract': {'address': {'address': '0x0e18c19b05afc0dfc86947e7e7bed9c1e7f15552'}}, 'caller': {'address': '0x3eff38c0e1e5dd6bd58d3fa79caecc4da46c8866'}, 'date': {'date': '2021-01-20'}, 'block': {'height': 11690178}}, {'smartContract': {'address': {'address': '0xafc58bac1cb6d98a65692b5da17949929436cde6'}}, 'caller': {'address': '0x3eff38c0e1e5dd6bd58d3fa79caecc4da46c8866'}, 'date': {'date': '2021-01-18'}, 'block': {'height': 11677301}}, {'smartContract': {'address': {'address': '0x878df90f8dec5ce346e963642b54b0ed7d23d168'}}, 'caller': {'address': '0x3eff38c0e1e5dd6bd58d3fa79caecc4da46c8866'}, 'date': {'date': '2021-01-18'}, 'block': {'height': 11677217}}, {'smartContract': {'address': {'address': '0xbd68d831e04479fb8293b862c3bb091a4dcdad3f'}}, 'caller': {'address': '0xc0aee478e3658e2610c5f7a4a2e1777ce9e4f2ac'}, 'date': {'date': '2021-01-16'}, 'block': {'height': 11662996}}, {'smartContract': {'address': {'address': '0xd535dbf27942551a98cd0723552bdaf70628dbf8'}}, 'caller': {'address': '0xc0aee478e3658e2610c5f7a4a2e1777ce9e4f2ac'}, 'date': {'date': '2021-01-16'}, 'block': {'height': 11662982}}, {'smartContract': {'address': {'address': '0x5285d4ea883dbfb753487e1881db6457c4c227e5'}}, 'caller': {'address': '0xc0aee478e3658e2610c5f7a4a2e1777ce9e4f2ac'}, 'date': {'date': '2021-01-16'}, 'block': {'height': 11662979}}, {'smartContract': {'address': {'address': '0x8d2a4cc2e2ca0f7ab011b686449dc82c3af924c7'}}, 'caller': {'address': '0x5c69bee701ef814a2b6a3edd4b1652cb9cc5aa6f'}, 'date': {'date': '2021-01-15'}, 'block': {'height': 11656771}}, {'smartContract': {'address': {'address': '0x7efc09181cfeb60e59c4b5f17aab3219521b8ac4'}}, 'caller': {'address': '0x3eff38c0e1e5dd6bd58d3fa79caecc4da46c8866'}, 'date': {'date': '2021-01-13'}, 'block': {'height': 11645491}}, {'smartContract': {'address': {'address': '0x513d5f1df52eb1b70ffe6b89f3685920fc6c5d89'}}, 'caller': {'address': '0xc0aee478e3658e2610c5f7a4a2e1777ce9e4f2ac'}, 'date': {'date': '2021-01-13'}, 'block': {'height': 11644624}}, {'smartContract': {'address': {'address': '0xd279f1351d2828d559bc7a6b82c322c4d5665bed'}}, 'caller': {'address': '0xc0aee478e3658e2610c5f7a4a2e1777ce9e4f2ac'}, 'date': {'date': '2021-01-13'}, 'block': {'height': 11644612}}, {'smartContract': {'address': {'address': '0xcc39592f5cb193a70f262aa301f54db1d600e6da'}}, 'caller': {'address': '0xc0aee478e3658e2610c5f7a4a2e1777ce9e4f2ac'}, 'date': {'date': '2021-01-13'}, 'block': {'height': 11644601}}, {'smartContract': {'address': {'address': '0x3155ba85d5f96b2d030a4966af206230e46849cb'}}, 'caller': {'address': '0x3eff38c0e1e5dd6bd58d3fa79caecc4da46c8866'}, 'date': {'date': '2021-01-13'}, 'block': {'height': 11644425}}]",2021-01-13
40,40,0xdeFA4e8a7bcBA345F687a2f1456F5Edd9CE97202,(Proxy contract) Kyber Network Crystal v2 (KNC),https://github.com/kybernetwork/KyberWallet,0x29483d288845Aa883693cFF207cD02B828B6177C,91728121.69,"[{'smartContract': {'address': {'address': '0xdefa4e8a7bcba345f687a2f1456f5edd9ce97202'}}, 'caller': {'address': '0x29483d288845aa883693cff207cd02b828b6177c'}, 'date': {'date': '2021-04-12'}, 'block': {'height': 12224343}}, {'smartContract': {'address': {'address': '0x500180a94cb854e98770872af4e4bb1dd67af559'}}, 'caller': {'address': '0x29483d288845aa883693cff207cd02b828b6177c'}, 'date': {'date': '2021-04-12'}, 'block': {'height': 12224337}}, {'smartContract': {'address': {'address': '0xe5e8e834086f1a964f9a089eb6ae11796862e4ce'}}, 'caller': {'address': '0x29483d288845aa883693cff207cd02b828b6177c'}, 'date': {'date': '2021-04-12'}, 'block': {'height': 12224331}}]",2021-04-12
41,41,0xCC4304A31d09258b0029eA7FE63d032f52e44EFe,(Proxy contract) TrustSwap Token,,0x28EC390b368BED6a4553215b5DBEBB551A4B12AE,87748406.55,"[{'smartContract': {'address': {'address': '0xc092f8a88f40ff6fb06704c38683f39bf3285b05'}}, 'caller': {'address': '0x28ec390b368bed6a4553215b5dbebb551a4b12ae'}, 'date': {'date': '2021-03-31'}, 'block': {'height': 12146909}}, {'smartContract': {'address': {'address': '0x907c6d5bf04dc6f2cc34ceb649adb18bf356eebe'}}, 'caller': {'address': '0x28ec390b368bed6a4553215b5dbebb551a4b12ae'}, 'date': {'date': '2021-02-09'}, 'block': {'height': 11821125}}, {'smartContract': {'address': {'address': '0x94c5f7d26a718f47d3db490d7bdb178324f1f34e'}}, 'caller': {'address': '0x28ec390b368bed6a4553215b5dbebb551a4b12ae'}, 'date': {'date': '2020-10-20'}, 'block': {'height': 11091560}}, {'smartContract': {'address': {'address': '0xa0b6117399789605b998c10a38139741b03bed5d'}}, 'caller': {'address': '0x28ec390b368bed6a4553215b5dbebb551a4b12ae'}, 'date': {'date': '2020-10-20'}, 'block': {'height': 11091558}}, {'smartContract': {'address': {'address': '0x8d9845d2c7991f595700aa263d512721d61e7ddb'}}, 'caller': {'address': '0x28ec390b368bed6a4553215b5dbebb551a4b12ae'}, 'date': {'date': '2020-10-08'}, 'block': {'height': 11014355}}, {'smartContract': {'address': {'address': '0x03089ee8f8505ed44cb567836bbc04b3426fb943'}}, 'caller': {'address': '0x28ec390b368bed6a4553215b5dbebb551a4b12ae'}, 'date': {'date': '2020-10-08'}, 'block': {'height': 11014348}}, {'smartContract': {'address': {'address': '0x0abf0336aec364395a0c28b156c74c34c1215472'}}, 'caller': {'address': '0x28ec390b368bed6a4553215b5dbebb551a4b12ae'}, 'date': {'date': '2020-10-08'}, 'block': {'height': 11014270}}, {'smartContract': {'address': {'address': '0x50f82f2d11ef7df2f007810f14b6095432833b70'}}, 'caller': {'address': '0x28ec390b368bed6a4553215b5dbebb551a4b12ae'}, 'date': {'date': '2020-10-08'}, 'block': {'height': 11014260}}, {'smartContract': {'address': {'address': '0x06d0ccbfa6f1eec7ca61288f8545efd977384c70'}}, 'caller': {'address': '0x28ec390b368bed6a4553215b5dbebb551a4b12ae'}, 'date': {'date': '2020-09-12'}, 'block': {'height': 10847763}}, {'smartContract': {'address': {'address': '0x8447bc9886d056b788c58e7ab06bf9600ba41c2f'}}, 'caller': {'address': '0x28ec390b368bed6a4553215b5dbebb551a4b12ae'}, 'date': {'date': '2020-09-12'}, 'block': {'height': 10847752}}, {'smartContract': {'address': {'address': '0x0198b65cd2c12eae4fb7ea1996b8470b6c649e11'}}, 'caller': {'address': '0x28ec390b368bed6a4553215b5dbebb551a4b12ae'}, 'date': {'date': '2020-09-12'}, 'block': {'height': 10847744}}, {'smartContract': {'address': {'address': '0x80b5c413972d4d5f4d2534bfd38f2f71df245c00'}}, 'caller': {'address': '0x28ec390b368bed6a4553215b5dbebb551a4b12ae'}, 'date': {'date': '2020-09-12'}, 'block': {'height': 10847737}}, {'smartContract': {'address': {'address': '0x5a753021ce28cbc5a7c51f732ba83873d673d8cc'}}, 'caller': {'address': '0x28ec390b368bed6a4553215b5dbebb551a4b12ae'}, 'date': {'date': '2020-09-12'}, 'block': {'height': 10847676}}, {'smartContract': {'address': {'address': '0x5898769494604c69871aa66a1abdb26e93cc4fe3'}}, 'caller': {'address': '0x28ec390b368bed6a4553215b5dbebb551a4b12ae'}, 'date': {'date': '2020-09-12'}, 'block': {'height': 10847662}}, {'smartContract': {'address': {'address': '0xb9f45edeffe5abd7a1a1dffc65068a065b98524d'}}, 'caller': {'address': '0x28ec390b368bed6a4553215b5dbebb551a4b12ae'}, 'date': {'date': '2020-09-12'}, 'block': {'height': 10845881}}, {'smartContract': {'address': {'address': '0xfeeedb5a23e650a6f9a88d1a5941f05453df6703'}}, 'caller': {'address': '0x28ec390b368bed6a4553215b5dbebb551a4b12ae'}, 'date': {'date': '2020-07-24'}, 'block': {'height': 10521429}}, {'smartContract': {'address': {'address': '0x91a50a1341ec2eb3ea18cf4c84394fcbe81e25ae'}}, 'caller': {'address': '0x28ec390b368bed6a4553215b5dbebb551a4b12ae'}, 'date': {'date': '2020-07-23'}, 'block': {'height': 10513733}}, {'smartContract': {'address': {'address': '0x92eced1c1dec0b170c7eea0f6942faf7a6823a3b'}}, 'caller': {'address': '0x28ec390b368bed6a4553215b5dbebb551a4b12ae'}, 'date': {'date': '2020-07-16'}, 'block': {'height': 10470428}}, {'smartContract': {'address': {'address': '0x4b9532cfe5cceae1370105cc9be618b0ccf35e8e'}}, 'caller': {'address': '0x28ec390b368bed6a4553215b5dbebb551a4b12ae'}, 'date': {'date': '2020-07-16'}, 'block': {'height': 10470426}}, {'smartContract': {'address': {'address': '0x454a18cef2792e683648b6863d88da47b0bbd8a8'}}, 'caller': {'address': '0x28ec390b368bed6a4553215b5dbebb551a4b12ae'}, 'date': {'date': '2020-07-16'}, 'block': {'height': 10470339}}, {'smartContract': {'address': {'address': '0xcc4304a31d09258b0029ea7fe63d032f52e44efe'}}, 'caller': {'address': '0x28ec390b368bed6a4553215b5dbebb551a4b12ae'}, 'date': {'date': '2020-07-09'}, 'block': {'height': 10425058}}, {'smartContract': {'address': {'address': '0x898da6b2e015c64c060025cc5ebcf588290e6a79'}}, 'caller': {'address': '0x28ec390b368bed6a4553215b5dbebb551a4b12ae'}, 'date': {'date': '2020-07-09'}, 'block': {'height': 10425057}}, {'smartContract': {'address': {'address': '0xa3f347378e24dd459533b59efb85d02651b946d7'}}, 'caller': {'address': '0x28ec390b368bed6a4553215b5dbebb551a4b12ae'}, 'date': {'date': '2020-07-09'}, 'block': {'height': 10425056}}, {'smartContract': {'address': {'address': '0xfa6334a82807d62f8fa4a1c29d24890da64e9b74'}}, 'caller': {'address': '0x28ec390b368bed6a4553215b5dbebb551a4b12ae'}, 'date': {'date': '2020-07-09'}, 'block': {'height': 10425049}}]",2020-07-09
42,42,0xF063fE1aB7a291c5d06a86e14730b00BF24cB589,DxSale.Network,,0x1e1fEdbeB8CE004a03569A3FF03A1317a6515Cf1,84967558.44,"[{'smartContract': {'address': {'address': '0x2b7e287d5f87cc25b6bb3d01d47c3e6725a8b19b'}}, 'caller': {'address': '0x1e1fedbeb8ce004a03569a3ff03a1317a6515cf1'}, 'date': {'date': '2022-03-26'}, 'block': {'height': 14460648}}, {'smartContract': {'address': {'address': '0xd35c06a2781f648c75290976ecf71e71582188b7'}}, 'caller': {'address': '0x1e1fedbeb8ce004a03569a3ff03a1317a6515cf1'}, 'date': {'date': '2022-02-19'}, 'block': {'height': 14235572}}, {'smartContract': {'address': {'address': '0x5784b41db244e8af2d55eeefc07281bedb0c4587'}}, 'caller': {'address': '0x1e1fedbeb8ce004a03569a3ff03a1317a6515cf1'}, 'date': {'date': '2022-01-12'}, 'block': {'height': 13991815}}, {'smartContract': {'address': {'address': '0x29f0253a0ff526e88ed4376d684b077f353c2523'}}, 'caller': {'address': '0x1e1fedbeb8ce004a03569a3ff03a1317a6515cf1'}, 'date': {'date': '2022-01-12'}, 'block': {'height': 13991808}}, {'smartContract': {'address': {'address': '0x5d4797408f6f914c86ab49de966f1d30128d31c3'}}, 'caller': {'address': '0x1e1fedbeb8ce004a03569a3ff03a1317a6515cf1'}, 'date': {'date': '2021-11-21'}, 'block': {'height': 13656262}}, {'smartContract': {'address': {'address': '0x339dd668f560e9e276bf10c343a85d0d2975e5b1'}}, 'caller': {'address': '0x1e1fedbeb8ce004a03569a3ff03a1317a6515cf1'}, 'date': {'date': '2021-11-16'}, 'block': {'height': 13627866}}, {'smartContract': {'address': {'address': '0x6fce7a22f0c797c8d52e3fdbf85baa9c3e5c54c6'}}, 'caller': {'address': '0x1e1fedbeb8ce004a03569a3ff03a1317a6515cf1'}, 'date': {'date': '2021-10-13'}, 'block': {'height': 13412661}}, {'smartContract': {'address': {'address': '0x603b669be069eff50acc2d10759666f8d5812951'}}, 'caller': {'address': '0xa5409ec958c83c3f309868babaca7c86dcb077c1'}, 'date': {'date': '2021-09-15'}, 'block': {'height': 13230201}}, {'smartContract': {'address': {'address': '0xc041a899c9f10942104fac7c0f696060e2a021e3'}}, 'caller': {'address': '0x1e1fedbeb8ce004a03569a3ff03a1317a6515cf1'}, 'date': {'date': '2021-08-27'}, 'block': {'height': 13107464}}, {'smartContract': {'address': {'address': '0x0f13828dd57f17934c8c7beb3a3d4149fa9b9b7a'}}, 'caller': {'address': '0x1e1fedbeb8ce004a03569a3ff03a1317a6515cf1'}, 'date': {'date': '2021-08-06'}, 'block': {'height': 12973723}}, {'smartContract': {'address': {'address': '0x09cc2073626f5006af248c33ccb61ddb4fcdf7fe'}}, 'caller': {'address': '0x1e1fedbeb8ce004a03569a3ff03a1317a6515cf1'}, 'date': {'date': '2021-07-30'}, 'block': {'height': 12927795}}, {'smartContract': {'address': {'address': '0x663e8dd30ab6d2a1b8bab01a9c1639879b97b1a2'}}, 'caller': {'address': '0x1e1fedbeb8ce004a03569a3ff03a1317a6515cf1'}, 'date': {'date': '2021-07-28'}, 'block': {'height': 12916330}}, {'smartContract': {'address': {'address': '0x974dbe8c618ebf5d76e555f61709bb31a5ba1b73'}}, 'caller': {'address': '0x246a0038a158ca2d1e14bea853e729eb2a65a9ac'}, 'date': {'date': '2021-07-21'}, 'block': {'height': 12868967}}, {'smartContract': {'address': {'address': '0x246a0038a158ca2d1e14bea853e729eb2a65a9ac'}}, 'caller': {'address': '0x1e1fedbeb8ce004a03569a3ff03a1317a6515cf1'}, 'date': {'date': '2021-07-21'}, 'block': {'height': 12868967}}, {'smartContract': {'address': {'address': '0xf6f11484d32ff8cff04bcdd92a94da22e5635eec'}}, 'caller': {'address': '0x1e1fedbeb8ce004a03569a3ff03a1317a6515cf1'}, 'date': {'date': '2021-07-21'}, 'block': {'height': 12868207}}, {'smartContract': {'address': {'address': '0xb58f478e1fc9009f1bfc21c37475e83d1c3d5e3c'}}, 'caller': {'address': '0x1e1fedbeb8ce004a03569a3ff03a1317a6515cf1'}, 'date': {'date': '2021-07-15'}, 'block': {'height': 12832867}}, {'smartContract': {'address': {'address': '0x4bc1ee97a17918f0b6d0bbe0941c3a846756caed'}}, 'caller': {'address': '0x1e1fedbeb8ce004a03569a3ff03a1317a6515cf1'}, 'date': {'date': '2021-07-07'}, 'block': {'height': 12781982}}, {'smartContract': {'address': {'address': '0x0da25eeb6fc1d7b28cb52434d1de7dd1d9b291b8'}}, 'caller': {'address': '0x1e1fedbeb8ce004a03569a3ff03a1317a6515cf1'}, 'date': {'date': '2021-07-07'}, 'block': {'height': 12779153}}, {'smartContract': {'address': {'address': '0x493438a5109d3914a557a79fd690d534ebb71041'}}, 'caller': {'address': '0x1e1fedbeb8ce004a03569a3ff03a1317a6515cf1'}, 'date': {'date': '2021-06-29'}, 'block': {'height': 12732035}}, {'smartContract': {'address': {'address': '0x1c4da7bd91ab8a5ed6367896acc3f6735a35ce74'}}, 'caller': {'address': '0x493438a5109d3914a557a79fd690d534ebb71041'}, 'date': {'date': '2021-06-29'}, 'block': {'height': 12732035}}, {'smartContract': {'address': {'address': '0x239bb221f1a0c66cb1d322828b41aeaa6196ff54'}}, 'caller': {'address': '0x1e1fedbeb8ce004a03569a3ff03a1317a6515cf1'}, 'date': {'date': '2021-06-15'}, 'block': {'height': 12640064}}, {'smartContract': {'address': {'address': '0x3bf83d66c99e45252a9072e62930592504c3931a'}}, 'caller': {'address': '0x1e1fedbeb8ce004a03569a3ff03a1317a6515cf1'}, 'date': {'date': '2021-06-15'}, 'block': {'height': 12640059}}, {'smartContract': {'address': {'address': '0x7c612fbd66986c8ccfec4b920d1025c7d0a05097'}}, 'caller': {'address': '0x1e1fedbeb8ce004a03569a3ff03a1317a6515cf1'}, 'date': {'date': '2021-06-13'}, 'block': {'height': 12627836}}, {'smartContract': {'address': {'address': '0xb62ace6f1fda46ed2590de1ff64ae56089b5f020'}}, 'caller': {'address': '0x1e1fedbeb8ce004a03569a3ff03a1317a6515cf1'}, 'date': {'date': '2021-06-13'}, 'block': {'height': 12627831}}, {'smartContract': {'address': {'address': '0xeb5ea26eb71e3fb06093a75123a8cabdcf2aeb09'}}, 'caller': {'address': '0x1e1fedbeb8ce004a03569a3ff03a1317a6515cf1'}, 'date': {'date': '2021-06-10'}, 'block': {'height': 12608178}}, {'smartContract': {'address': {'address': '0x962cf5b928539e994a4d03391131f5c39a2a9923'}}, 'caller': {'address': '0x1e1fedbeb8ce004a03569a3ff03a1317a6515cf1'}, 'date': {'date': '2021-06-10'}, 'block': {'height': 12608110}}, {'smartContract': {'address': {'address': '0x5eaf2da67376f4fdc753c05c1e82895ffbb224e0'}}, 'caller': {'address': '0x1e1fedbeb8ce004a03569a3ff03a1317a6515cf1'}, 'date': {'date': '2021-06-10'}, 'block': {'height': 12607828}}, {'smartContract': {'address': {'address': '0xc735e6a6b712346ec8bfee0c91bf5d1de1401f73'}}, 'caller': {'address': '0x1e1fedbeb8ce004a03569a3ff03a1317a6515cf1'}, 'date': {'date': '2021-06-10'}, 'block': {'height': 12607800}}, {'smartContract': {'address': {'address': '0x6061b87c2795e2812942a166ca823126e96b113c'}}, 'caller': {'address': '0x1e1fedbeb8ce004a03569a3ff03a1317a6515cf1'}, 'date': {'date': '2021-06-10'}, 'block': {'height': 12607594}}, {'smartContract': {'address': {'address': '0x1ea4168d327aeabb78647e62eb6cc40607212901'}}, 'caller': {'address': '0x1e1fedbeb8ce004a03569a3ff03a1317a6515cf1'}, 'date': {'date': '2021-06-08'}, 'block': {'height': 12596996}}, {'smartContract': {'address': {'address': '0xf83bc3ab99a2b17aaab3179e40f95bd807a6f377'}}, 'caller': {'address': '0x1e1fedbeb8ce004a03569a3ff03a1317a6515cf1'}, 'date': {'date': '2021-06-05'}, 'block': {'height': 12572481}}, {'smartContract': {'address': {'address': '0x72de803b67b6ab05b61efab2efdcd414d16ebf6d'}}, 'caller': {'address': '0x1e1fedbeb8ce004a03569a3ff03a1317a6515cf1'}, 'date': {'date': '2021-06-05'}, 'block': {'height': 12571942}}, {'smartContract': {'address': {'address': '0x423c53de4a14655283fef788b59d20970c6da912'}}, 'caller': {'address': '0x1e1fedbeb8ce004a03569a3ff03a1317a6515cf1'}, 'date': {'date': '2021-05-24'}, 'block': {'height': 12498633}}, {'smartContract': {'address': {'address': '0xfcc4304b66ad4325face7d3a57d72dbc77594828'}}, 'caller': {'address': '0xfc84c6fb1f12479c59f2ef2fee8872202eaf2884'}, 'date': {'date': '2021-05-20'}, 'block': {'height': 12472564}}, {'smartContract': {'address': {'address': '0xfc84c6fb1f12479c59f2ef2fee8872202eaf2884'}}, 'caller': {'address': '0x1e1fedbeb8ce004a03569a3ff03a1317a6515cf1'}, 'date': {'date': '2021-05-20'}, 'block': {'height': 12472564}}, {'smartContract': {'address': {'address': '0xd7d6ab522fa41caae78f6edeb46a14954ae0c772'}}, 'caller': {'address': '0x1e1fedbeb8ce004a03569a3ff03a1317a6515cf1'}, 'date': {'date': '2021-05-20'}, 'block': {'height': 12472550}}, {'smartContract': {'address': {'address': '0xa11adbf4d1c3b1b83d009eb90379721e4a07b8d5'}}, 'caller': {'address': '0x1e1fedbeb8ce004a03569a3ff03a1317a6515cf1'}, 'date': {'date': '2021-05-20'}, 'block': {'height': 12472163}}, {'smartContract': {'address': {'address': '0xbe93cdf8d764272f8d580eca30fffacfa22ceeb2'}}, 'caller': {'address': '0x1e1fedbeb8ce004a03569a3ff03a1317a6515cf1'}, 'date': {'date': '2021-05-15'}, 'block': {'height': 12436028}}, {'smartContract': {'address': {'address': '0x9f87c7be4f3b7659aa93cbd273be8986c7526498'}}, 'caller': {'address': '0x1e1fedbeb8ce004a03569a3ff03a1317a6515cf1'}, 'date': {'date': '2021-05-14'}, 'block': {'height': 12433786}}, {'smartContract': {'address': {'address': '0x22362be22c7e142ebec4e1de85cf712669ddb427'}}, 'caller': {'address': '0x1e1fedbeb8ce004a03569a3ff03a1317a6515cf1'}, 'date': {'date': '2021-05-13'}, 'block': {'height': 12427141}}, {'smartContract': {'address': {'address': '0xb9f493b6fb4ab7b9845c844557abae84d98cbe24'}}, 'caller': {'address': '0x1e1fedbeb8ce004a03569a3ff03a1317a6515cf1'}, 'date': {'date': '2021-05-13'}, 'block': {'height': 12427133}}, {'smartContract': {'address': {'address': '0x67e4833890be32b598ba113eb7dfeac01f68aa76'}}, 'caller': {'address': '0x1e1fedbeb8ce004a03569a3ff03a1317a6515cf1'}, 'date': {'date': '2021-05-13'}, 'block': {'height': 12427113}}, {'smartContract': {'address': {'address': '0x3327c9069ce0eaed5dd222f9c13be682ff18a1f0'}}, 'caller': {'address': '0x1e1fedbeb8ce004a03569a3ff03a1317a6515cf1'}, 'date': {'date': '2021-05-13'}, 'block': {'height': 12427099}}, {'smartContract': {'address': {'address': '0xe48760ed7a95159daad03c565e4fbdde584ac341'}}, 'caller': {'address': '0x1e1fedbeb8ce004a03569a3ff03a1317a6515cf1'}, 'date': {'date': '2021-05-13'}, 'block': {'height': 12425882}}, {'smartContract': {'address': {'address': '0x3b07f2556cc70d1d58a979d0d3db6f9964585f33'}}, 'caller': {'address': '0x1e1fedbeb8ce004a03569a3ff03a1317a6515cf1'}, 'date': {'date': '2021-05-09'}, 'block': {'height': 12401472}}, {'smartContract': {'address': {'address': '0x0aff88b4cf3015c9c17f1da1fccb88c632f3505e'}}, 'caller': {'address': '0x1e1fedbeb8ce004a03569a3ff03a1317a6515cf1'}, 'date': {'date': '2021-05-09'}, 'block': {'height': 12401437}}, {'smartContract': {'address': {'address': '0x6b023c1e3a860050ee3e608357aae86a113b70f9'}}, 'caller': {'address': '0x1e1fedbeb8ce004a03569a3ff03a1317a6515cf1'}, 'date': {'date': '2021-05-09'}, 'block': {'height': 12398394}}, {'smartContract': {'address': {'address': '0x67df226b3100762cae4ff00910f4b1afa58594ac'}}, 'caller': {'address': '0x1e1fedbeb8ce004a03569a3ff03a1317a6515cf1'}, 'date': {'date': '2021-05-09'}, 'block': {'height': 12398334}}, {'smartContract': {'address': {'address': '0x9fd41229b919545089f338beca0dc501fec496aa'}}, 'caller': {'address': '0x1e1fedbeb8ce004a03569a3ff03a1317a6515cf1'}, 'date': {'date': '2021-05-07'}, 'block': {'height': 12387994}}, {'smartContract': {'address': {'address': '0x89de2a565ce6b212469985f901193abe96fe04ba'}}, 'caller': {'address': '0x1e1fedbeb8ce004a03569a3ff03a1317a6515cf1'}, 'date': {'date': '2021-05-06'}, 'block': {'height': 12382970}}, {'smartContract': {'address': {'address': '0xc88bc3d6bdf5beb23f5b0eda3a24ebc49bbf8be0'}}, 'caller': {'address': '0x1e1fedbeb8ce004a03569a3ff03a1317a6515cf1'}, 'date': {'date': '2021-05-06'}, 'block': {'height': 12381468}}, {'smartContract': {'address': {'address': '0x820b22da86721df08d7f3f324bed50bc772c6d21'}}, 'caller': {'address': '0x1e1fedbeb8ce004a03569a3ff03a1317a6515cf1'}, 'date': {'date': '2021-05-06'}, 'block': {'height': 12381460}}, {'smartContract': {'address': {'address': '0xa74ca0b25226f07bd64423dee843d6df6cc7def3'}}, 'caller': {'address': '0x1e1fedbeb8ce004a03569a3ff03a1317a6515cf1'}, 'date': {'date': '2021-05-05'}, 'block': {'height': 12374065}}, {'smartContract': {'address': {'address': '0x64a88b7d161ced8385ab6e9feca0f68725871094'}}, 'caller': {'address': '0x1e1fedbeb8ce004a03569a3ff03a1317a6515cf1'}, 'date': {'date': '2021-05-05'}, 'block': {'height': 12371057}}, {'smartContract': {'address': {'address': '0x29a3ba62f57dcbf58461a20c4aec6dd1cd8fe172'}}, 'caller': {'address': '0x1e1fedbeb8ce004a03569a3ff03a1317a6515cf1'}, 'date': {'date': '2021-05-04'}, 'block': {'height': 12370117}}, {'smartContract': {'address': {'address': '0xefb60262524f3ae70f407722773a78fd57c0e0d1'}}, 'caller': {'address': '0x1e1fedbeb8ce004a03569a3ff03a1317a6515cf1'}, 'date': {'date': '2021-05-02'}, 'block': {'height': 12356448}}, {'smartContract': {'address': {'address': '0xaf11aa572b968241cba26bbe8ed13bc059dc440f'}}, 'caller': {'address': '0x1e1fedbeb8ce004a03569a3ff03a1317a6515cf1'}, 'date': {'date': '2021-05-01'}, 'block': {'height': 12349966}}, {'smartContract': {'address': {'address': '0xae38d114e4d6a7e5e4b90b1e615fb93b1cb4aca6'}}, 'caller': {'address': '0x1e1fedbeb8ce004a03569a3ff03a1317a6515cf1'}, 'date': {'date': '2021-04-30'}, 'block': {'height': 12343768}}, {'smartContract': {'address': {'address': '0x6496b66ec6e1a6d5dcbca5c95e00707531e65b8f'}}, 'caller': {'address': '0x1e1fedbeb8ce004a03569a3ff03a1317a6515cf1'}, 'date': {'date': '2021-04-30'}, 'block': {'height': 12342484}}, {'smartContract': {'address': {'address': '0x24bdd1c41c68735e3eaaa756f0b3d6bb2db4c5e5'}}, 'caller': {'address': '0x1e1fedbeb8ce004a03569a3ff03a1317a6515cf1'}, 'date': {'date': '2021-04-28'}, 'block': {'height': 12326180}}, {'smartContract': {'address': {'address': '0x2ca68647db1b789e496fafb3ec9447a97cfd716c'}}, 'caller': {'address': '0x1e1fedbeb8ce004a03569a3ff03a1317a6515cf1'}, 'date': {'date': '2021-04-27'}, 'block': {'height': 12322686}}, {'smartContract': {'address': {'address': '0x43a7c80fda1f1d942caa932c07113f865a7c7a7d'}}, 'caller': {'address': '0x1e1fedbeb8ce004a03569a3ff03a1317a6515cf1'}, 'date': {'date': '2021-04-26'}, 'block': {'height': 12315338}}, {'smartContract': {'address': {'address': '0x4be3aba4967dc60edee60552f2ef638a75b800b1'}}, 'caller': {'address': '0x1e1fedbeb8ce004a03569a3ff03a1317a6515cf1'}, 'date': {'date': '2021-04-24'}, 'block': {'height': 12304773}}, {'smartContract': {'address': {'address': '0x8dd4228605e467671941ffb4cae15cf7959c8d9d'}}, 'caller': {'address': '0x1e1fedbeb8ce004a03569a3ff03a1317a6515cf1'}, 'date': {'date': '2021-04-24'}, 'block': {'height': 12304768}}, {'smartContract': {'address': {'address': '0x6dbeec9fdfb46f389e44cef60c66bb8fdf34f3d0'}}, 'caller': {'address': '0x1e1fedbeb8ce004a03569a3ff03a1317a6515cf1'}, 'date': {'date': '2021-04-24'}, 'block': {'height': 12304005}}, {'smartContract': {'address': {'address': '0x68935e39315239928a371f27cec3aefa22e2e387'}}, 'caller': {'address': '0x1e1fedbeb8ce004a03569a3ff03a1317a6515cf1'}, 'date': {'date': '2021-04-24'}, 'block': {'height': 12303956}}, {'smartContract': {'address': {'address': '0x9aa58ba110976638d48d536a9d570c62dcfe377d'}}, 'caller': {'address': '0x1e1fedbeb8ce004a03569a3ff03a1317a6515cf1'}, 'date': {'date': '2021-04-24'}, 'block': {'height': 12303672}}, {'smartContract': {'address': {'address': '0xeb8d08547c92d44ab399c0c64c11ccf5c84f71c5'}}, 'caller': {'address': '0x1e1fedbeb8ce004a03569a3ff03a1317a6515cf1'}, 'date': {'date': '2021-04-24'}, 'block': {'height': 12303077}}, {'smartContract': {'address': {'address': '0xdd3b6a478d64a993b44f010b1de0a277e10a8868'}}, 'caller': {'address': '0x1e1fedbeb8ce004a03569a3ff03a1317a6515cf1'}, 'date': {'date': '2021-04-24'}, 'block': {'height': 12302345}}, {'smartContract': {'address': {'address': '0x9a84cf0b8dca4a95e0bce357a285ddc59b91dac2'}}, 'caller': {'address': '0x1e1fedbeb8ce004a03569a3ff03a1317a6515cf1'}, 'date': {'date': '2021-04-24'}, 'block': {'height': 12302049}}, {'smartContract': {'address': {'address': '0xdb0b753f7c54b5f20c78895a234155e7d90052f6'}}, 'caller': {'address': '0x1e1fedbeb8ce004a03569a3ff03a1317a6515cf1'}, 'date': {'date': '2021-04-24'}, 'block': {'height': 12301935}}, {'smartContract': {'address': {'address': '0x4d777df2777f2fb5a94c1984ffbade74f17137b2'}}, 'caller': {'address': '0x1e1fedbeb8ce004a03569a3ff03a1317a6515cf1'}, 'date': {'date': '2021-04-23'}, 'block': {'height': 12299262}}, {'smartContract': {'address': {'address': '0xd3cb636532e2cb8b70b0dc5e28507dc858a4ee62'}}, 'caller': {'address': '0x1e1fedbeb8ce004a03569a3ff03a1317a6515cf1'}, 'date': {'date': '2021-04-23'}, 'block': {'height': 12298949}}, {'smartContract': {'address': {'address': '0xeb567a8d56503ea235011bc9df8e93a61c7b3cc1'}}, 'caller': {'address': '0x1e1fedbeb8ce004a03569a3ff03a1317a6515cf1'}, 'date': {'date': '2021-04-23'}, 'block': {'height': 12298648}}, {'smartContract': {'address': {'address': '0x757a4f255bdb02784ad905cdf3dd38792fbdbd69'}}, 'caller': {'address': '0x1e1fedbeb8ce004a03569a3ff03a1317a6515cf1'}, 'date': {'date': '2021-04-23'}, 'block': {'height': 12298495}}, {'smartContract': {'address': {'address': '0xc004b20845beb6afd55ac79294e10c295accdda0'}}, 'caller': {'address': '0x1e1fedbeb8ce004a03569a3ff03a1317a6515cf1'}, 'date': {'date': '2021-04-23'}, 'block': {'height': 12296693}}, {'smartContract': {'address': {'address': '0xc262df6af7689e92dec3bd4426759453c4fbe898'}}, 'caller': {'address': '0x1e1fedbeb8ce004a03569a3ff03a1317a6515cf1'}, 'date': {'date': '2021-04-23'}, 'block': {'height': 12296502}}, {'smartContract': {'address': {'address': '0xb508623fda378f788cd9b0bd6a20ff9d294c34ca'}}, 'caller': {'address': '0x1e1fedbeb8ce004a03569a3ff03a1317a6515cf1'}, 'date': {'date': '2021-04-23'}, 'block': {'height': 12295513}}, {'smartContract': {'address': {'address': '0x509507ee5d81894dc9792464d1d683c62473df5a'}}, 'caller': {'address': '0x1e1fedbeb8ce004a03569a3ff03a1317a6515cf1'}, 'date': {'date': '2021-04-23'}, 'block': {'height': 12295442}}, {'smartContract': {'address': {'address': '0x4589d894150bdfe5d89c6c6c19a371b5ce6f1f37'}}, 'caller': {'address': '0x1e1fedbeb8ce004a03569a3ff03a1317a6515cf1'}, 'date': {'date': '2021-04-22'}, 'block': {'height': 12291865}}, {'smartContract': {'address': {'address': '0x7ffec07d57c178fd53f1d4d5dd82bde178f4d55a'}}, 'caller': {'address': '0x1e1fedbeb8ce004a03569a3ff03a1317a6515cf1'}, 'date': {'date': '2021-04-22'}, 'block': {'height': 12291813}}, {'smartContract': {'address': {'address': '0xbc585d576cbfb7a6fecb0eb64ee9929158e0d796'}}, 'caller': {'address': '0x1e1fedbeb8ce004a03569a3ff03a1317a6515cf1'}, 'date': {'date': '2021-04-22'}, 'block': {'height': 12291801}}, {'smartContract': {'address': {'address': '0x9f841194df3c74939ee2cf750eadd9f1a6c372d6'}}, 'caller': {'address': '0x1e1fedbeb8ce004a03569a3ff03a1317a6515cf1'}, 'date': {'date': '2021-04-22'}, 'block': {'height': 12291785}}, {'smartContract': {'address': {'address': '0x5d70afb8ecade25a2e8fe1094323dea94be96bd0'}}, 'caller': {'address': '0x1e1fedbeb8ce004a03569a3ff03a1317a6515cf1'}, 'date': {'date': '2021-04-22'}, 'block': {'height': 12291628}}, {'smartContract': {'address': {'address': '0xee62312f51fa0fa748aea626fe79351944b0fda1'}}, 'caller': {'address': '0x1e1fedbeb8ce004a03569a3ff03a1317a6515cf1'}, 'date': {'date': '2021-04-22'}, 'block': {'height': 12290465}}, {'smartContract': {'address': {'address': '0xbe9f6628f81cb97e7dd9a31287b35e8b67326735'}}, 'caller': {'address': '0x1e1fedbeb8ce004a03569a3ff03a1317a6515cf1'}, 'date': {'date': '2021-04-22'}, 'block': {'height': 12290056}}, {'smartContract': {'address': {'address': '0x7ed07b51975d9e8363b568b2d725be8f3e8516cf'}}, 'caller': {'address': '0x1e1fedbeb8ce004a03569a3ff03a1317a6515cf1'}, 'date': {'date': '2021-04-22'}, 'block': {'height': 12288707}}, {'smartContract': {'address': {'address': '0x2ee33d201f6baedf8d983f318f4196b9515302e4'}}, 'caller': {'address': '0x1e1fedbeb8ce004a03569a3ff03a1317a6515cf1'}, 'date': {'date': '2021-04-21'}, 'block': {'height': 12285627}}, {'smartContract': {'address': {'address': '0x69c699f79f95f1416d2a013772deb213610a9fbb'}}, 'caller': {'address': '0x1e1fedbeb8ce004a03569a3ff03a1317a6515cf1'}, 'date': {'date': '2021-04-21'}, 'block': {'height': 12285586}}, {'smartContract': {'address': {'address': '0x3089dd52ccf6991318e23377c8a752106750ad7d'}}, 'caller': {'address': '0x1e1fedbeb8ce004a03569a3ff03a1317a6515cf1'}, 'date': {'date': '2021-04-21'}, 'block': {'height': 12281265}}, {'smartContract': {'address': {'address': '0x72b03d7e52f96f74dca17c367ef781019424c06b'}}, 'caller': {'address': '0x1e1fedbeb8ce004a03569a3ff03a1317a6515cf1'}, 'date': {'date': '2021-04-16'}, 'block': {'height': 12254134}}, {'smartContract': {'address': {'address': '0x1df7f583c58e1f6c416596628397c742d05cdbfc'}}, 'caller': {'address': '0x1e1fedbeb8ce004a03569a3ff03a1317a6515cf1'}, 'date': {'date': '2021-04-15'}, 'block': {'height': 12246627}}, {'smartContract': {'address': {'address': '0x2c6315132d9392b3ae14215c82727f81f4e793da'}}, 'caller': {'address': '0x1e1fedbeb8ce004a03569a3ff03a1317a6515cf1'}, 'date': {'date': '2021-04-12'}, 'block': {'height': 12226547}}, {'smartContract': {'address': {'address': '0xf9e002c3b4148cb74c29dce184e84c369b0d49db'}}, 'caller': {'address': '0x1e1fedbeb8ce004a03569a3ff03a1317a6515cf1'}, 'date': {'date': '2021-04-12'}, 'block': {'height': 12226534}}, {'smartContract': {'address': {'address': '0xcd32942e82ca833f397d10b403c7efaca26fe927'}}, 'caller': {'address': '0x1e1fedbeb8ce004a03569a3ff03a1317a6515cf1'}, 'date': {'date': '2021-04-11'}, 'block': {'height': 12216848}}, {'smartContract': {'address': {'address': '0x4db121edab8026db09e7f0c8269ac64fbf257c1d'}}, 'caller': {'address': '0x1e1fedbeb8ce004a03569a3ff03a1317a6515cf1'}, 'date': {'date': '2021-04-08'}, 'block': {'height': 12200810}}, {'smartContract': {'address': {'address': '0x1dd368187290d560f163a3765ba7598d58b5ea7b'}}, 'caller': {'address': '0x1e1fedbeb8ce004a03569a3ff03a1317a6515cf1'}, 'date': {'date': '2021-04-05'}, 'block': {'height': 12178717}}, {'smartContract': {'address': {'address': '0x94ae1f487a7ec06ae8d0d6cdcef5f2a4bc2d9512'}}, 'caller': {'address': '0x1e1fedbeb8ce004a03569a3ff03a1317a6515cf1'}, 'date': {'date': '2021-04-01'}, 'block': {'height': 12156682}}, {'smartContract': {'address': {'address': '0x75edf5133e99fb465715e0a8aae43c781f5ad4ad'}}, 'caller': {'address': '0x1e1fedbeb8ce004a03569a3ff03a1317a6515cf1'}, 'date': {'date': '2021-03-26'}, 'block': {'height': 12116681}}, {'smartContract': {'address': {'address': '0x5e57f74025ad9eb5212bef2f95e332dba62878a7'}}, 'caller': {'address': '0x1e1fedbeb8ce004a03569a3ff03a1317a6515cf1'}, 'date': {'date': '2021-03-25'}, 'block': {'height': 12110702}}]",2020-08-18
43,43,0xBBbbCA6A901c926F240b89EacB641d8Aec7AEafD,LoopringCoin V2 (LRC),https://github.com/Loopring/protocols,0x5593b2B8Dc63d0ed68aa8f885707b2Dc5787E391,77858825.83,"[{'smartContract': {'address': {'address': '0xb170dd1352b9928bd1dd1f11d25f5a1d617baeb2'}}, 'caller': {'address': '0x5593b2b8dc63d0ed68aa8f885707b2dc5787e391'}, 'date': {'date': '2021-11-03'}, 'block': {'height': 13543799}}, {'smartContract': {'address': {'address': '0x95328aa7122617816ce5b1694006f404de03c3bd'}}, 'caller': {'address': '0x5593b2b8dc63d0ed68aa8f885707b2dc5787e391'}, 'date': {'date': '2021-11-03'}, 'block': {'height': 13543723}}, {'smartContract': {'address': {'address': '0x12c6d364ab2a578114c0fe8f21b811a5567107e4'}}, 'caller': {'address': '0x5593b2b8dc63d0ed68aa8f885707b2dc5787e391'}, 'date': {'date': '2021-11-03'}, 'block': {'height': 13541991}}, {'smartContract': {'address': {'address': '0x4b1db1131662edea8987f80b9856ccc432e1681e'}}, 'caller': {'address': '0x5593b2b8dc63d0ed68aa8f885707b2dc5787e391'}, 'date': {'date': '2021-11-03'}, 'block': {'height': 13541982}}, {'smartContract': {'address': {'address': '0xb2851c2b0c33bbd1453c4195ecbbb5900d5ec759'}}, 'caller': {'address': '0x5593b2b8dc63d0ed68aa8f885707b2dc5787e391'}, 'date': {'date': '2021-11-03'}, 'block': {'height': 13541861}}, {'smartContract': {'address': {'address': '0x1163f9fb784d6703bd9b254692cd819a7631d7a8'}}, 'caller': {'address': '0x76e2cfc1f5fa8f6a5b3fc4c8f4788f0116861f9b'}, 'date': {'date': '2020-11-25'}, 'block': {'height': 11325023}}]",2019-04-11
44,44,0xbbBBBBB5AA847A2003fbC6b5C16DF0Bd1E725f61,B.Protocol,https://github.com/backstop-protocol,0xD61f7Dd98119A30E85371B6764C95FaFc61e24d6,74644145.79,"[{'smartContract': {'address': {'address': '0xbbbbbbb5aa847a2003fbc6b5c16df0bd1e725f61'}}, 'caller': {'address': '0xd61f7dd98119a30e85371b6764c95fafc61e24d6'}, 'date': {'date': '2021-04-22'}, 'block': {'height': 12288649}}]",2021-04-22
45,45,0xfF20817765cB7f73d4bde2e66e067E58D11095C2,Amp (AMP),https://github.com/amptoken,0x8EbE64E65d1B83C22B3C9C3fF5E16e6986c87C87,74096643.24,"[{'smartContract': {'address': {'address': '0x706d7f8b3445d8dfc790c524e3990ef014e7c578'}}, 'caller': {'address': '0x8ebe64e65d1b83c22b3c9c3ff5e16e6986c87c87'}, 'date': {'date': '2020-08-12'}, 'block': {'height': 10646017}}, {'smartContract': {'address': {'address': '0x455a3b78cfe4b88268dbee2119eb06fb1d3f1f61'}}, 'caller': {'address': '0x8ebe64e65d1b83c22b3c9c3ff5e16e6986c87c87'}, 'date': {'date': '2020-08-11'}, 'block': {'height': 10640046}}, {'smartContract': {'address': {'address': '0xff20817765cb7f73d4bde2e66e067e58d11095c2'}}, 'caller': {'address': '0x8ebe64e65d1b83c22b3c9c3ff5e16e6986c87c87'}, 'date': {'date': '2020-08-11'}, 'block': {'height': 10635417}}]",2020-08-11
46,46,0x0d02755a5700414B26FF040e1dE35D337DF56218,(Proxy contract) Bend Token,https://github.com/BendDAO,0x8Bd671Ff94fCF7cAFF7e396A3aC38db2720DB3a7,73687906.47,"[{'smartContract': {'address': {'address': '0xa319552eef068933945a4484a1640c6a6edefe39'}}, 'caller': {'address': '0x8bd671ff94fcf7caff7e396a3ac38db2720db3a7'}, 'date': {'date': '2022-03-23'}, 'block': {'height': 14442346}}, {'smartContract': {'address': {'address': '0xe2b1fc3c7e218bfccbb249afc7df9da6ff9b9868'}}, 'caller': {'address': '0x8bd671ff94fcf7caff7e396a3ac38db2720db3a7'}, 'date': {'date': '2022-03-23'}, 'block': {'height': 14442329}}, {'smartContract': {'address': {'address': '0x2bbb6f9c858a96a91e1e8e5b7f0e25ea34835ba0'}}, 'caller': {'address': '0x8bd671ff94fcf7caff7e396a3ac38db2720db3a7'}, 'date': {'date': '2022-03-22'}, 'block': {'height': 14437356}}, {'smartContract': {'address': {'address': '0x1302a7da9cfa2bef4d7d8985fa0b1a1729971527'}}, 'caller': {'address': '0x8bd671ff94fcf7caff7e396a3ac38db2720db3a7'}, 'date': {'date': '2022-03-22'}, 'block': {'height': 14437343}}, {'smartContract': {'address': {'address': '0x710a2b4b5f267047728402f1594f440a2acbae02'}}, 'caller': {'address': '0x8bd671ff94fcf7caff7e396a3ac38db2720db3a7'}, 'date': {'date': '2022-03-22'}, 'block': {'height': 14436954}}, {'smartContract': {'address': {'address': '0x791de2090162a4ca1dd4bf998e0bbcc17bfff6fd'}}, 'caller': {'address': '0x8bd671ff94fcf7caff7e396a3ac38db2720db3a7'}, 'date': {'date': '2022-03-22'}, 'block': {'height': 14436648}}, {'smartContract': {'address': {'address': '0x5fa288a9c6cdbd0b0845199a033ef32a207bc98d'}}, 'caller': {'address': '0x8bd671ff94fcf7caff7e396a3ac38db2720db3a7'}, 'date': {'date': '2022-03-22'}, 'block': {'height': 14436628}}, {'smartContract': {'address': {'address': '0x1b5d2904be3e4711a848be09b17dee89e6a5bc27'}}, 'caller': {'address': '0x8bd671ff94fcf7caff7e396a3ac38db2720db3a7'}, 'date': {'date': '2022-03-19'}, 'block': {'height': 14415241}}, {'smartContract': {'address': {'address': '0x6d8138ab8458bc420ac2dc078c59e8bd4defcaa6'}}, 'caller': {'address': '0x8bd671ff94fcf7caff7e396a3ac38db2720db3a7'}, 'date': {'date': '2022-03-19'}, 'block': {'height': 14415234}}, {'smartContract': {'address': {'address': '0x0d02755a5700414b26ff040e1de35d337df56218'}}, 'caller': {'address': '0x8bd671ff94fcf7caff7e396a3ac38db2720db3a7'}, 'date': {'date': '2022-03-19'}, 'block': {'height': 14415232}}, {'smartContract': {'address': {'address': '0x859f6e05410893fe64bc84d92bda773ff798cf66'}}, 'caller': {'address': '0x8bd671ff94fcf7caff7e396a3ac38db2720db3a7'}, 'date': {'date': '2022-03-19'}, 'block': {'height': 14415229}}, {'smartContract': {'address': {'address': '0x02863c14603c3b157379999f567ddece151e9153'}}, 'caller': {'address': '0x8bd671ff94fcf7caff7e396a3ac38db2720db3a7'}, 'date': {'date': '2022-03-19'}, 'block': {'height': 14415227}}, {'smartContract': {'address': {'address': '0xf1465c7ea04765853facc2d1ea68bc6e47be90e1'}}, 'caller': {'address': '0xa6b71e26c5e0845f74c812102ca7114b6a896ab2'}, 'date': {'date': '2021-12-28'}, 'block': {'height': 13893168}}, {'smartContract': {'address': {'address': '0x472fcc65fab565f75b1e0e861864a86fe5bced7b'}}, 'caller': {'address': '0xa6b71e26c5e0845f74c812102ca7114b6a896ab2'}, 'date': {'date': '2021-12-28'}, 'block': {'height': 13893147}}, {'smartContract': {'address': {'address': '0xe6b80f77a8b8fcd124ab748c720b7eaea83ddb4c'}}, 'caller': {'address': '0xa6b71e26c5e0845f74c812102ca7114b6a896ab2'}, 'date': {'date': '2021-12-28'}, 'block': {'height': 13892779}}, {'smartContract': {'address': {'address': '0x3dc7e315f5d9a98f303220e347ced7a99274630f'}}, 'caller': {'address': '0xa6b71e26c5e0845f74c812102ca7114b6a896ab2'}, 'date': {'date': '2021-12-28'}, 'block': {'height': 13892548}}, {'smartContract': {'address': {'address': '0xf0dfc149feab7bc2380f8d53b6353c6743f159a0'}}, 'caller': {'address': '0x8bd671ff94fcf7caff7e396a3ac38db2720db3a7'}, 'date': {'date': '2021-12-24'}, 'block': {'height': 13866680}}, {'smartContract': {'address': {'address': '0x607d113a67f456292939c636becccfb3656ca80f'}}, 'caller': {'address': '0x8bd671ff94fcf7caff7e396a3ac38db2720db3a7'}, 'date': {'date': '2021-12-24'}, 'block': {'height': 13866679}}, {'smartContract': {'address': {'address': '0x5e0785d84e60f4c94f970ac8a7a8561d761c0171'}}, 'caller': {'address': '0x8bd671ff94fcf7caff7e396a3ac38db2720db3a7'}, 'date': {'date': '2021-12-24'}, 'block': {'height': 13866672}}]",2022-03-19
47,47,0xB9D7DdDca9a4AC480991865EfEf82E01273F79C3,bLUSD,https://github.com/liquity/ChickenBond,0x9B5715C99d3A9db84cAA904f9f442220651436e8,68988065.69,"[{'smartContract': {'address': {'address': '0xbb8fa349359b9009a19d58a51d18656c7677b618'}}, 'caller': {'address': '0x16240bc4e1e82525c67faf01fa8ffb15e2fc50e6'}, 'date': {'date': '2022-11-16'}, 'block': {'height': 15981834}}, {'smartContract': {'address': {'address': '0x16240bc4e1e82525c67faf01fa8ffb15e2fc50e6'}}, 'caller': {'address': '0x9b5715c99d3a9db84caa904f9f442220651436e8'}, 'date': {'date': '2022-11-16'}, 'block': {'height': 15981818}}, {'smartContract': {'address': {'address': '0x43650bd9ceec8676f19134be8b48d81c53314a61'}}, 'caller': {'address': '0xca2f671cd71b31acd60e74a7c148715b053c7f05'}, 'date': {'date': '2022-11-15'}, 'block': {'height': 15976808}}, {'smartContract': {'address': {'address': '0xca2f671cd71b31acd60e74a7c148715b053c7f05'}}, 'caller': {'address': '0x9b5715c99d3a9db84caa904f9f442220651436e8'}, 'date': {'date': '2022-11-15'}, 'block': {'height': 15976799}}, {'smartContract': {'address': {'address': '0xda7b0a75b82e876140f144073d8f907429181164'}}, 'caller': {'address': '0x93aad8d9941b0c034aca21f2a2c5317ec1397ee2'}, 'date': {'date': '2022-11-15'}, 'block': {'height': 15976764}}, {'smartContract': {'address': {'address': '0x93aad8d9941b0c034aca21f2a2c5317ec1397ee2'}}, 'caller': {'address': '0x9b5715c99d3a9db84caa904f9f442220651436e8'}, 'date': {'date': '2022-11-15'}, 'block': {'height': 15976753}}, {'smartContract': {'address': {'address': '0xcfa8d6d60323cb2def230528d0636265f96fe6fe'}}, 'caller': {'address': '0xcdf4a95e684c8aeb42077a1312dafc98da64e1fd'}, 'date': {'date': '2022-11-15'}, 'block': {'height': 15976718}}, {'smartContract': {'address': {'address': '0xcdf4a95e684c8aeb42077a1312dafc98da64e1fd'}}, 'caller': {'address': '0x9b5715c99d3a9db84caa904f9f442220651436e8'}, 'date': {'date': '2022-11-15'}, 'block': {'height': 15976707}}, {'smartContract': {'address': {'address': '0x0ad96b511f501c1bdab362c5c044ea8279846713'}}, 'caller': {'address': '0x9b5715c99d3a9db84caa904f9f442220651436e8'}, 'date': {'date': '2022-11-15'}, 'block': {'height': 15974932}}, {'smartContract': {'address': {'address': '0xd1d25d2c962ce628820a33118578eb7fe2f03b98'}}, 'caller': {'address': '0x9b5715c99d3a9db84caa904f9f442220651436e8'}, 'date': {'date': '2022-11-15'}, 'block': {'height': 15974914}}, {'smartContract': {'address': {'address': '0x2dcd69601a497f7ad2fdc7565c4800c8a572ca44'}}, 'caller': {'address': '0xc815db16d4be6ddf2685c201937905abf338f5d7'}, 'date': {'date': '2022-11-11'}, 'block': {'height': 15948675}}, {'smartContract': {'address': {'address': '0xb1bc8b14ac9576d34225dbd6c09dd88a28c064ff'}}, 'caller': {'address': '0x9b5715c99d3a9db84caa904f9f442220651436e8'}, 'date': {'date': '2022-11-11'}, 'block': {'height': 15948652}}, {'smartContract': {'address': {'address': '0x411949abcaaf0a476d557ad19ae82f4e34142736'}}, 'caller': {'address': '0x9b5715c99d3a9db84caa904f9f442220651436e8'}, 'date': {'date': '2022-10-19'}, 'block': {'height': 15780913}}, {'smartContract': {'address': {'address': '0x4af9f911d825c2acba58d4e7eb4ae09795710022'}}, 'caller': {'address': '0x9b5715c99d3a9db84caa904f9f442220651436e8'}, 'date': {'date': '2022-10-19'}, 'block': {'height': 15780912}}, {'smartContract': {'address': {'address': '0x2a1999513b743ad83596ae72edc7cda23fbec314'}}, 'caller': {'address': '0x9b5715c99d3a9db84caa904f9f442220651436e8'}, 'date': {'date': '2022-10-19'}, 'block': {'height': 15780911}}, {'smartContract': {'address': {'address': '0x21c1ae31cbfbb3ca077db4736663c2e1066614bf'}}, 'caller': {'address': '0x9b5715c99d3a9db84caa904f9f442220651436e8'}, 'date': {'date': '2022-10-19'}, 'block': {'height': 15780909}}, {'smartContract': {'address': {'address': '0xd5d4f0ad337fca8d7628bbf4f1a2e1b3970b9d94'}}, 'caller': {'address': '0x9b5715c99d3a9db84caa904f9f442220651436e8'}, 'date': {'date': '2022-10-19'}, 'block': {'height': 15780907}}, {'smartContract': {'address': {'address': '0x798a3fa03d6f6db94537033d0ab7db4bef54fc2e'}}, 'caller': {'address': '0x9b5715c99d3a9db84caa904f9f442220651436e8'}, 'date': {'date': '2022-10-19'}, 'block': {'height': 15780905}}, {'smartContract': {'address': {'address': '0x62882b7c0b2931b180b16044bfc5ea3fe8808568'}}, 'caller': {'address': '0x9b5715c99d3a9db84caa904f9f442220651436e8'}, 'date': {'date': '2022-10-19'}, 'block': {'height': 15780904}}, {'smartContract': {'address': {'address': '0x86b80cb930c33d0abcd94227725ef4bc4905a9bf'}}, 'caller': {'address': '0x9b5715c99d3a9db84caa904f9f442220651436e8'}, 'date': {'date': '2022-10-19'}, 'block': {'height': 15780903}}, {'smartContract': {'address': {'address': '0x933b774623bf7dd40351b79d2b589f7b09be5fc2'}}, 'caller': {'address': '0x9b5715c99d3a9db84caa904f9f442220651436e8'}, 'date': {'date': '2022-10-19'}, 'block': {'height': 15780901}}, {'smartContract': {'address': {'address': '0x712eda4e2816574e3ca1f123e22f762bdeb40e07'}}, 'caller': {'address': '0x9b5715c99d3a9db84caa904f9f442220651436e8'}, 'date': {'date': '2022-10-18'}, 'block': {'height': 15777907}}, {'smartContract': {'address': {'address': '0x430dcc1902920823c12bfe6404e677e1ce53956a'}}, 'caller': {'address': '0x9b5715c99d3a9db84caa904f9f442220651436e8'}, 'date': {'date': '2022-10-18'}, 'block': {'height': 15777906}}, {'smartContract': {'address': {'address': '0xb06b456fb3108a43b305919cd61c03e12bc7864c'}}, 'caller': {'address': '0x9b5715c99d3a9db84caa904f9f442220651436e8'}, 'date': {'date': '2022-10-18'}, 'block': {'height': 15777905}}, {'smartContract': {'address': {'address': '0x7bfcc1629fd6a84e8913ea9c767baef46dd31754'}}, 'caller': {'address': '0x9b5715c99d3a9db84caa904f9f442220651436e8'}, 'date': {'date': '2022-10-18'}, 'block': {'height': 15777903}}, {'smartContract': {'address': {'address': '0x66506b0a93ac7f420ed2fe8f53548142dd390148'}}, 'caller': {'address': '0x9b5715c99d3a9db84caa904f9f442220651436e8'}, 'date': {'date': '2022-10-18'}, 'block': {'height': 15777902}}, {'smartContract': {'address': {'address': '0x1ba08cfa34122a1462dfc903ad2219a73ca6ce1f'}}, 'caller': {'address': '0x9b5715c99d3a9db84caa904f9f442220651436e8'}, 'date': {'date': '2022-10-18'}, 'block': {'height': 15777901}}, {'smartContract': {'address': {'address': '0x7999939436e5c6b1ae36e47f92d1200df99e506c'}}, 'caller': {'address': '0x9b5715c99d3a9db84caa904f9f442220651436e8'}, 'date': {'date': '2022-10-18'}, 'block': {'height': 15777900}}, {'smartContract': {'address': {'address': '0x3c329e6c2a3f1c67b298e1891370544630fc88ac'}}, 'caller': {'address': '0x9b5715c99d3a9db84caa904f9f442220651436e8'}, 'date': {'date': '2022-10-18'}, 'block': {'height': 15777899}}, {'smartContract': {'address': {'address': '0x4d7a5a57a33e9ac924a1a795bfbbfc309804ff95'}}, 'caller': {'address': '0x9b5715c99d3a9db84caa904f9f442220651436e8'}, 'date': {'date': '2022-10-18'}, 'block': {'height': 15777898}}, {'smartContract': {'address': {'address': '0xcba8e52ab11b3209ab55e28622371d9877058d30'}}, 'caller': {'address': '0x9b5715c99d3a9db84caa904f9f442220651436e8'}, 'date': {'date': '2022-10-17'}, 'block': {'height': 15767470}}, {'smartContract': {'address': {'address': '0x55b65dc72db0ddc858adb1dd097eea89546d395d'}}, 'caller': {'address': '0x9b5715c99d3a9db84caa904f9f442220651436e8'}, 'date': {'date': '2022-10-11'}, 'block': {'height': 15726211}}, {'smartContract': {'address': {'address': '0x57619fe9c539f890b19c61812226f9703ce37137'}}, 'caller': {'address': '0x9b5715c99d3a9db84caa904f9f442220651436e8'}, 'date': {'date': '2022-10-04'}, 'block': {'height': 15674057}}, {'smartContract': {'address': {'address': '0xda0dd1798be66e17d5ab1dc476302b56689c2db4'}}, 'caller': {'address': '0xf18056bbd320e96a48e3fbf8bc061322531aac99'}, 'date': {'date': '2022-10-04'}, 'block': {'height': 15674056}}, {'smartContract': {'address': {'address': '0x74ed5d42203806c8cdcf2f04ca5f60dc777b901c'}}, 'caller': {'address': '0xf18056bbd320e96a48e3fbf8bc061322531aac99'}, 'date': {'date': '2022-10-04'}, 'block': {'height': 15674054}}, {'smartContract': {'address': {'address': '0x5ca0313d44551e32e0d7a298ec024321c4bc59b4'}}, 'caller': {'address': '0xf18056bbd320e96a48e3fbf8bc061322531aac99'}, 'date': {'date': '2022-10-04'}, 'block': {'height': 15674054}}, {'smartContract': {'address': {'address': '0xa8384862219188a8f03c144953cf21fc124029ee'}}, 'caller': {'address': '0x9b5715c99d3a9db84caa904f9f442220651436e8'}, 'date': {'date': '2022-10-04'}, 'block': {'height': 15674052}}, {'smartContract': {'address': {'address': '0x91678e87e220855cb4ec169abdc9e7b5f3dc0187'}}, 'caller': {'address': '0x9b5715c99d3a9db84caa904f9f442220651436e8'}, 'date': {'date': '2022-10-04'}, 'block': {'height': 15674050}}, {'smartContract': {'address': {'address': '0xb9d7dddca9a4ac480991865efef82e01273f79c3'}}, 'caller': {'address': '0x9b5715c99d3a9db84caa904f9f442220651436e8'}, 'date': {'date': '2022-10-04'}, 'block': {'height': 15674048}}, {'smartContract': {'address': {'address': '0xb8643df25b6614ebd9e03144d12f53994e40e770'}}, 'caller': {'address': '0x9b5715c99d3a9db84caa904f9f442220651436e8'}, 'date': {'date': '2022-10-04'}, 'block': {'height': 15673571}}, {'smartContract': {'address': {'address': '0x009644832140fed8b3b2b40405612f0c06ab3917'}}, 'caller': {'address': '0xf18056bbd320e96a48e3fbf8bc061322531aac99'}, 'date': {'date': '2022-10-04'}, 'block': {'height': 15673569}}, {'smartContract': {'address': {'address': '0x9735d6530b0609ba8340ecf61feacd922468c1e1'}}, 'caller': {'address': '0xf18056bbd320e96a48e3fbf8bc061322531aac99'}, 'date': {'date': '2022-10-04'}, 'block': {'height': 15673567}}, {'smartContract': {'address': {'address': '0xa1f14d9b4ecb5730e59f419a26ee3ec56d14fb6c'}}, 'caller': {'address': '0xf18056bbd320e96a48e3fbf8bc061322531aac99'}, 'date': {'date': '2022-10-04'}, 'block': {'height': 15673567}}, {'smartContract': {'address': {'address': '0xbf0ad19d3c8c965746db7eaef7f84414e2b796a1'}}, 'caller': {'address': '0xf18056bbd320e96a48e3fbf8bc061322531aac99'}, 'date': {'date': '2022-10-04'}, 'block': {'height': 15673558}}, {'smartContract': {'address': {'address': '0x9a7168ea321121a8faf52147fc596b73e07ab8a3'}}, 'caller': {'address': '0xf18056bbd320e96a48e3fbf8bc061322531aac99'}, 'date': {'date': '2022-10-04'}, 'block': {'height': 15673558}}, {'smartContract': {'address': {'address': '0xc96265c8748c8361d77fe99d42ae78aae63995a6'}}, 'caller': {'address': '0x9b5715c99d3a9db84caa904f9f442220651436e8'}, 'date': {'date': '2022-10-04'}, 'block': {'height': 15673510}}, {'smartContract': {'address': {'address': '0xe3637b3aaf5492c72b911656970339d410e0975e'}}, 'caller': {'address': '0x9b5715c99d3a9db84caa904f9f442220651436e8'}, 'date': {'date': '2022-10-04'}, 'block': {'height': 15673500}}, {'smartContract': {'address': {'address': '0xf38ab1e51536cf5e4b0c83f83f1e6026b869188d'}}, 'caller': {'address': '0x9b5715c99d3a9db84caa904f9f442220651436e8'}, 'date': {'date': '2022-10-04'}, 'block': {'height': 15673490}}, {'smartContract': {'address': {'address': '0x2d31b5be00575a102e96553f9dc97743a8bc2fc2'}}, 'caller': {'address': '0x9b5715c99d3a9db84caa904f9f442220651436e8'}, 'date': {'date': '2022-10-04'}, 'block': {'height': 15673475}}, {'smartContract': {'address': {'address': '0x743377926033cad0770e0f2b0d4cd33d7430fd56'}}, 'caller': {'address': '0x9b5715c99d3a9db84caa904f9f442220651436e8'}, 'date': {'date': '2022-10-04'}, 'block': {'height': 15673451}}, {'smartContract': {'address': {'address': '0x20658291677a29efddfd0e303f8b23113d837cc7'}}, 'caller': {'address': '0x9b5715c99d3a9db84caa904f9f442220651436e8'}, 'date': {'date': '2022-10-04'}, 'block': {'height': 15673447}}, {'smartContract': {'address': {'address': '0x98b994de6da51c43f1710e92f949854246726122'}}, 'caller': {'address': '0x9b5715c99d3a9db84caa904f9f442220651436e8'}, 'date': {'date': '2022-10-03'}, 'block': {'height': 15670500}}, {'smartContract': {'address': {'address': '0xd2a4ca94f2de6593ec6f68019e313e1518f60560'}}, 'caller': {'address': '0x9b5715c99d3a9db84caa904f9f442220651436e8'}, 'date': {'date': '2022-10-03'}, 'block': {'height': 15670458}}, {'smartContract': {'address': {'address': '0x51faf963880dabe40ee82e79a1af0a90a156b312'}}, 'caller': {'address': '0x9b5715c99d3a9db84caa904f9f442220651436e8'}, 'date': {'date': '2022-10-03'}, 'block': {'height': 15670448}}, {'smartContract': {'address': {'address': '0xfa27cdd5328979e85b440f1c7d56c8a5372f9ae0'}}, 'caller': {'address': '0x9b5715c99d3a9db84caa904f9f442220651436e8'}, 'date': {'date': '2022-10-03'}, 'block': {'height': 15670425}}, {'smartContract': {'address': {'address': '0x6ea66d267234dc5abfcc9885765a1e2e50073a2a'}}, 'caller': {'address': '0x9b5715c99d3a9db84caa904f9f442220651436e8'}, 'date': {'date': '2022-10-03'}, 'block': {'height': 15666480}}, {'smartContract': {'address': {'address': '0x8bcf6c7a49045e9f78648f9969c4bd2f12f8c504'}}, 'caller': {'address': '0xf18056bbd320e96a48e3fbf8bc061322531aac99'}, 'date': {'date': '2022-10-03'}, 'block': {'height': 15666478}}, {'smartContract': {'address': {'address': '0xf4a3cca34470b5ba21e2bb1ed365acf68b4d4598'}}, 'caller': {'address': '0xf18056bbd320e96a48e3fbf8bc061322531aac99'}, 'date': {'date': '2022-10-03'}, 'block': {'height': 15666477}}, {'smartContract': {'address': {'address': '0xeeb7a7120cdf4440f08a9fd646cca9d78e463f01'}}, 'caller': {'address': '0xf18056bbd320e96a48e3fbf8bc061322531aac99'}, 'date': {'date': '2022-10-03'}, 'block': {'height': 15666477}}, {'smartContract': {'address': {'address': '0x5d49599f6ce3fe92c358055486ab21fdcd8f52f3'}}, 'caller': {'address': '0x9b5715c99d3a9db84caa904f9f442220651436e8'}, 'date': {'date': '2022-10-03'}, 'block': {'height': 15666476}}, {'smartContract': {'address': {'address': '0x0cb5727a6a8cb8a01c1b693d7a18119a3542dc42'}}, 'caller': {'address': '0x9b5715c99d3a9db84caa904f9f442220651436e8'}, 'date': {'date': '2022-10-03'}, 'block': {'height': 15666475}}, {'smartContract': {'address': {'address': '0x1e2391a261217c93d09ff3ae9ab1903ea237bda8'}}, 'caller': {'address': '0x9b5715c99d3a9db84caa904f9f442220651436e8'}, 'date': {'date': '2022-10-03'}, 'block': {'height': 15666473}}, {'smartContract': {'address': {'address': '0xe420cf281e567cb144838435bb5d6b482c102e63'}}, 'caller': {'address': '0x9b5715c99d3a9db84caa904f9f442220651436e8'}, 'date': {'date': '2022-10-03'}, 'block': {'height': 15666462}}, {'smartContract': {'address': {'address': '0x877156b9400807a00c87e21316903552759fac49'}}, 'caller': {'address': '0x9b5715c99d3a9db84caa904f9f442220651436e8'}, 'date': {'date': '2022-10-03'}, 'block': {'height': 15666235}}, {'smartContract': {'address': {'address': '0xd0119a02dc177b2f0abc8742328e9a2b875bb52c'}}, 'caller': {'address': '0xf18056bbd320e96a48e3fbf8bc061322531aac99'}, 'date': {'date': '2022-10-03'}, 'block': {'height': 15666234}}, {'smartContract': {'address': {'address': '0x0b677352bac73f249e8829dfce1f96c3316afc27'}}, 'caller': {'address': '0xf18056bbd320e96a48e3fbf8bc061322531aac99'}, 'date': {'date': '2022-10-03'}, 'block': {'height': 15666233}}, {'smartContract': {'address': {'address': '0x141be5d90c27dc5c9199a57cb828ca3cbd2c2d94'}}, 'caller': {'address': '0xf18056bbd320e96a48e3fbf8bc061322531aac99'}, 'date': {'date': '2022-10-03'}, 'block': {'height': 15666233}}, {'smartContract': {'address': {'address': '0xfa4a0f86d13880185e85490410d212c65ea4795a'}}, 'caller': {'address': '0x9b5715c99d3a9db84caa904f9f442220651436e8'}, 'date': {'date': '2022-10-03'}, 'block': {'height': 15666232}}, {'smartContract': {'address': {'address': '0x8d849f291979034efcfa38a57cb05ec13e7bf8de'}}, 'caller': {'address': '0x9b5715c99d3a9db84caa904f9f442220651436e8'}, 'date': {'date': '2022-10-03'}, 'block': {'height': 15666230}}, {'smartContract': {'address': {'address': '0xb185a192e5e9ce5ea2204dcfee0f4467008d4216'}}, 'caller': {'address': '0x9b5715c99d3a9db84caa904f9f442220651436e8'}, 'date': {'date': '2022-10-03'}, 'block': {'height': 15666228}}, {'smartContract': {'address': {'address': '0x2620ea805fb2c0adfc505967a8860ee30fd01754'}}, 'caller': {'address': '0xf18056bbd320e96a48e3fbf8bc061322531aac99'}, 'date': {'date': '2022-09-30'}, 'block': {'height': 15646585}}, {'smartContract': {'address': {'address': '0x52f05c70d86662204c7222c35000747b177c393a'}}, 'caller': {'address': '0xf18056bbd320e96a48e3fbf8bc061322531aac99'}, 'date': {'date': '2022-09-30'}, 'block': {'height': 15646455}}, {'smartContract': {'address': {'address': '0xb85e0c55e86803b9d15e67beadbb66510d4d3317'}}, 'caller': {'address': '0xf18056bbd320e96a48e3fbf8bc061322531aac99'}, 'date': {'date': '2022-09-30'}, 'block': {'height': 15646455}}, {'smartContract': {'address': {'address': '0x89058630b53228adcc77690586cfb3c74f08803c'}}, 'caller': {'address': '0x9b5715c99d3a9db84caa904f9f442220651436e8'}, 'date': {'date': '2022-09-28'}, 'block': {'height': 15632559}}, {'smartContract': {'address': {'address': '0x79dbb869e4f00821927785d21315219edb016082'}}, 'caller': {'address': '0xf18056bbd320e96a48e3fbf8bc061322531aac99'}, 'date': {'date': '2022-09-28'}, 'block': {'height': 15632558}}, {'smartContract': {'address': {'address': '0xe9af51e6591992de6976cccbb902d096776e9be4'}}, 'caller': {'address': '0xf18056bbd320e96a48e3fbf8bc061322531aac99'}, 'date': {'date': '2022-09-28'}, 'block': {'height': 15632557}}, {'smartContract': {'address': {'address': '0xec5ffef96c3edede587db2efa3ab4deec414ce8f'}}, 'caller': {'address': '0xf18056bbd320e96a48e3fbf8bc061322531aac99'}, 'date': {'date': '2022-09-28'}, 'block': {'height': 15632557}}, {'smartContract': {'address': {'address': '0xf80678718187a9e29e63a1f5af61369ecc8a8a0c'}}, 'caller': {'address': '0x9b5715c99d3a9db84caa904f9f442220651436e8'}, 'date': {'date': '2022-09-28'}, 'block': {'height': 15632555}}, {'smartContract': {'address': {'address': '0xfdf1468a6b04307927d83def4106dd64839b353b'}}, 'caller': {'address': '0x9b5715c99d3a9db84caa904f9f442220651436e8'}, 'date': {'date': '2022-09-28'}, 'block': {'height': 15632554}}, {'smartContract': {'address': {'address': '0x76f7774139bf0097d2882c41af5a37717e3641a7'}}, 'caller': {'address': '0x9b5715c99d3a9db84caa904f9f442220651436e8'}, 'date': {'date': '2022-09-28'}, 'block': {'height': 15632553}}, {'smartContract': {'address': {'address': '0xce1871f791548600cb59efbeffc9c38719142079'}}, 'caller': {'address': '0x311bb771e4f8952e6da169b425e7e92d6ac45756'}, 'date': {'date': '2022-08-29'}, 'block': {'height': 15435842}}, {'smartContract': {'address': {'address': '0x39f010127274b2dbdb770b45e1de54d974974526'}}, 'caller': {'address': '0x311bb771e4f8952e6da169b425e7e92d6ac45756'}, 'date': {'date': '2022-08-29'}, 'block': {'height': 15435842}}, {'smartContract': {'address': {'address': '0x411066489ab40442d6fc215ad7c64224120d33f2'}}, 'caller': {'address': '0x311bb771e4f8952e6da169b425e7e92d6ac45756'}, 'date': {'date': '2022-08-29'}, 'block': {'height': 15435842}}, {'smartContract': {'address': {'address': '0xe0070f7a961dcb102e3d904a170613be3f3b37a9'}}, 'caller': {'address': '0x9b5715c99d3a9db84caa904f9f442220651436e8'}, 'date': {'date': '2022-08-22'}, 'block': {'height': 15392868}}, {'smartContract': {'address': {'address': '0x545ae1908b6f12e91e03b1dec4f2e06d0570fe1b'}}, 'caller': {'address': '0x9b5715c99d3a9db84caa904f9f442220651436e8'}, 'date': {'date': '2022-08-19'}, 'block': {'height': 15373936}}, {'smartContract': {'address': {'address': '0xeb1cfef24f5b9d287f702ac6ebd301e606936b54'}}, 'caller': {'address': '0x9b5715c99d3a9db84caa904f9f442220651436e8'}, 'date': {'date': '2022-08-19'}, 'block': {'height': 15373932}}, {'smartContract': {'address': {'address': '0x595c33538215dc4b092f35afc85d904631263f4f'}}, 'caller': {'address': '0x9b5715c99d3a9db84caa904f9f442220651436e8'}, 'date': {'date': '2022-08-19'}, 'block': {'height': 15373928}}, {'smartContract': {'address': {'address': '0x893e606358205ad994e610ad48e8aef98aeaddbe'}}, 'caller': {'address': '0x9b5715c99d3a9db84caa904f9f442220651436e8'}, 'date': {'date': '2022-08-19'}, 'block': {'height': 15373923}}, {'smartContract': {'address': {'address': '0x60c0b047133f696334a2b7f68af0b49d2f3d4f72'}}, 'caller': {'address': '0x9b5715c99d3a9db84caa904f9f442220651436e8'}, 'date': {'date': '2022-07-14'}, 'block': {'height': 15141325}}, {'smartContract': {'address': {'address': '0xc0da79a6a0f255ed6d31a8ffd719c19a52aa5a36'}}, 'caller': {'address': '0x9b5715c99d3a9db84caa904f9f442220651436e8'}, 'date': {'date': '2021-12-20'}, 'block': {'height': 13841735}}, {'smartContract': {'address': {'address': '0x1b46e4b0791c9383b73b64aabc371360a031a83f'}}, 'caller': {'address': '0xa5bf2ddf098bb0ef6d120c98217dd6b141c74ee0'}, 'date': {'date': '2021-06-29'}, 'block': {'height': 12729656}}]",2022-10-04
48,48,0xc5102fE9359FD9a28f877a67E36B0F050d81a3CC,Hop,https://github.com/hop-protocol,0x9AA99C23F67c81701C772B106b4F83f6e858dd2E,68692053.56,"[{'smartContract': {'address': {'address': '0x81e7df85db59a6cf2937b74be17282bd0e23b7e9'}}, 'caller': {'address': '0x9aa99c23f67c81701c772b106b4f83f6e858dd2e'}, 'date': {'date': '2022-06-08'}, 'block': {'height': 14924441}}, {'smartContract': {'address': {'address': '0xd26a9c065d82e70352a52870f09ef802e046c4a1'}}, 'caller': {'address': '0x9aa99c23f67c81701c772b106b4f83f6e858dd2e'}, 'date': {'date': '2022-06-08'}, 'block': {'height': 14924435}}, {'smartContract': {'address': {'address': '0xdac8c7c4d4c221318eca37de0b19eeaeeaa87d0f'}}, 'caller': {'address': '0x9aa99c23f67c81701c772b106b4f83f6e858dd2e'}, 'date': {'date': '2022-06-08'}, 'block': {'height': 14924367}}, {'smartContract': {'address': {'address': '0xc92106a970679b12382c5e2a9e10edc9a49de16d'}}, 'caller': {'address': '0x9aa99c23f67c81701c772b106b4f83f6e858dd2e'}, 'date': {'date': '2022-06-08'}, 'block': {'height': 14924363}}, {'smartContract': {'address': {'address': '0xaa015d3d8b07896e74cecfe520a41d74f2eb8112'}}, 'caller': {'address': '0x9aa99c23f67c81701c772b106b4f83f6e858dd2e'}, 'date': {'date': '2022-06-08'}, 'block': {'height': 14924360}}, {'smartContract': {'address': {'address': '0x4ea083b88e42d74095386bf3bc6e0d40ceaa3ae2'}}, 'caller': {'address': '0x9aa99c23f67c81701c772b106b4f83f6e858dd2e'}, 'date': {'date': '2022-06-08'}, 'block': {'height': 14924354}}, {'smartContract': {'address': {'address': '0x871b512d33a9c02194a002e0b7f9588f361e8aec'}}, 'caller': {'address': '0x9aa99c23f67c81701c772b106b4f83f6e858dd2e'}, 'date': {'date': '2022-06-08'}, 'block': {'height': 14924350}}, {'smartContract': {'address': {'address': '0xbfb23471b83d1c4966d21c96fb9ff0e803a53956'}}, 'caller': {'address': '0x9aa99c23f67c81701c772b106b4f83f6e858dd2e'}, 'date': {'date': '2022-06-08'}, 'block': {'height': 14924344}}, {'smartContract': {'address': {'address': '0x946e5c4b2c97dde907f81ea2cda8e71f6f006110'}}, 'caller': {'address': '0x9aa99c23f67c81701c772b106b4f83f6e858dd2e'}, 'date': {'date': '2022-06-08'}, 'block': {'height': 14924328}}, {'smartContract': {'address': {'address': '0x38c24a8422e5ff3fd8a7ba577e08a4763004fb2c'}}, 'caller': {'address': '0x9aa99c23f67c81701c772b106b4f83f6e858dd2e'}, 'date': {'date': '2022-06-08'}, 'block': {'height': 14924321}}, {'smartContract': {'address': {'address': '0xef29f015e88dba867dd92c47cd1bd961e735a24f'}}, 'caller': {'address': '0x9aa99c23f67c81701c772b106b4f83f6e858dd2e'}, 'date': {'date': '2022-06-08'}, 'block': {'height': 14924315}}, {'smartContract': {'address': {'address': '0x1805733b25c5de241a60bbf204af304d36cb2235'}}, 'caller': {'address': '0x9aa99c23f67c81701c772b106b4f83f6e858dd2e'}, 'date': {'date': '2022-06-08'}, 'block': {'height': 14924310}}, {'smartContract': {'address': {'address': '0x2b638b9d2f635ca71cd29bd582362cd0819cb3bd'}}, 'caller': {'address': '0x9aa99c23f67c81701c772b106b4f83f6e858dd2e'}, 'date': {'date': '2022-06-08'}, 'block': {'height': 14924306}}, {'smartContract': {'address': {'address': '0xd97ffaeb0eb8752bd7d9163e140d570cb0eb429d'}}, 'caller': {'address': '0x9aa99c23f67c81701c772b106b4f83f6e858dd2e'}, 'date': {'date': '2022-06-08'}, 'block': {'height': 14923834}}, {'smartContract': {'address': {'address': '0x36b1a1675329a66dc79fcbca156757feaf169a01'}}, 'caller': {'address': '0x9aa99c23f67c81701c772b106b4f83f6e858dd2e'}, 'date': {'date': '2022-06-08'}, 'block': {'height': 14923828}}, {'smartContract': {'address': {'address': '0x1ee4d04fa0469f87e169ac87c667a363c2c9a1a9'}}, 'caller': {'address': '0x9aa99c23f67c81701c772b106b4f83f6e858dd2e'}, 'date': {'date': '2022-06-08'}, 'block': {'height': 14923823}}, {'smartContract': {'address': {'address': '0xa9b15e13432ec8216711cca9adaf9632706e7fdc'}}, 'caller': {'address': '0x9aa99c23f67c81701c772b106b4f83f6e858dd2e'}, 'date': {'date': '2022-06-08'}, 'block': {'height': 14923816}}, {'smartContract': {'address': {'address': '0x7db707b36639030b7ce6b0fc61288e64dec76996'}}, 'caller': {'address': '0x9aa99c23f67c81701c772b106b4f83f6e858dd2e'}, 'date': {'date': '2022-06-08'}, 'block': {'height': 14923812}}, {'smartContract': {'address': {'address': '0x5a8a5265c54ea88c36a65457becf995d15715fb3'}}, 'caller': {'address': '0x9aa99c23f67c81701c772b106b4f83f6e858dd2e'}, 'date': {'date': '2022-06-08'}, 'block': {'height': 14923807}}, {'smartContract': {'address': {'address': '0x42b4afcfb939366538d53555b98844dafbb729ca'}}, 'caller': {'address': '0x9aa99c23f67c81701c772b106b4f83f6e858dd2e'}, 'date': {'date': '2022-06-08'}, 'block': {'height': 14923801}}, {'smartContract': {'address': {'address': '0xc465e19c7e1dfa9dc6d898113cb1399a0a883a39'}}, 'caller': {'address': '0x9aa99c23f67c81701c772b106b4f83f6e858dd2e'}, 'date': {'date': '2022-06-08'}, 'block': {'height': 14923795}}, {'smartContract': {'address': {'address': '0x3f0e648daed617c372b87c621b88f7e2be321794'}}, 'caller': {'address': '0x9aa99c23f67c81701c772b106b4f83f6e858dd2e'}, 'date': {'date': '2022-06-08'}, 'block': {'height': 14923790}}, {'smartContract': {'address': {'address': '0x241bca8cc90dd5b8118da2c1aa29119beecb25c3'}}, 'caller': {'address': '0x9aa99c23f67c81701c772b106b4f83f6e858dd2e'}, 'date': {'date': '2022-06-08'}, 'block': {'height': 14923784}}, {'smartContract': {'address': {'address': '0xa77879e9744fb1d7126bd437aca0ff7fb359c5b3'}}, 'caller': {'address': '0x9aa99c23f67c81701c772b106b4f83f6e858dd2e'}, 'date': {'date': '2022-06-08'}, 'block': {'height': 14923779}}, {'smartContract': {'address': {'address': '0x2ecccc331181acdc6545685d310215fdd68d1612'}}, 'caller': {'address': '0x9aa99c23f67c81701c772b106b4f83f6e858dd2e'}, 'date': {'date': '2022-06-08'}, 'block': {'height': 14923774}}, {'smartContract': {'address': {'address': '0x9cc947d8f65a092161f72cb7fea52c5e576a31c6'}}, 'caller': {'address': '0x9aa99c23f67c81701c772b106b4f83f6e858dd2e'}, 'date': {'date': '2022-06-08'}, 'block': {'height': 14923768}}, {'smartContract': {'address': {'address': '0xa630b066413f143567b79b6a9ad62da70e3007fa'}}, 'caller': {'address': '0x9aa99c23f67c81701c772b106b4f83f6e858dd2e'}, 'date': {'date': '2022-06-08'}, 'block': {'height': 14923762}}, {'smartContract': {'address': {'address': '0x97c5da137889f2912f2d610171c82faed45f0900'}}, 'caller': {'address': '0x9aa99c23f67c81701c772b106b4f83f6e858dd2e'}, 'date': {'date': '2022-06-08'}, 'block': {'height': 14923756}}, {'smartContract': {'address': {'address': '0xcdba56999e9c111b740ed181fbb18b7c3f88e7d4'}}, 'caller': {'address': '0x9aa99c23f67c81701c772b106b4f83f6e858dd2e'}, 'date': {'date': '2022-06-08'}, 'block': {'height': 14923748}}, {'smartContract': {'address': {'address': '0xf8e6fdc3e5ac06184a0e196a80ea1045140b8f55'}}, 'caller': {'address': '0x9aa99c23f67c81701c772b106b4f83f6e858dd2e'}, 'date': {'date': '2022-06-08'}, 'block': {'height': 14923742}}, {'smartContract': {'address': {'address': '0xa78f1199e8919f9299341354ae73e4276f618f23'}}, 'caller': {'address': '0x9aa99c23f67c81701c772b106b4f83f6e858dd2e'}, 'date': {'date': '2022-06-08'}, 'block': {'height': 14923735}}, {'smartContract': {'address': {'address': '0x9c6879b75c64648141458934ae4cd453ea1e7436'}}, 'caller': {'address': '0x9aa99c23f67c81701c772b106b4f83f6e858dd2e'}, 'date': {'date': '2022-06-08'}, 'block': {'height': 14923731}}, {'smartContract': {'address': {'address': '0x7bf647ae1145aef6b3b4ed88ade4f855ec2a9809'}}, 'caller': {'address': '0x9aa99c23f67c81701c772b106b4f83f6e858dd2e'}, 'date': {'date': '2022-06-08'}, 'block': {'height': 14923728}}, {'smartContract': {'address': {'address': '0x968134b63eeadea498d561ef95e120a2148fa258'}}, 'caller': {'address': '0x9aa99c23f67c81701c772b106b4f83f6e858dd2e'}, 'date': {'date': '2022-06-08'}, 'block': {'height': 14923720}}, {'smartContract': {'address': {'address': '0xc0dade40e8064ed9b9c348ecbfc3d0910931ee50'}}, 'caller': {'address': '0x9aa99c23f67c81701c772b106b4f83f6e858dd2e'}, 'date': {'date': '2022-06-08'}, 'block': {'height': 14923715}}, {'smartContract': {'address': {'address': '0x56a9a5676e0e7f30d5a3f6a82cebcded238ba3ff'}}, 'caller': {'address': '0x9aa99c23f67c81701c772b106b4f83f6e858dd2e'}, 'date': {'date': '2022-06-08'}, 'block': {'height': 14923708}}, {'smartContract': {'address': {'address': '0x95c6d7128dd7bee3a3ce74a6d16a4c90e178327e'}}, 'caller': {'address': '0x9aa99c23f67c81701c772b106b4f83f6e858dd2e'}, 'date': {'date': '2022-06-08'}, 'block': {'height': 14923700}}, {'smartContract': {'address': {'address': '0xfe40bf60d6aec84b389082d347e0f46889c21f4f'}}, 'caller': {'address': '0x9aa99c23f67c81701c772b106b4f83f6e858dd2e'}, 'date': {'date': '2022-06-08'}, 'block': {'height': 14923693}}, {'smartContract': {'address': {'address': '0x313143c4088a47c469d06fe3fa5fd4196be6a4d6'}}, 'caller': {'address': '0x9aa99c23f67c81701c772b106b4f83f6e858dd2e'}, 'date': {'date': '2022-06-08'}, 'block': {'height': 14923687}}, {'smartContract': {'address': {'address': '0xed8bdb5895b8b7f9fdb3c087628fd8410e853d48'}}, 'caller': {'address': '0x9aa99c23f67c81701c772b106b4f83f6e858dd2e'}, 'date': {'date': '2022-06-08'}, 'block': {'height': 14923681}}, {'smartContract': {'address': {'address': '0xc5102fe9359fd9a28f877a67e36b0f050d81a3cc'}}, 'caller': {'address': '0x9aa99c23f67c81701c772b106b4f83f6e858dd2e'}, 'date': {'date': '2022-06-08'}, 'block': {'height': 14923678}}, {'smartContract': {'address': {'address': '0xeea8422a08258e73c139fc32a25e10410c14bd7a'}}, 'caller': {'address': '0x9aa99c23f67c81701c772b106b4f83f6e858dd2e'}, 'date': {'date': '2022-06-07'}, 'block': {'height': 14923676}}]",2022-06-08
49,49,0xCFEAead4947f0705A14ec42aC3D44129E1Ef3eD5,(Proxy contract) Notional,https://github.com/notional-finance,0x8B64fA5Fd129df9c755eB82dB1e16D6D0Bdf5Bc3,68303893.27,"[{'smartContract': {'address': {'address': '0xf9dd33af680d707efdec21332f249ae28cc13727'}}, 'caller': {'address': '0x8b64fa5fd129df9c755eb82db1e16d6d0bdf5bc3'}, 'date': {'date': '2022-11-25'}, 'block': {'height': 16049563}}, {'smartContract': {'address': {'address': '0xd7c3dc1c36d19cf4e8cea4ea143a2f4458dd1937'}}, 'caller': {'address': '0x8b64fa5fd129df9c755eb82db1e16d6d0bdf5bc3'}, 'date': {'date': '2022-10-25'}, 'block': {'height': 15825386}}, {'smartContract': {'address': {'address': '0xd162738705cdcdba11eae86794606a7fb24655f4'}}, 'caller': {'address': '0x8b64fa5fd129df9c755eb82db1e16d6d0bdf5bc3'}, 'date': {'date': '2022-10-25'}, 'block': {'height': 15825384}}, {'smartContract': {'address': {'address': '0x9414609789c179e1295e9a0559d629bf832b3c04'}}, 'caller': {'address': '0x8b64fa5fd129df9c755eb82db1e16d6d0bdf5bc3'}, 'date': {'date': '2022-10-25'}, 'block': {'height': 15825383}}, {'smartContract': {'address': {'address': '0x58784379c844a00d4f572917d43f991c971f96ca'}}, 'caller': {'address': '0x8b64fa5fd129df9c755eb82db1e16d6d0bdf5bc3'}, 'date': {'date': '2022-10-23'}, 'block': {'height': 15811398}}, {'smartContract': {'address': {'address': '0xae04e4887cbf5f25c05ac1384bcd0b7e885a1f4a'}}, 'caller': {'address': '0x8b64fa5fd129df9c755eb82db1e16d6d0bdf5bc3'}, 'date': {'date': '2022-10-22'}, 'block': {'height': 15806193}}, {'smartContract': {'address': {'address': '0x1a751cd714910929017ce1417ead6d0732db1a78'}}, 'caller': {'address': '0x8b64fa5fd129df9c755eb82db1e16d6d0bdf5bc3'}, 'date': {'date': '2022-10-22'}, 'block': {'height': 15803972}}, {'smartContract': {'address': {'address': '0x5c36a0deab3531d29d848e684e8bdf5f81cdb643'}}, 'caller': {'address': '0x8b64fa5fd129df9c755eb82db1e16d6d0bdf5bc3'}, 'date': {'date': '2022-10-22'}, 'block': {'height': 15803879}}, {'smartContract': {'address': {'address': '0xfea323486456f26b6a0a9074fd4df508a6e9fa0a'}}, 'caller': {'address': '0x8b64fa5fd129df9c755eb82db1e16d6d0bdf5bc3'}, 'date': {'date': '2022-09-11'}, 'block': {'height': 15514796}}, {'smartContract': {'address': {'address': '0x8a096f6c6d89dbd3c3df3eeba45710aa367f9a8c'}}, 'caller': {'address': '0x8b64fa5fd129df9c755eb82db1e16d6d0bdf5bc3'}, 'date': {'date': '2022-09-11'}, 'block': {'height': 15514795}}, {'smartContract': {'address': {'address': '0x2f77cdd140d0ec7db9306b91959003872a7ceb92'}}, 'caller': {'address': '0x8b64fa5fd129df9c755eb82db1e16d6d0bdf5bc3'}, 'date': {'date': '2022-09-11'}, 'block': {'height': 15514794}}, {'smartContract': {'address': {'address': '0x6af2a72fb8def29cf2cecc41097ee750c031e5af'}}, 'caller': {'address': '0x5d051deb5db151c2172dcdccd42e6a2953e27261'}, 'date': {'date': '2022-07-05'}, 'block': {'height': 15082905}}, {'smartContract': {'address': {'address': '0xfcb060e09e452eeff142949bec214c187cdf25fa'}}, 'caller': {'address': '0x5d051deb5db151c2172dcdccd42e6a2953e27261'}, 'date': {'date': '2022-07-05'}, 'block': {'height': 15082806}}, {'smartContract': {'address': {'address': '0x5d051deb5db151c2172dcdccd42e6a2953e27261'}}, 'caller': {'address': '0x8b64fa5fd129df9c755eb82db1e16d6d0bdf5bc3'}, 'date': {'date': '2022-06-20'}, 'block': {'height': 14994312}}, {'smartContract': {'address': {'address': '0xd676d720e4e8b14f545f9116f0cad47af32329dd'}}, 'caller': {'address': '0x8b64fa5fd129df9c755eb82db1e16d6d0bdf5bc3'}, 'date': {'date': '2022-06-20'}, 'block': {'height': 14994303}}, {'smartContract': {'address': {'address': '0x895f0630d604fd7140d84ef9920c71171ae40fbf'}}, 'caller': {'address': '0x8b64fa5fd129df9c755eb82db1e16d6d0bdf5bc3'}, 'date': {'date': '2022-06-20'}, 'block': {'height': 14994299}}, {'smartContract': {'address': {'address': '0x2c67b0c0493e358cf368073bc0b5fa6f01e981e0'}}, 'caller': {'address': '0x8b64fa5fd129df9c755eb82db1e16d6d0bdf5bc3'}, 'date': {'date': '2022-06-19'}, 'block': {'height': 14992068}}, {'smartContract': {'address': {'address': '0x1d1a531cbcb969040da7527bf1092dfc4ff7dd46'}}, 'caller': {'address': '0x8b64fa5fd129df9c755eb82db1e16d6d0bdf5bc3'}, 'date': {'date': '2022-06-19'}, 'block': {'height': 14992066}}, {'smartContract': {'address': {'address': '0x612741825acedc6f88d8709319fe65bcb015c693'}}, 'caller': {'address': '0x8b64fa5fd129df9c755eb82db1e16d6d0bdf5bc3'}, 'date': {'date': '2022-06-06'}, 'block': {'height': 14914817}}, {'smartContract': {'address': {'address': '0x8e3d447ebe244db6d28e2303bca86ef3033cfad6'}}, 'caller': {'address': '0x8b64fa5fd129df9c755eb82db1e16d6d0bdf5bc3'}, 'date': {'date': '2022-06-06'}, 'block': {'height': 14914805}}, {'smartContract': {'address': {'address': '0x16ed130f7a6dcac7e3b0617a7bafa4b470189962'}}, 'caller': {'address': '0x8b64fa5fd129df9c755eb82db1e16d6d0bdf5bc3'}, 'date': {'date': '2022-05-31'}, 'block': {'height': 14878506}}, {'smartContract': {'address': {'address': '0x0f9e06c4180418b781d2816914834710360055f8'}}, 'caller': {'address': '0x8b64fa5fd129df9c755eb82db1e16d6d0bdf5bc3'}, 'date': {'date': '2022-05-31'}, 'block': {'height': 14878480}}, {'smartContract': {'address': {'address': '0xbf12d7e41a25f449293ab8cd1364fe74a175bfa5'}}, 'caller': {'address': '0x8b64fa5fd129df9c755eb82db1e16d6d0bdf5bc3'}, 'date': {'date': '2022-05-31'}, 'block': {'height': 14878467}}, {'smartContract': {'address': {'address': '0x59074a5e588de093fc5f04a7173d86b2b48e9d39'}}, 'caller': {'address': '0x8b64fa5fd129df9c755eb82db1e16d6d0bdf5bc3'}, 'date': {'date': '2022-05-31'}, 'block': {'height': 14878463}}, {'smartContract': {'address': {'address': '0xbe4aba25915bad390edf83b7e1ca44b6145f261e'}}, 'caller': {'address': '0x8b64fa5fd129df9c755eb82db1e16d6d0bdf5bc3'}, 'date': {'date': '2022-05-31'}, 'block': {'height': 14878456}}, {'smartContract': {'address': {'address': '0x39d9590721331b13c8e9a42941a2b961b513e69d'}}, 'caller': {'address': '0x8b64fa5fd129df9c755eb82db1e16d6d0bdf5bc3'}, 'date': {'date': '2022-05-28'}, 'block': {'height': 14860760}}, {'smartContract': {'address': {'address': '0x7b0cc121abd20acd77482b5aa95126db2e597987'}}, 'caller': {'address': '0x8b64fa5fd129df9c755eb82db1e16d6d0bdf5bc3'}, 'date': {'date': '2022-05-28'}, 'block': {'height': 14860564}}, {'smartContract': {'address': {'address': '0x719993e82974f5b5ea0c5eba25c260cd5af78e00'}}, 'caller': {'address': '0x8b64fa5fd129df9c755eb82db1e16d6d0bdf5bc3'}, 'date': {'date': '2022-05-28'}, 'block': {'height': 14860553}}, {'smartContract': {'address': {'address': '0xe329e81800219aefeef79d74db35f8877fe1abde'}}, 'caller': {'address': '0x8b64fa5fd129df9c755eb82db1e16d6d0bdf5bc3'}, 'date': {'date': '2022-05-28'}, 'block': {'height': 14860547}}, {'smartContract': {'address': {'address': '0x3728081cc9668b206665cae9dc2b43aff35acc0c'}}, 'caller': {'address': '0x8b64fa5fd129df9c755eb82db1e16d6d0bdf5bc3'}, 'date': {'date': '2022-05-28'}, 'block': {'height': 14860096}}, {'smartContract': {'address': {'address': '0x3abbd5fad059fc2b966b2de879e936a73268a0b2'}}, 'caller': {'address': '0x8b64fa5fd129df9c755eb82db1e16d6d0bdf5bc3'}, 'date': {'date': '2022-01-18'}, 'block': {'height': 14030078}}, {'smartContract': {'address': {'address': '0x2cc280279b8572fcdc100e2d01ca594a00031cb0'}}, 'caller': {'address': '0x8b64fa5fd129df9c755eb82db1e16d6d0bdf5bc3'}, 'date': {'date': '2022-01-07'}, 'block': {'height': 13955190}}, {'smartContract': {'address': {'address': '0xf9fdb607d8b843cdf65898df4e08d1479b69002a'}}, 'caller': {'address': '0x8b64fa5fd129df9c755eb82db1e16d6d0bdf5bc3'}, 'date': {'date': '2022-01-07'}, 'block': {'height': 13955175}}, {'smartContract': {'address': {'address': '0xf47d7192413ac6558f48594ecce6d2dfe38b7876'}}, 'caller': {'address': '0x8b64fa5fd129df9c755eb82db1e16d6d0bdf5bc3'}, 'date': {'date': '2021-11-04'}, 'block': {'height': 13551476}}, {'smartContract': {'address': {'address': '0x19152dda25a96d0ca244f0d7f3f13a966f392b23'}}, 'caller': {'address': '0x8b64fa5fd129df9c755eb82db1e16d6d0bdf5bc3'}, 'date': {'date': '2021-11-01'}, 'block': {'height': 13531117}}, {'smartContract': {'address': {'address': '0xd2b104a30518abee70e5b77023d8966a2234253d'}}, 'caller': {'address': '0x8b64fa5fd129df9c755eb82db1e16d6d0bdf5bc3'}, 'date': {'date': '2021-11-01'}, 'block': {'height': 13530935}}, {'smartContract': {'address': {'address': '0x02479bfc7dce53a02e26fe7baea45a0852cb0909'}}, 'caller': {'address': '0x76e2cfc1f5fa8f6a5b3fc4c8f4788f0116861f9b'}, 'date': {'date': '2021-11-01'}, 'block': {'height': 13530831}}, {'smartContract': {'address': {'address': '0x5b3dd2d21bae032cc91d898efb97d995020095d4'}}, 'caller': {'address': '0x8b64fa5fd129df9c755eb82db1e16d6d0bdf5bc3'}, 'date': {'date': '2021-10-27'}, 'block': {'height': 13499422}}, {'smartContract': {'address': {'address': '0xc381701140f65d54e62339d2138f8728fea21e1a'}}, 'caller': {'address': '0x8b64fa5fd129df9c755eb82db1e16d6d0bdf5bc3'}, 'date': {'date': '2021-10-27'}, 'block': {'height': 13499123}}, {'smartContract': {'address': {'address': '0x69e7f686d192413a2e5f7b193dc9648a31f0037b'}}, 'caller': {'address': '0x8b64fa5fd129df9c755eb82db1e16d6d0bdf5bc3'}, 'date': {'date': '2021-10-27'}, 'block': {'height': 13499078}}, {'smartContract': {'address': {'address': '0x913f575653c933ac15c8eb5996ed71a5547977d8'}}, 'caller': {'address': '0x8b64fa5fd129df9c755eb82db1e16d6d0bdf5bc3'}, 'date': {'date': '2021-10-27'}, 'block': {'height': 13498979}}, {'smartContract': {'address': {'address': '0x0ace2dc3995acd739ae5e0599e71a5524b93b886'}}, 'caller': {'address': '0x1344a36a1b56144c3bc62e7757377d288fde0369'}, 'date': {'date': '2021-10-26'}, 'block': {'height': 13492954}}, {'smartContract': {'address': {'address': '0x1ce3d734aaafaa06c46048d2371c2e507692c988'}}, 'caller': {'address': '0x8b64fa5fd129df9c755eb82db1e16d6d0bdf5bc3'}, 'date': {'date': '2021-10-26'}, 'block': {'height': 13492949}}, {'smartContract': {'address': {'address': '0x18b0fc5a233acf1586da7c199ca9e3f486305a29'}}, 'caller': {'address': '0x1344a36a1b56144c3bc62e7757377d288fde0369'}, 'date': {'date': '2021-10-26'}, 'block': {'height': 13492932}}, {'smartContract': {'address': {'address': '0x181900d998a8a922e68b3fc186ce0fa525c3c424'}}, 'caller': {'address': '0x8b64fa5fd129df9c755eb82db1e16d6d0bdf5bc3'}, 'date': {'date': '2021-10-26'}, 'block': {'height': 13492931}}, {'smartContract': {'address': {'address': '0x6ebce2453398af200c688c7c4ebd479171231818'}}, 'caller': {'address': '0x1344a36a1b56144c3bc62e7757377d288fde0369'}, 'date': {'date': '2021-10-26'}, 'block': {'height': 13492839}}, {'smartContract': {'address': {'address': '0xc7b9c53d345ec7a00d5c085085cb882dce79d2e9'}}, 'caller': {'address': '0x8b64fa5fd129df9c755eb82db1e16d6d0bdf5bc3'}, 'date': {'date': '2021-10-26'}, 'block': {'height': 13492837}}, {'smartContract': {'address': {'address': '0xabc07bf91469c5450d6941dd0770e6e6761b90d6'}}, 'caller': {'address': '0x1344a36a1b56144c3bc62e7757377d288fde0369'}, 'date': {'date': '2021-10-26'}, 'block': {'height': 13492599}}, {'smartContract': {'address': {'address': '0x5fbf4539a89fbd1e5d784db3f7ba6c394ac450fc'}}, 'caller': {'address': '0x8b64fa5fd129df9c755eb82db1e16d6d0bdf5bc3'}, 'date': {'date': '2021-10-26'}, 'block': {'height': 13492596}}, {'smartContract': {'address': {'address': '0x1344a36a1b56144c3bc62e7757377d288fde0369'}}, 'caller': {'address': '0x8b64fa5fd129df9c755eb82db1e16d6d0bdf5bc3'}, 'date': {'date': '2021-10-26'}, 'block': {'height': 13492539}}, {'smartContract': {'address': {'address': '0x123fca954ea894305b684f56a0d043169a5aa7e4'}}, 'caller': {'address': '0x8b64fa5fd129df9c755eb82db1e16d6d0bdf5bc3'}, 'date': {'date': '2021-10-26'}, 'block': {'height': 13492536}}, {'smartContract': {'address': {'address': '0xbe401d7e76bb71bf7fa5a4aed7f3b650c6e0bd25'}}, 'caller': {'address': '0x8b64fa5fd129df9c755eb82db1e16d6d0bdf5bc3'}, 'date': {'date': '2021-10-26'}, 'block': {'height': 13492532}}, {'smartContract': {'address': {'address': '0xb12b08045c2fb403fcae579641d0a011aad8ed70'}}, 'caller': {'address': '0x8b64fa5fd129df9c755eb82db1e16d6d0bdf5bc3'}, 'date': {'date': '2021-10-26'}, 'block': {'height': 13492477}}, {'smartContract': {'address': {'address': '0x6b986a60216aca687457782adfa0b002ad392ce7'}}, 'caller': {'address': '0x8b64fa5fd129df9c755eb82db1e16d6d0bdf5bc3'}, 'date': {'date': '2021-10-26'}, 'block': {'height': 13492474}}, {'smartContract': {'address': {'address': '0xffd7531ed937f703b269815950cb75bdaaa341c9'}}, 'caller': {'address': '0x8b64fa5fd129df9c755eb82db1e16d6d0bdf5bc3'}, 'date': {'date': '2021-10-26'}, 'block': {'height': 13492472}}, {'smartContract': {'address': {'address': '0x5f11e94e0a69ac8490f45eb27a6478dcddb0227e'}}, 'caller': {'address': '0x8b64fa5fd129df9c755eb82db1e16d6d0bdf5bc3'}, 'date': {'date': '2021-10-26'}, 'block': {'height': 13492471}}, {'smartContract': {'address': {'address': '0x63757f772b8aab66f4de09617e8f257249efcb93'}}, 'caller': {'address': '0x8b64fa5fd129df9c755eb82db1e16d6d0bdf5bc3'}, 'date': {'date': '2021-10-26'}, 'block': {'height': 13492398}}, {'smartContract': {'address': {'address': '0x1cd33f81420bfce8a3622dc56bbd617b7fa3c93a'}}, 'caller': {'address': '0x8b64fa5fd129df9c755eb82db1e16d6d0bdf5bc3'}, 'date': {'date': '2021-10-26'}, 'block': {'height': 13492392}}, {'smartContract': {'address': {'address': '0x1c510763432c0e65d86f313612d4e1e2d26e4332'}}, 'caller': {'address': '0x8b64fa5fd129df9c755eb82db1e16d6d0bdf5bc3'}, 'date': {'date': '2021-10-26'}, 'block': {'height': 13492382}}, {'smartContract': {'address': {'address': '0x280decd520da16e5571a6f2fb803a57e0c16f423'}}, 'caller': {'address': '0x8b64fa5fd129df9c755eb82db1e16d6d0bdf5bc3'}, 'date': {'date': '2021-10-26'}, 'block': {'height': 13492379}}, {'smartContract': {'address': {'address': '0xde14d5f07456c86f070c108a04ae2fafdbd2a939'}}, 'caller': {'address': '0x8b64fa5fd129df9c755eb82db1e16d6d0bdf5bc3'}, 'date': {'date': '2021-10-26'}, 'block': {'height': 13492289}}, {'smartContract': {'address': {'address': '0xc2763a6465f5c86769a1af826db270a6367b03b7'}}, 'caller': {'address': '0x8b64fa5fd129df9c755eb82db1e16d6d0bdf5bc3'}, 'date': {'date': '2021-10-26'}, 'block': {'height': 13492285}}, {'smartContract': {'address': {'address': '0x0092a5552162f911ccf7f456e85f473ce259707f'}}, 'caller': {'address': '0x8b64fa5fd129df9c755eb82db1e16d6d0bdf5bc3'}, 'date': {'date': '2021-10-26'}, 'block': {'height': 13492280}}, {'smartContract': {'address': {'address': '0x662f1be7f07c90031f7b5264f71bd1ac0e975526'}}, 'caller': {'address': '0x8b64fa5fd129df9c755eb82db1e16d6d0bdf5bc3'}, 'date': {'date': '2021-10-26'}, 'block': {'height': 13492278}}, {'smartContract': {'address': {'address': '0x422a2e95009f11e9e144fe7fd1a7c7a9c759bb6a'}}, 'caller': {'address': '0x8b64fa5fd129df9c755eb82db1e16d6d0bdf5bc3'}, 'date': {'date': '2021-10-26'}, 'block': {'height': 13492264}}, {'smartContract': {'address': {'address': '0xb15167fff26202aa3d20ecfd7f46a34fa4126e49'}}, 'caller': {'address': '0x8b64fa5fd129df9c755eb82db1e16d6d0bdf5bc3'}, 'date': {'date': '2021-10-26'}, 'block': {'height': 13492259}}, {'smartContract': {'address': {'address': '0x10aae34011c256a9e63ab5ac50154c2539c0f51d'}}, 'caller': {'address': '0x8b64fa5fd129df9c755eb82db1e16d6d0bdf5bc3'}, 'date': {'date': '2021-10-25'}, 'block': {'height': 13486549}}, {'smartContract': {'address': {'address': '0x68225f47813af66f186b3714ffe6a91850bc76b4'}}, 'caller': {'address': '0x8b64fa5fd129df9c755eb82db1e16d6d0bdf5bc3'}, 'date': {'date': '2021-10-25'}, 'block': {'height': 13486535}}, {'smartContract': {'address': {'address': '0x6085b0a8f4c7ffa2e8ca578037792d6535d1e29b'}}, 'caller': {'address': '0x8b64fa5fd129df9c755eb82db1e16d6d0bdf5bc3'}, 'date': {'date': '2021-10-25'}, 'block': {'height': 13486504}}, {'smartContract': {'address': {'address': '0x95df7e34403becd532f2be160cacda56f0bd6ba3'}}, 'caller': {'address': '0x8b64fa5fd129df9c755eb82db1e16d6d0bdf5bc3'}, 'date': {'date': '2021-09-25'}, 'block': {'height': 13295218}}, {'smartContract': {'address': {'address': '0x086b4ecd75c494dd36641195e89c25373e06d7cb'}}, 'caller': {'address': '0x8b64fa5fd129df9c755eb82db1e16d6d0bdf5bc3'}, 'date': {'date': '2021-09-25'}, 'block': {'height': 13295134}}, {'smartContract': {'address': {'address': '0x72ec9de3efd22552b6dc17142ead505a48940d4e'}}, 'caller': {'address': '0x8b64fa5fd129df9c755eb82db1e16d6d0bdf5bc3'}, 'date': {'date': '2021-08-25'}, 'block': {'height': 13094891}}, {'smartContract': {'address': {'address': '0xa40aedaac28f9574124d7c8eff59732cc77f1dd4'}}, 'caller': {'address': '0x8b64fa5fd129df9c755eb82db1e16d6d0bdf5bc3'}, 'date': {'date': '2021-08-25'}, 'block': {'height': 13094889}}, {'smartContract': {'address': {'address': '0xcfeaead4947f0705a14ec42ac3d44129e1ef3ed5'}}, 'caller': {'address': '0x8b64fa5fd129df9c755eb82db1e16d6d0bdf5bc3'}, 'date': {'date': '2021-08-25'}, 'block': {'height': 13094887}}, {'smartContract': {'address': {'address': '0x90c3c405716b8ff965dc905c91eee82a0b41a4ff'}}, 'caller': {'address': '0x8b64fa5fd129df9c755eb82db1e16d6d0bdf5bc3'}, 'date': {'date': '2021-08-25'}, 'block': {'height': 13094884}}]",2021-08-25
50,50,0x44108f0223A3C3028F5Fe7AEC7f9bb2E66beF82F,Across Protocol Token,https://github.com/across-protocol,0x9A8f92a830A5cB89a3816e3D267CB7791c16b04D,67643559.66,"[{'smartContract': {'address': {'address': '0x29528780e29abb8af95a5e5a125b94766987543f'}}, 'caller': {'address': '0x9a8f92a830a5cb89a3816e3d267cb7791c16b04d'}, 'date': {'date': '2022-12-22'}, 'block': {'height': 16243583}}, {'smartContract': {'address': {'address': '0x73b41c34653c708f4f72ed2e379ece5a1e31ad0a'}}, 'caller': {'address': '0x9a8f92a830a5cb89a3816e3d267cb7791c16b04d'}, 'date': {'date': '2022-12-21'}, 'block': {'height': 16236373}}, {'smartContract': {'address': {'address': '0x2279188ef550c9175119d74cbade48a1b2306e2e'}}, 'caller': {'address': '0x9a8f92a830a5cb89a3816e3d267cb7791c16b04d'}, 'date': {'date': '2022-12-21'}, 'block': {'height': 16235680}}, {'smartContract': {'address': {'address': '0xcf5b91162351374ef2b6eb52a41d3dc7c51bd77d'}}, 'caller': {'address': '0x9a8f92a830a5cb89a3816e3d267cb7791c16b04d'}, 'date': {'date': '2022-12-21'}, 'block': {'height': 16235679}}, {'smartContract': {'address': {'address': '0x7adbc9a37c687999d0af89391af6710ba1e7bd90'}}, 'caller': {'address': '0x9a8f92a830a5cb89a3816e3d267cb7791c16b04d'}, 'date': {'date': '2022-12-21'}, 'block': {'height': 16235678}}, {'smartContract': {'address': {'address': '0x84f04ecdaae2adcf56cf0936f35015e12d2fc5e3'}}, 'caller': {'address': '0x9a8f92a830a5cb89a3816e3d267cb7791c16b04d'}, 'date': {'date': '2022-12-21'}, 'block': {'height': 16235443}}, {'smartContract': {'address': {'address': '0x112d6047ed68e5711b5c260e7d04c55dd8a5b176'}}, 'caller': {'address': '0x9a8f92a830a5cb89a3816e3d267cb7791c16b04d'}, 'date': {'date': '2022-12-21'}, 'block': {'height': 16235203}}, {'smartContract': {'address': {'address': '0xc6fa0a4ebd802c01157d6e7fb1bbd2ae196ae375'}}, 'caller': {'address': '0x9a8f92a830a5cb89a3816e3d267cb7791c16b04d'}, 'date': {'date': '2022-12-21'}, 'block': {'height': 16233939}}, {'smartContract': {'address': {'address': '0x928095b08d45a2681c3f9655230ac81a539c26fa'}}, 'caller': {'address': '0x9a8f92a830a5cb89a3816e3d267cb7791c16b04d'}, 'date': {'date': '2022-12-21'}, 'block': {'height': 16229814}}, {'smartContract': {'address': {'address': '0x8c9679e100174eb0c8baa9d2da7be4692a704127'}}, 'caller': {'address': '0x9a8f92a830a5cb89a3816e3d267cb7791c16b04d'}, 'date': {'date': '2022-12-21'}, 'block': {'height': 16229719}}, {'smartContract': {'address': {'address': '0x2520aea979c57ae621c546a950f56d5b607dc2a1'}}, 'caller': {'address': '0x439a990f83250fe2e5e6b8059f540af1da1ba04d'}, 'date': {'date': '2022-11-30'}, 'block': {'height': 16085432}}, {'smartContract': {'address': {'address': '0x28f480fa3c940b01d7838f58e3b83051b8f321ce'}}, 'caller': {'address': '0x52e60e859fe0e1a36f3d4cbae1e2d6953f4b83b3'}, 'date': {'date': '2022-11-30'}, 'block': {'height': 16085432}}, {'smartContract': {'address': {'address': '0x4cbd49fcb56bbd06658103ab9fb3ae0faffe365a'}}, 'caller': {'address': '0x52e60e859fe0e1a36f3d4cbae1e2d6953f4b83b3'}, 'date': {'date': '2022-11-30'}, 'block': {'height': 16085432}}, {'smartContract': {'address': {'address': '0x791d41a835a78560ecee991b0de7da9bdf78470c'}}, 'caller': {'address': '0x52e60e859fe0e1a36f3d4cbae1e2d6953f4b83b3'}, 'date': {'date': '2022-11-28'}, 'block': {'height': 16068343}}, {'smartContract': {'address': {'address': '0x3b4100e0f624f967aaf95c9eda2ec102e0b96d03'}}, 'caller': {'address': '0x439a990f83250fe2e5e6b8059f540af1da1ba04d'}, 'date': {'date': '2022-11-28'}, 'block': {'height': 16068343}}, {'smartContract': {'address': {'address': '0x3af081539a7ed9119f45a14dcfa0585c38f7cb12'}}, 'caller': {'address': '0x52e60e859fe0e1a36f3d4cbae1e2d6953f4b83b3'}, 'date': {'date': '2022-11-28'}, 'block': {'height': 16068343}}, {'smartContract': {'address': {'address': '0x985e8a89dd6af8896ef075c8dd93512433dc5829'}}, 'caller': {'address': '0x9a8f92a830a5cb89a3816e3d267cb7791c16b04d'}, 'date': {'date': '2022-11-15'}, 'block': {'height': 15977131}}, {'smartContract': {'address': {'address': '0xe50b2ceac4f60e840ae513924033e753e2366487'}}, 'caller': {'address': '0x9a8f92a830a5cb89a3816e3d267cb7791c16b04d'}, 'date': {'date': '2022-11-15'}, 'block': {'height': 15977130}}, {'smartContract': {'address': {'address': '0x9040e41ef5e8b281535a96d9a48acb8cfabd9a48'}}, 'caller': {'address': '0x9a8f92a830a5cb89a3816e3d267cb7791c16b04d'}, 'date': {'date': '2022-11-15'}, 'block': {'height': 15977129}}, {'smartContract': {'address': {'address': '0x17fe085098b53c5ecfb7c26f6962fbde079f2855'}}, 'caller': {'address': '0x9a8f92a830a5cb89a3816e3d267cb7791c16b04d'}, 'date': {'date': '2022-11-15'}, 'block': {'height': 15976847}}, {'smartContract': {'address': {'address': '0xcfdf0c745a06fcc77300002240eb1411f519b1fa'}}, 'caller': {'address': '0x9a8f92a830a5cb89a3816e3d267cb7791c16b04d'}, 'date': {'date': '2022-11-15'}, 'block': {'height': 15976846}}, {'smartContract': {'address': {'address': '0x53ec156701168f345626d7e51731e4119df2bd8e'}}, 'caller': {'address': '0x9a8f92a830a5cb89a3816e3d267cb7791c16b04d'}, 'date': {'date': '2022-11-15'}, 'block': {'height': 15976845}}, {'smartContract': {'address': {'address': '0x42ba74e92718204540d8824a36c2d073cc147153'}}, 'caller': {'address': '0x9a8f92a830a5cb89a3816e3d267cb7791c16b04d'}, 'date': {'date': '2022-11-15'}, 'block': {'height': 15976808}}, {'smartContract': {'address': {'address': '0x100b98d5e07cab885b3ce434311c67c1506cf12b'}}, 'caller': {'address': '0x9a8f92a830a5cb89a3816e3d267cb7791c16b04d'}, 'date': {'date': '2022-11-15'}, 'block': {'height': 15976796}}, {'smartContract': {'address': {'address': '0xabac82bcd9d2266dcd51864e095f65c33319fd07'}}, 'caller': {'address': '0x9a8f92a830a5cb89a3816e3d267cb7791c16b04d'}, 'date': {'date': '2022-11-15'}, 'block': {'height': 15976713}}, {'smartContract': {'address': {'address': '0x55ac15d7f3610c3aaf3f891ca62964b30e7fab68'}}, 'caller': {'address': '0x9a8f92a830a5cb89a3816e3d267cb7791c16b04d'}, 'date': {'date': '2022-11-15'}, 'block': {'height': 15976712}}, {'smartContract': {'address': {'address': '0x36cf4d172c2bad4a238d812ca6c211993ada41c2'}}, 'caller': {'address': '0x9a8f92a830a5cb89a3816e3d267cb7791c16b04d'}, 'date': {'date': '2022-11-15'}, 'block': {'height': 15976646}}, {'smartContract': {'address': {'address': '0x44108f0223a3c3028f5fe7aec7f9bb2e66bef82f'}}, 'caller': {'address': '0x9a8f92a830a5cb89a3816e3d267cb7791c16b04d'}, 'date': {'date': '2022-10-20'}, 'block': {'height': 15790016}}, {'smartContract': {'address': {'address': '0x91bbffac97b450597d252cdd215ad033628bcd11'}}, 'caller': {'address': '0x9a8f92a830a5cb89a3816e3d267cb7791c16b04d'}, 'date': {'date': '2022-10-19'}, 'block': {'height': 15784532}}, {'smartContract': {'address': {'address': '0x9fd5688b54a1a5ba7f9b18a258aa388cf7956992'}}, 'caller': {'address': '0x9a8f92a830a5cb89a3816e3d267cb7791c16b04d'}, 'date': {'date': '2022-08-04'}, 'block': {'height': 15278547}}, {'smartContract': {'address': {'address': '0x2bb52b1c3e6cfcedb6126eef7ae595b8fb67202f'}}, 'caller': {'address': '0x9a8f92a830a5cb89a3816e3d267cb7791c16b04d'}, 'date': {'date': '2022-07-29'}, 'block': {'height': 15239489}}, {'smartContract': {'address': {'address': '0xf5d49d9b6016a4106ebb46eeb88f5d2e6bec92cc'}}, 'caller': {'address': '0x9a8f92a830a5cb89a3816e3d267cb7791c16b04d'}, 'date': {'date': '2022-06-29'}, 'block': {'height': 15047196}}, {'smartContract': {'address': {'address': '0xde1224a552bce117a93ef1eb3395dc6975d34ead'}}, 'caller': {'address': '0x9a8f92a830a5cb89a3816e3d267cb7791c16b04d'}, 'date': {'date': '2022-06-29'}, 'block': {'height': 15045326}}, {'smartContract': {'address': {'address': '0x6238d3105336263722506beb7699b63d2c2298f4'}}, 'caller': {'address': '0x9a8f92a830a5cb89a3816e3d267cb7791c16b04d'}, 'date': {'date': '2022-06-29'}, 'block': {'height': 15044795}}, {'smartContract': {'address': {'address': '0xe30656d75dbe8fedcc081eb25592ac0af3d22773'}}, 'caller': {'address': '0x9a8f92a830a5cb89a3816e3d267cb7791c16b04d'}, 'date': {'date': '2022-06-29'}, 'block': {'height': 15044767}}, {'smartContract': {'address': {'address': '0x137d2f0d9c38fca83caa2ab5b3bae30100df971e'}}, 'caller': {'address': '0x9a8f92a830a5cb89a3816e3d267cb7791c16b04d'}, 'date': {'date': '2022-06-28'}, 'block': {'height': 15042032}}, {'smartContract': {'address': {'address': '0x77e800b0e3a3ed69cadfdec5fc10356303a93abc'}}, 'caller': {'address': '0x9a8f92a830a5cb89a3816e3d267cb7791c16b04d'}, 'date': {'date': '2022-06-28'}, 'block': {'height': 15041859}}, {'smartContract': {'address': {'address': '0x78ced316e14d338771a84548520ab8cbd29de0db'}}, 'caller': {'address': '0xa6b71e26c5e0845f74c812102ca7114b6a896ab2'}, 'date': {'date': '2022-06-23'}, 'block': {'height': 15014737}}, {'smartContract': {'address': {'address': '0xa0ae6609447e57a42c51b50eae921d701823ffae'}}, 'caller': {'address': '0x9a8f92a830a5cb89a3816e3d267cb7791c16b04d'}, 'date': {'date': '2022-06-08'}, 'block': {'height': 14926401}}, {'smartContract': {'address': {'address': '0x26eaf37ee5daf49174637bdcd2f7759a25206c34'}}, 'caller': {'address': '0x9a8f92a830a5cb89a3816e3d267cb7791c16b04d'}, 'date': {'date': '2022-05-30'}, 'block': {'height': 14871241}}, {'smartContract': {'address': {'address': '0xc2300c97b4d68d0c15d708e1a0dd8179358fd2e9'}}, 'caller': {'address': '0x9a8f92a830a5cb89a3816e3d267cb7791c16b04d'}, 'date': {'date': '2022-05-30'}, 'block': {'height': 14871217}}, {'smartContract': {'address': {'address': '0x8ea8c2f1db3d46471f750d50a0fdc743a07359f4'}}, 'caller': {'address': '0x9a8f92a830a5cb89a3816e3d267cb7791c16b04d'}, 'date': {'date': '2022-05-29'}, 'block': {'height': 14867116}}, {'smartContract': {'address': {'address': '0x87ec0bd4129b1baf561f7cc5079c9c97d08c0580'}}, 'caller': {'address': '0x9a8f92a830a5cb89a3816e3d267cb7791c16b04d'}, 'date': {'date': '2022-05-29'}, 'block': {'height': 14867030}}, {'smartContract': {'address': {'address': '0x97d2372f30f2b565522ee3f46e06e327cf80a7c3'}}, 'caller': {'address': '0x9a8f92a830a5cb89a3816e3d267cb7791c16b04d'}, 'date': {'date': '2022-05-29'}, 'block': {'height': 14866953}}, {'smartContract': {'address': {'address': '0xb563ab40436957cf4db102ede683b94ad133847b'}}, 'caller': {'address': '0x9a8f92a830a5cb89a3816e3d267cb7791c16b04d'}, 'date': {'date': '2022-05-29'}, 'block': {'height': 14866949}}, {'smartContract': {'address': {'address': '0x8804b66a216470eedc99e02c9511e3536226149e'}}, 'caller': {'address': '0x9a8f92a830a5cb89a3816e3d267cb7791c16b04d'}, 'date': {'date': '2022-05-29'}, 'block': {'height': 14866911}}, {'smartContract': {'address': {'address': '0xe228714c8fc50daedbd822dfc7fab82b4a19523d'}}, 'caller': {'address': '0x9a8f92a830a5cb89a3816e3d267cb7791c16b04d'}, 'date': {'date': '2022-05-28'}, 'block': {'height': 14857677}}, {'smartContract': {'address': {'address': '0x2d8a9c58cc7db9307cc2d9da1bd154d37d843b68'}}, 'caller': {'address': '0x7db69eb9f52ed773e9b03f5068a1ea0275b2fd9d'}, 'date': {'date': '2022-05-27'}, 'block': {'height': 14855890}}, {'smartContract': {'address': {'address': '0x887d82d99d79d4656284ff79d4f4541713aedaa5'}}, 'caller': {'address': '0x9a8f92a830a5cb89a3816e3d267cb7791c16b04d'}, 'date': {'date': '2022-05-27'}, 'block': {'height': 14855782}}, {'smartContract': {'address': {'address': '0x6e97857c816cd2a68cecb232096bd29a1ef29b27'}}, 'caller': {'address': '0x7db69eb9f52ed773e9b03f5068a1ea0275b2fd9d'}, 'date': {'date': '2022-05-23'}, 'block': {'height': 14830253}}, {'smartContract': {'address': {'address': '0xb5124b9ae9efea2add1ff768eec75095e8d9d532'}}, 'caller': {'address': '0x7db69eb9f52ed773e9b03f5068a1ea0275b2fd9d'}, 'date': {'date': '2022-05-23'}, 'block': {'height': 14828085}}, {'smartContract': {'address': {'address': '0x9306b6f45263f8cb6a18eff127313d10d06fccb5'}}, 'caller': {'address': '0x7db69eb9f52ed773e9b03f5068a1ea0275b2fd9d'}, 'date': {'date': '2022-05-23'}, 'block': {'height': 14828054}}, {'smartContract': {'address': {'address': '0x4fabacac8c41466117d6a38f46d08ddd4948a0cb'}}, 'caller': {'address': '0x7db69eb9f52ed773e9b03f5068a1ea0275b2fd9d'}, 'date': {'date': '2022-05-23'}, 'block': {'height': 14828021}}, {'smartContract': {'address': {'address': '0xb9921d28466304103a233fcd071833e498f12853'}}, 'caller': {'address': '0x7db69eb9f52ed773e9b03f5068a1ea0275b2fd9d'}, 'date': {'date': '2022-05-22'}, 'block': {'height': 14826117}}, {'smartContract': {'address': {'address': '0x59c1427c658e97a7d568541dac780b2e5c8affb4'}}, 'caller': {'address': '0x7db69eb9f52ed773e9b03f5068a1ea0275b2fd9d'}, 'date': {'date': '2022-05-22'}, 'block': {'height': 14824012}}, {'smartContract': {'address': {'address': '0xc9b09405959f63f72725828b5d449488b02be1ca'}}, 'caller': {'address': '0x7db69eb9f52ed773e9b03f5068a1ea0275b2fd9d'}, 'date': {'date': '2022-05-22'}, 'block': {'height': 14824012}}, {'smartContract': {'address': {'address': '0x28f77208728b0a45cab24c4868334581fe86f95b'}}, 'caller': {'address': '0x7db69eb9f52ed773e9b03f5068a1ea0275b2fd9d'}, 'date': {'date': '2022-05-22'}, 'block': {'height': 14823998}}, {'smartContract': {'address': {'address': '0x0330e9b4d0325ccff515e81dfbc7754f2a02ac57'}}, 'caller': {'address': '0x4e59b44847b379578588920ca78fbf26c0b4956c'}, 'date': {'date': '2022-05-21'}, 'block': {'height': 14819539}}, {'smartContract': {'address': {'address': '0xc186fa914353c44b2e33ebe05f21846f1048beda'}}, 'caller': {'address': '0x9a8f92a830a5cb89a3816e3d267cb7791c16b04d'}, 'date': {'date': '2022-05-21'}, 'block': {'height': 14819537}}, {'smartContract': {'address': {'address': '0x50d432899582db4d4548e13cca2e9018a5ee81be'}}, 'caller': {'address': '0x4e59b44847b379578588920ca78fbf26c0b4956c'}, 'date': {'date': '2022-05-21'}, 'block': {'height': 14819491}}, {'smartContract': {'address': {'address': '0x4d9079bb4165aeb4084c526a32695dcfd2f77381'}}, 'caller': {'address': '0x9a8f92a830a5cb89a3816e3d267cb7791c16b04d'}, 'date': {'date': '2022-05-21'}, 'block': {'height': 14819486}}, {'smartContract': {'address': {'address': '0x0541f7536dc9f86708ae6e98ab35cc351b0d1289'}}, 'caller': {'address': '0x9a8f92a830a5cb89a3816e3d267cb7791c16b04d'}, 'date': {'date': '2022-05-21'}, 'block': {'height': 14819485}}, {'smartContract': {'address': {'address': '0x64fcf23a845b08637654db78c02f459954d51193'}}, 'caller': {'address': '0x7db69eb9f52ed773e9b03f5068a1ea0275b2fd9d'}, 'date': {'date': '2022-05-13'}, 'block': {'height': 14766419}}, {'smartContract': {'address': {'address': '0x3b03509645713718b78951126e0a6de6f10043f5'}}, 'caller': {'address': '0x9a8f92a830a5cb89a3816e3d267cb7791c16b04d'}, 'date': {'date': '2022-05-05'}, 'block': {'height': 14717196}}, {'smartContract': {'address': {'address': '0x09da2044f647ce08d8e91920bf1eee61e97f274c'}}, 'caller': {'address': '0x7db69eb9f52ed773e9b03f5068a1ea0275b2fd9d'}, 'date': {'date': '2022-05-05'}, 'block': {'height': 14717027}}, {'smartContract': {'address': {'address': '0x33b0ec794c15d6cc705818e70d4cace7bcfb5af3'}}, 'caller': {'address': '0x9a8f92a830a5cb89a3816e3d267cb7791c16b04d'}, 'date': {'date': '2022-05-05'}, 'block': {'height': 14716798}}, {'smartContract': {'address': {'address': '0xc9f9780bc4f3c34baa6d5a92c4f2aac9699d0bd0'}}, 'caller': {'address': '0x9a8f92a830a5cb89a3816e3d267cb7791c16b04d'}, 'date': {'date': '2022-05-03'}, 'block': {'height': 14704451}}, {'smartContract': {'address': {'address': '0x3e94e8d4316a1ebfb2245e45e6f0b8724094ce1a'}}, 'caller': {'address': '0x9a8f92a830a5cb89a3816e3d267cb7791c16b04d'}, 'date': {'date': '2022-05-03'}, 'block': {'height': 14704450}}, {'smartContract': {'address': {'address': '0x48d990abda20afa1fd1da713abc041b60a922c65'}}, 'caller': {'address': '0x4e59b44847b379578588920ca78fbf26c0b4956c'}, 'date': {'date': '2022-05-03'}, 'block': {'height': 14704448}}, {'smartContract': {'address': {'address': '0x931a43528779034ac9eb77df799d133557406176'}}, 'caller': {'address': '0x9a8f92a830a5cb89a3816e3d267cb7791c16b04d'}, 'date': {'date': '2022-05-03'}, 'block': {'height': 14704425}}, {'smartContract': {'address': {'address': '0x527e872a5c3f0c7c24fe33f2593cfb890a285084'}}, 'caller': {'address': '0x9a8f92a830a5cb89a3816e3d267cb7791c16b04d'}, 'date': {'date': '2022-05-03'}, 'block': {'height': 14704381}}, {'smartContract': {'address': {'address': '0x937958992799bf4a9a656e6596fd10d7da5c2216'}}, 'caller': {'address': '0x9a8f92a830a5cb89a3816e3d267cb7791c16b04d'}, 'date': {'date': '2022-05-03'}, 'block': {'height': 14704380}}, {'smartContract': {'address': {'address': '0x22ed83a9ee26236486f57ce8385a247e5bfb71ff'}}, 'caller': {'address': '0x9a8f92a830a5cb89a3816e3d267cb7791c16b04d'}, 'date': {'date': '2022-05-03'}, 'block': {'height': 14704379}}, {'smartContract': {'address': {'address': '0x6bb9910c5529cb3b32c4f0e13e8bc38f903b2534'}}, 'caller': {'address': '0x9a8f92a830a5cb89a3816e3d267cb7791c16b04d'}, 'date': {'date': '2022-05-03'}, 'block': {'height': 14704308}}, {'smartContract': {'address': {'address': '0x7db69eb9f52ed773e9b03f5068a1ea0275b2fd9d'}}, 'caller': {'address': '0x9a8f92a830a5cb89a3816e3d267cb7791c16b04d'}, 'date': {'date': '2022-05-03'}, 'block': {'height': 14704307}}, {'smartContract': {'address': {'address': '0x289f0e8f0209584d30a4c51f20094a535f14f4f8'}}, 'caller': {'address': '0x9a8f92a830a5cb89a3816e3d267cb7791c16b04d'}, 'date': {'date': '2022-04-06'}, 'block': {'height': 14534072}}, {'smartContract': {'address': {'address': '0xd733b12d22940eca67d8caa0a65f64ee969926be'}}, 'caller': {'address': '0x9a8f92a830a5cb89a3816e3d267cb7791c16b04d'}, 'date': {'date': '2022-04-06'}, 'block': {'height': 14534067}}, {'smartContract': {'address': {'address': '0x253a8d1412698f5279e6fffd9453bb81d47b1c38'}}, 'caller': {'address': '0x9a8f92a830a5cb89a3816e3d267cb7791c16b04d'}, 'date': {'date': '2022-04-06'}, 'block': {'height': 14534064}}, {'smartContract': {'address': {'address': '0xc1116b99e07bfaf17ab066509f4cda6afb320b31'}}, 'caller': {'address': '0x9a8f92a830a5cb89a3816e3d267cb7791c16b04d'}, 'date': {'date': '2022-04-06'}, 'block': {'height': 14534057}}, {'smartContract': {'address': {'address': '0x2111dac5e7c0501aee6c85b9ea95de9c12b2d86d'}}, 'caller': {'address': '0xa6b71e26c5e0845f74c812102ca7114b6a896ab2'}, 'date': {'date': '2022-03-30'}, 'block': {'height': 14489833}}, {'smartContract': {'address': {'address': '0x34df79ab1f3cb70445834e71d725f83a6d3e03eb'}}, 'caller': {'address': '0x9a8f92a830a5cb89a3816e3d267cb7791c16b04d'}, 'date': {'date': '2022-03-29'}, 'block': {'height': 14483523}}, {'smartContract': {'address': {'address': '0xd6cd62ac170d9b45120295479a0c2e373944716b'}}, 'caller': {'address': '0x9a8f92a830a5cb89a3816e3d267cb7791c16b04d'}, 'date': {'date': '2022-03-24'}, 'block': {'height': 14450961}}, {'smartContract': {'address': {'address': '0x5c9efbc7162342aa5011fa1c6e5cf3ad660883d3'}}, 'caller': {'address': '0x9a8f92a830a5cb89a3816e3d267cb7791c16b04d'}, 'date': {'date': '2022-03-24'}, 'block': {'height': 14450926}}, {'smartContract': {'address': {'address': '0x43f133fe6fdfa17c417695c476447dc2a449ba5b'}}, 'caller': {'address': '0x9a8f92a830a5cb89a3816e3d267cb7791c16b04d'}, 'date': {'date': '2022-03-01'}, 'block': {'height': 14302709}}, {'smartContract': {'address': {'address': '0x4841572daa1f8e4ce0f62570877c2d0cc18c9535'}}, 'caller': {'address': '0x9a8f92a830a5cb89a3816e3d267cb7791c16b04d'}, 'date': {'date': '2022-02-11'}, 'block': {'height': 14187411}}, {'smartContract': {'address': {'address': '0x04979cccc2f854e167daad0ae095da49eae4842e'}}, 'caller': {'address': '0x52e60e859fe0e1a36f3d4cbae1e2d6953f4b83b3'}, 'date': {'date': '2022-02-09'}, 'block': {'height': 14174869}}, {'smartContract': {'address': {'address': '0x2fc417a3eb361a0e9514d87732bb48a3b82a738f'}}, 'caller': {'address': '0x52e60e859fe0e1a36f3d4cbae1e2d6953f4b83b3'}, 'date': {'date': '2022-02-09'}, 'block': {'height': 14174869}}, {'smartContract': {'address': {'address': '0xe38f290eac1f83a960c461100b0c7a231b9cae16'}}, 'caller': {'address': '0x439a990f83250fe2e5e6b8059f540af1da1ba04d'}, 'date': {'date': '2022-02-09'}, 'block': {'height': 14174869}}, {'smartContract': {'address': {'address': '0x64b858e4d97a80233a3b7d0ba75f9d252fc75f25'}}, 'caller': {'address': '0x52e60e859fe0e1a36f3d4cbae1e2d6953f4b83b3'}, 'date': {'date': '2022-02-01'}, 'block': {'height': 14119637}}, {'smartContract': {'address': {'address': '0xe6cad8031fd6774bfb566698f6bcf0f45bc27430'}}, 'caller': {'address': '0x52e60e859fe0e1a36f3d4cbae1e2d6953f4b83b3'}, 'date': {'date': '2022-02-01'}, 'block': {'height': 14119637}}, {'smartContract': {'address': {'address': '0x8bd7288886a11c50e281399395c2ef4634f271c8'}}, 'caller': {'address': '0x439a990f83250fe2e5e6b8059f540af1da1ba04d'}, 'date': {'date': '2022-02-01'}, 'block': {'height': 14119637}}, {'smartContract': {'address': {'address': '0x226726ac52e6e948d1b7ea9168f9ff2e27dbcbb5'}}, 'caller': {'address': '0x9a8f92a830a5cb89a3816e3d267cb7791c16b04d'}, 'date': {'date': '2022-01-17'}, 'block': {'height': 14021285}}, {'smartContract': {'address': {'address': '0x02fbb64517e1c6ed69a6faa3abf37db0482f1152'}}, 'caller': {'address': '0x9a8f92a830a5cb89a3816e3d267cb7791c16b04d'}, 'date': {'date': '2022-01-13'}, 'block': {'height': 13996048}}, {'smartContract': {'address': {'address': '0x300172ed67695d551b3174541bf12329e9253330'}}, 'caller': {'address': '0x52e60e859fe0e1a36f3d4cbae1e2d6953f4b83b3'}, 'date': {'date': '2022-01-11'}, 'block': {'height': 13983157}}, {'smartContract': {'address': {'address': '0x240902f7e333ec8d86b51cd7d5d8e0720f9eb060'}}, 'caller': {'address': '0x439a990f83250fe2e5e6b8059f540af1da1ba04d'}, 'date': {'date': '2022-01-11'}, 'block': {'height': 13983157}}, {'smartContract': {'address': {'address': '0xffc5f70ae8609f1bedd006a34359ab377d243ec1'}}, 'caller': {'address': '0x52e60e859fe0e1a36f3d4cbae1e2d6953f4b83b3'}, 'date': {'date': '2022-01-11'}, 'block': {'height': 13983157}}, {'smartContract': {'address': {'address': '0x6455d800d1dbf9b1c3a63c67ccf22b9308728dc4'}}, 'caller': {'address': '0x9a8f92a830a5cb89a3816e3d267cb7791c16b04d'}, 'date': {'date': '2022-01-10'}, 'block': {'height': 13977353}}, {'smartContract': {'address': {'address': '0xd675ff7192dbec7d3a9b15fcc81e5f290221debd'}}, 'caller': {'address': '0x439a990f83250fe2e5e6b8059f540af1da1ba04d'}, 'date': {'date': '2022-01-07'}, 'block': {'height': 13959736}}, {'smartContract': {'address': {'address': '0x46038c46c580ee2d98a1837d6a48de762911920f'}}, 'caller': {'address': '0x52e60e859fe0e1a36f3d4cbae1e2d6953f4b83b3'}, 'date': {'date': '2022-01-07'}, 'block': {'height': 13959736}}, {'smartContract': {'address': {'address': '0xeec7f613e898e34602c10543950274958c30e77f'}}, 'caller': {'address': '0x52e60e859fe0e1a36f3d4cbae1e2d6953f4b83b3'}, 'date': {'date': '2022-01-07'}, 'block': {'height': 13959736}}]",2022-10-20
51,51,0x1F573D6Fb3F13d689FF844B4cE37794d79a7FF1C,Bancor (BNT),https://github.com/bancorprotocol/contracts,0x009BB5e9fCF28E5E601B7D0e9e821da6365d0a9c,61510683.27,[],2017-06-10
52,52,0xa1faa113cbE53436Df28FF0aEe54275c13B40975,AlphaToken (ALPHA),https://github.com/AlphaFinanceLab/alphahomora,0x1AAf4143C3Fe0D7CA78381C4672E4b08C4Bc009F,58814913.0,"[{'smartContract': {'address': {'address': '0xa1faa113cbe53436df28ff0aee54275c13b40975'}}, 'caller': {'address': '0x1aaf4143c3fe0d7ca78381c4672e4b08c4bc009f'}, 'date': {'date': '2020-09-27'}, 'block': {'height': 10943736}}]",2020-09-27
53,53,0xdBdb4d16EdA451D0503b854CF79D55697F90c8DF,Alchemix,https://github.com/alchemix-finance,0x51e029a5Ef288Fb87C5e8Dd46895c353ad9AaAeC,58273354.8,"[{'smartContract': {'address': {'address': '0x467918612d00e7b9091e96e5aa034a72a9463562'}}, 'caller': {'address': '0xa731585ab05fc9f83555cf9bff8f58ee94e18f85'}, 'date': {'date': '2022-01-11'}, 'block': {'height': 13986121}}, {'smartContract': {'address': {'address': '0x03fb81d3873dcf5a45688178bb6f871508453782'}}, 'caller': {'address': '0xa731585ab05fc9f83555cf9bff8f58ee94e18f85'}, 'date': {'date': '2021-11-12'}, 'block': {'height': 13601497}}, {'smartContract': {'address': {'address': '0x3e266c5a7cd39e3a1e3db08e6dcbfb487a78dba8'}}, 'caller': {'address': '0xa731585ab05fc9f83555cf9bff8f58ee94e18f85'}, 'date': {'date': '2021-11-12'}, 'block': {'height': 13601481}}, {'smartContract': {'address': {'address': '0x4d76385623f232f17d3a6d7726bdfad650c7ee7d'}}, 'caller': {'address': '0x835482fe0532f169024d5e9410199369aad5c77e'}, 'date': {'date': '2021-11-12'}, 'block': {'height': 13601431}}, {'smartContract': {'address': {'address': '0xd8dabd2de5b31bf0a0c376e017c8d7bd43fbbcb3'}}, 'caller': {'address': '0x91ce5566dc3170898c5aee4ae4dd314654b47415'}, 'date': {'date': '2021-11-12'}, 'block': {'height': 13601427}}, {'smartContract': {'address': {'address': '0xe66db0f190a0697f5d162cab5e65a4d3241cdcb8'}}, 'caller': {'address': '0x51e029a5ef288fb87c5e8dd46895c353ad9aaaec'}, 'date': {'date': '2021-05-21'}, 'block': {'height': 12480016}}, {'smartContract': {'address': {'address': '0x8a2f2e0fd65caee0622ee7ba98b67f73717d1683'}}, 'caller': {'address': '0x51e029a5ef288fb87c5e8dd46895c353ad9aaaec'}, 'date': {'date': '2021-05-21'}, 'block': {'height': 12480010}}, {'smartContract': {'address': {'address': '0x9122eef5a30a4686df6966ec889ac71aad208e35'}}, 'caller': {'address': '0x51e029a5ef288fb87c5e8dd46895c353ad9aaaec'}, 'date': {'date': '2021-05-21'}, 'block': {'height': 12479979}}, {'smartContract': {'address': {'address': '0x8392f6669292fa56123f71949b52d883ae57e225'}}, 'caller': {'address': '0x51e029a5ef288fb87c5e8dd46895c353ad9aaaec'}, 'date': {'date': '2021-02-27'}, 'block': {'height': 11937291}}, {'smartContract': {'address': {'address': '0xab8e74017a8cc7c15ffccd726603790d26d7deca'}}, 'caller': {'address': '0x51e029a5ef288fb87c5e8dd46895c353ad9aaaec'}, 'date': {'date': '2021-02-27'}, 'block': {'height': 11937279}}, {'smartContract': {'address': {'address': '0x014de182c147f8663589d77eadb109bf86958f13'}}, 'caller': {'address': '0x51e029a5ef288fb87c5e8dd46895c353ad9aaaec'}, 'date': {'date': '2021-02-27'}, 'block': {'height': 11937269}}, {'smartContract': {'address': {'address': '0xab7a49b971afdc7ee26255038c82b4006d122086'}}, 'caller': {'address': '0x51e029a5ef288fb87c5e8dd46895c353ad9aaaec'}, 'date': {'date': '2021-02-27'}, 'block': {'height': 11937251}}, {'smartContract': {'address': {'address': '0xc21d353ff4ee73c572425697f4f5aad2109fe35b'}}, 'caller': {'address': '0x51e029a5ef288fb87c5e8dd46895c353ad9aaaec'}, 'date': {'date': '2021-02-27'}, 'block': {'height': 11937232}}, {'smartContract': {'address': {'address': '0xbc6da0fe9ad5f3b0d58160288917aa56653660e9'}}, 'caller': {'address': '0x51e029a5ef288fb87c5e8dd46895c353ad9aaaec'}, 'date': {'date': '2021-02-27'}, 'block': {'height': 11937214}}, {'smartContract': {'address': {'address': '0x869d1b8610c038a6c4f37bd757135d4c29ae8917'}}, 'caller': {'address': '0x51e029a5ef288fb87c5e8dd46895c353ad9aaaec'}, 'date': {'date': '2021-02-27'}, 'block': {'height': 11937209}}, {'smartContract': {'address': {'address': '0xdbdb4d16eda451d0503b854cf79d55697f90c8df'}}, 'caller': {'address': '0x51e029a5ef288fb87c5e8dd46895c353ad9aaaec'}, 'date': {'date': '2021-02-27'}, 'block': {'height': 11937199}}]",2021-02-27
54,54,0x89Ab32156e46F46D02ade3FEcbe5Fc4243B9AAeD,pNetwork Token (PNT),https://github.com/provable-things/ethereum-bridge,0x56db816b3456EDfa6edbC65F00ba45296fE136F2,57177963.35,"[{'smartContract': {'address': {'address': '0xe7c978874d7ebb7f3fbc31e46101ea9b340e942c'}}, 'caller': {'address': '0x56db816b3456edfa6edbc65f00ba45296fe136f2'}, 'date': {'date': '2020-06-18'}, 'block': {'height': 10291051}}, {'smartContract': {'address': {'address': '0x89ab32156e46f46d02ade3fecbe5fc4243b9aaed'}}, 'caller': {'address': '0x56db816b3456edfa6edbc65f00ba45296fe136f2'}, 'date': {'date': '2020-06-17'}, 'block': {'height': 10284308}}]",2020-06-17
55,55,0x5E8422345238F34275888049021821E8E08CAa1f,Frax Ether,https://github.com/fraxfinance,0x4600D3b12c39AF925C2C07C487d31D17c1e32A35,55310692.87,"[{'smartContract': {'address': {'address': '0x421efd53fa0d90687db5ef370d5dcd7f89cbd9de'}}, 'caller': {'address': '0x4600d3b12c39af925c2c07c487d31d17c1e32a35'}, 'date': {'date': '2022-12-03'}, 'block': {'height': 16101569}}, {'smartContract': {'address': {'address': '0x1ea632b997b7c7068ac48ade8040652a8af9fbbb'}}, 'caller': {'address': '0x4600d3b12c39af925c2c07c487d31d17c1e32a35'}, 'date': {'date': '2022-12-02'}, 'block': {'height': 16094305}}, {'smartContract': {'address': {'address': '0x80f1c4f5cd94d49e98d0a975690796f1e8c0379e'}}, 'caller': {'address': '0x4600d3b12c39af925c2c07c487d31d17c1e32a35'}, 'date': {'date': '2022-12-02'}, 'block': {'height': 16094286}}, {'smartContract': {'address': {'address': '0x52581ecaaa4dde745baa65a4d1d653053c74f4bb'}}, 'caller': {'address': '0x4600d3b12c39af925c2c07c487d31d17c1e32a35'}, 'date': {'date': '2022-12-02'}, 'block': {'height': 16094276}}, {'smartContract': {'address': {'address': '0x46a279f57149d2c5f9549a3ad3371f1bf7402921'}}, 'caller': {'address': '0x4600d3b12c39af925c2c07c487d31d17c1e32a35'}, 'date': {'date': '2022-12-02'}, 'block': {'height': 16094258}}, {'smartContract': {'address': {'address': '0x00160baf84b3d2014837cc12e838ea399f8b8478'}}, 'caller': {'address': '0x4600d3b12c39af925c2c07c487d31d17c1e32a35'}, 'date': {'date': '2022-12-02'}, 'block': {'height': 16094171}}, {'smartContract': {'address': {'address': '0xb12c76b92936d136fd8264f6efcbb06458338d97'}}, 'caller': {'address': '0x4600d3b12c39af925c2c07c487d31d17c1e32a35'}, 'date': {'date': '2022-11-02'}, 'block': {'height': 15883709}}, {'smartContract': {'address': {'address': '0x67e04873691258950299bd8610403d69ba0a1e10'}}, 'caller': {'address': '0x4600d3b12c39af925c2c07c487d31d17c1e32a35'}, 'date': {'date': '2022-11-02'}, 'block': {'height': 15883588}}, {'smartContract': {'address': {'address': '0x9f29f00d0253d7497f562256d3f42593939eae57'}}, 'caller': {'address': '0x4600d3b12c39af925c2c07c487d31d17c1e32a35'}, 'date': {'date': '2022-10-21'}, 'block': {'height': 15799688}}, {'smartContract': {'address': {'address': '0x1b0b9991df27a4f2847478127d51fb29883882f5'}}, 'caller': {'address': '0x4600d3b12c39af925c2c07c487d31d17c1e32a35'}, 'date': {'date': '2022-10-20'}, 'block': {'height': 15786051}}, {'smartContract': {'address': {'address': '0xe3b3fe7bca19ca77ad877a5bebab186becfad906'}}, 'caller': {'address': '0x4600d3b12c39af925c2c07c487d31d17c1e32a35'}, 'date': {'date': '2022-10-20'}, 'block': {'height': 15785908}}, {'smartContract': {'address': {'address': '0xc0497c072d3015fd7d45893157bcdcc1bcfeb6b5'}}, 'caller': {'address': '0x4600d3b12c39af925c2c07c487d31d17c1e32a35'}, 'date': {'date': '2022-10-10'}, 'block': {'height': 15719800}}, {'smartContract': {'address': {'address': '0xb1c4e5a15544f005166880749c46d35a00916462'}}, 'caller': {'address': '0x4600d3b12c39af925c2c07c487d31d17c1e32a35'}, 'date': {'date': '2022-10-10'}, 'block': {'height': 15719800}}, {'smartContract': {'address': {'address': '0x67218f66a84809201cfba5c8b46dbd3ab95a42da'}}, 'caller': {'address': '0x4600d3b12c39af925c2c07c487d31d17c1e32a35'}, 'date': {'date': '2022-10-10'}, 'block': {'height': 15719800}}, {'smartContract': {'address': {'address': '0x5e8422345238f34275888049021821e8e08caa1f'}}, 'caller': {'address': '0x4600d3b12c39af925c2c07c487d31d17c1e32a35'}, 'date': {'date': '2022-10-06'}, 'block': {'height': 15686046}}, {'smartContract': {'address': {'address': '0xbafa44efe7901e04e39dad13167d089c559c1138'}}, 'caller': {'address': '0x4600d3b12c39af925c2c07c487d31d17c1e32a35'}, 'date': {'date': '2022-10-06'}, 'block': {'height': 15686046}}, {'smartContract': {'address': {'address': '0xac3e018457b222d93114458476f3e3416abbe38f'}}, 'caller': {'address': '0x4600d3b12c39af925c2c07c487d31d17c1e32a35'}, 'date': {'date': '2022-10-06'}, 'block': {'height': 15686046}}, {'smartContract': {'address': {'address': '0x0363a32d18c25a3fd19a0d00b02106c03d8b8182'}}, 'caller': {'address': '0x4600d3b12c39af925c2c07c487d31d17c1e32a35'}, 'date': {'date': '2022-10-06'}, 'block': {'height': 15686010}}, {'smartContract': {'address': {'address': '0xa63f56985f9c7f3bc9ffc5685535649e0c1a55f3'}}, 'caller': {'address': '0x4600d3b12c39af925c2c07c487d31d17c1e32a35'}, 'date': {'date': '2022-10-06'}, 'block': {'height': 15686010}}, {'smartContract': {'address': {'address': '0x17845ea6a9bfd2caf1b9e558948bb4999df2656e'}}, 'caller': {'address': '0x4600d3b12c39af925c2c07c487d31d17c1e32a35'}, 'date': {'date': '2022-10-06'}, 'block': {'height': 15686010}}, {'smartContract': {'address': {'address': '0xfbcb0f967817c924f83e26e04f0fb28ed4d6276f'}}, 'caller': {'address': '0x4600d3b12c39af925c2c07c487d31d17c1e32a35'}, 'date': {'date': '2022-10-02'}, 'block': {'height': 15657329}}, {'smartContract': {'address': {'address': '0x4e7300f74f59afaeccdc0d434758df9be238f0bf'}}, 'caller': {'address': '0x4600d3b12c39af925c2c07c487d31d17c1e32a35'}, 'date': {'date': '2022-10-02'}, 'block': {'height': 15657329}}, {'smartContract': {'address': {'address': '0x0304a365c0fbb4b1ad423887861b9b69a5f0c00e'}}, 'caller': {'address': '0x4600d3b12c39af925c2c07c487d31d17c1e32a35'}, 'date': {'date': '2022-10-02'}, 'block': {'height': 15657329}}, {'smartContract': {'address': {'address': '0x1b01514a2b3cdef16fd3c680a818a0ab97da8a09'}}, 'caller': {'address': '0x4600d3b12c39af925c2c07c487d31d17c1e32a35'}, 'date': {'date': '2022-10-01'}, 'block': {'height': 15656227}}, {'smartContract': {'address': {'address': '0xd1738eb733a636d1b8665f48bc8a24da889c2562'}}, 'caller': {'address': '0x4600d3b12c39af925c2c07c487d31d17c1e32a35'}, 'date': {'date': '2022-10-01'}, 'block': {'height': 15656227}}, {'smartContract': {'address': {'address': '0x3405e88af759992937b84e58f2fe691ef0eea320'}}, 'caller': {'address': '0x4600d3b12c39af925c2c07c487d31d17c1e32a35'}, 'date': {'date': '2022-10-01'}, 'block': {'height': 15656227}}, {'smartContract': {'address': {'address': '0x2dd1b4d4548accea497050619965f91f78b3b532'}}, 'caller': {'address': '0x4600d3b12c39af925c2c07c487d31d17c1e32a35'}, 'date': {'date': '2022-10-01'}, 'block': {'height': 15654916}}, {'smartContract': {'address': {'address': '0xe30521fe7f3beb6ad556887b50739d6c7ca667e6'}}, 'caller': {'address': '0x4600d3b12c39af925c2c07c487d31d17c1e32a35'}, 'date': {'date': '2022-10-01'}, 'block': {'height': 15654916}}, {'smartContract': {'address': {'address': '0x2c37fb628b35dfdfd515d41b0caae11b542773c3'}}, 'caller': {'address': '0x4600d3b12c39af925c2c07c487d31d17c1e32a35'}, 'date': {'date': '2022-10-01'}, 'block': {'height': 15654916}}]",2022-10-06
56,56,0x9c354503C38481a7A7a51629142963F98eCC12D0,(Proxy contract) Origin Dollar Governance,https://github.com/OriginProtocol/origin-dollar,0x71F78361537A6f7B6818e7A760c8bC0146D93f50,51161849.5,"[{'smartContract': {'address': {'address': '0x7ae2334f12a449895ad21d4c255d9de194fe986f'}}, 'caller': {'address': '0x71f78361537a6f7b6818e7a760c8bc0146d93f50'}, 'date': {'date': '2022-07-10'}, 'block': {'height': 15117442}}, {'smartContract': {'address': {'address': '0xd667091c2d1dcc8620f4eaea254cdfb0a176718d'}}, 'caller': {'address': '0x71f78361537a6f7b6818e7a760c8bc0146d93f50'}, 'date': {'date': '2022-07-10'}, 'block': {'height': 15117433}}, {'smartContract': {'address': {'address': '0xc6a3525e2fd8f4844a6fdfe4552a583ce5ac7efa'}}, 'caller': {'address': '0x71f78361537a6f7b6818e7a760c8bc0146d93f50'}, 'date': {'date': '2022-07-08'}, 'block': {'height': 15101233}}, {'smartContract': {'address': {'address': '0xac126c98cfc7c55a9f944770cb17d7065688c577'}}, 'caller': {'address': '0x71f78361537a6f7b6818e7a760c8bc0146d93f50'}, 'date': {'date': '2022-07-08'}, 'block': {'height': 15101232}}, {'smartContract': {'address': {'address': '0xed6e3808fce0c4a52dea8636933f666c6dea4d1d'}}, 'caller': {'address': '0x71f78361537a6f7b6818e7a760c8bc0146d93f50'}, 'date': {'date': '2022-06-14'}, 'block': {'height': 14960879}}, {'smartContract': {'address': {'address': '0xab2916819462f0be4f209be5a491afaf1bd56263'}}, 'caller': {'address': '0x71f78361537a6f7b6818e7a760c8bc0146d93f50'}, 'date': {'date': '2022-04-18'}, 'block': {'height': 14611496}}, {'smartContract': {'address': {'address': '0xfdb16a6900ce90cb27afec95dc274d27e0d61b87'}}, 'caller': {'address': '0x71f78361537a6f7b6818e7a760c8bc0146d93f50'}, 'date': {'date': '2022-04-18'}, 'block': {'height': 14607299}}, {'smartContract': {'address': {'address': '0x88aa574f0acf17775973ebb786d34addb43ad42e'}}, 'caller': {'address': '0x71f78361537a6f7b6818e7a760c8bc0146d93f50'}, 'date': {'date': '2022-04-18'}, 'block': {'height': 14607295}}, {'smartContract': {'address': {'address': '0x9c354503c38481a7a7a51629142963f98ecc12d0'}}, 'caller': {'address': '0x71f78361537a6f7b6818e7a760c8bc0146d93f50'}, 'date': {'date': '2022-03-23'}, 'block': {'height': 14439231}}, {'smartContract': {'address': {'address': '0x6ce89ff1e8a910007bac236c27b88f8a95b0bfad'}}, 'caller': {'address': '0x71f78361537a6f7b6818e7a760c8bc0146d93f50'}, 'date': {'date': '2022-03-23'}, 'block': {'height': 14439229}}, {'smartContract': {'address': {'address': '0xb248c975daeac47c4960ecbd10a79e486ebd1ca8'}}, 'caller': {'address': '0x71f78361537a6f7b6818e7a760c8bc0146d93f50'}, 'date': {'date': '2021-11-01'}, 'block': {'height': 13532985}}, {'smartContract': {'address': {'address': '0x84cb50ca45279397cd03fb94232d52078790f8e6'}}, 'caller': {'address': '0x71f78361537a6f7b6818e7a760c8bc0146d93f50'}, 'date': {'date': '2021-10-07'}, 'block': {'height': 13369437}}, {'smartContract': {'address': {'address': '0xa050ebe34be464902f7e0f7f451f4b5253d57114'}}, 'caller': {'address': '0x71f78361537a6f7b6818e7a760c8bc0146d93f50'}, 'date': {'date': '2021-10-07'}, 'block': {'height': 13369414}}, {'smartContract': {'address': {'address': '0x5e3646a1db86993f73e6b74a57d8640b69f7e259'}}, 'caller': {'address': '0x71f78361537a6f7b6818e7a760c8bc0146d93f50'}, 'date': {'date': '2021-10-07'}, 'block': {'height': 13369326}}, {'smartContract': {'address': {'address': '0xf37b4c48fd3ce4c8e7e8b2ad391a9480842f0b8e'}}, 'caller': {'address': '0x71f78361537a6f7b6818e7a760c8bc0146d93f50'}, 'date': {'date': '2021-10-07'}, 'block': {'height': 13369303}}, {'smartContract': {'address': {'address': '0x9c459eeb3fa179a40329b81c1635525e9a0ef094'}}, 'caller': {'address': '0x71f78361537a6f7b6818e7a760c8bc0146d93f50'}, 'date': {'date': '2021-10-07'}, 'block': {'height': 13369299}}, {'smartContract': {'address': {'address': '0x77314eb392b2be47c014cde0706908b3307ad6a9'}}, 'caller': {'address': '0x71f78361537a6f7b6818e7a760c8bc0146d93f50'}, 'date': {'date': '2021-10-07'}, 'block': {'height': 13369290}}, {'smartContract': {'address': {'address': '0xa7695eed05094e28aa575cb0cca3cf17848a7981'}}, 'caller': {'address': '0x71f78361537a6f7b6818e7a760c8bc0146d93f50'}, 'date': {'date': '2021-10-07'}, 'block': {'height': 13369286}}, {'smartContract': {'address': {'address': '0x226de75867b2f785ba19600e2a7e6efccd57157b'}}, 'caller': {'address': '0x71f78361537a6f7b6818e7a760c8bc0146d93f50'}, 'date': {'date': '2021-10-07'}, 'block': {'height': 13369283}}, {'smartContract': {'address': {'address': '0x3eb68d8f4992a0e34aa58cc3df86a40814078cf6'}}, 'caller': {'address': '0x71f78361537a6f7b6818e7a760c8bc0146d93f50'}, 'date': {'date': '2021-10-07'}, 'block': {'height': 13369280}}, {'smartContract': {'address': {'address': '0xfc9f0c869b63c9346dff4a3fc146e52791028d7d'}}, 'caller': {'address': '0x71f78361537a6f7b6818e7a760c8bc0146d93f50'}, 'date': {'date': '2021-10-07'}, 'block': {'height': 13369275}}, {'smartContract': {'address': {'address': '0x72426ba137dec62657306b12b1e869d43fec6ec7'}}, 'caller': {'address': '0x71f78361537a6f7b6818e7a760c8bc0146d93f50'}, 'date': {'date': '2021-10-07'}, 'block': {'height': 13369248}}, {'smartContract': {'address': {'address': '0x289afe62ff0dda4a591a3d814a12e21c3c081df9'}}, 'caller': {'address': '0x71f78361537a6f7b6818e7a760c8bc0146d93f50'}, 'date': {'date': '2021-08-26'}, 'block': {'height': 13103464}}, {'smartContract': {'address': {'address': '0xa4d15507112c0db37e1320bf3fff8891dfd1d2ed'}}, 'caller': {'address': '0x71f78361537a6f7b6818e7a760c8bc0146d93f50'}, 'date': {'date': '2021-07-02'}, 'block': {'height': 12750988}}, {'smartContract': {'address': {'address': '0x23dcc0cc5f08b9d85daf8d29490c7f74a655b359'}}, 'caller': {'address': '0x71f78361537a6f7b6818e7a760c8bc0146d93f50'}, 'date': {'date': '2021-07-02'}, 'block': {'height': 12750980}}, {'smartContract': {'address': {'address': '0x830622bdd79cc677ee6594e20bbda5b26568b781'}}, 'caller': {'address': '0x71f78361537a6f7b6818e7a760c8bc0146d93f50'}, 'date': {'date': '2021-06-23'}, 'block': {'height': 12688556}}, {'smartContract': {'address': {'address': '0x9b5d407f144da142a0a5e3ad9c53ee936fbbb3dd'}}, 'caller': {'address': '0x71f78361537a6f7b6818e7a760c8bc0146d93f50'}, 'date': {'date': '2021-05-27'}, 'block': {'height': 12513661}}, {'smartContract': {'address': {'address': '0xb2da8f6d63c4113fd214d7636f8ff1430ad5b863'}}, 'caller': {'address': '0x71f78361537a6f7b6818e7a760c8bc0146d93f50'}, 'date': {'date': '2021-05-20'}, 'block': {'height': 12468302}}, {'smartContract': {'address': {'address': '0x874c74e6ec318ad0a7e6f23301678a4751d00482'}}, 'caller': {'address': '0x71f78361537a6f7b6818e7a760c8bc0146d93f50'}, 'date': {'date': '2021-05-18'}, 'block': {'height': 12455568}}, {'smartContract': {'address': {'address': '0xc48d24fe4e8ac3d2b9da94281b06bfca00d65b59'}}, 'caller': {'address': '0x71f78361537a6f7b6818e7a760c8bc0146d93f50'}, 'date': {'date': '2021-05-07'}, 'block': {'height': 12385603}}, {'smartContract': {'address': {'address': '0xebd7c7abab1e67c6d7e1d277dfc0f8e9ed01b110'}}, 'caller': {'address': '0x71f78361537a6f7b6818e7a760c8bc0146d93f50'}, 'date': {'date': '2021-05-04'}, 'block': {'height': 12370406}}, {'smartContract': {'address': {'address': '0xb447fc8877ef10cf6a4b8f29c1b9d3830ce934f1'}}, 'caller': {'address': '0x71f78361537a6f7b6818e7a760c8bc0146d93f50'}, 'date': {'date': '2021-05-04'}, 'block': {'height': 12365533}}, {'smartContract': {'address': {'address': '0x5a3775dc1618662971844e69f7fd663508909000'}}, 'caller': {'address': '0x71f78361537a6f7b6818e7a760c8bc0146d93f50'}, 'date': {'date': '2021-04-27'}, 'block': {'height': 12320347}}, {'smartContract': {'address': {'address': '0xdf2a7aa8aa95bd0a6db685eabd3856d4472fcabc'}}, 'caller': {'address': '0x71f78361537a6f7b6818e7a760c8bc0146d93f50'}, 'date': {'date': '2021-04-23'}, 'block': {'height': 12298087}}, {'smartContract': {'address': {'address': '0xde559e849450cddcd1ab1efa0a4dfd2ccbf6142a'}}, 'caller': {'address': '0x71f78361537a6f7b6818e7a760c8bc0146d93f50'}, 'date': {'date': '2021-04-16'}, 'block': {'height': 12252242}}, {'smartContract': {'address': {'address': '0x96ca82db6b091a1aed932857adc9a1e2fd7b2448'}}, 'caller': {'address': '0x71f78361537a6f7b6818e7a760c8bc0146d93f50'}, 'date': {'date': '2021-04-14'}, 'block': {'height': 12239303}}, {'smartContract': {'address': {'address': '0xa2b240655399a8c1a761b692304b5a367da677bc'}}, 'caller': {'address': '0x71f78361537a6f7b6818e7a760c8bc0146d93f50'}, 'date': {'date': '2021-04-09'}, 'block': {'height': 12208214}}, {'smartContract': {'address': {'address': '0xf5c631eb077665fcb4995281a8016fb9bdefa547'}}, 'caller': {'address': '0x71f78361537a6f7b6818e7a760c8bc0146d93f50'}, 'date': {'date': '2021-04-09'}, 'block': {'height': 12208206}}, {'smartContract': {'address': {'address': '0xf7fa62cabcd854d0d549cb9e17fdaefe2dee1f00'}}, 'caller': {'address': '0x71f78361537a6f7b6818e7a760c8bc0146d93f50'}, 'date': {'date': '2021-04-09'}, 'block': {'height': 12208202}}, {'smartContract': {'address': {'address': '0xbcd3ff0c8c97d62d990b9859292b1c1959ac1127'}}, 'caller': {'address': '0x71f78361537a6f7b6818e7a760c8bc0146d93f50'}, 'date': {'date': '2021-04-09'}, 'block': {'height': 12208198}}, {'smartContract': {'address': {'address': '0x01b41e94c9b4d0de21006ff30b2dd60f015910f6'}}, 'caller': {'address': '0x71f78361537a6f7b6818e7a760c8bc0146d93f50'}, 'date': {'date': '2021-04-09'}, 'block': {'height': 12208195}}, {'smartContract': {'address': {'address': '0xbae5888057fb3be601fb172873596dae7eb701a8'}}, 'caller': {'address': '0x71f78361537a6f7b6818e7a760c8bc0146d93f50'}, 'date': {'date': '2021-03-24'}, 'block': {'height': 12104663}}, {'smartContract': {'address': {'address': '0x7294cd3c3eb4097b03e1a61eb2ad280d3dd265e6'}}, 'caller': {'address': '0x71f78361537a6f7b6818e7a760c8bc0146d93f50'}, 'date': {'date': '2021-03-24'}, 'block': {'height': 12104656}}, {'smartContract': {'address': {'address': '0x8e55b527901bc88206a1ce5c292b2404bcb8f76d'}}, 'caller': {'address': '0x71f78361537a6f7b6818e7a760c8bc0146d93f50'}, 'date': {'date': '2021-03-24'}, 'block': {'height': 12104653}}, {'smartContract': {'address': {'address': '0xf00d4b19458c594d4ea9d0b9861edfd2c444fa9a'}}, 'caller': {'address': '0x71f78361537a6f7b6818e7a760c8bc0146d93f50'}, 'date': {'date': '2021-03-24'}, 'block': {'height': 12104648}}, {'smartContract': {'address': {'address': '0x4c0ea057cb5e2b08664e7976225520467896c19f'}}, 'caller': {'address': '0x71f78361537a6f7b6818e7a760c8bc0146d93f50'}, 'date': {'date': '2021-03-24'}, 'block': {'height': 12104634}}, {'smartContract': {'address': {'address': '0xcecad69d7d4ed6d52efcfa028af8732f27e08f70'}}, 'caller': {'address': '0x71f78361537a6f7b6818e7a760c8bc0146d93f50'}, 'date': {'date': '2021-02-12'}, 'block': {'height': 11844417}}, {'smartContract': {'address': {'address': '0x9f2e2b1c5f6ac748b61f07e88f912a1df33dfe55'}}, 'caller': {'address': '0x71f78361537a6f7b6818e7a760c8bc0146d93f50'}, 'date': {'date': '2021-02-10'}, 'block': {'height': 11831747}}, {'smartContract': {'address': {'address': '0x3c5fe0a3922777343cbd67d3732fcdc9f2fa6f2f'}}, 'caller': {'address': '0x71f78361537a6f7b6818e7a760c8bc0146d93f50'}, 'date': {'date': '2021-02-10'}, 'block': {'height': 11831743}}, {'smartContract': {'address': {'address': '0xd97fe382b923f75ab8951915ecf07cbf12c102d4'}}, 'caller': {'address': '0x71f78361537a6f7b6818e7a760c8bc0146d93f50'}, 'date': {'date': '2021-02-10'}, 'block': {'height': 11831739}}, {'smartContract': {'address': {'address': '0x3a2c387b84b28f438aaf53e6d0b8e790d084d1d1'}}, 'caller': {'address': '0x71f78361537a6f7b6818e7a760c8bc0146d93f50'}, 'date': {'date': '2021-02-10'}, 'block': {'height': 11831735}}, {'smartContract': {'address': {'address': '0xb5f7e47bc7d271b3df4824bdcfbb279a719f8ae6'}}, 'caller': {'address': '0x71f78361537a6f7b6818e7a760c8bc0146d93f50'}, 'date': {'date': '2021-02-10'}, 'block': {'height': 11831731}}, {'smartContract': {'address': {'address': '0x3e803eea623ee4793f0f49790a813811da5249f4'}}, 'caller': {'address': '0x71f78361537a6f7b6818e7a760c8bc0146d93f50'}, 'date': {'date': '2021-02-03'}, 'block': {'height': 11785186}}, {'smartContract': {'address': {'address': '0x36abc8fe8e20bc4637eda83b5ad9810e9e54bf13'}}, 'caller': {'address': '0x71f78361537a6f7b6818e7a760c8bc0146d93f50'}, 'date': {'date': '2021-02-02'}, 'block': {'height': 11779364}}, {'smartContract': {'address': {'address': '0x8f245d566f886662921e0ff76ddf43695639d999'}}, 'caller': {'address': '0x71f78361537a6f7b6818e7a760c8bc0146d93f50'}, 'date': {'date': '2021-02-02'}, 'block': {'height': 11779360}}, {'smartContract': {'address': {'address': '0x9d6975591e777d95eef3bcc2a727846da25d7083'}}, 'caller': {'address': '0x71f78361537a6f7b6818e7a760c8bc0146d93f50'}, 'date': {'date': '2021-02-02'}, 'block': {'height': 11779355}}, {'smartContract': {'address': {'address': '0x9782b0b8dedd78e7fb64e85c54ca442551fd70df'}}, 'caller': {'address': '0x71f78361537a6f7b6818e7a760c8bc0146d93f50'}, 'date': {'date': '2021-01-13'}, 'block': {'height': 11643501}}, {'smartContract': {'address': {'address': '0xa58542164e27d10ec6e1e32cda453d0346f173a3'}}, 'caller': {'address': '0x71f78361537a6f7b6818e7a760c8bc0146d93f50'}, 'date': {'date': '2021-01-13'}, 'block': {'height': 11643362}}, {'smartContract': {'address': {'address': '0x9c94df9d594ba1eb94430c006c269c314b1a8281'}}, 'caller': {'address': '0x71f78361537a6f7b6818e7a760c8bc0146d93f50'}, 'date': {'date': '2021-01-12'}, 'block': {'height': 11642654}}, {'smartContract': {'address': {'address': '0x8e54f5776ac2d0322d94640e070856a04e446656'}}, 'caller': {'address': '0x71f78361537a6f7b6818e7a760c8bc0146d93f50'}, 'date': {'date': '2021-01-08'}, 'block': {'height': 11617016}}, {'smartContract': {'address': {'address': '0x0ed143d1d6d98f10db7151b66d76aa3956072b5a'}}, 'caller': {'address': '0x71f78361537a6f7b6818e7a760c8bc0146d93f50'}, 'date': {'date': '2021-01-06'}, 'block': {'height': 11603731}}, {'smartContract': {'address': {'address': '0x159ea2fa3a92dae6b9f21d6753aa6a8ea5bf77ba'}}, 'caller': {'address': '0x71f78361537a6f7b6818e7a760c8bc0146d93f50'}, 'date': {'date': '2021-01-04'}, 'block': {'height': 11585982}}, {'smartContract': {'address': {'address': '0x78b107e4c3192e225e6bc2bc10e28de9866d39de'}}, 'caller': {'address': '0x71f78361537a6f7b6818e7a760c8bc0146d93f50'}, 'date': {'date': '2021-01-04'}, 'block': {'height': 11585978}}, {'smartContract': {'address': {'address': '0x3f77efda7ce65a39172fa5068d7f6e89032cbb7e'}}, 'caller': {'address': '0x71f78361537a6f7b6818e7a760c8bc0146d93f50'}, 'date': {'date': '2020-12-29'}, 'block': {'height': 11551942}}, {'smartContract': {'address': {'address': '0xa8f148b41c0036ec22b477cf9d0cc564b6fbb9a2'}}, 'caller': {'address': '0x71f78361537a6f7b6818e7a760c8bc0146d93f50'}, 'date': {'date': '2020-12-29'}, 'block': {'height': 11551939}}, {'smartContract': {'address': {'address': '0xa4144d814f03a2bb0429ccb89a77cd3703658b61'}}, 'caller': {'address': '0x71f78361537a6f7b6818e7a760c8bc0146d93f50'}, 'date': {'date': '2020-12-29'}, 'block': {'height': 11551857}}, {'smartContract': {'address': {'address': '0x9f2b18751376cf6a3432eb158ba5f9b1abd2f7ce'}}, 'caller': {'address': '0x71f78361537a6f7b6818e7a760c8bc0146d93f50'}, 'date': {'date': '2020-12-29'}, 'block': {'height': 11551853}}, {'smartContract': {'address': {'address': '0x543ede303ec0dd9023208d1738681b4cb65256df'}}, 'caller': {'address': '0x71f78361537a6f7b6818e7a760c8bc0146d93f50'}, 'date': {'date': '2020-12-29'}, 'block': {'height': 11551834}}, {'smartContract': {'address': {'address': '0xd5433168ed0b1f7714819646606db509d9d8ec1f'}}, 'caller': {'address': '0x71f78361537a6f7b6818e7a760c8bc0146d93f50'}, 'date': {'date': '2020-12-29'}, 'block': {'height': 11551831}}, {'smartContract': {'address': {'address': '0x84fb09fcb6fc5cc0dba13fe5cf87a613e34a386a'}}, 'caller': {'address': '0x71f78361537a6f7b6818e7a760c8bc0146d93f50'}, 'date': {'date': '2020-12-29'}, 'block': {'height': 11551809}}, {'smartContract': {'address': {'address': '0xe54f14fc3fbc5915d070de4758bcf591541bd1c3'}}, 'caller': {'address': '0x71f78361537a6f7b6818e7a760c8bc0146d93f50'}, 'date': {'date': '2020-12-29'}, 'block': {'height': 11551806}}, {'smartContract': {'address': {'address': '0x6bd6cc9605ae43b424cb06363255b061a84dffd3'}}, 'caller': {'address': '0x71f78361537a6f7b6818e7a760c8bc0146d93f50'}, 'date': {'date': '2020-12-29'}, 'block': {'height': 11551799}}, {'smartContract': {'address': {'address': '0xe75d77b1865ae93c7eaa3040b038d7aa7bc02f70'}}, 'caller': {'address': '0x71f78361537a6f7b6818e7a760c8bc0146d93f50'}, 'date': {'date': '2020-12-29'}, 'block': {'height': 11551793}}, {'smartContract': {'address': {'address': '0x843530dc8005e13dea30cea2394ff60635f38cc4'}}, 'caller': {'address': '0x71f78361537a6f7b6818e7a760c8bc0146d93f50'}, 'date': {'date': '2020-12-29'}, 'block': {'height': 11551766}}, {'smartContract': {'address': {'address': '0x017ad99900b9581cd40c815990890ee9f0858246'}}, 'caller': {'address': '0x71f78361537a6f7b6818e7a760c8bc0146d93f50'}, 'date': {'date': '2020-12-29'}, 'block': {'height': 11551749}}, {'smartContract': {'address': {'address': '0xf6c1a36a200c9acc5046a86037ffbe4e0ecb2d6a'}}, 'caller': {'address': '0x71f78361537a6f7b6818e7a760c8bc0146d93f50'}, 'date': {'date': '2020-12-21'}, 'block': {'height': 11494700}}, {'smartContract': {'address': {'address': '0x8cd68a1e0b79150455c5498882d5d5d3df2dde08'}}, 'caller': {'address': '0x71f78361537a6f7b6818e7a760c8bc0146d93f50'}, 'date': {'date': '2020-12-17'}, 'block': {'height': 11469424}}, {'smartContract': {'address': {'address': '0x501804b374ef06fa9c427476147ac09f1551b9a0'}}, 'caller': {'address': '0x71f78361537a6f7b6818e7a760c8bc0146d93f50'}, 'date': {'date': '2020-12-17'}, 'block': {'height': 11469389}}, {'smartContract': {'address': {'address': '0x8e7bdfecd1164c46ad51b58e49a611f954d23377'}}, 'caller': {'address': '0x71f78361537a6f7b6818e7a760c8bc0146d93f50'}, 'date': {'date': '2020-12-17'}, 'block': {'height': 11469282}}]",2022-03-23
57,57,0x55C08ca52497e2f1534B59E2917BF524D4765257,UwU Lend,https://github.com/UwU-Lend/,0x47094aC2b18689Fc3D526F55E846873F5C5aD19c,49632814.58,"[{'smartContract': {'address': {'address': '0x55c08ca52497e2f1534b59e2917bf524d4765257'}}, 'caller': {'address': '0x47094ac2b18689fc3d526f55e846873f5c5ad19c'}, 'date': {'date': '2022-07-18'}, 'block': {'height': 15166822}}]",2022-07-18
58,58,0x31429d1856aD1377A8A0079410B297e1a9e214c2,ANGLE (ANGLE),https://github.com/AngleProtocol,0xfdA462548Ce04282f4B6D6619823a7C64Fdc0185,48793018.22,"[{'smartContract': {'address': {'address': '0xdeee8e8a89338241fe622509414ff535fb02b479'}}, 'caller': {'address': '0xfda462548ce04282f4b6d6619823a7c64fdc0185'}, 'date': {'date': '2022-12-22'}, 'block': {'height': 16241275}}, {'smartContract': {'address': {'address': '0x0652b4b3d205300f9848f0431296d67ca4397f3b'}}, 'caller': {'address': '0xfda462548ce04282f4b6d6619823a7c64fdc0185'}, 'date': {'date': '2022-12-22'}, 'block': {'height': 16241255}}, {'smartContract': {'address': {'address': '0xce43220f72a7060f34bc242630d6b96434105ae4'}}, 'caller': {'address': '0xfda462548ce04282f4b6d6619823a7c64fdc0185'}, 'date': {'date': '2022-12-22'}, 'block': {'height': 16241223}}, {'smartContract': {'address': {'address': '0x71e1ae62ea08a7d1ab1a142b7c6fadc43450ed22'}}, 'caller': {'address': '0xfda462548ce04282f4b6d6619823a7c64fdc0185'}, 'date': {'date': '2022-12-22'}, 'block': {'height': 16241209}}, {'smartContract': {'address': {'address': '0xe1a6d84604c5b17f5fd1fccba4c385a8b9670266'}}, 'caller': {'address': '0xfda462548ce04282f4b6d6619823a7c64fdc0185'}, 'date': {'date': '2022-12-22'}, 'block': {'height': 16241209}}, {'smartContract': {'address': {'address': '0xc68421f20bf6f0eb475f00b9c5484f7d0ac0331e'}}, 'caller': {'address': '0xfda462548ce04282f4b6d6619823a7c64fdc0185'}, 'date': {'date': '2022-12-22'}, 'block': {'height': 16241018}}, {'smartContract': {'address': {'address': '0xbef4aeede001b66a39c5ae95092621230966c568'}}, 'caller': {'address': '0xfda462548ce04282f4b6d6619823a7c64fdc0185'}, 'date': {'date': '2022-12-22'}, 'block': {'height': 16241018}}, {'smartContract': {'address': {'address': '0xa9d2eea75c80ff9669cc998c276ff26d741dcb26'}}, 'caller': {'address': '0xfda462548ce04282f4b6d6619823a7c64fdc0185'}, 'date': {'date': '2022-12-22'}, 'block': {'height': 16241018}}, {'smartContract': {'address': {'address': '0x1be3026fb5d9574bd839dc2c933c81002f957e99'}}, 'caller': {'address': '0xfda462548ce04282f4b6d6619823a7c64fdc0185'}, 'date': {'date': '2022-12-22'}, 'block': {'height': 16241018}}, {'smartContract': {'address': {'address': '0xaf2daa417f1a5eb6dbfaa4b434929a36b4d66fc8'}}, 'caller': {'address': '0xfda462548ce04282f4b6d6619823a7c64fdc0185'}, 'date': {'date': '2022-12-22'}, 'block': {'height': 16240974}}, {'smartContract': {'address': {'address': '0x411e140da9aece566c783c38eac9c4a1ed846f29'}}, 'caller': {'address': '0xfda462548ce04282f4b6d6619823a7c64fdc0185'}, 'date': {'date': '2022-12-16'}, 'block': {'height': 16196377}}, {'smartContract': {'address': {'address': '0xd7cf341ce068eb335d3be24bef6c06348bfb5346'}}, 'caller': {'address': '0xfda462548ce04282f4b6d6619823a7c64fdc0185'}, 'date': {'date': '2022-12-13'}, 'block': {'height': 16175250}}, {'smartContract': {'address': {'address': '0x1b2ffdad478d8770ea0e085bdd4e31120736fcd7'}}, 'caller': {'address': '0xfda462548ce04282f4b6d6619823a7c64fdc0185'}, 'date': {'date': '2022-12-13'}, 'block': {'height': 16175113}}, {'smartContract': {'address': {'address': '0xf48aa76b4f2cd71682c05afbccf1ccb444cdd9c2'}}, 'caller': {'address': '0xfda462548ce04282f4b6d6619823a7c64fdc0185'}, 'date': {'date': '2022-12-06'}, 'block': {'height': 16125277}}, {'smartContract': {'address': {'address': '0x4579709627ca36bce92f51ac975746f431890930'}}, 'caller': {'address': '0xfda462548ce04282f4b6d6619823a7c64fdc0185'}, 'date': {'date': '2022-11-25'}, 'block': {'height': 16047213}}, {'smartContract': {'address': {'address': '0x57bc376f632a352337b73f987aa00cf209bf00ec'}}, 'caller': {'address': '0xfda462548ce04282f4b6d6619823a7c64fdc0185'}, 'date': {'date': '2022-11-25'}, 'block': {'height': 16047198}}, {'smartContract': {'address': {'address': '0x874eb5967b57ef1605037812e781cc30a659fd1a'}}, 'caller': {'address': '0xfda462548ce04282f4b6d6619823a7c64fdc0185'}, 'date': {'date': '2022-11-24'}, 'block': {'height': 16041772}}, {'smartContract': {'address': {'address': '0xb87ec044152c49e52f7c429b2b9dbacb7ea8fb15'}}, 'caller': {'address': '0xb9fc157394af804a3578134a6585c0dc9cc990d4'}, 'date': {'date': '2022-11-22'}, 'block': {'height': 16024865}}, {'smartContract': {'address': {'address': '0x31e4cf55f9bda368130e268dc80c6d4b592a0850'}}, 'caller': {'address': '0xa6b71e26c5e0845f74c812102ca7114b6a896ab2'}, 'date': {'date': '2022-11-22'}, 'block': {'height': 16024152}}, {'smartContract': {'address': {'address': '0x413928a25d6ea1a26f2625d633207755f67bf97c'}}, 'caller': {'address': '0xb9fc157394af804a3578134a6585c0dc9cc990d4'}, 'date': {'date': '2022-11-18'}, 'block': {'height': 15997772}}, {'smartContract': {'address': {'address': '0xd9f1a8e00b0eebedddd9afeab55019d55fcec017'}}, 'caller': {'address': '0xfda462548ce04282f4b6d6619823a7c64fdc0185'}, 'date': {'date': '2022-11-17'}, 'block': {'height': 15990891}}, {'smartContract': {'address': {'address': '0x4924e9740d317c58edce2f02b4ef747bc9046ed5'}}, 'caller': {'address': '0xfda462548ce04282f4b6d6619823a7c64fdc0185'}, 'date': {'date': '2022-11-16'}, 'block': {'height': 15982031}}, {'smartContract': {'address': {'address': '0x1056178977457a5f4be33929520455a7d2e28670'}}, 'caller': {'address': '0xfda462548ce04282f4b6d6619823a7c64fdc0185'}, 'date': {'date': '2022-11-10'}, 'block': {'height': 15938267}}, {'smartContract': {'address': {'address': '0xd7134e2265b78dfcf4e9fa4dc65b18f4d5c03220'}}, 'caller': {'address': '0xfda462548ce04282f4b6d6619823a7c64fdc0185'}, 'date': {'date': '2022-11-10'}, 'block': {'height': 15938264}}, {'smartContract': {'address': {'address': '0xaa8787423ea62f55d90a3d98e8b05f684a79e348'}}, 'caller': {'address': '0xfda462548ce04282f4b6d6619823a7c64fdc0185'}, 'date': {'date': '2022-09-23'}, 'block': {'height': 15596924}}, {'smartContract': {'address': {'address': '0xc1e8dba1cbf29f1caa8343cae96d5adfd9bca736'}}, 'caller': {'address': '0xfda462548ce04282f4b6d6619823a7c64fdc0185'}, 'date': {'date': '2022-09-23'}, 'block': {'height': 15596924}}, {'smartContract': {'address': {'address': '0xa4337db04ce4826b234dba22d35b38a124a9b02f'}}, 'caller': {'address': '0xfda462548ce04282f4b6d6619823a7c64fdc0185'}, 'date': {'date': '2022-09-23'}, 'block': {'height': 15596924}}, {'smartContract': {'address': {'address': '0x221bbd6d05d71f9353bcdcaed69c7011333c41b3'}}, 'caller': {'address': '0xfda462548ce04282f4b6d6619823a7c64fdc0185'}, 'date': {'date': '2022-09-23'}, 'block': {'height': 15596924}}, {'smartContract': {'address': {'address': '0xaf12439c786d5c3b629da519491a8168627fd804'}}, 'caller': {'address': '0xfda462548ce04282f4b6d6619823a7c64fdc0185'}, 'date': {'date': '2022-09-23'}, 'block': {'height': 15596813}}, {'smartContract': {'address': {'address': '0xec876edc3f1a24c99d7c56f017e1d51581952f84'}}, 'caller': {'address': '0xfda462548ce04282f4b6d6619823a7c64fdc0185'}, 'date': {'date': '2022-09-23'}, 'block': {'height': 15596813}}, {'smartContract': {'address': {'address': '0xf7be58afea895c3dde1dbe4cfdb5a815d990fe3c'}}, 'caller': {'address': '0xfda462548ce04282f4b6d6619823a7c64fdc0185'}, 'date': {'date': '2022-09-22'}, 'block': {'height': 15588041}}, {'smartContract': {'address': {'address': '0x98aa7123e524f7d60dae238bdd35ec53a654cf69'}}, 'caller': {'address': '0xfda462548ce04282f4b6d6619823a7c64fdc0185'}, 'date': {'date': '2022-09-22'}, 'block': {'height': 15588040}}, {'smartContract': {'address': {'address': '0xb41a7ce1def5a9557695c6ca0b63faf05f99daa5'}}, 'caller': {'address': '0xfda462548ce04282f4b6d6619823a7c64fdc0185'}, 'date': {'date': '2022-09-22'}, 'block': {'height': 15588038}}, {'smartContract': {'address': {'address': '0xccac05d378342b4717195d3436a4cb083ca604bc'}}, 'caller': {'address': '0xfda462548ce04282f4b6d6619823a7c64fdc0185'}, 'date': {'date': '2022-09-22'}, 'block': {'height': 15588037}}, {'smartContract': {'address': {'address': '0xde46532a49c88af504594f488822f452b7fbc7bd'}}, 'caller': {'address': '0x5662e299147336b31b82ef37a76207d53c97a969'}, 'date': {'date': '2022-09-19'}, 'block': {'height': 15566929}}, {'smartContract': {'address': {'address': '0x63f222079608eec2ddc7a9acdcd9344a21428ce7'}}, 'caller': {'address': '0x5662e299147336b31b82ef37a76207d53c97a969'}, 'date': {'date': '2022-09-19'}, 'block': {'height': 15566929}}, {'smartContract': {'address': {'address': '0xc48b15492a4c4f48808576f6fcbc6dea9388e942'}}, 'caller': {'address': '0xfda462548ce04282f4b6d6619823a7c64fdc0185'}, 'date': {'date': '2022-09-19'}, 'block': {'height': 15566177}}, {'smartContract': {'address': {'address': '0x2201fa47bb4080fea7b41a4673eb1ded3eb5af6e'}}, 'caller': {'address': '0xfda462548ce04282f4b6d6619823a7c64fdc0185'}, 'date': {'date': '2022-09-19'}, 'block': {'height': 15566175}}, {'smartContract': {'address': {'address': '0x1b17ac6b8371d63e030c5981891d5fbb3e4e068e'}}, 'caller': {'address': '0xfda462548ce04282f4b6d6619823a7c64fdc0185'}, 'date': {'date': '2022-09-15'}, 'block': {'height': 15537938}}, {'smartContract': {'address': {'address': '0xa21d906bf21a58196c9f7566c366c10d5fa1a723'}}, 'caller': {'address': '0xfda462548ce04282f4b6d6619823a7c64fdc0185'}, 'date': {'date': '2022-09-15'}, 'block': {'height': 15537936}}, {'smartContract': {'address': {'address': '0xd5f36f6a21b22eedbbcdbf2c3e9c7e571a380edf'}}, 'caller': {'address': '0x3c995e43e6ddd551e226f4c5544c77bfed147ab9'}, 'date': {'date': '2022-09-13'}, 'block': {'height': 15527273}}, {'smartContract': {'address': {'address': '0x53055a358143dc42bb8f33bf7d76aa3979e74e19'}}, 'caller': {'address': '0x66807b5598a848602734b82e432dd88dbe13fc8f'}, 'date': {'date': '2022-09-13'}, 'block': {'height': 15527273}}, {'smartContract': {'address': {'address': '0xa91fccc1ec9d4a2271b7a86a7509ca05057c1a98'}}, 'caller': {'address': '0xedccb35798fae4925718a43cc608ae136208aa8d'}, 'date': {'date': '2022-09-13'}, 'block': {'height': 15527273}}, {'smartContract': {'address': {'address': '0x20d43427fa6210ffb0305c00555e38ce0660af4b'}}, 'caller': {'address': '0xfda462548ce04282f4b6d6619823a7c64fdc0185'}, 'date': {'date': '2022-09-05'}, 'block': {'height': 15477370}}, {'smartContract': {'address': {'address': '0x8e2277929b2d849c0c344043d9b9507982e6add0'}}, 'caller': {'address': '0xfda462548ce04282f4b6d6619823a7c64fdc0185'}, 'date': {'date': '2022-09-05'}, 'block': {'height': 15477207}}, {'smartContract': {'address': {'address': '0xe37ff75d665066292d350ff4bcd2679fc1814cb3'}}, 'caller': {'address': '0xfda462548ce04282f4b6d6619823a7c64fdc0185'}, 'date': {'date': '2022-09-05'}, 'block': {'height': 15477151}}, {'smartContract': {'address': {'address': '0x58257e4291f95165184b4bea7793a1d6f8e7b627'}}, 'caller': {'address': '0xf18056bbd320e96a48e3fbf8bc061322531aac99'}, 'date': {'date': '2022-09-02'}, 'block': {'height': 15460021}}, {'smartContract': {'address': {'address': '0x22e859ee894c2068920858a60b51dc03ac5581c1'}}, 'caller': {'address': '0xf18056bbd320e96a48e3fbf8bc061322531aac99'}, 'date': {'date': '2022-09-02'}, 'block': {'height': 15460021}}, {'smartContract': {'address': {'address': '0xf9f46ef781b9c7b76e8b505226d5e0e0e7fe2f04'}}, 'caller': {'address': '0xb9fc157394af804a3578134a6585c0dc9cc990d4'}, 'date': {'date': '2022-08-23'}, 'block': {'height': 15396156}}, {'smartContract': {'address': {'address': '0xba3436fd341f2c8a928452db3c5a3670d1d5cc73'}}, 'caller': {'address': '0xb9fc157394af804a3578134a6585c0dc9cc990d4'}, 'date': {'date': '2022-08-23'}, 'block': {'height': 15395627}}, {'smartContract': {'address': {'address': '0xba866791f98098df41c3187d4d5433be29215c79'}}, 'caller': {'address': '0xb9fc157394af804a3578134a6585c0dc9cc990d4'}, 'date': {'date': '2022-08-23'}, 'block': {'height': 15395326}}, {'smartContract': {'address': {'address': '0x14f02f3b47b407a7a0cdb9292aa077ce9e124803'}}, 'caller': {'address': '0xedccb35798fae4925718a43cc608ae136208aa8d'}, 'date': {'date': '2022-08-22'}, 'block': {'height': 15388868}}, {'smartContract': {'address': {'address': '0xbe665430e4c439af6c92ed861939e60a963c6d0c'}}, 'caller': {'address': '0x3c995e43e6ddd551e226f4c5544c77bfed147ab9'}, 'date': {'date': '2022-08-22'}, 'block': {'height': 15388868}}, {'smartContract': {'address': {'address': '0x8c8a5557f5ca466a93419042cdb407686545b1a8'}}, 'caller': {'address': '0x66807b5598a848602734b82e432dd88dbe13fc8f'}, 'date': {'date': '2022-08-22'}, 'block': {'height': 15388868}}, {'smartContract': {'address': {'address': '0x18fdeaf9ecc8f6c985d73fed10a12f4bf580c52f'}}, 'caller': {'address': '0xfda462548ce04282f4b6d6619823a7c64fdc0185'}, 'date': {'date': '2022-08-08'}, 'block': {'height': 15302383}}, {'smartContract': {'address': {'address': '0x5a93d504604fb57e15b0d73733ddc86301dde2f1'}}, 'caller': {'address': '0xfda462548ce04282f4b6d6619823a7c64fdc0185'}, 'date': {'date': '2022-08-08'}, 'block': {'height': 15302004}}, {'smartContract': {'address': {'address': '0x3170185264eb140bcba070ec3fd7d820e558626b'}}, 'caller': {'address': '0xfda462548ce04282f4b6d6619823a7c64fdc0185'}, 'date': {'date': '2022-08-08'}, 'block': {'height': 15302003}}, {'smartContract': {'address': {'address': '0x4fa745fccc04555f2afa8874cd23961636cdf982'}}, 'caller': {'address': '0xfda462548ce04282f4b6d6619823a7c64fdc0185'}, 'date': {'date': '2022-07-13'}, 'block': {'height': 15133087}}, {'smartContract': {'address': {'address': '0xd735611ae930d2fd3788aabf7696e6d8f664d15e'}}, 'caller': {'address': '0xfda462548ce04282f4b6d6619823a7c64fdc0185'}, 'date': {'date': '2022-07-13'}, 'block': {'height': 15133085}}, {'smartContract': {'address': {'address': '0x7eda38822327afd7b6150bef6f18a70e491ce5da'}}, 'caller': {'address': '0xfda462548ce04282f4b6d6619823a7c64fdc0185'}, 'date': {'date': '2022-06-27'}, 'block': {'height': 15033446}}, {'smartContract': {'address': {'address': '0xc836503b109a724e0fec7399d2239d2703f634ba'}}, 'caller': {'address': '0xfda462548ce04282f4b6d6619823a7c64fdc0185'}, 'date': {'date': '2022-06-27'}, 'block': {'height': 15033417}}, {'smartContract': {'address': {'address': '0x713513fd5abe7401143eae8446491731533b6d05'}}, 'caller': {'address': '0xfda462548ce04282f4b6d6619823a7c64fdc0185'}, 'date': {'date': '2022-06-27'}, 'block': {'height': 15033341}}, {'smartContract': {'address': {'address': '0xbd26a92d587981482b4eec012d13fa0d55ca0135'}}, 'caller': {'address': '0xfda462548ce04282f4b6d6619823a7c64fdc0185'}, 'date': {'date': '2022-06-20'}, 'block': {'height': 14996273}}, {'smartContract': {'address': {'address': '0x4e4a605c1f2e3303e6967cb6d3d964474eb3c4fd'}}, 'caller': {'address': '0xfda462548ce04282f4b6d6619823a7c64fdc0185'}, 'date': {'date': '2022-06-15'}, 'block': {'height': 14966377}}, {'smartContract': {'address': {'address': '0x73aaf8694ba137a7537e7ef544fcf5e2475f227b'}}, 'caller': {'address': '0xfda462548ce04282f4b6d6619823a7c64fdc0185'}, 'date': {'date': '2022-06-15'}, 'block': {'height': 14966375}}, {'smartContract': {'address': {'address': '0x241d7598bd1eb819c0e9ded456acb24aca623679'}}, 'caller': {'address': '0xfda462548ce04282f4b6d6619823a7c64fdc0185'}, 'date': {'date': '2022-06-15'}, 'block': {'height': 14966372}}, {'smartContract': {'address': {'address': '0x1bece8193f8dc2b170135da9f1fa8b81c7ad18b1'}}, 'caller': {'address': '0xfda462548ce04282f4b6d6619823a7c64fdc0185'}, 'date': {'date': '2022-06-15'}, 'block': {'height': 14966371}}, {'smartContract': {'address': {'address': '0xf6cf7415e425644e4beebf172c177006cd4969c3'}}, 'caller': {'address': '0xfda462548ce04282f4b6d6619823a7c64fdc0185'}, 'date': {'date': '2022-06-15'}, 'block': {'height': 14966370}}, {'smartContract': {'address': {'address': '0x4a2ff9bc686a0a23da13b6194c69939189506f7f'}}, 'caller': {'address': '0xfda462548ce04282f4b6d6619823a7c64fdc0185'}, 'date': {'date': '2022-06-15'}, 'block': {'height': 14966369}}, {'smartContract': {'address': {'address': '0x4e551d776014ce6836e6e6d7170144ebf37e52e1'}}, 'caller': {'address': '0xfda462548ce04282f4b6d6619823a7c64fdc0185'}, 'date': {'date': '2022-06-15'}, 'block': {'height': 14966368}}, {'smartContract': {'address': {'address': '0x885448f5fc6f636901cc0cc92ef7477ae132baf0'}}, 'caller': {'address': '0xfda462548ce04282f4b6d6619823a7c64fdc0185'}, 'date': {'date': '2022-06-15'}, 'block': {'height': 14966367}}, {'smartContract': {'address': {'address': '0xd23269834c450d4978968d1b118172385bb2348d'}}, 'caller': {'address': '0xfda462548ce04282f4b6d6619823a7c64fdc0185'}, 'date': {'date': '2022-06-15'}, 'block': {'height': 14966365}}, {'smartContract': {'address': {'address': '0xc0837e3ec218f1a768be4207ba47fb632915289a'}}, 'caller': {'address': '0xfda462548ce04282f4b6d6619823a7c64fdc0185'}, 'date': {'date': '2022-06-15'}, 'block': {'height': 14966364}}, {'smartContract': {'address': {'address': '0x8667dbebf68b0bfa6db54f550f41be16c4067d60'}}, 'caller': {'address': '0xfda462548ce04282f4b6d6619823a7c64fdc0185'}, 'date': {'date': '2022-06-15'}, 'block': {'height': 14966363}}, {'smartContract': {'address': {'address': '0xc772519b23426c4764c1ef0e67aab05db8063831'}}, 'caller': {'address': '0xfda462548ce04282f4b6d6619823a7c64fdc0185'}, 'date': {'date': '2022-06-15'}, 'block': {'height': 14966362}}, {'smartContract': {'address': {'address': '0xe59d2c2cfe8459c53917d908177aa25fea5b919b'}}, 'caller': {'address': '0xfda462548ce04282f4b6d6619823a7c64fdc0185'}, 'date': {'date': '2022-06-15'}, 'block': {'height': 14966360}}, {'smartContract': {'address': {'address': '0x5bc6bef80da563ebf6df6d6913513fa9a7ec89be'}}, 'caller': {'address': '0xfda462548ce04282f4b6d6619823a7c64fdc0185'}, 'date': {'date': '2022-06-15'}, 'block': {'height': 14966358}}, {'smartContract': {'address': {'address': '0x4d144b7355bc2c33fa091339279e9d77261461fe'}}, 'caller': {'address': '0xfda462548ce04282f4b6d6619823a7c64fdc0185'}, 'date': {'date': '2022-06-15'}, 'block': {'height': 14966342}}, {'smartContract': {'address': {'address': '0x07d174df93bc8e90709846a69d571afcf587f507'}}, 'caller': {'address': '0xfda462548ce04282f4b6d6619823a7c64fdc0185'}, 'date': {'date': '2022-05-27'}, 'block': {'height': 14852883}}, {'smartContract': {'address': {'address': '0x6d7ccd6d3e4948579891f90e98c1bb09a8c677ea'}}, 'caller': {'address': '0xfda462548ce04282f4b6d6619823a7c64fdc0185'}, 'date': {'date': '2022-05-27'}, 'block': {'height': 14852882}}, {'smartContract': {'address': {'address': '0x0b997ae973cc65fe5a66653dca7a518929d0245b'}}, 'caller': {'address': '0xfda462548ce04282f4b6d6619823a7c64fdc0185'}, 'date': {'date': '2022-05-27'}, 'block': {'height': 14852880}}, {'smartContract': {'address': {'address': '0xa30b7a2cac38c4aa10a607e76b1912c883a413a4'}}, 'caller': {'address': '0xfda462548ce04282f4b6d6619823a7c64fdc0185'}, 'date': {'date': '2022-05-27'}, 'block': {'height': 14852836}}, {'smartContract': {'address': {'address': '0xbe67bb1aa7bacfc5d40d963d47e11e3d382a56bd'}}, 'caller': {'address': '0xfda462548ce04282f4b6d6619823a7c64fdc0185'}, 'date': {'date': '2022-05-27'}, 'block': {'height': 14852832}}, {'smartContract': {'address': {'address': '0xf0abda585f9e03af064c9ea22126cf98066e1c3f'}}, 'caller': {'address': '0xfda462548ce04282f4b6d6619823a7c64fdc0185'}, 'date': {'date': '2022-05-27'}, 'block': {'height': 14852831}}, {'smartContract': {'address': {'address': '0x1d5141022c3c024abee27b0a661656c774eb3796'}}, 'caller': {'address': '0x66807b5598a848602734b82e432dd88dbe13fc8f'}, 'date': {'date': '2022-05-20'}, 'block': {'height': 14810100}}, {'smartContract': {'address': {'address': '0x9354f45b62c4217652053df752ae7ad2f9ff854a'}}, 'caller': {'address': '0xfda462548ce04282f4b6d6619823a7c64fdc0185'}, 'date': {'date': '2022-05-20'}, 'block': {'height': 14810100}}, {'smartContract': {'address': {'address': '0x5d5d3033aa6538b61e06b586ca5ce9d2687c51eb'}}, 'caller': {'address': '0xfda462548ce04282f4b6d6619823a7c64fdc0185'}, 'date': {'date': '2022-05-20'}, 'block': {'height': 14810098}}, {'smartContract': {'address': {'address': '0x2908cd8a0fafbc004a512d3031a592a86cccf62b'}}, 'caller': {'address': '0xfda462548ce04282f4b6d6619823a7c64fdc0185'}, 'date': {'date': '2022-05-20'}, 'block': {'height': 14810084}}, {'smartContract': {'address': {'address': '0xf0f2c46396e1f5ad07c0cf93f4190974e220794f'}}, 'caller': {'address': '0xfda462548ce04282f4b6d6619823a7c64fdc0185'}, 'date': {'date': '2022-05-20'}, 'block': {'height': 14810055}}, {'smartContract': {'address': {'address': '0x91d08891f189d9ae2fa52433cb03fec795c27b05'}}, 'caller': {'address': '0xfda462548ce04282f4b6d6619823a7c64fdc0185'}, 'date': {'date': '2022-05-20'}, 'block': {'height': 14810053}}, {'smartContract': {'address': {'address': '0x631c43612c498642211110ba3026a6773b7fb7fe'}}, 'caller': {'address': '0xfda462548ce04282f4b6d6619823a7c64fdc0185'}, 'date': {'date': '2022-05-17'}, 'block': {'height': 14791954}}, {'smartContract': {'address': {'address': '0x337de94eb5f8171543451bdd93e6b158910639ba'}}, 'caller': {'address': '0xfda462548ce04282f4b6d6619823a7c64fdc0185'}, 'date': {'date': '2022-05-16'}, 'block': {'height': 14785044}}, {'smartContract': {'address': {'address': '0x282dffb8d0215d7efb8d8c5ff90aed185d8850ab'}}, 'caller': {'address': '0xfda462548ce04282f4b6d6619823a7c64fdc0185'}, 'date': {'date': '2022-05-16'}, 'block': {'height': 14784995}}, {'smartContract': {'address': {'address': '0xd8ef817ffb926370dcaab8f758ddb99b03591a5e'}}, 'caller': {'address': '0xfda462548ce04282f4b6d6619823a7c64fdc0185'}, 'date': {'date': '2022-05-05'}, 'block': {'height': 14716632}}, {'smartContract': {'address': {'address': '0xa0062b7a5e494d569059e2f1a98b5f6c99bfaafe'}}, 'caller': {'address': '0xfda462548ce04282f4b6d6619823a7c64fdc0185'}, 'date': {'date': '2022-04-28'}, 'block': {'height': 14672198}}, {'smartContract': {'address': {'address': '0x3c2c2e6ce8b9b086a46369a9be32f88f9f7b40a8'}}, 'caller': {'address': '0xfda462548ce04282f4b6d6619823a7c64fdc0185'}, 'date': {'date': '2022-04-28'}, 'block': {'height': 14672197}}, {'smartContract': {'address': {'address': '0x41a65aae5d1c8437288d5a29b4d049897572758e'}}, 'caller': {'address': '0xfda462548ce04282f4b6d6619823a7c64fdc0185'}, 'date': {'date': '2022-04-26'}, 'block': {'height': 14660260}}, {'smartContract': {'address': {'address': '0x3899d92041401eb127886689924d637fc28a5b6f'}}, 'caller': {'address': '0xfda462548ce04282f4b6d6619823a7c64fdc0185'}, 'date': {'date': '2022-04-26'}, 'block': {'height': 14660241}}, {'smartContract': {'address': {'address': '0x3c69835bc56cf4f356cdede634415f847daa4753'}}, 'caller': {'address': '0xfda462548ce04282f4b6d6619823a7c64fdc0185'}, 'date': {'date': '2022-04-26'}, 'block': {'height': 14660168}}, {'smartContract': {'address': {'address': '0xb924497a1157b1f8835c93cb7f3d4aa6d2f227ba'}}, 'caller': {'address': '0xfda462548ce04282f4b6d6619823a7c64fdc0185'}, 'date': {'date': '2022-04-26'}, 'block': {'height': 14660167}}]",2021-10-23
59,59,0x2A8e1E676Ec238d8A992307B495b45B3fEAa5e86,(Proxy contract) Origin Dollar (OUSD),https://www.github.com/originprotocol/origin-dollar,0xAed9fDc9681D61edB5F8B8E421f5cEe8D7F4B04f,48573808.45,"[{'smartContract': {'address': {'address': '0xf59ed1bba622271911f95b22ba42e9b76423589a'}}, 'caller': {'address': '0xaed9fdc9681d61edb5f8b8e421f5cee8d7f4b04f'}, 'date': {'date': '2020-11-13'}, 'block': {'height': 11246276}}, {'smartContract': {'address': {'address': '0x328d15f6b5eba1c30cde1a5f1f5a9e35b07f5424'}}, 'caller': {'address': '0xaed9fdc9681d61edb5f8b8e421f5cee8d7f4b04f'}, 'date': {'date': '2020-11-13'}, 'block': {'height': 11246268}}, {'smartContract': {'address': {'address': '0x1ae95dd4eeae7ed03da79856c2d44ffa3318f805'}}, 'caller': {'address': '0xaed9fdc9681d61edb5f8b8e421f5cee8d7f4b04f'}, 'date': {'date': '2020-11-03'}, 'block': {'height': 11186967}}, {'smartContract': {'address': {'address': '0xfbbe3090e06721168979818fe006a1fcb136e953'}}, 'caller': {'address': '0xaed9fdc9681d61edb5f8b8e421f5cee8d7f4b04f'}, 'date': {'date': '2020-11-02'}, 'block': {'height': 11179396}}, {'smartContract': {'address': {'address': '0xb95423e3ca13ce5336cb177b06cd4f647d2aad57'}}, 'caller': {'address': '0xaed9fdc9681d61edb5f8b8e421f5cee8d7f4b04f'}, 'date': {'date': '2020-11-02'}, 'block': {'height': 11179392}}, {'smartContract': {'address': {'address': '0xaeb94e6c052e93ac7f7914e655a81fbe39628fce'}}, 'caller': {'address': '0xaed9fdc9681d61edb5f8b8e421f5cee8d7f4b04f'}, 'date': {'date': '2020-10-30'}, 'block': {'height': 11160645}}, {'smartContract': {'address': {'address': '0x7dd04cbae57eb4e1155685792742b2b5954e3a61'}}, 'caller': {'address': '0xaed9fdc9681d61edb5f8b8e421f5cee8d7f4b04f'}, 'date': {'date': '2020-10-29'}, 'block': {'height': 11149567}}, {'smartContract': {'address': {'address': '0xec7f2d7e21a875aee53b05eb511473a385d90d04'}}, 'caller': {'address': '0xaed9fdc9681d61edb5f8b8e421f5cee8d7f4b04f'}, 'date': {'date': '2020-10-29'}, 'block': {'height': 11149563}}, {'smartContract': {'address': {'address': '0xa568c229bb963a172153ee178334a46db3d0952b'}}, 'caller': {'address': '0xaed9fdc9681d61edb5f8b8e421f5cee8d7f4b04f'}, 'date': {'date': '2020-10-28'}, 'block': {'height': 11147959}}, {'smartContract': {'address': {'address': '0x8d091c549a37b6cb6de092f0ca2f2df25e46dec6'}}, 'caller': {'address': '0xaed9fdc9681d61edb5f8b8e421f5cee8d7f4b04f'}, 'date': {'date': '2020-10-28'}, 'block': {'height': 11147938}}, {'smartContract': {'address': {'address': '0xbc1324c5f3c99c758b71a4ad64027c16a4d956fc'}}, 'caller': {'address': '0xaed9fdc9681d61edb5f8b8e421f5cee8d7f4b04f'}, 'date': {'date': '2020-10-28'}, 'block': {'height': 11147933}}, {'smartContract': {'address': {'address': '0xa8d40402883c8086d9edb5e367cbbe09101f1592'}}, 'caller': {'address': '0xaed9fdc9681d61edb5f8b8e421f5cee8d7f4b04f'}, 'date': {'date': '2020-10-28'}, 'block': {'height': 11147920}}, {'smartContract': {'address': {'address': '0x8cfbd5098d778f919574f85e3ede3e4bd41d0229'}}, 'caller': {'address': '0xaed9fdc9681d61edb5f8b8e421f5cee8d7f4b04f'}, 'date': {'date': '2020-10-28'}, 'block': {'height': 11147918}}, {'smartContract': {'address': {'address': '0x1e666bf74fd9515e873db67c41b5ecb950c1d464'}}, 'caller': {'address': '0xaed9fdc9681d61edb5f8b8e421f5cee8d7f4b04f'}, 'date': {'date': '2020-10-28'}, 'block': {'height': 11147912}}, {'smartContract': {'address': {'address': '0xc0cc675b4c9a209fce23f0fa976a495f9a1b0c28'}}, 'caller': {'address': '0xaed9fdc9681d61edb5f8b8e421f5cee8d7f4b04f'}, 'date': {'date': '2020-10-28'}, 'block': {'height': 11147912}}, {'smartContract': {'address': {'address': '0x8fef645719b53caa163cb937d1ed2970ddabcb14'}}, 'caller': {'address': '0xaed9fdc9681d61edb5f8b8e421f5cee8d7f4b04f'}, 'date': {'date': '2020-10-28'}, 'block': {'height': 11142582}}, {'smartContract': {'address': {'address': '0x1cfd001bb3f832f05ae5b16be50f9ef98b7d35aa'}}, 'caller': {'address': '0xaed9fdc9681d61edb5f8b8e421f5cee8d7f4b04f'}, 'date': {'date': '2020-10-28'}, 'block': {'height': 11142573}}, {'smartContract': {'address': {'address': '0xc5edec657cd0b9718bc0d8b9937fd3f9c460e12d'}}, 'caller': {'address': '0xaed9fdc9681d61edb5f8b8e421f5cee8d7f4b04f'}, 'date': {'date': '2020-10-28'}, 'block': {'height': 11142572}}, {'smartContract': {'address': {'address': '0x22e3f1b45a905776f98bf8f2a0d1f7b7949a2133'}}, 'caller': {'address': '0xaed9fdc9681d61edb5f8b8e421f5cee8d7f4b04f'}, 'date': {'date': '2020-10-28'}, 'block': {'height': 11142572}}, {'smartContract': {'address': {'address': '0x4e2bfe3430d6d9a9ec897de50985715d324674ee'}}, 'caller': {'address': '0xaed9fdc9681d61edb5f8b8e421f5cee8d7f4b04f'}, 'date': {'date': '2020-10-28'}, 'block': {'height': 11142572}}, {'smartContract': {'address': {'address': '0x9b13ee7c26ef26062e08a2d6d69d3d0e5ea44ff4'}}, 'caller': {'address': '0xaed9fdc9681d61edb5f8b8e421f5cee8d7f4b04f'}, 'date': {'date': '2020-10-28'}, 'block': {'height': 11142561}}, {'smartContract': {'address': {'address': '0x641e3b5b081fb2fb8b43d5a163649312a28e23da'}}, 'caller': {'address': '0xaed9fdc9681d61edb5f8b8e421f5cee8d7f4b04f'}, 'date': {'date': '2020-10-20'}, 'block': {'height': 11095712}}, {'smartContract': {'address': {'address': '0x5d9aa9f977e47ea0bfe61ba8b8f535aba02be135'}}, 'caller': {'address': '0xaed9fdc9681d61edb5f8b8e421f5cee8d7f4b04f'}, 'date': {'date': '2020-10-20'}, 'block': {'height': 11095689}}, {'smartContract': {'address': {'address': '0x051caefa90adf261b8e8200920c83778b7b176b6'}}, 'caller': {'address': '0xaed9fdc9681d61edb5f8b8e421f5cee8d7f4b04f'}, 'date': {'date': '2020-10-20'}, 'block': {'height': 11095684}}, {'smartContract': {'address': {'address': '0xa8dfa73d749bf48008d48631c46f1e7c4a44e2c0'}}, 'caller': {'address': '0xaed9fdc9681d61edb5f8b8e421f5cee8d7f4b04f'}, 'date': {'date': '2020-10-20'}, 'block': {'height': 11095553}}, {'smartContract': {'address': {'address': '0x41a9257554c69c2187bafa6977d4953e0f2e4c10'}}, 'caller': {'address': '0xaed9fdc9681d61edb5f8b8e421f5cee8d7f4b04f'}, 'date': {'date': '2020-10-20'}, 'block': {'height': 11095548}}, {'smartContract': {'address': {'address': '0x946a8d5fb1f12eef62a0d137abfa73f8563955be'}}, 'caller': {'address': '0xaed9fdc9681d61edb5f8b8e421f5cee8d7f4b04f'}, 'date': {'date': '2020-10-19'}, 'block': {'height': 11084315}}, {'smartContract': {'address': {'address': '0xe7dd5b75a984fcb64eb7d3cbe22f124eb9539b52'}}, 'caller': {'address': '0xaed9fdc9681d61edb5f8b8e421f5cee8d7f4b04f'}, 'date': {'date': '2020-10-15'}, 'block': {'height': 11062787}}, {'smartContract': {'address': {'address': '0xf92b0de25660c18bedaa55795986781d7899b0f9'}}, 'caller': {'address': '0xaed9fdc9681d61edb5f8b8e421f5cee8d7f4b04f'}, 'date': {'date': '2020-10-15'}, 'block': {'height': 11062781}}, {'smartContract': {'address': {'address': '0x12115a32a19e4994c2ba4a5437c22cef5abb59c3'}}, 'caller': {'address': '0xaed9fdc9681d61edb5f8b8e421f5cee8d7f4b04f'}, 'date': {'date': '2020-10-14'}, 'block': {'height': 11056523}}, {'smartContract': {'address': {'address': '0xfaf23bd848126521064184282e8ad344490ba6f0'}}, 'caller': {'address': '0xaed9fdc9681d61edb5f8b8e421f5cee8d7f4b04f'}, 'date': {'date': '2020-10-14'}, 'block': {'height': 11056518}}, {'smartContract': {'address': {'address': '0x75bc09f72db1663ed35925b89de2b5212b9b6cb3'}}, 'caller': {'address': '0xaed9fdc9681d61edb5f8b8e421f5cee8d7f4b04f'}, 'date': {'date': '2020-10-14'}, 'block': {'height': 11056484}}, {'smartContract': {'address': {'address': '0xe40e09cd6725e542001fcb900d9dfea447b529c0'}}, 'caller': {'address': '0xaed9fdc9681d61edb5f8b8e421f5cee8d7f4b04f'}, 'date': {'date': '2020-10-14'}, 'block': {'height': 11056480}}, {'smartContract': {'address': {'address': '0x96e89b021e4d72b680bb0400ff504eb5f4a24327'}}, 'caller': {'address': '0xaed9fdc9681d61edb5f8b8e421f5cee8d7f4b04f'}, 'date': {'date': '2020-10-14'}, 'block': {'height': 11056475}}, {'smartContract': {'address': {'address': '0x67023c56548ba15ad3542e65493311f19adfdd6d'}}, 'caller': {'address': '0xaed9fdc9681d61edb5f8b8e421f5cee8d7f4b04f'}, 'date': {'date': '2020-10-14'}, 'block': {'height': 11056472}}, {'smartContract': {'address': {'address': '0x0660bf15a89d8e90cba1b3f0ccf493c415b1369d'}}, 'caller': {'address': '0xaed9fdc9681d61edb5f8b8e421f5cee8d7f4b04f'}, 'date': {'date': '2020-10-12'}, 'block': {'height': 11042218}}, {'smartContract': {'address': {'address': '0xc15169bad17e676b3badb699dee327423ce6178e'}}, 'caller': {'address': '0xaed9fdc9681d61edb5f8b8e421f5cee8d7f4b04f'}, 'date': {'date': '2020-10-12'}, 'block': {'height': 11038444}}, {'smartContract': {'address': {'address': '0x4d4f5e7a1fe57f5ceb38bfce8653effa5e584458'}}, 'caller': {'address': '0xaed9fdc9681d61edb5f8b8e421f5cee8d7f4b04f'}, 'date': {'date': '2020-10-12'}, 'block': {'height': 11038436}}, {'smartContract': {'address': {'address': '0x8a5ff78bfe0de04f5dc1b57d2e1095be697be76e'}}, 'caller': {'address': '0xaed9fdc9681d61edb5f8b8e421f5cee8d7f4b04f'}, 'date': {'date': '2020-09-30'}, 'block': {'height': 10961888}}, {'smartContract': {'address': {'address': '0x52bebd3d7f37ec4284853fd5861ae71253a7f428'}}, 'caller': {'address': '0xaed9fdc9681d61edb5f8b8e421f5cee8d7f4b04f'}, 'date': {'date': '2020-09-30'}, 'block': {'height': 10961885}}, {'smartContract': {'address': {'address': '0x5f325436d79a3c7c466b5f111ce087884259a568'}}, 'caller': {'address': '0xaed9fdc9681d61edb5f8b8e421f5cee8d7f4b04f'}, 'date': {'date': '2020-09-28'}, 'block': {'height': 10953789}}, {'smartContract': {'address': {'address': '0x403d5dacef8d38126d9d8960d52f62ded5fa6b4c'}}, 'caller': {'address': '0xaed9fdc9681d61edb5f8b8e421f5cee8d7f4b04f'}, 'date': {'date': '2020-09-28'}, 'block': {'height': 10953784}}, {'smartContract': {'address': {'address': '0x3dcd70e6a3fb474cfd7567a021864066fdef6c5c'}}, 'caller': {'address': '0xaed9fdc9681d61edb5f8b8e421f5cee8d7f4b04f'}, 'date': {'date': '2020-09-28'}, 'block': {'height': 10953780}}, {'smartContract': {'address': {'address': '0x69a8b2ae6a3606b766be99c42328459167f51b25'}}, 'caller': {'address': '0xaed9fdc9681d61edb5f8b8e421f5cee8d7f4b04f'}, 'date': {'date': '2020-09-28'}, 'block': {'height': 10953776}}, {'smartContract': {'address': {'address': '0x553845f9c44c43224620055eca64c6cc79f5ddfd'}}, 'caller': {'address': '0xaed9fdc9681d61edb5f8b8e421f5cee8d7f4b04f'}, 'date': {'date': '2020-09-28'}, 'block': {'height': 10953773}}, {'smartContract': {'address': {'address': '0xb72b3f5523851c2eb0ca14137803ca4ac7295f3f'}}, 'caller': {'address': '0xaed9fdc9681d61edb5f8b8e421f5cee8d7f4b04f'}, 'date': {'date': '2020-09-22'}, 'block': {'height': 10910940}}, {'smartContract': {'address': {'address': '0x5b57e808b0ddcf097e25c5f5e3d8d3c2b0d26319'}}, 'caller': {'address': '0xaed9fdc9681d61edb5f8b8e421f5cee8d7f4b04f'}, 'date': {'date': '2020-09-22'}, 'block': {'height': 10910930}}, {'smartContract': {'address': {'address': '0xf251cb9129fdb7e9ca5cad097de3ea70cab9d8f9'}}, 'caller': {'address': '0xaed9fdc9681d61edb5f8b8e421f5cee8d7f4b04f'}, 'date': {'date': '2020-09-22'}, 'block': {'height': 10910924}}, {'smartContract': {'address': {'address': '0x38dd5226989756a2414fc9bcf669a8fd9ba1e35d'}}, 'caller': {'address': '0xaed9fdc9681d61edb5f8b8e421f5cee8d7f4b04f'}, 'date': {'date': '2020-09-21'}, 'block': {'height': 10907867}}, {'smartContract': {'address': {'address': '0xa7f26e9aeeea4fe16d9c4a6a0464af8258f437bb'}}, 'caller': {'address': '0xaed9fdc9681d61edb5f8b8e421f5cee8d7f4b04f'}, 'date': {'date': '2020-09-21'}, 'block': {'height': 10903639}}, {'smartContract': {'address': {'address': '0xe77ebe552ad1c9b94c08e10689cf646dc28ccd8f'}}, 'caller': {'address': '0xaed9fdc9681d61edb5f8b8e421f5cee8d7f4b04f'}, 'date': {'date': '2020-09-21'}, 'block': {'height': 10902650}}, {'smartContract': {'address': {'address': '0xad0f262e569c84f39c95afaa20f79cf845e5e96b'}}, 'caller': {'address': '0xaed9fdc9681d61edb5f8b8e421f5cee8d7f4b04f'}, 'date': {'date': '2020-09-20'}, 'block': {'height': 10898015}}, {'smartContract': {'address': {'address': '0x91b417bae2f17fbace1c0130c41f83fed42707bb'}}, 'caller': {'address': '0xaed9fdc9681d61edb5f8b8e421f5cee8d7f4b04f'}, 'date': {'date': '2020-09-20'}, 'block': {'height': 10897545}}, {'smartContract': {'address': {'address': '0xcf67e56965ad7cec05ebf88bad798a875e0460eb'}}, 'caller': {'address': '0xaed9fdc9681d61edb5f8b8e421f5cee8d7f4b04f'}, 'date': {'date': '2020-09-18'}, 'block': {'height': 10884647}}, {'smartContract': {'address': {'address': '0xa8f14f558ac70f5f52c37cd96d802ef9210023c5'}}, 'caller': {'address': '0xaed9fdc9681d61edb5f8b8e421f5cee8d7f4b04f'}, 'date': {'date': '2020-09-18'}, 'block': {'height': 10884634}}, {'smartContract': {'address': {'address': '0x8de3ac42f800a1186b6d70cb91e0d6876cc36759'}}, 'caller': {'address': '0xaed9fdc9681d61edb5f8b8e421f5cee8d7f4b04f'}, 'date': {'date': '2020-09-18'}, 'block': {'height': 10884620}}, {'smartContract': {'address': {'address': '0x2693c0eccb5734ebd3910e9c23a8039401a73c87'}}, 'caller': {'address': '0xaed9fdc9681d61edb5f8b8e421f5cee8d7f4b04f'}, 'date': {'date': '2020-09-18'}, 'block': {'height': 10884587}}, {'smartContract': {'address': {'address': '0xfceea3923dd126d8fb3873389187307519c1de37'}}, 'caller': {'address': '0xaed9fdc9681d61edb5f8b8e421f5cee8d7f4b04f'}, 'date': {'date': '2020-09-18'}, 'block': {'height': 10884583}}, {'smartContract': {'address': {'address': '0x2bedb429f94040ea4d150e9cba39b23ea362b1bd'}}, 'caller': {'address': '0xaed9fdc9681d61edb5f8b8e421f5cee8d7f4b04f'}, 'date': {'date': '2020-09-18'}, 'block': {'height': 10884579}}, {'smartContract': {'address': {'address': '0x3c09b440f9e46c0e4a665539aeca80fcaa92c36e'}}, 'caller': {'address': '0xaed9fdc9681d61edb5f8b8e421f5cee8d7f4b04f'}, 'date': {'date': '2020-09-18'}, 'block': {'height': 10884575}}, {'smartContract': {'address': {'address': '0x47211b1d1f6da45aaee06f877266e072cf8baa74'}}, 'caller': {'address': '0xaed9fdc9681d61edb5f8b8e421f5cee8d7f4b04f'}, 'date': {'date': '2020-09-18'}, 'block': {'height': 10884571}}, {'smartContract': {'address': {'address': '0x277e80f3e14e7fb3fc40a9d6184088e0241034bd'}}, 'caller': {'address': '0xaed9fdc9681d61edb5f8b8e421f5cee8d7f4b04f'}, 'date': {'date': '2020-09-18'}, 'block': {'height': 10884566}}, {'smartContract': {'address': {'address': '0x2a8e1e676ec238d8a992307b495b45b3feaa5e86'}}, 'caller': {'address': '0xaed9fdc9681d61edb5f8b8e421f5cee8d7f4b04f'}, 'date': {'date': '2020-09-18'}, 'block': {'height': 10884563}}]",2020-09-18
60,60,0x6123B0049F904d730dB3C36a31167D9d4121fA6B,Ribbon (RBN),https://github.com/ribbon-finance,0x69FE2573CEf2837F5CE9B9c9faD81a107Df50bbd,48466474.26,"[{'smartContract': {'address': {'address': '0x7902e4bfb1eb9f4559d55417aee1dc6e4b8cc1bf'}}, 'caller': {'address': '0x69fe2573cef2837f5ce9b9c9fad81a107df50bbd'}, 'date': {'date': '2021-05-24'}, 'block': {'height': 12497621}}, {'smartContract': {'address': {'address': '0x6123b0049f904d730db3c36a31167d9d4121fa6b'}}, 'caller': {'address': '0x69fe2573cef2837f5ce9b9c9fad81a107df50bbd'}, 'date': {'date': '2021-05-24'}, 'block': {'height': 12497174}}, {'smartContract': {'address': {'address': '0x1ea2f2367e091525c86f00737bba0aa3b107cf90'}}, 'caller': {'address': '0x69fe2573cef2837f5ce9b9c9fad81a107df50bbd'}, 'date': {'date': '2021-05-24'}, 'block': {'height': 12496991}}, {'smartContract': {'address': {'address': '0x5f716094fcd79fb53b5d9d2d64bbca47359737d2'}}, 'caller': {'address': '0x69fe2573cef2837f5ce9b9c9fad81a107df50bbd'}, 'date': {'date': '2021-05-24'}, 'block': {'height': 12496478}}, {'smartContract': {'address': {'address': '0x3d11e0c0de0cf8bfdf85ea05509cfed9f0efe64f'}}, 'caller': {'address': '0x69fe2573cef2837f5ce9b9c9fad81a107df50bbd'}, 'date': {'date': '2021-05-24'}, 'block': {'height': 12496477}}]",2021-05-24
61,61,0x43Dfc4159D86F3A37A5A4B3D4580b888ad7d4DDd,DODO bird (DODO),,0x17Dbfa501F2f376D092FA69d3223a09Bba4eFdF7,46464038.01,"[{'smartContract': {'address': {'address': '0xde25cebdd50ff2af17bbc8b3cbf2e31c48b769b4'}}, 'caller': {'address': '0x17dbfa501f2f376d092fa69d3223a09bba4efdf7'}, 'date': {'date': '2020-11-01'}, 'block': {'height': 11172209}}, {'smartContract': {'address': {'address': '0x9224fc9d1389734cebb7cb29545bddc546fb9802'}}, 'caller': {'address': '0x17dbfa501f2f376d092fa69d3223a09bba4efdf7'}, 'date': {'date': '2020-11-01'}, 'block': {'height': 11172206}}, {'smartContract': {'address': {'address': '0xbd07dbb5af474eef5f6fc518944dee3a32b8a167'}}, 'caller': {'address': '0x17dbfa501f2f376d092fa69d3223a09bba4efdf7'}, 'date': {'date': '2020-09-30'}, 'block': {'height': 10964396}}, {'smartContract': {'address': {'address': '0x5c37d4f0e8d03820bec925e105a53fd94f6cf4ab'}}, 'caller': {'address': '0x17dbfa501f2f376d092fa69d3223a09bba4efdf7'}, 'date': {'date': '2020-09-30'}, 'block': {'height': 10964391}}, {'smartContract': {'address': {'address': '0xdb9119789116dc4fb6f42a4e0d76856142cfff5f'}}, 'caller': {'address': '0x17dbfa501f2f376d092fa69d3223a09bba4efdf7'}, 'date': {'date': '2020-09-30'}, 'block': {'height': 10964391}}, {'smartContract': {'address': {'address': '0x0e504d3e053885a82bd1cb5c29cbaae5b3673be4'}}, 'caller': {'address': '0x17dbfa501f2f376d092fa69d3223a09bba4efdf7'}, 'date': {'date': '2020-09-29'}, 'block': {'height': 10958622}}, {'smartContract': {'address': {'address': '0x29c960ce7faaaf582f74af9eb62dd885d56a17a8'}}, 'caller': {'address': '0x17dbfa501f2f376d092fa69d3223a09bba4efdf7'}, 'date': {'date': '2020-09-29'}, 'block': {'height': 10958620}}, {'smartContract': {'address': {'address': '0x3fefa465e68720b21a79aa00a1f2b1c3048c4909'}}, 'caller': {'address': '0x17dbfa501f2f376d092fa69d3223a09bba4efdf7'}, 'date': {'date': '2020-09-29'}, 'block': {'height': 10958617}}, {'smartContract': {'address': {'address': '0x5df8603b461d536bf6095c73d9857c14d1a8945d'}}, 'caller': {'address': '0x17dbfa501f2f376d092fa69d3223a09bba4efdf7'}, 'date': {'date': '2020-09-29'}, 'block': {'height': 10958497}}, {'smartContract': {'address': {'address': '0xa951ed6fcb49c7775ccb3fcd510410aaf0732b8c'}}, 'caller': {'address': '0x17dbfa501f2f376d092fa69d3223a09bba4efdf7'}, 'date': {'date': '2020-09-29'}, 'block': {'height': 10958082}}, {'smartContract': {'address': {'address': '0x1e5bfc8c1225a6ce59504988f823c44e08414a49'}}, 'caller': {'address': '0x8876819535b48b551c9e97ebc07332c7482b4b2d'}, 'date': {'date': '2020-09-29'}, 'block': {'height': 10957007}}, {'smartContract': {'address': {'address': '0x3befc1f0f6cfe0ea852ae61709de370599c88bde'}}, 'caller': {'address': '0x8876819535b48b551c9e97ebc07332c7482b4b2d'}, 'date': {'date': '2020-09-29'}, 'block': {'height': 10957007}}, {'smartContract': {'address': {'address': '0x8876819535b48b551c9e97ebc07332c7482b4b2d'}}, 'caller': {'address': '0x17dbfa501f2f376d092fa69d3223a09bba4efdf7'}, 'date': {'date': '2020-09-29'}, 'block': {'height': 10956992}}, {'smartContract': {'address': {'address': '0x43dfc4159d86f3a37a5a4b3d4580b888ad7d4ddd'}}, 'caller': {'address': '0x17dbfa501f2f376d092fa69d3223a09bba4efdf7'}, 'date': {'date': '2020-09-29'}, 'block': {'height': 10956992}}]",2020-09-29
62,62,0xb3Ad645dB386D7F6D753B2b9C3F4B853DA6890B8,Concentrator Token,https://github.com/AladdinDAO/aladdin-v3-contracts,0x07dA2d30E26802ED65a52859a50872cfA615bD0A,46281290.28,"[{'smartContract': {'address': {'address': '0x3bba4de25ae1cba2f0571f447880d039af0d4d26'}}, 'caller': {'address': '0x23384dd4380b3677b829c6c88c0ea9cc41c099bb'}, 'date': {'date': '2022-12-23'}, 'block': {'height': 16248802}}, {'smartContract': {'address': {'address': '0xf23c0b5770b6fb117de879b93eda35d71ff28506'}}, 'caller': {'address': '0x23384dd4380b3677b829c6c88c0ea9cc41c099bb'}, 'date': {'date': '2022-12-23'}, 'block': {'height': 16245547}}, {'smartContract': {'address': {'address': '0x96ac20e686adf70e527ff55adef6a726d00dc2ad'}}, 'caller': {'address': '0x23384dd4380b3677b829c6c88c0ea9cc41c099bb'}, 'date': {'date': '2022-12-21'}, 'block': {'height': 16234508}}, {'smartContract': {'address': {'address': '0x3c53ef2c526613e9b5585ee7776d6b8d00ff8778'}}, 'caller': {'address': '0x23384dd4380b3677b829c6c88c0ea9cc41c099bb'}, 'date': {'date': '2022-12-21'}, 'block': {'height': 16234505}}, {'smartContract': {'address': {'address': '0xb97bdf5c5c7541f179730cf39c48f92ef3484c6c'}}, 'caller': {'address': '0x23384dd4380b3677b829c6c88c0ea9cc41c099bb'}, 'date': {'date': '2022-12-21'}, 'block': {'height': 16234501}}, {'smartContract': {'address': {'address': '0x96c9507c5026ad2b2727ce7cbe3429aa8e179a11'}}, 'caller': {'address': '0x23384dd4380b3677b829c6c88c0ea9cc41c099bb'}, 'date': {'date': '2022-12-21'}, 'block': {'height': 16234430}}, {'smartContract': {'address': {'address': '0xff8b543fbf70c4fa188f34b11aa210720f30c412'}}, 'caller': {'address': '0x23384dd4380b3677b829c6c88c0ea9cc41c099bb'}, 'date': {'date': '2022-12-21'}, 'block': {'height': 16234425}}, {'smartContract': {'address': {'address': '0x97111359c7efc6f2a9a7a79b8c78433d2d48b847'}}, 'caller': {'address': '0x23384dd4380b3677b829c6c88c0ea9cc41c099bb'}, 'date': {'date': '2022-12-21'}, 'block': {'height': 16234403}}, {'smartContract': {'address': {'address': '0xcfa3b1a4ae8d221224310984f86cc21e9134bd33'}}, 'caller': {'address': '0x23384dd4380b3677b829c6c88c0ea9cc41c099bb'}, 'date': {'date': '2022-12-21'}, 'block': {'height': 16234400}}, {'smartContract': {'address': {'address': '0x0e223dbe17f30221b613434099a878f15d5297f8'}}, 'caller': {'address': '0x23384dd4380b3677b829c6c88c0ea9cc41c099bb'}, 'date': {'date': '2022-12-21'}, 'block': {'height': 16234397}}, {'smartContract': {'address': {'address': '0x993185b35b33f7cc77111f9e76dfed403cefa34a'}}, 'caller': {'address': '0x23384dd4380b3677b829c6c88c0ea9cc41c099bb'}, 'date': {'date': '2022-12-21'}, 'block': {'height': 16234392}}, {'smartContract': {'address': {'address': '0x2b48a3c3d9cb5e27bb58eb55412409dcdfd4a9aa'}}, 'caller': {'address': '0x23384dd4380b3677b829c6c88c0ea9cc41c099bb'}, 'date': {'date': '2022-12-21'}, 'block': {'height': 16234388}}, {'smartContract': {'address': {'address': '0x3647e0cd809c6aae7c7e857b26fe21b5d5b0e571'}}, 'caller': {'address': '0x23384dd4380b3677b829c6c88c0ea9cc41c099bb'}, 'date': {'date': '2022-12-21'}, 'block': {'height': 16234385}}, {'smartContract': {'address': {'address': '0x62c2259936212cf27f75ebb9a35b35dc0e526ff3'}}, 'caller': {'address': '0x23384dd4380b3677b829c6c88c0ea9cc41c099bb'}, 'date': {'date': '2022-12-21'}, 'block': {'height': 16234314}}, {'smartContract': {'address': {'address': '0x50b47c4a642231dbe0b411a0b2fbc1ebd129346d'}}, 'caller': {'address': '0x07da2d30e26802ed65a52859a50872cfa615bd0a'}, 'date': {'date': '2022-12-21'}, 'block': {'height': 16234307}}, {'smartContract': {'address': {'address': '0x838e26a1a00d233963109e1211dfe8cb05e1792e'}}, 'caller': {'address': '0x66807b5598a848602734b82e432dd88dbe13fc8f'}, 'date': {'date': '2022-12-21'}, 'block': {'height': 16234110}}, {'smartContract': {'address': {'address': '0xb15ad6113264094fd9bf2238729410a07ebe5aba'}}, 'caller': {'address': '0x07da2d30e26802ed65a52859a50872cfa615bd0a'}, 'date': {'date': '2022-12-21'}, 'block': {'height': 16234109}}, {'smartContract': {'address': {'address': '0xc9cfd6205914ab1e209ffe70326d8dd15fc58187'}}, 'caller': {'address': '0x23384dd4380b3677b829c6c88c0ea9cc41c099bb'}, 'date': {'date': '2022-12-21'}, 'block': {'height': 16234108}}, {'smartContract': {'address': {'address': '0xe25f0e29060aec19a0559a2ef8366a5af086222e'}}, 'caller': {'address': '0x07da2d30e26802ed65a52859a50872cfa615bd0a'}, 'date': {'date': '2022-12-21'}, 'block': {'height': 16234103}}, {'smartContract': {'address': {'address': '0x6cc546ce582b0dd106c231181f7782c79ef401da'}}, 'caller': {'address': '0x07da2d30e26802ed65a52859a50872cfa615bd0a'}, 'date': {'date': '2022-12-21'}, 'block': {'height': 16234100}}, {'smartContract': {'address': {'address': '0x23384dd4380b3677b829c6c88c0ea9cc41c099bb'}}, 'caller': {'address': '0x07da2d30e26802ed65a52859a50872cfa615bd0a'}, 'date': {'date': '2022-12-21'}, 'block': {'height': 16234042}}, {'smartContract': {'address': {'address': '0x7d6c00032cabc699b908ece34097ff1a159da998'}}, 'caller': {'address': '0x07da2d30e26802ed65a52859a50872cfa615bd0a'}, 'date': {'date': '2022-12-21'}, 'block': {'height': 16234030}}, {'smartContract': {'address': {'address': '0x06dfaf0e53ce24d43eac332bbdc07b690894df74'}}, 'caller': {'address': '0x07da2d30e26802ed65a52859a50872cfa615bd0a'}, 'date': {'date': '2022-12-21'}, 'block': {'height': 16234023}}, {'smartContract': {'address': {'address': '0xc999894424b281ce8602b50df5f2d57f91e852f7'}}, 'caller': {'address': '0x07da2d30e26802ed65a52859a50872cfa615bd0a'}, 'date': {'date': '2022-12-21'}, 'block': {'height': 16234014}}, {'smartContract': {'address': {'address': '0x7f6ce8b08bca036c60f71693cd9425614ab8f9be'}}, 'caller': {'address': '0x07da2d30e26802ed65a52859a50872cfa615bd0a'}, 'date': {'date': '2022-12-21'}, 'block': {'height': 16233997}}, {'smartContract': {'address': {'address': '0xbbd9099a5bff3b33c0f37015c553c93da726d49d'}}, 'caller': {'address': '0x07da2d30e26802ed65a52859a50872cfa615bd0a'}, 'date': {'date': '2022-12-04'}, 'block': {'height': 16111426}}, {'smartContract': {'address': {'address': '0xc65d58a33d9917df3e1a4033ed73506d9b6ace6c'}}, 'caller': {'address': '0x07da2d30e26802ed65a52859a50872cfa615bd0a'}, 'date': {'date': '2022-12-02'}, 'block': {'height': 16099006}}, {'smartContract': {'address': {'address': '0xb2fcee71b25b62bafe442c58af58c42143673cc1'}}, 'caller': {'address': '0x07da2d30e26802ed65a52859a50872cfa615bd0a'}, 'date': {'date': '2022-12-02'}, 'block': {'height': 16098916}}, {'smartContract': {'address': {'address': '0xa7625dd9f2d8a95a0d1ac7e8671547197e9fcaf0'}}, 'caller': {'address': '0x07da2d30e26802ed65a52859a50872cfa615bd0a'}, 'date': {'date': '2022-12-02'}, 'block': {'height': 16098696}}, {'smartContract': {'address': {'address': '0xad4cac207a0bfed10df8a4fc6a28d377cac730e0'}}, 'caller': {'address': '0x07da2d30e26802ed65a52859a50872cfa615bd0a'}, 'date': {'date': '2022-12-02'}, 'block': {'height': 16098694}}, {'smartContract': {'address': {'address': '0xadc6a89d6df7374629ea3cfd0737843709d29f66'}}, 'caller': {'address': '0x07da2d30e26802ed65a52859a50872cfa615bd0a'}, 'date': {'date': '2022-12-02'}, 'block': {'height': 16098662}}, {'smartContract': {'address': {'address': '0xbfb1476fb02f60c809aeb8cbc0b00898ed370422'}}, 'caller': {'address': '0x07da2d30e26802ed65a52859a50872cfa615bd0a'}, 'date': {'date': '2022-11-23'}, 'block': {'height': 16031820}}, {'smartContract': {'address': {'address': '0xeb0ea9d24235ab37196111eedd656d56ce4f53b1'}}, 'caller': {'address': '0x07da2d30e26802ed65a52859a50872cfa615bd0a'}, 'date': {'date': '2022-11-23'}, 'block': {'height': 16031766}}, {'smartContract': {'address': {'address': '0x7f160efc2436f1af4e9e8a57d0a5beb8345761a9'}}, 'caller': {'address': '0x07da2d30e26802ed65a52859a50872cfa615bd0a'}, 'date': {'date': '2022-11-23'}, 'block': {'height': 16031695}}, {'smartContract': {'address': {'address': '0x3c20ac688410be8f391be1fb00afc5c212972f86'}}, 'caller': {'address': '0x07da2d30e26802ed65a52859a50872cfa615bd0a'}, 'date': {'date': '2022-11-23'}, 'block': {'height': 16031693}}, {'smartContract': {'address': {'address': '0xeb937d47ab60ddd50e9c04c98cecb21e7e009773'}}, 'caller': {'address': '0x07da2d30e26802ed65a52859a50872cfa615bd0a'}, 'date': {'date': '2022-11-23'}, 'block': {'height': 16031594}}, {'smartContract': {'address': {'address': '0x7059eaebad4f26c0fd4183fcecbf93bb21e81e3c'}}, 'caller': {'address': '0x07da2d30e26802ed65a52859a50872cfa615bd0a'}, 'date': {'date': '2022-11-23'}, 'block': {'height': 16031593}}, {'smartContract': {'address': {'address': '0xf5d1ca341e1baadd986d43b226f92b778c75c8ca'}}, 'caller': {'address': '0x07da2d30e26802ed65a52859a50872cfa615bd0a'}, 'date': {'date': '2022-11-23'}, 'block': {'height': 16031592}}, {'smartContract': {'address': {'address': '0x41c94ea5a7724d8f4f6e67e529e809b9eab11db2'}}, 'caller': {'address': '0x07da2d30e26802ed65a52859a50872cfa615bd0a'}, 'date': {'date': '2022-11-23'}, 'block': {'height': 16031590}}, {'smartContract': {'address': {'address': '0x1f57286f7a8083fb363d87bc8b1dccd685dc87ee'}}, 'caller': {'address': '0x07da2d30e26802ed65a52859a50872cfa615bd0a'}, 'date': {'date': '2022-11-15'}, 'block': {'height': 15976995}}, {'smartContract': {'address': {'address': '0x592e353c5b97356e99eaf6a72b971ba1c9695593'}}, 'caller': {'address': '0x07da2d30e26802ed65a52859a50872cfa615bd0a'}, 'date': {'date': '2022-11-04'}, 'block': {'height': 15895336}}, {'smartContract': {'address': {'address': '0xd479c1e6702db01b27255361908fc7b083ef3195'}}, 'caller': {'address': '0x07da2d30e26802ed65a52859a50872cfa615bd0a'}, 'date': {'date': '2022-11-04'}, 'block': {'height': 15894922}}, {'smartContract': {'address': {'address': '0xd2b0941672cbe3a8609471a72072d2438f6ae099'}}, 'caller': {'address': '0x07da2d30e26802ed65a52859a50872cfa615bd0a'}, 'date': {'date': '2022-11-02'}, 'block': {'height': 15880923}}, {'smartContract': {'address': {'address': '0xcb9c51f1e848dedba5c78d936da3d17bc37e57a7'}}, 'caller': {'address': '0x07da2d30e26802ed65a52859a50872cfa615bd0a'}, 'date': {'date': '2022-10-29'}, 'block': {'height': 15853191}}, {'smartContract': {'address': {'address': '0xd6efa5b63531e9ae61e225b02cbacd59092a35be'}}, 'caller': {'address': '0x07da2d30e26802ed65a52859a50872cfa615bd0a'}, 'date': {'date': '2022-10-24'}, 'block': {'height': 15818147}}, {'smartContract': {'address': {'address': '0xea99147773782cc88a03d76a7c9e30152d97fc0b'}}, 'caller': {'address': '0x07da2d30e26802ed65a52859a50872cfa615bd0a'}, 'date': {'date': '2022-10-24'}, 'block': {'height': 15817444}}, {'smartContract': {'address': {'address': '0xa5d9358c60fc9bd2b508eda17c78c67a43a4458c'}}, 'caller': {'address': '0x07da2d30e26802ed65a52859a50872cfa615bd0a'}, 'date': {'date': '2022-10-24'}, 'block': {'height': 15817442}}, {'smartContract': {'address': {'address': '0xfc7ea943f62aee5d40c0346dc45c464f74c35267'}}, 'caller': {'address': '0x07da2d30e26802ed65a52859a50872cfa615bd0a'}, 'date': {'date': '2022-10-12'}, 'block': {'height': 15730637}}, {'smartContract': {'address': {'address': '0x572deca882f4c9abcbdc6f020601a1b789d11983'}}, 'caller': {'address': '0x07da2d30e26802ed65a52859a50872cfa615bd0a'}, 'date': {'date': '2022-10-12'}, 'block': {'height': 15729501}}, {'smartContract': {'address': {'address': '0x86e917ad6cb44f9e6c8d9fa012acf0d0cfcf114f'}}, 'caller': {'address': '0x07da2d30e26802ed65a52859a50872cfa615bd0a'}, 'date': {'date': '2022-10-11'}, 'block': {'height': 15725656}}, {'smartContract': {'address': {'address': '0x9b02548de409d7aaee228bfa3ff2bca70e7a2fe8'}}, 'caller': {'address': '0x07da2d30e26802ed65a52859a50872cfa615bd0a'}, 'date': {'date': '2022-10-11'}, 'block': {'height': 15724326}}, {'smartContract': {'address': {'address': '0xf758be28e93672d1a8482be15eaf21aa5450f979'}}, 'caller': {'address': '0x07da2d30e26802ed65a52859a50872cfa615bd0a'}, 'date': {'date': '2022-10-11'}, 'block': {'height': 15724300}}, {'smartContract': {'address': {'address': '0x6e513d492ded19ad8211a57cc6b4493c9e6c857b'}}, 'caller': {'address': '0x07da2d30e26802ed65a52859a50872cfa615bd0a'}, 'date': {'date': '2022-10-11'}, 'block': {'height': 15723633}}, {'smartContract': {'address': {'address': '0x858d62ce483b8ab538d1f9254c3fd3efe1c5346f'}}, 'caller': {'address': '0x07da2d30e26802ed65a52859a50872cfa615bd0a'}, 'date': {'date': '2022-10-11'}, 'block': {'height': 15723586}}, {'smartContract': {'address': {'address': '0xb926f1567943992a1cf6868930d0a0bdc896fdcb'}}, 'caller': {'address': '0x07da2d30e26802ed65a52859a50872cfa615bd0a'}, 'date': {'date': '2022-10-11'}, 'block': {'height': 15723565}}, {'smartContract': {'address': {'address': '0x8a5ef9095795e9740afc91c5bd23b0e48d6bb7ae'}}, 'caller': {'address': '0x3abf0be21e5020007b6e2e201e292a7119bc2b0d'}, 'date': {'date': '2022-10-11'}, 'block': {'height': 15723465}}, {'smartContract': {'address': {'address': '0x3abf0be21e5020007b6e2e201e292a7119bc2b0d'}}, 'caller': {'address': '0x07da2d30e26802ed65a52859a50872cfa615bd0a'}, 'date': {'date': '2022-10-11'}, 'block': {'height': 15723415}}, {'smartContract': {'address': {'address': '0xb9cd9979718e7e4c341d8d99da3f1290c908fbdd'}}, 'caller': {'address': '0x07da2d30e26802ed65a52859a50872cfa615bd0a'}, 'date': {'date': '2022-10-11'}, 'block': {'height': 15723414}}, {'smartContract': {'address': {'address': '0x84c82d43f1cc64730849f3e389fe3f6d776f7a4e'}}, 'caller': {'address': '0x07da2d30e26802ed65a52859a50872cfa615bd0a'}, 'date': {'date': '2022-10-11'}, 'block': {'height': 15723053}}, {'smartContract': {'address': {'address': '0x4aa2afd5616beec2321a9efd7349400d4f18566a'}}, 'caller': {'address': '0x07da2d30e26802ed65a52859a50872cfa615bd0a'}, 'date': {'date': '2022-10-11'}, 'block': {'height': 15723032}}, {'smartContract': {'address': {'address': '0xb992e8e1943f40f89301ab89a5c254f567af5b63'}}, 'caller': {'address': '0x07da2d30e26802ed65a52859a50872cfa615bd0a'}, 'date': {'date': '2022-10-11'}, 'block': {'height': 15723030}}, {'smartContract': {'address': {'address': '0x94be07d45d57c7973a535c1c517bd79e602e051e'}}, 'caller': {'address': '0x07da2d30e26802ed65a52859a50872cfa615bd0a'}, 'date': {'date': '2022-10-11'}, 'block': {'height': 15723024}}, {'smartContract': {'address': {'address': '0x72953a5c32413614d24c29c84a66ae4b59581bbf'}}, 'caller': {'address': '0x07da2d30e26802ed65a52859a50872cfa615bd0a'}, 'date': {'date': '2022-10-11'}, 'block': {'height': 15722469}}, {'smartContract': {'address': {'address': '0x07867298d99b95772008583bd603cfa68b8c75e7'}}, 'caller': {'address': '0x07da2d30e26802ed65a52859a50872cfa615bd0a'}, 'date': {'date': '2022-09-30'}, 'block': {'height': 15647252}}, {'smartContract': {'address': {'address': '0x8341889905bdef85b87cb7644a93f7a482f28742'}}, 'caller': {'address': '0x07da2d30e26802ed65a52859a50872cfa615bd0a'}, 'date': {'date': '2022-09-27'}, 'block': {'height': 15623868}}, {'smartContract': {'address': {'address': '0xd6e3bb7b1d6fa75a71d48cfb10096d59abbf99e1'}}, 'caller': {'address': '0x07da2d30e26802ed65a52859a50872cfa615bd0a'}, 'date': {'date': '2022-08-16'}, 'block': {'height': 15351408}}, {'smartContract': {'address': {'address': '0xfd265e6fcf0306fbcc69228a77576c45c234baba'}}, 'caller': {'address': '0x07da2d30e26802ed65a52859a50872cfa615bd0a'}, 'date': {'date': '2022-08-16'}, 'block': {'height': 15351407}}, {'smartContract': {'address': {'address': '0x883fd355debf417f82aa9a3e2936971487f7df1f'}}, 'caller': {'address': '0x07da2d30e26802ed65a52859a50872cfa615bd0a'}, 'date': {'date': '2022-08-16'}, 'block': {'height': 15351405}}, {'smartContract': {'address': {'address': '0xdaf03d70fe637b91ba6e521a32e1fb39256d3ec9'}}, 'caller': {'address': '0x07da2d30e26802ed65a52859a50872cfa615bd0a'}, 'date': {'date': '2022-08-16'}, 'block': {'height': 15351404}}, {'smartContract': {'address': {'address': '0xeb5eb007ab39e9831a1921e8116bc353afe5ba2c'}}, 'caller': {'address': '0x07da2d30e26802ed65a52859a50872cfa615bd0a'}, 'date': {'date': '2022-08-16'}, 'block': {'height': 15351401}}, {'smartContract': {'address': {'address': '0x4d90ba583cd7f524ad76c5c07eccf81a32061e65'}}, 'caller': {'address': '0x07da2d30e26802ed65a52859a50872cfa615bd0a'}, 'date': {'date': '2022-07-21'}, 'block': {'height': 15184528}}, {'smartContract': {'address': {'address': '0xb44f8ba6cd9ffee97f8482d064e62ba55edd4d72'}}, 'caller': {'address': '0x07da2d30e26802ed65a52859a50872cfa615bd0a'}, 'date': {'date': '2022-07-10'}, 'block': {'height': 15115533}}, {'smartContract': {'address': {'address': '0x33e411ebe366d72d058f3ef22f1d0cf8077fdab0'}}, 'caller': {'address': '0x9098e25a09efa247eed07ced3b46546c5a6e58ad'}, 'date': {'date': '2022-07-10'}, 'block': {'height': 15115528}}, {'smartContract': {'address': {'address': '0x80a8ea2f9ebfc2db9a093bd46e01471267914e49'}}, 'caller': {'address': '0x8e9aa87e45e92bad84d5f8dd1bff34fb92637de9'}, 'date': {'date': '2022-07-10'}, 'block': {'height': 15115513}}, {'smartContract': {'address': {'address': '0xe4c09928d834cd58d233cd77b5af3545484b4968'}}, 'caller': {'address': '0x07da2d30e26802ed65a52859a50872cfa615bd0a'}, 'date': {'date': '2022-07-10'}, 'block': {'height': 15115479}}, {'smartContract': {'address': {'address': '0xb3ad645db386d7f6d753b2b9c3f4b853da6890b8'}}, 'caller': {'address': '0x07da2d30e26802ed65a52859a50872cfa615bd0a'}, 'date': {'date': '2022-07-10'}, 'block': {'height': 15115476}}, {'smartContract': {'address': {'address': '0xcfe4ad4b0960a3aab7dd4dd2ccaa0a721a76012f'}}, 'caller': {'address': '0x07da2d30e26802ed65a52859a50872cfa615bd0a'}, 'date': {'date': '2022-07-09'}, 'block': {'height': 15107530}}, {'smartContract': {'address': {'address': '0xbfc61cb66bb1e3ec7ba5b2bb6e9117c6ff46aa11'}}, 'caller': {'address': '0x9098e25a09efa247eed07ced3b46546c5a6e58ad'}, 'date': {'date': '2022-07-09'}, 'block': {'height': 15107521}}, {'smartContract': {'address': {'address': '0xf017335728c91b57b335d778f31358953f6eb748'}}, 'caller': {'address': '0x8e9aa87e45e92bad84d5f8dd1bff34fb92637de9'}, 'date': {'date': '2022-07-09'}, 'block': {'height': 15107499}}, {'smartContract': {'address': {'address': '0x3cf54f3a1969be9916dad548f3c084331c4450b5'}}, 'caller': {'address': '0x07da2d30e26802ed65a52859a50872cfa615bd0a'}, 'date': {'date': '2022-07-09'}, 'block': {'height': 15107205}}, {'smartContract': {'address': {'address': '0x3557bd058d674dd0981a3ff10515432159f63318'}}, 'caller': {'address': '0x07da2d30e26802ed65a52859a50872cfa615bd0a'}, 'date': {'date': '2022-07-09'}, 'block': {'height': 15106802}}, {'smartContract': {'address': {'address': '0xc4763c35569f7ce0ce42b30edebfc5bc80eb96b4'}}, 'caller': {'address': '0x07da2d30e26802ed65a52859a50872cfa615bd0a'}, 'date': {'date': '2022-07-09'}, 'block': {'height': 15106591}}, {'smartContract': {'address': {'address': '0xe73b8a36093850fc2d7029d678cee8ec482a79b3'}}, 'caller': {'address': '0x07da2d30e26802ed65a52859a50872cfa615bd0a'}, 'date': {'date': '2022-07-09'}, 'block': {'height': 15106502}}, {'smartContract': {'address': {'address': '0x9098e25a09efa247eed07ced3b46546c5a6e58ad'}}, 'caller': {'address': '0x07da2d30e26802ed65a52859a50872cfa615bd0a'}, 'date': {'date': '2022-07-08'}, 'block': {'height': 15104053}}, {'smartContract': {'address': {'address': '0xd069866aced882582b88e327e9e79da4c88292b1'}}, 'caller': {'address': '0x07da2d30e26802ed65a52859a50872cfa615bd0a'}, 'date': {'date': '2022-07-08'}, 'block': {'height': 15104032}}, {'smartContract': {'address': {'address': '0x6258b0fbc8d33d412f4c731b7d83879c3396c425'}}, 'caller': {'address': '0x07da2d30e26802ed65a52859a50872cfa615bd0a'}, 'date': {'date': '2022-07-08'}, 'block': {'height': 15104006}}, {'smartContract': {'address': {'address': '0x95fa41d06e4a7f1e219dbae738e987893b64e194'}}, 'caller': {'address': '0x07da2d30e26802ed65a52859a50872cfa615bd0a'}, 'date': {'date': '2022-07-08'}, 'block': {'height': 15104005}}, {'smartContract': {'address': {'address': '0x99373ae646ed89b9a466c4256b09b10dbcc07b40'}}, 'caller': {'address': '0x07da2d30e26802ed65a52859a50872cfa615bd0a'}, 'date': {'date': '2022-07-08'}, 'block': {'height': 15103986}}, {'smartContract': {'address': {'address': '0xd2791781c367b2f512396105c8ab26479876e973'}}, 'caller': {'address': '0x07da2d30e26802ed65a52859a50872cfa615bd0a'}, 'date': {'date': '2022-07-08'}, 'block': {'height': 15103108}}, {'smartContract': {'address': {'address': '0xf57b53df7326e2c6bcfa81b4a128a92e69cb87b0'}}, 'caller': {'address': '0x07da2d30e26802ed65a52859a50872cfa615bd0a'}, 'date': {'date': '2022-07-08'}, 'block': {'height': 15103106}}, {'smartContract': {'address': {'address': '0xbab0ee407c0ea76d4087c6a69deddf3050d5c8dd'}}, 'caller': {'address': '0x07da2d30e26802ed65a52859a50872cfa615bd0a'}, 'date': {'date': '2022-07-08'}, 'block': {'height': 15102919}}, {'smartContract': {'address': {'address': '0xddf819a8c95b4788dd1ed31db6e3726c229f3f8b'}}, 'caller': {'address': '0x07da2d30e26802ed65a52859a50872cfa615bd0a'}, 'date': {'date': '2022-07-08'}, 'block': {'height': 15102884}}, {'smartContract': {'address': {'address': '0x96c68d861ada016ed98c30c810879f9df7c64154'}}, 'caller': {'address': '0x07da2d30e26802ed65a52859a50872cfa615bd0a'}, 'date': {'date': '2022-04-21'}, 'block': {'height': 14627685}}, {'smartContract': {'address': {'address': '0xdc846ccbce1be474e6410445ef5223ca00eced94'}}, 'caller': {'address': '0x07da2d30e26802ed65a52859a50872cfa615bd0a'}, 'date': {'date': '2022-04-21'}, 'block': {'height': 14627683}}, {'smartContract': {'address': {'address': '0xce4dcc5028588377e279255c0335effe2d7ab72a'}}, 'caller': {'address': '0x07da2d30e26802ed65a52859a50872cfa615bd0a'}, 'date': {'date': '2022-04-21'}, 'block': {'height': 14627680}}, {'smartContract': {'address': {'address': '0x30f2913cb010cdbe5f10d7b212119204d9ccef01'}}, 'caller': {'address': '0x07da2d30e26802ed65a52859a50872cfa615bd0a'}, 'date': {'date': '2022-04-21'}, 'block': {'height': 14627679}}, {'smartContract': {'address': {'address': '0xf05e58fcea29ab4da01a495140b349f8410ba904'}}, 'caller': {'address': '0x07da2d30e26802ed65a52859a50872cfa615bd0a'}, 'date': {'date': '2022-04-21'}, 'block': {'height': 14627676}}, {'smartContract': {'address': {'address': '0x1104b4df568fa7af90b1bed1d78a2f71e748dc8a'}}, 'caller': {'address': '0x07da2d30e26802ed65a52859a50872cfa615bd0a'}, 'date': {'date': '2022-03-30'}, 'block': {'height': 14488260}}, {'smartContract': {'address': {'address': '0xb7892e43433418f349c6b2dfd54924ef8d5e92dc'}}, 'caller': {'address': '0x07da2d30e26802ed65a52859a50872cfa615bd0a'}, 'date': {'date': '2022-03-30'}, 'block': {'height': 14488259}}, {'smartContract': {'address': {'address': '0xa31f2971ed778b7f7156a5f124fdbf652fdba1b9'}}, 'caller': {'address': '0x07da2d30e26802ed65a52859a50872cfa615bd0a'}, 'date': {'date': '2022-03-30'}, 'block': {'height': 14488244}}]",2022-07-10
63,63,0x0954906da0Bf32d5479e25f46056d22f08464cab,Index,,0xe501D177fE2172E1dA8a6D338a44d9f89705ed5C,46083145.52,"[{'smartContract': {'address': {'address': '0x0f58793e8cf39d6b60919ffaf773a7f95a568146'}}, 'caller': {'address': '0xe501d177fe2172e1da8a6d338a44d9f89705ed5c'}, 'date': {'date': '2020-10-06'}, 'block': {'height': 11000481}}, {'smartContract': {'address': {'address': '0xce3c6312385fcf233ab0de574b0cb1a588566c3f'}}, 'caller': {'address': '0xe501d177fe2172e1da8a6d338a44d9f89705ed5c'}, 'date': {'date': '2020-10-06'}, 'block': {'height': 11000479}}, {'smartContract': {'address': {'address': '0x5c29aa6761803bcfda7f683eaa0ff9bddda3649d'}}, 'caller': {'address': '0xe501d177fe2172e1da8a6d338a44d9f89705ed5c'}, 'date': {'date': '2020-10-06'}, 'block': {'height': 11000478}}, {'smartContract': {'address': {'address': '0x0d627ca04a97219f182dab0dc2a23fb4a5b02a9d'}}, 'caller': {'address': '0xe501d177fe2172e1da8a6d338a44d9f89705ed5c'}, 'date': {'date': '2020-10-06'}, 'block': {'height': 11000476}}, {'smartContract': {'address': {'address': '0x4c11dfd35a4fe079b41d5d9729ed34c00d487712'}}, 'caller': {'address': '0xe501d177fe2172e1da8a6d338a44d9f89705ed5c'}, 'date': {'date': '2020-10-06'}, 'block': {'height': 11000474}}, {'smartContract': {'address': {'address': '0xf64d061106054fe63b0aca68916266182e77e9bc'}}, 'caller': {'address': '0xe501d177fe2172e1da8a6d338a44d9f89705ed5c'}, 'date': {'date': '2020-10-06'}, 'block': {'height': 11000473}}, {'smartContract': {'address': {'address': '0x71f2b246f270c6af49e2e514ca9f362b491fbbe1'}}, 'caller': {'address': '0xe501d177fe2172e1da8a6d338a44d9f89705ed5c'}, 'date': {'date': '2020-10-06'}, 'block': {'height': 11000471}}, {'smartContract': {'address': {'address': '0xd89c642e52bd9c72bcc0778bcf4de307cc48e75a'}}, 'caller': {'address': '0xe501d177fe2172e1da8a6d338a44d9f89705ed5c'}, 'date': {'date': '2020-10-06'}, 'block': {'height': 11000467}}, {'smartContract': {'address': {'address': '0x26e316f5b3819264df013ccf47989fb8c891b088'}}, 'caller': {'address': '0xe501d177fe2172e1da8a6d338a44d9f89705ed5c'}, 'date': {'date': '2020-10-06'}, 'block': {'height': 11000464}}, {'smartContract': {'address': {'address': '0x66a7d781828b03ee1ae678cd3fe2d595ba3b6000'}}, 'caller': {'address': '0xe501d177fe2172e1da8a6d338a44d9f89705ed5c'}, 'date': {'date': '2020-10-06'}, 'block': {'height': 11000461}}, {'smartContract': {'address': {'address': '0x8f06fba4684b5e0988f215a47775bb611af0f986'}}, 'caller': {'address': '0xe501d177fe2172e1da8a6d338a44d9f89705ed5c'}, 'date': {'date': '2020-10-06'}, 'block': {'height': 11000459}}, {'smartContract': {'address': {'address': '0xdd111f0fc07f4d89ed6ff96dbab19a61450b8435'}}, 'caller': {'address': '0xe501d177fe2172e1da8a6d338a44d9f89705ed5c'}, 'date': {'date': '2020-10-06'}, 'block': {'height': 11000457}}, {'smartContract': {'address': {'address': '0x0954906da0bf32d5479e25f46056d22f08464cab'}}, 'caller': {'address': '0xe501d177fe2172e1da8a6d338a44d9f89705ed5c'}, 'date': {'date': '2020-10-06'}, 'block': {'height': 11000455}}]",2020-10-06
64,64,0x0cEC1A9154Ff802e7934Fc916Ed7Ca50bDE6844e,PoolTogether (POOL),,0xE0F4217390221aF47855E094F6e112D43C8698fE,44805225.49,"[{'smartContract': {'address': {'address': '0xdd1cba915be9c7a1e60c4b99dade1fc49f67f80d'}}, 'caller': {'address': '0xe0f4217390221af47855e094f6e112d43c8698fe'}, 'date': {'date': '2021-10-15'}, 'block': {'height': 13419969}}, {'smartContract': {'address': {'address': '0xdc90a79fcb1dbad5f05e6c264f84ac4b0d351f94'}}, 'caller': {'address': '0xe0f4217390221af47855e094f6e112d43c8698fe'}, 'date': {'date': '2021-10-15'}, 'block': {'height': 13419956}}, {'smartContract': {'address': {'address': '0x6ab2c44a548b8ac1d166afbf490b200ad4261c15'}}, 'caller': {'address': '0xe0f4217390221af47855e094f6e112d43c8698fe'}, 'date': {'date': '2021-10-15'}, 'block': {'height': 13419953}}, {'smartContract': {'address': {'address': '0x2193b28b2bdfbf805506c9d91ed2021ba6fbc888'}}, 'caller': {'address': '0xe0f4217390221af47855e094f6e112d43c8698fe'}, 'date': {'date': '2021-10-15'}, 'block': {'height': 13419944}}, {'smartContract': {'address': {'address': '0xb9a179dca5a7bf5f8b9e088437b3a85ebb495efe'}}, 'caller': {'address': '0xe0f4217390221af47855e094f6e112d43c8698fe'}, 'date': {'date': '2021-10-15'}, 'block': {'height': 13419942}}, {'smartContract': {'address': {'address': '0x14d0675580c7255043a3aed3726f5d7f33292730'}}, 'caller': {'address': '0xe0f4217390221af47855e094f6e112d43c8698fe'}, 'date': {'date': '2021-10-15'}, 'block': {'height': 13419941}}, {'smartContract': {'address': {'address': '0xf025a8d9e6080f885e841c8cc0e324368d7c6577'}}, 'caller': {'address': '0xe0f4217390221af47855e094f6e112d43c8698fe'}, 'date': {'date': '2021-10-15'}, 'block': {'height': 13419939}}, {'smartContract': {'address': {'address': '0x0d33612870cd9a475bbbbb7cc38fc66680decac5'}}, 'caller': {'address': '0xe0f4217390221af47855e094f6e112d43c8698fe'}, 'date': {'date': '2021-10-15'}, 'block': {'height': 13419930}}, {'smartContract': {'address': {'address': '0x78ea5a9595279dc2f9608283875571b1151f19d4'}}, 'caller': {'address': '0xe0f4217390221af47855e094f6e112d43c8698fe'}, 'date': {'date': '2021-10-15'}, 'block': {'height': 13419929}}, {'smartContract': {'address': {'address': '0xadb4d93d84b18b5d82063acf58b21587c92fdfb5'}}, 'caller': {'address': '0xe0f4217390221af47855e094f6e112d43c8698fe'}, 'date': {'date': '2021-10-15'}, 'block': {'height': 13419922}}, {'smartContract': {'address': {'address': '0x47a5abfacdebf5af312b034b3b748935a0259136'}}, 'caller': {'address': '0xe0f4217390221af47855e094f6e112d43c8698fe'}, 'date': {'date': '2021-10-15'}, 'block': {'height': 13419916}}, {'smartContract': {'address': {'address': '0xdd4d117723c257cee402285d3acf218e9a8236e1'}}, 'caller': {'address': '0xe0f4217390221af47855e094f6e112d43c8698fe'}, 'date': {'date': '2021-10-15'}, 'block': {'height': 13419915}}, {'smartContract': {'address': {'address': '0xd89a09084555a7d0abe7b111b1f78dfeddd638be'}}, 'caller': {'address': '0xe0f4217390221af47855e094f6e112d43c8698fe'}, 'date': {'date': '2021-10-15'}, 'block': {'height': 13419913}}, {'smartContract': {'address': {'address': '0x32e8d4c9d1b711bc958d0ce8d14b41f77bb03a64'}}, 'caller': {'address': '0xe0f4217390221af47855e094f6e112d43c8698fe'}, 'date': {'date': '2021-10-15'}, 'block': {'height': 13419454}}, {'smartContract': {'address': {'address': '0x239fc7c69ba8079ebec07156f13a6d78d234fa6b'}}, 'caller': {'address': '0xe0f4217390221af47855e094f6e112d43c8698fe'}, 'date': {'date': '2021-09-21'}, 'block': {'height': 13271933}}, {'smartContract': {'address': {'address': '0x89bf5adfcda6e13edd50ba03e7277d9940f16dbd'}}, 'caller': {'address': '0xe0f4217390221af47855e094f6e112d43c8698fe'}, 'date': {'date': '2021-09-16'}, 'block': {'height': 13239033}}, {'smartContract': {'address': {'address': '0xad1c620137fa76f520f9a39daacd7b008d7d2f2d'}}, 'caller': {'address': '0xe0f4217390221af47855e094f6e112d43c8698fe'}, 'date': {'date': '2021-07-17'}, 'block': {'height': 12841079}}, {'smartContract': {'address': {'address': '0x10f61a36e1327036e5e416d52ff0f4b5c9efaaa3'}}, 'caller': {'address': '0xe0f4217390221af47855e094f6e112d43c8698fe'}, 'date': {'date': '2021-07-17'}, 'block': {'height': 12841077}}, {'smartContract': {'address': {'address': '0xaf00636e7d943a62ccb87e8153c1c97bf657f11d'}}, 'caller': {'address': '0xe0f4217390221af47855e094f6e112d43c8698fe'}, 'date': {'date': '2021-07-17'}, 'block': {'height': 12841076}}, {'smartContract': {'address': {'address': '0x083b33869354138482d50d2463bd09fbd99b0bd2'}}, 'caller': {'address': '0xb789b73ebea500e797c068c4a3d7b1b490b58475'}, 'date': {'date': '2021-07-17'}, 'block': {'height': 12841075}}, {'smartContract': {'address': {'address': '0xb789b73ebea500e797c068c4a3d7b1b490b58475'}}, 'caller': {'address': '0xe0f4217390221af47855e094f6e112d43c8698fe'}, 'date': {'date': '2021-07-17'}, 'block': {'height': 12841075}}, {'smartContract': {'address': {'address': '0x166f6240a5560a34352b054468deb85042c85142'}}, 'caller': {'address': '0xe0f4217390221af47855e094f6e112d43c8698fe'}, 'date': {'date': '2021-07-17'}, 'block': {'height': 12841072}}, {'smartContract': {'address': {'address': '0xf052a5645bab613840f269e83efb46db42c8d5ff'}}, 'caller': {'address': '0x166f6240a5560a34352b054468deb85042c85142'}, 'date': {'date': '2021-07-17'}, 'block': {'height': 12841072}}, {'smartContract': {'address': {'address': '0x67581cc48320d7ab4eba57e26d05d665a0ff31db'}}, 'caller': {'address': '0xe0f4217390221af47855e094f6e112d43c8698fe'}, 'date': {'date': '2021-07-17'}, 'block': {'height': 12841070}}, {'smartContract': {'address': {'address': '0xd5d828ed981093eebf95ed6887f441070a6edfea'}}, 'caller': {'address': '0x67581cc48320d7ab4eba57e26d05d665a0ff31db'}, 'date': {'date': '2021-07-17'}, 'block': {'height': 12841070}}, {'smartContract': {'address': {'address': '0xa274a5da3c2f5b6e804455c7498e1b9967969dc5'}}, 'caller': {'address': '0x97cbd3708cc001a8f7d1c4bc89936207f1fc70c7'}, 'date': {'date': '2021-07-17'}, 'block': {'height': 12841069}}, {'smartContract': {'address': {'address': '0x97cbd3708cc001a8f7d1c4bc89936207f1fc70c7'}}, 'caller': {'address': '0xe0f4217390221af47855e094f6e112d43c8698fe'}, 'date': {'date': '2021-07-17'}, 'block': {'height': 12841069}}, {'smartContract': {'address': {'address': '0xd18e4d73d619f9deeba64810692f53647e17fd20'}}, 'caller': {'address': '0x0835c8c4ab282b5dbf06d59e1489ef17f1c40d96'}, 'date': {'date': '2021-07-17'}, 'block': {'height': 12841067}}, {'smartContract': {'address': {'address': '0x0835c8c4ab282b5dbf06d59e1489ef17f1c40d96'}}, 'caller': {'address': '0xe0f4217390221af47855e094f6e112d43c8698fe'}, 'date': {'date': '2021-07-17'}, 'block': {'height': 12841067}}, {'smartContract': {'address': {'address': '0x26b3a55a0b3d3425717b98f2ffd822f688a6eaf2'}}, 'caller': {'address': '0xfb92015f58b239296c9f13003b75d3b7cfb1111e'}, 'date': {'date': '2021-07-17'}, 'block': {'height': 12841066}}, {'smartContract': {'address': {'address': '0xfb92015f58b239296c9f13003b75d3b7cfb1111e'}}, 'caller': {'address': '0xe0f4217390221af47855e094f6e112d43c8698fe'}, 'date': {'date': '2021-07-17'}, 'block': {'height': 12841066}}, {'smartContract': {'address': {'address': '0xe9d5be15ef51b986e02a8c7457176b851593f9cd'}}, 'caller': {'address': '0x63fe3d163a3533f3d13ace30c539a9e8c290d630'}, 'date': {'date': '2021-07-17'}, 'block': {'height': 12841064}}, {'smartContract': {'address': {'address': '0x63fe3d163a3533f3d13ace30c539a9e8c290d630'}}, 'caller': {'address': '0xe0f4217390221af47855e094f6e112d43c8698fe'}, 'date': {'date': '2021-07-17'}, 'block': {'height': 12841064}}, {'smartContract': {'address': {'address': '0x04458ba489cfa284ed8a693e3bea3e1df600d022'}}, 'caller': {'address': '0xe0f4217390221af47855e094f6e112d43c8698fe'}, 'date': {'date': '2021-07-08'}, 'block': {'height': 12788361}}, {'smartContract': {'address': {'address': '0xddf547560eccf082af39fea77df60df664cdb72e'}}, 'caller': {'address': '0xe0f4217390221af47855e094f6e112d43c8698fe'}, 'date': {'date': '2021-05-20'}, 'block': {'height': 12474209}}, {'smartContract': {'address': {'address': '0x4658f736b93dcddcbce46cde955970e697fd351f'}}, 'caller': {'address': '0xe0f4217390221af47855e094f6e112d43c8698fe'}, 'date': {'date': '2021-05-20'}, 'block': {'height': 12474174}}, {'smartContract': {'address': {'address': '0x6e159b199423383572b7cb05fbbd54103a827f2b'}}, 'caller': {'address': '0x14e09c3319244a84e7c1e7b52634f5220fa96623'}, 'date': {'date': '2021-04-26'}, 'block': {'height': 12318959}}, {'smartContract': {'address': {'address': '0xd1e536939f637fc12f29c304c406377c9f77e28c'}}, 'caller': {'address': '0xe0f4217390221af47855e094f6e112d43c8698fe'}, 'date': {'date': '2021-04-15'}, 'block': {'height': 12247794}}, {'smartContract': {'address': {'address': '0xf843d50d4a7dc43ea47682b444995dabdd014526'}}, 'caller': {'address': '0xe0f4217390221af47855e094f6e112d43c8698fe'}, 'date': {'date': '2021-04-15'}, 'block': {'height': 12247793}}, {'smartContract': {'address': {'address': '0x7ce11d1c91ef47b7d93f9c0423502eb3d7550db8'}}, 'caller': {'address': '0x4cb2f953f85b3ffdc97269f5cef6a4fcc0ca4d73'}, 'date': {'date': '2021-04-15'}, 'block': {'height': 12247792}}, {'smartContract': {'address': {'address': '0x4cb2f953f85b3ffdc97269f5cef6a4fcc0ca4d73'}}, 'caller': {'address': '0xe0f4217390221af47855e094f6e112d43c8698fe'}, 'date': {'date': '2021-04-15'}, 'block': {'height': 12247792}}, {'smartContract': {'address': {'address': '0x7cbbd80a564b9df8f0e9879d3e0f0630f7ae2bda'}}, 'caller': {'address': '0x91817512578e22d4ab2a70683280bfbe11c504b4'}, 'date': {'date': '2021-04-15'}, 'block': {'height': 12247791}}, {'smartContract': {'address': {'address': '0x91817512578e22d4ab2a70683280bfbe11c504b4'}}, 'caller': {'address': '0xe0f4217390221af47855e094f6e112d43c8698fe'}, 'date': {'date': '2021-04-15'}, 'block': {'height': 12247791}}, {'smartContract': {'address': {'address': '0xe3325f8c5e88a57d787214ea8c001763c1ce99da'}}, 'caller': {'address': '0xe0f4217390221af47855e094f6e112d43c8698fe'}, 'date': {'date': '2021-04-15'}, 'block': {'height': 12247787}}, {'smartContract': {'address': {'address': '0x175059cde7cd1041b971a6ec34c0014936e6267a'}}, 'caller': {'address': '0xe3325f8c5e88a57d787214ea8c001763c1ce99da'}, 'date': {'date': '2021-04-15'}, 'block': {'height': 12247787}}, {'smartContract': {'address': {'address': '0x5a5f724cab4478f849504c255fc1244e8e626fa9'}}, 'caller': {'address': '0xe0f4217390221af47855e094f6e112d43c8698fe'}, 'date': {'date': '2021-04-15'}, 'block': {'height': 12247765}}, {'smartContract': {'address': {'address': '0xa99deaf7de83b73e5f355f3adaa9c5a3483b6340'}}, 'caller': {'address': '0x5a5f724cab4478f849504c255fc1244e8e626fa9'}, 'date': {'date': '2021-04-15'}, 'block': {'height': 12247765}}, {'smartContract': {'address': {'address': '0xb2ad5f4277fcabd1cade34317db8c5ba478addad'}}, 'caller': {'address': '0xe0f4217390221af47855e094f6e112d43c8698fe'}, 'date': {'date': '2021-04-15'}, 'block': {'height': 12246546}}, {'smartContract': {'address': {'address': '0x21fbc617bb2f2e50377be68d62b68f74771eacc4'}}, 'caller': {'address': '0xe0f4217390221af47855e094f6e112d43c8698fe'}, 'date': {'date': '2021-04-09'}, 'block': {'height': 12208713}}, {'smartContract': {'address': {'address': '0x526396e6df883d145f28c76d078f819b56bcc2fa'}}, 'caller': {'address': '0xe0f4217390221af47855e094f6e112d43c8698fe'}, 'date': {'date': '2021-04-09'}, 'block': {'height': 12208712}}, {'smartContract': {'address': {'address': '0x188f932d3ac002057df3590b8e6134be2acd3bfc'}}, 'caller': {'address': '0xe0f4217390221af47855e094f6e112d43c8698fe'}, 'date': {'date': '2021-03-31'}, 'block': {'height': 12149844}}, {'smartContract': {'address': {'address': '0x166e6c4679ea2c8e2f38f7fa8a814c61e6d77dc7'}}, 'caller': {'address': '0xe0f4217390221af47855e094f6e112d43c8698fe'}, 'date': {'date': '2021-03-31'}, 'block': {'height': 12143891}}, {'smartContract': {'address': {'address': '0x42ef801e50d7491cf1b812e4d8ac44763e1cf97c'}}, 'caller': {'address': '0xe0f4217390221af47855e094f6e112d43c8698fe'}, 'date': {'date': '2021-03-25'}, 'block': {'height': 12110088}}, {'smartContract': {'address': {'address': '0x39e2f33ff4ad3491106b3bb15dc66ebe24e4e9c7'}}, 'caller': {'address': '0xe0f4217390221af47855e094f6e112d43c8698fe'}, 'date': {'date': '2021-03-18'}, 'block': {'height': 12065408}}, {'smartContract': {'address': {'address': '0x4a8fa50b10ac2221d5767ab3f05ff7011a46d500'}}, 'caller': {'address': '0xe0f4217390221af47855e094f6e112d43c8698fe'}, 'date': {'date': '2021-03-18'}, 'block': {'height': 12064636}}, {'smartContract': {'address': {'address': '0x1b24bdb570ea92c0cbe5421419caf47c97634928'}}, 'caller': {'address': '0x4a8fa50b10ac2221d5767ab3f05ff7011a46d500'}, 'date': {'date': '2021-03-18'}, 'block': {'height': 12064636}}, {'smartContract': {'address': {'address': '0x0589c7a2b2acb895ff0314a394a6d991a9204444'}}, 'caller': {'address': '0xe0f4217390221af47855e094f6e112d43c8698fe'}, 'date': {'date': '2021-03-13'}, 'block': {'height': 12026998}}, {'smartContract': {'address': {'address': '0xda64816f76bea59cde1ecbe5a094f6c56a7f9770'}}, 'caller': {'address': '0xe0f4217390221af47855e094f6e112d43c8698fe'}, 'date': {'date': '2021-03-03'}, 'block': {'height': 11968276}}, {'smartContract': {'address': {'address': '0xf438bc6c3250be17b361042cca708a743a3fc5e5'}}, 'caller': {'address': '0xe0f4217390221af47855e094f6e112d43c8698fe'}, 'date': {'date': '2021-03-03'}, 'block': {'height': 11968273}}, {'smartContract': {'address': {'address': '0x3e3a097af79d6389c16a1e2b3a2f056d3d543c53'}}, 'caller': {'address': '0xe0f4217390221af47855e094f6e112d43c8698fe'}, 'date': {'date': '2021-03-03'}, 'block': {'height': 11968268}}, {'smartContract': {'address': {'address': '0x1c699dd96e89e9b81e023851d6079f463145b6ec'}}, 'caller': {'address': '0x6c7330466ae67d1eda70bf3ad50a75e8a269e51f'}, 'date': {'date': '2021-03-03'}, 'block': {'height': 11968265}}, {'smartContract': {'address': {'address': '0x6c7330466ae67d1eda70bf3ad50a75e8a269e51f'}}, 'caller': {'address': '0xe0f4217390221af47855e094f6e112d43c8698fe'}, 'date': {'date': '2021-03-03'}, 'block': {'height': 11968265}}, {'smartContract': {'address': {'address': '0xf273efaed59fed4f41cb9e693eefd9b1191f1522'}}, 'caller': {'address': '0xe0f4217390221af47855e094f6e112d43c8698fe'}, 'date': {'date': '2021-03-03'}, 'block': {'height': 11968262}}, {'smartContract': {'address': {'address': '0x83db7fae6bdbca112b9e17b88db23425a13b17e3'}}, 'caller': {'address': '0xf273efaed59fed4f41cb9e693eefd9b1191f1522'}, 'date': {'date': '2021-03-03'}, 'block': {'height': 11968262}}, {'smartContract': {'address': {'address': '0x3fab224830c182972239f6a599a5a5bd64e43d6d'}}, 'caller': {'address': '0xe0f4217390221af47855e094f6e112d43c8698fe'}, 'date': {'date': '2021-03-03'}, 'block': {'height': 11968260}}, {'smartContract': {'address': {'address': '0x1015c8703536735cdf170ccc75020d45312c739a'}}, 'caller': {'address': '0x3fab224830c182972239f6a599a5a5bd64e43d6d'}, 'date': {'date': '2021-03-03'}, 'block': {'height': 11968260}}, {'smartContract': {'address': {'address': '0xde9051d8dda5ded009020d23836e6361d57a9068'}}, 'caller': {'address': '0x5ae75894efcc1f8340b58d0efb3d59bf366b6a4e'}, 'date': {'date': '2021-03-03'}, 'block': {'height': 11968258}}, {'smartContract': {'address': {'address': '0x5ae75894efcc1f8340b58d0efb3d59bf366b6a4e'}}, 'caller': {'address': '0xe0f4217390221af47855e094f6e112d43c8698fe'}, 'date': {'date': '2021-03-03'}, 'block': {'height': 11968258}}, {'smartContract': {'address': {'address': '0xcb5e4e37e46e78d172721536c9855cb503984876'}}, 'caller': {'address': '0x8bb5af6f10391cdbfb4c6f141a8b31a55b3411b5'}, 'date': {'date': '2021-03-03'}, 'block': {'height': 11968255}}, {'smartContract': {'address': {'address': '0x8bb5af6f10391cdbfb4c6f141a8b31a55b3411b5'}}, 'caller': {'address': '0xe0f4217390221af47855e094f6e112d43c8698fe'}, 'date': {'date': '2021-03-03'}, 'block': {'height': 11968255}}, {'smartContract': {'address': {'address': '0x4af653202648e5e4a0d66d0224b1f8546dcdd246'}}, 'caller': {'address': '0xa743f8a9d7c2d7e56e6983d0b60ff19ebc0ce727'}, 'date': {'date': '2021-03-03'}, 'block': {'height': 11968253}}, {'smartContract': {'address': {'address': '0xa743f8a9d7c2d7e56e6983d0b60ff19ebc0ce727'}}, 'caller': {'address': '0xe0f4217390221af47855e094f6e112d43c8698fe'}, 'date': {'date': '2021-03-03'}, 'block': {'height': 11968253}}, {'smartContract': {'address': {'address': '0x692f55051dc060d94227467ee4fbde72d370728c'}}, 'caller': {'address': '0xe0f4217390221af47855e094f6e112d43c8698fe'}, 'date': {'date': '2021-03-03'}, 'block': {'height': 11968252}}, {'smartContract': {'address': {'address': '0xda5bdd8206d65376e29ad0ca0b308e394a9d0abf'}}, 'caller': {'address': '0x692f55051dc060d94227467ee4fbde72d370728c'}, 'date': {'date': '2021-03-03'}, 'block': {'height': 11968252}}, {'smartContract': {'address': {'address': '0x454f5acbbe96162c0b56c74a37acf79c65d883ac'}}, 'caller': {'address': '0xe0f4217390221af47855e094f6e112d43c8698fe'}, 'date': {'date': '2021-03-03'}, 'block': {'height': 11968248}}, {'smartContract': {'address': {'address': '0xb281847ff2550f1f5e2d172cd8b621aaffe5e865'}}, 'caller': {'address': '0x454f5acbbe96162c0b56c74a37acf79c65d883ac'}, 'date': {'date': '2021-03-03'}, 'block': {'height': 11968248}}, {'smartContract': {'address': {'address': '0x17cbf69d3de5c7221ae07cff6296f661bb44122b'}}, 'caller': {'address': '0xe0f4217390221af47855e094f6e112d43c8698fe'}, 'date': {'date': '2021-03-03'}, 'block': {'height': 11968246}}, {'smartContract': {'address': {'address': '0xe539c8ebe8f6050c7a8733f5c7c449f8d802fbff'}}, 'caller': {'address': '0xe0f4217390221af47855e094f6e112d43c8698fe'}, 'date': {'date': '2021-03-03'}, 'block': {'height': 11968244}}, {'smartContract': {'address': {'address': '0xe4e9cdb3e139d7e8a41172c20b6ed17b6750f117'}}, 'caller': {'address': '0xe0f4217390221af47855e094f6e112d43c8698fe'}, 'date': {'date': '2021-03-03'}, 'block': {'height': 11968242}}, {'smartContract': {'address': {'address': '0xe62b2f153899de27a7e61fb8b011074325930624'}}, 'caller': {'address': '0xe4e9cdb3e139d7e8a41172c20b6ed17b6750f117'}, 'date': {'date': '2021-03-03'}, 'block': {'height': 11968242}}, {'smartContract': {'address': {'address': '0xbe1a33519f586a4c8aa37525163df8d67997016f'}}, 'caller': {'address': '0xe0f4217390221af47855e094f6e112d43c8698fe'}, 'date': {'date': '2021-02-16'}, 'block': {'height': 11870242}}, {'smartContract': {'address': {'address': '0x21950e281bde1714ffd1062ed17c56d4d8de2359'}}, 'caller': {'address': '0xe0f4217390221af47855e094f6e112d43c8698fe'}, 'date': {'date': '2021-02-16'}, 'block': {'height': 11870116}}, {'smartContract': {'address': {'address': '0x42cd8312d2bce04277dd5161832460e95b24262e'}}, 'caller': {'address': '0xe0f4217390221af47855e094f6e112d43c8698fe'}, 'date': {'date': '2021-02-16'}, 'block': {'height': 11870115}}, {'smartContract': {'address': {'address': '0xb3a87172f555ae2a2ab79be60b336d2f7d0187f0'}}, 'caller': {'address': '0xe0f4217390221af47855e094f6e112d43c8698fe'}, 'date': {'date': '2021-02-16'}, 'block': {'height': 11870114}}, {'smartContract': {'address': {'address': '0x0cec1a9154ff802e7934fc916ed7ca50bde6844e'}}, 'caller': {'address': '0xe0f4217390221af47855e094f6e112d43c8698fe'}, 'date': {'date': '2021-02-16'}, 'block': {'height': 11870113}}, {'smartContract': {'address': {'address': '0x8f2450023ca7e6c1bf361451ab2dceb32b3bb27d'}}, 'caller': {'address': '0xe0f4217390221af47855e094f6e112d43c8698fe'}, 'date': {'date': '2021-02-16'}, 'block': {'height': 11870076}}, {'smartContract': {'address': {'address': '0xe19fe7a9aa49585510041ecde274f6926c212c43'}}, 'caller': {'address': '0xe0f4217390221af47855e094f6e112d43c8698fe'}, 'date': {'date': '2021-02-16'}, 'block': {'height': 11870074}}, {'smartContract': {'address': {'address': '0xf291ffd3ec15f13b3bc0cc8aa5fa0689fdb02d1d'}}, 'caller': {'address': '0xe19fe7a9aa49585510041ecde274f6926c212c43'}, 'date': {'date': '2021-02-16'}, 'block': {'height': 11870074}}, {'smartContract': {'address': {'address': '0x4b33763af4886278bfdf870dd7ea4838620bc7e9'}}, 'caller': {'address': '0x4e972abb057495635718f416e5836ac516bd2618'}, 'date': {'date': '2020-12-21'}, 'block': {'height': 11498681}}, {'smartContract': {'address': {'address': '0xf60b9163f9be2b669ab5c150d8bfb3a27b5b2cf5'}}, 'caller': {'address': '0xfb932b0bcfa5208d536600ab23c13ac55cd69ba1'}, 'date': {'date': '2020-12-21'}, 'block': {'height': 11498681}}, {'smartContract': {'address': {'address': '0x1844e7d90b6ffa44ca0e67a1716ae28b2bc0edc2'}}, 'caller': {'address': '0x734e677ac3699f63f47c2bae7a8f3c16aff5ae70'}, 'date': {'date': '2020-12-21'}, 'block': {'height': 11498681}}, {'smartContract': {'address': {'address': '0xe4323197448f2fa312a4d6f04de18f65efb64faa'}}, 'caller': {'address': '0xa7d0d3c4f96bb896e0878ef4b83e5ca79700acb9'}, 'date': {'date': '2020-12-21'}, 'block': {'height': 11498681}}, {'smartContract': {'address': {'address': '0xfff417fcabe7f6e9c2f6ce5c902453d456e0acba'}}, 'caller': {'address': '0xd952003a0e4b6a63507dc7c0889e841d6bddb1ba'}, 'date': {'date': '2020-12-11'}, 'block': {'height': 11429554}}, {'smartContract': {'address': {'address': '0xd952003a0e4b6a63507dc7c0889e841d6bddb1ba'}}, 'caller': {'address': '0xe0f4217390221af47855e094f6e112d43c8698fe'}, 'date': {'date': '2020-12-11'}, 'block': {'height': 11429554}}, {'smartContract': {'address': {'address': '0xfe7205df55ba42c8801e44b55bf05f06cce8565e'}}, 'caller': {'address': '0x25e6a78d93d2935a638fdbd684e7b39565d0b7ea'}, 'date': {'date': '2020-12-11'}, 'block': {'height': 11429219}}, {'smartContract': {'address': {'address': '0x4d695c615a7aacf2d7b9c481b66045bb2457dfde'}}, 'caller': {'address': '0x4e869b3a0978fa61dabd7da8f9b272aadc745fb3'}, 'date': {'date': '2020-12-11'}, 'block': {'height': 11429206}}, {'smartContract': {'address': {'address': '0xbeb9d5538f6454d6ca82e9e901453986abda1e7a'}}, 'caller': {'address': '0xe0f4217390221af47855e094f6e112d43c8698fe'}, 'date': {'date': '2020-12-11'}, 'block': {'height': 11429041}}, {'smartContract': {'address': {'address': '0xf4660841400ffe067c7172934f31b43e0cbe359f'}}, 'caller': {'address': '0xe0f4217390221af47855e094f6e112d43c8698fe'}, 'date': {'date': '2020-12-11'}, 'block': {'height': 11429030}}, {'smartContract': {'address': {'address': '0x1469c3c2f8cbacafced0a271711e3491700b4f5d'}}, 'caller': {'address': '0xe0f4217390221af47855e094f6e112d43c8698fe'}, 'date': {'date': '2020-12-11'}, 'block': {'height': 11429029}}, {'smartContract': {'address': {'address': '0x55189c8836a7b3998935683f5afacee733b5fd20'}}, 'caller': {'address': '0xe0f4217390221af47855e094f6e112d43c8698fe'}, 'date': {'date': '2020-12-11'}, 'block': {'height': 11429028}}]",2021-02-16
65,65,0x875773784Af8135eA0ef43b5a374AaD105c5D39e,Idle,http://github.com/Idle-Labs,0xE5Dab8208c1F4cce15883348B72086dBace3e64B,43043246.54,"[{'smartContract': {'address': {'address': '0xdc7777c771a6e4b3a82830781bdde4dbc78f320e'}}, 'caller': {'address': '0xe5dab8208c1f4cce15883348b72086dbace3e64b'}, 'date': {'date': '2022-12-27'}, 'block': {'height': 16277063}}, {'smartContract': {'address': {'address': '0xcf93471a82241c2be469d83d960932721b098ffb'}}, 'caller': {'address': '0xe5dab8208c1f4cce15883348b72086dbace3e64b'}, 'date': {'date': '2022-12-27'}, 'block': {'height': 16276820}}, {'smartContract': {'address': {'address': '0x271db794317b44827efe81dec6193ffc277050f6'}}, 'caller': {'address': '0xf615a552c000b114ddaa09636bbf4205de49333c'}, 'date': {'date': '2022-12-23'}, 'block': {'height': 16246945}}, {'smartContract': {'address': {'address': '0xf615a552c000b114ddaa09636bbf4205de49333c'}}, 'caller': {'address': '0x3c9916bb9498f637e2fa86c2028e26275dc9a631'}, 'date': {'date': '2022-12-23'}, 'block': {'height': 16246945}}, {'smartContract': {'address': {'address': '0x1af0294524093bfdf5da5135853dc2fc678c12f7'}}, 'caller': {'address': '0xf615a552c000b114ddaa09636bbf4205de49333c'}, 'date': {'date': '2022-12-23'}, 'block': {'height': 16246945}}, {'smartContract': {'address': {'address': '0x0fe4fc1301afe4afe8c3ac288c3e13cdace71b04'}}, 'caller': {'address': '0xe5dab8208c1f4cce15883348b72086dbace3e64b'}, 'date': {'date': '2022-12-23'}, 'block': {'height': 16246940}}, {'smartContract': {'address': {'address': '0x55cf2cf79759574a4e868ab83701794afc5a6a06'}}, 'caller': {'address': '0xe5dab8208c1f4cce15883348b72086dbace3e64b'}, 'date': {'date': '2022-12-23'}, 'block': {'height': 16246937}}, {'smartContract': {'address': {'address': '0x742cf09d89dd80494cc106ea737163436b0bcb68'}}, 'caller': {'address': '0xe5dab8208c1f4cce15883348b72086dbace3e64b'}, 'date': {'date': '2022-12-12'}, 'block': {'height': 16168484}}, {'smartContract': {'address': {'address': '0x75da360514532813b460b2ba30f444a1fa28c9d7'}}, 'caller': {'address': '0x91baced76e3e327ba7850ef82a7a8251f6e43fb8'}, 'date': {'date': '2022-12-01'}, 'block': {'height': 16090578}}, {'smartContract': {'address': {'address': '0x79f05f75df6c156b2b98ac1fbfb3637fc1e6f048'}}, 'caller': {'address': '0xb286a43f3eff9059117f58ee2472d1c902416810'}, 'date': {'date': '2022-11-30'}, 'block': {'height': 16082262}}, {'smartContract': {'address': {'address': '0x6bf9ea02daab6b4b3b71cce20a84088a71bf723a'}}, 'caller': {'address': '0xe5dab8208c1f4cce15883348b72086dbace3e64b'}, 'date': {'date': '2022-11-28'}, 'block': {'height': 16068069}}, {'smartContract': {'address': {'address': '0x43e744991c4db0a830a396eeeec21c19d6e25fc3'}}, 'caller': {'address': '0xe5dab8208c1f4cce15883348b72086dbace3e64b'}, 'date': {'date': '2022-11-23'}, 'block': {'height': 16034407}}, {'smartContract': {'address': {'address': '0xff12a5eae3e60096c774ad7211ae5c0c5b5cc0f5'}}, 'caller': {'address': '0x91baced76e3e327ba7850ef82a7a8251f6e43fb8'}, 'date': {'date': '2022-11-17'}, 'block': {'height': 15989463}}, {'smartContract': {'address': {'address': '0xdd585e6e3acb30594e7b70dcee34400e172cee31'}}, 'caller': {'address': '0x91baced76e3e327ba7850ef82a7a8251f6e43fb8'}, 'date': {'date': '2022-11-17'}, 'block': {'height': 15989447}}, {'smartContract': {'address': {'address': '0x3225cb1d7bdfddea35178fd1667d8bd62afb0dde'}}, 'caller': {'address': '0x91baced76e3e327ba7850ef82a7a8251f6e43fb8'}, 'date': {'date': '2022-11-17'}, 'block': {'height': 15989409}}, {'smartContract': {'address': {'address': '0xfe92e0973ff0267447f8c711d16a849837c73264'}}, 'caller': {'address': '0x91baced76e3e327ba7850ef82a7a8251f6e43fb8'}, 'date': {'date': '2022-11-17'}, 'block': {'height': 15989395}}, {'smartContract': {'address': {'address': '0xd19f42ce3b799a4d23176da193673b146968c934'}}, 'caller': {'address': '0x91baced76e3e327ba7850ef82a7a8251f6e43fb8'}, 'date': {'date': '2022-11-17'}, 'block': {'height': 15989368}}, {'smartContract': {'address': {'address': '0x7ec173d5be66c83487f16f1ca304ac72639e80d4'}}, 'caller': {'address': '0x91baced76e3e327ba7850ef82a7a8251f6e43fb8'}, 'date': {'date': '2022-11-17'}, 'block': {'height': 15989307}}, {'smartContract': {'address': {'address': '0xa575b3a6d88e9c1b5196cb7e2a14962a5c533559'}}, 'caller': {'address': '0xe5dab8208c1f4cce15883348b72086dbace3e64b'}, 'date': {'date': '2022-11-17'}, 'block': {'height': 15989072}}, {'smartContract': {'address': {'address': '0x42c21c576588f1bef340a26fa3932ba41528f2d3'}}, 'caller': {'address': '0xe5dab8208c1f4cce15883348b72086dbace3e64b'}, 'date': {'date': '2022-11-10'}, 'block': {'height': 15941053}}, {'smartContract': {'address': {'address': '0x7600d5a837bc8acee5c6c5e564e681ddadbe059f'}}, 'caller': {'address': '0xe5dab8208c1f4cce15883348b72086dbace3e64b'}, 'date': {'date': '2022-11-10'}, 'block': {'height': 15941016}}, {'smartContract': {'address': {'address': '0xf0e2af8434b9a39640f83a472fff6ee14291939e'}}, 'caller': {'address': '0x91baced76e3e327ba7850ef82a7a8251f6e43fb8'}, 'date': {'date': '2022-11-08'}, 'block': {'height': 15926010}}, {'smartContract': {'address': {'address': '0xf522e945dcc2b7836aaf39dc1955662b03ca2029'}}, 'caller': {'address': '0x91baced76e3e327ba7850ef82a7a8251f6e43fb8'}, 'date': {'date': '2022-11-08'}, 'block': {'height': 15926007}}, {'smartContract': {'address': {'address': '0xf6b692cc9a5421e4c66d32511d65f94c64fbd043'}}, 'caller': {'address': '0x3c9916bb9498f637e2fa86c2028e26275dc9a631'}, 'date': {'date': '2022-11-08'}, 'block': {'height': 15925109}}, {'smartContract': {'address': {'address': '0x65237b6fc6e62b05b62f1ebe53edaadccd1684ad'}}, 'caller': {'address': '0xf6b692cc9a5421e4c66d32511d65f94c64fbd043'}, 'date': {'date': '2022-11-08'}, 'block': {'height': 15925109}}, {'smartContract': {'address': {'address': '0x3e041c9980bc03011cc30491d0c4ccd53602f89b'}}, 'caller': {'address': '0xf6b692cc9a5421e4c66d32511d65f94c64fbd043'}, 'date': {'date': '2022-11-08'}, 'block': {'height': 15925109}}, {'smartContract': {'address': {'address': '0x73f3fb86cb579eeea9d482df2e91b6770a42fd6a'}}, 'caller': {'address': '0xe5dab8208c1f4cce15883348b72086dbace3e64b'}, 'date': {'date': '2022-11-08'}, 'block': {'height': 15924990}}, {'smartContract': {'address': {'address': '0xdbd47989647aa73f4a88b51f2b5ff4054de1276a'}}, 'caller': {'address': '0x3c9916bb9498f637e2fa86c2028e26275dc9a631'}, 'date': {'date': '2022-11-08'}, 'block': {'height': 15924815}}, {'smartContract': {'address': {'address': '0xa0154a44c1c45bd007743fa622fd0da4f6d67d57'}}, 'caller': {'address': '0xdbd47989647aa73f4a88b51f2b5ff4054de1276a'}, 'date': {'date': '2022-11-08'}, 'block': {'height': 15924815}}, {'smartContract': {'address': {'address': '0x7a625a2882c9fc8df1463d5e538a3f39b5dbd073'}}, 'caller': {'address': '0xdbd47989647aa73f4a88b51f2b5ff4054de1276a'}, 'date': {'date': '2022-11-08'}, 'block': {'height': 15924815}}, {'smartContract': {'address': {'address': '0x84b2deaf87a398f25ec5833000f72b6a4906b5ac'}}, 'caller': {'address': '0xe5dab8208c1f4cce15883348b72086dbace3e64b'}, 'date': {'date': '2022-11-08'}, 'block': {'height': 15924778}}, {'smartContract': {'address': {'address': '0xf6954b03d6a94ba9e8c80cbe5824f22a401ee5d2'}}, 'caller': {'address': '0xe5dab8208c1f4cce15883348b72086dbace3e64b'}, 'date': {'date': '2022-11-07'}, 'block': {'height': 15919570}}, {'smartContract': {'address': {'address': '0x0b34f266b8b2f000cd0b543dea1fd002bf7ab4ff'}}, 'caller': {'address': '0x91baced76e3e327ba7850ef82a7a8251f6e43fb8'}, 'date': {'date': '2022-11-07'}, 'block': {'height': 15919548}}, {'smartContract': {'address': {'address': '0xff31c69a983bac080f23f21be965650758d19d18'}}, 'caller': {'address': '0xe5dab8208c1f4cce15883348b72086dbace3e64b'}, 'date': {'date': '2022-11-07'}, 'block': {'height': 15919510}}, {'smartContract': {'address': {'address': '0x425a8233d30a9a8f48c9319f8d80e232b6682817'}}, 'caller': {'address': '0xe5dab8208c1f4cce15883348b72086dbace3e64b'}, 'date': {'date': '2022-11-07'}, 'block': {'height': 15919318}}, {'smartContract': {'address': {'address': '0xcec176d1e9b89e36b22031592cb431ab1c8846a0'}}, 'caller': {'address': '0xe5dab8208c1f4cce15883348b72086dbace3e64b'}, 'date': {'date': '2022-11-07'}, 'block': {'height': 15919309}}, {'smartContract': {'address': {'address': '0x3481dd51b31b8edc13da6dd78cd47ac2af659d69'}}, 'caller': {'address': '0xe5dab8208c1f4cce15883348b72086dbace3e64b'}, 'date': {'date': '2022-11-07'}, 'block': {'height': 15917828}}, {'smartContract': {'address': {'address': '0xacc3d71e85c53158848f1cd8dfcf59145639f2ad'}}, 'caller': {'address': '0x91baced76e3e327ba7850ef82a7a8251f6e43fb8'}, 'date': {'date': '2022-11-03'}, 'block': {'height': 15890838}}, {'smartContract': {'address': {'address': '0x7c7840251d70bcea1402c4587a9e7e873d50b0fe'}}, 'caller': {'address': '0x91baced76e3e327ba7850ef82a7a8251f6e43fb8'}, 'date': {'date': '2022-11-03'}, 'block': {'height': 15890836}}, {'smartContract': {'address': {'address': '0x1440469fba56ea663de7c29bbe8bca7ad5158647'}}, 'caller': {'address': '0xe5dab8208c1f4cce15883348b72086dbace3e64b'}, 'date': {'date': '2022-11-03'}, 'block': {'height': 15890796}}, {'smartContract': {'address': {'address': '0x0d41f858d803af86e5192a77a798ad7d97e906ca'}}, 'caller': {'address': '0xe5dab8208c1f4cce15883348b72086dbace3e64b'}, 'date': {'date': '2022-11-03'}, 'block': {'height': 15890538}}, {'smartContract': {'address': {'address': '0x5f45a578491a23ac5aee218e2d405347a0fafa8e'}}, 'caller': {'address': '0x4bc5e595d2e0536ea989a7a9741e9eb5c3caea33'}, 'date': {'date': '2022-10-26'}, 'block': {'height': 15831531}}, {'smartContract': {'address': {'address': '0x4bc5e595d2e0536ea989a7a9741e9eb5c3caea33'}}, 'caller': {'address': '0x3c9916bb9498f637e2fa86c2028e26275dc9a631'}, 'date': {'date': '2022-10-26'}, 'block': {'height': 15831531}}, {'smartContract': {'address': {'address': '0x982e46e81e99fbba3fb8af031a7ee8df9041bb0c'}}, 'caller': {'address': '0x4bc5e595d2e0536ea989a7a9741e9eb5c3caea33'}, 'date': {'date': '2022-10-26'}, 'block': {'height': 15831531}}, {'smartContract': {'address': {'address': '0x25e7337037817dd9bddd0334ca1591f370518893'}}, 'caller': {'address': '0xe5dab8208c1f4cce15883348b72086dbace3e64b'}, 'date': {'date': '2022-10-26'}, 'block': {'height': 15831526}}, {'smartContract': {'address': {'address': '0x263283a6b5ae1671d5c5de75347a61abc83fc16c'}}, 'caller': {'address': '0xe5dab8208c1f4cce15883348b72086dbace3e64b'}, 'date': {'date': '2022-10-26'}, 'block': {'height': 15831522}}, {'smartContract': {'address': {'address': '0xd3e4c5c37ba3185410550b836557b8fa51d5ea3b'}}, 'caller': {'address': '0xc8c64cc8c15d9aa1f4dd40933f3ef742a7c62478'}, 'date': {'date': '2022-10-26'}, 'block': {'height': 15831214}}, {'smartContract': {'address': {'address': '0xc8c64cc8c15d9aa1f4dd40933f3ef742a7c62478'}}, 'caller': {'address': '0x3c9916bb9498f637e2fa86c2028e26275dc9a631'}, 'date': {'date': '2022-10-26'}, 'block': {'height': 15831214}}, {'smartContract': {'address': {'address': '0xd54e5c263298e60a5030ce2c8aca7981eaaaed4a'}}, 'caller': {'address': '0xc8c64cc8c15d9aa1f4dd40933f3ef742a7c62478'}, 'date': {'date': '2022-10-26'}, 'block': {'height': 15831214}}, {'smartContract': {'address': {'address': '0x94bcffc172af69132bbce7df52d567e5ce651dcd'}}, 'caller': {'address': '0xe5dab8208c1f4cce15883348b72086dbace3e64b'}, 'date': {'date': '2022-10-26'}, 'block': {'height': 15831209}}, {'smartContract': {'address': {'address': '0x051ba97b84a921f4134376af2c7e3a38229b0933'}}, 'caller': {'address': '0xe5dab8208c1f4cce15883348b72086dbace3e64b'}, 'date': {'date': '2022-10-26'}, 'block': {'height': 15831203}}, {'smartContract': {'address': {'address': '0xce87c44e1174a5c9c543beb83fe198f3fac20910'}}, 'caller': {'address': '0xe5dab8208c1f4cce15883348b72086dbace3e64b'}, 'date': {'date': '2022-10-24'}, 'block': {'height': 15816715}}, {'smartContract': {'address': {'address': '0x67e78ed1cc4732816816a62f2e99cdc5cfaac06e'}}, 'caller': {'address': '0x91baced76e3e327ba7850ef82a7a8251f6e43fb8'}, 'date': {'date': '2022-10-20'}, 'block': {'height': 15790510}}, {'smartContract': {'address': {'address': '0x70728f08e97303d757be4cd97a7d27b65dd41e6d'}}, 'caller': {'address': '0xe5dab8208c1f4cce15883348b72086dbace3e64b'}, 'date': {'date': '2022-10-20'}, 'block': {'height': 15787888}}, {'smartContract': {'address': {'address': '0xad6cc71ef6ba82ffad9adf40220d035669eacb58'}}, 'caller': {'address': '0xe5dab8208c1f4cce15883348b72086dbace3e64b'}, 'date': {'date': '2022-10-18'}, 'block': {'height': 15778335}}, {'smartContract': {'address': {'address': '0x6df196928ace3c98b12ff0769b3164753e5099aa'}}, 'caller': {'address': '0xe5dab8208c1f4cce15883348b72086dbace3e64b'}, 'date': {'date': '2022-10-18'}, 'block': {'height': 15774379}}, {'smartContract': {'address': {'address': '0xcb980b5a4f5bdb81d0b4b97a9ede64578ba9d48a'}}, 'caller': {'address': '0xdce26b2c78609b983cf91cccd43e238353653b0e'}, 'date': {'date': '2022-10-11'}, 'block': {'height': 15724548}}, {'smartContract': {'address': {'address': '0x1692f6574a6758adfbd12544e209146dd4510bd7'}}, 'caller': {'address': '0xdce26b2c78609b983cf91cccd43e238353653b0e'}, 'date': {'date': '2022-10-11'}, 'block': {'height': 15724548}}, {'smartContract': {'address': {'address': '0xdce26b2c78609b983cf91cccd43e238353653b0e'}}, 'caller': {'address': '0xe5dab8208c1f4cce15883348b72086dbace3e64b'}, 'date': {'date': '2022-10-11'}, 'block': {'height': 15724548}}, {'smartContract': {'address': {'address': '0xd6ab3b405f1c6fe015e35258f7d77456b5ccd0dd'}}, 'caller': {'address': '0xe5dab8208c1f4cce15883348b72086dbace3e64b'}, 'date': {'date': '2022-10-11'}, 'block': {'height': 15724125}}, {'smartContract': {'address': {'address': '0xfca6b0573034baaca576ea2ef675032fb8df6cec'}}, 'caller': {'address': '0xe5dab8208c1f4cce15883348b72086dbace3e64b'}, 'date': {'date': '2022-10-11'}, 'block': {'height': 15724098}}, {'smartContract': {'address': {'address': '0x89a13b0be966e53429372bc47721e336befcf347'}}, 'caller': {'address': '0xe5dab8208c1f4cce15883348b72086dbace3e64b'}, 'date': {'date': '2022-10-11'}, 'block': {'height': 15724081}}, {'smartContract': {'address': {'address': '0xf87ec7e1ee467d7d78862089b92dd40497cba5b8'}}, 'caller': {'address': '0xe5dab8208c1f4cce15883348b72086dbace3e64b'}, 'date': {'date': '2022-09-27'}, 'block': {'height': 15623682}}, {'smartContract': {'address': {'address': '0xaef4fcc4e5f2dc270760063446d4116d24704ad1'}}, 'caller': {'address': '0xf87ec7e1ee467d7d78862089b92dd40497cba5b8'}, 'date': {'date': '2022-09-27'}, 'block': {'height': 15623682}}, {'smartContract': {'address': {'address': '0x077212c69a66261cf7bd1fd3b5c5db7cffa948ee'}}, 'caller': {'address': '0xf87ec7e1ee467d7d78862089b92dd40497cba5b8'}, 'date': {'date': '2022-09-27'}, 'block': {'height': 15623682}}, {'smartContract': {'address': {'address': '0x56050f117d675041da6a4b501f0cb75d455759a1'}}, 'caller': {'address': '0xe5dab8208c1f4cce15883348b72086dbace3e64b'}, 'date': {'date': '2022-09-27'}, 'block': {'height': 15623671}}, {'smartContract': {'address': {'address': '0x6110dec9fac2a721c0eee64b769a7e4cccf4aa81'}}, 'caller': {'address': '0xe5dab8208c1f4cce15883348b72086dbace3e64b'}, 'date': {'date': '2022-09-27'}, 'block': {'height': 15623645}}, {'smartContract': {'address': {'address': '0x4916ee4a761e5cff5b4a3183f109f3e141a12569'}}, 'caller': {'address': '0xe5dab8208c1f4cce15883348b72086dbace3e64b'}, 'date': {'date': '2022-09-27'}, 'block': {'height': 15623638}}, {'smartContract': {'address': {'address': '0x8b39bbf63b8302ea75a08014b233c72127aad670'}}, 'caller': {'address': '0xe5dab8208c1f4cce15883348b72086dbace3e64b'}, 'date': {'date': '2022-09-23'}, 'block': {'height': 15595647}}, {'smartContract': {'address': {'address': '0x54449cd454ba2be50dc9d1ac9bb83a503c908d74'}}, 'caller': {'address': '0xe5dab8208c1f4cce15883348b72086dbace3e64b'}, 'date': {'date': '2022-09-22'}, 'block': {'height': 15589976}}, {'smartContract': {'address': {'address': '0x7a77231abe02359e0386dfea3b47124e36d44a51'}}, 'caller': {'address': '0xe5dab8208c1f4cce15883348b72086dbace3e64b'}, 'date': {'date': '2022-09-21'}, 'block': {'height': 15581067}}, {'smartContract': {'address': {'address': '0x6ad40c48876e98c8b5f164d2f89c9ea11f5d73de'}}, 'caller': {'address': '0xe5dab8208c1f4cce15883348b72086dbace3e64b'}, 'date': {'date': '2022-09-15'}, 'block': {'height': 15540238}}, {'smartContract': {'address': {'address': '0xdb1b149177b5819cf467ad6519cf55416789300a'}}, 'caller': {'address': '0xe5dab8208c1f4cce15883348b72086dbace3e64b'}, 'date': {'date': '2022-09-14'}, 'block': {'height': 15532436}}, {'smartContract': {'address': {'address': '0x6effde807888adf2e05709fd62caeff3ead13aa9'}}, 'caller': {'address': '0xe5dab8208c1f4cce15883348b72086dbace3e64b'}, 'date': {'date': '2022-09-14'}, 'block': {'height': 15532427}}, {'smartContract': {'address': {'address': '0x2fbe7f9eebf7f2c18fd7d1c380d14ddc43005ad8'}}, 'caller': {'address': '0xe5dab8208c1f4cce15883348b72086dbace3e64b'}, 'date': {'date': '2022-09-09'}, 'block': {'height': 15503565}}, {'smartContract': {'address': {'address': '0x0c893a7c403f7bb5e1cae656418a0096ef558e08'}}, 'caller': {'address': '0x91baced76e3e327ba7850ef82a7a8251f6e43fb8'}, 'date': {'date': '2022-09-07'}, 'block': {'height': 15492133}}, {'smartContract': {'address': {'address': '0xd3af1317450d291c328525a8eb183d5cca45553d'}}, 'caller': {'address': '0xe5dab8208c1f4cce15883348b72086dbace3e64b'}, 'date': {'date': '2022-09-07'}, 'block': {'height': 15491603}}, {'smartContract': {'address': {'address': '0x617648b846512e2f49dc21bf27e4505c285e6977'}}, 'caller': {'address': '0xcb2bd49d4b7874e6597dedfaa3e7b4e01831c5af'}, 'date': {'date': '2022-09-07'}, 'block': {'height': 15490682}}, {'smartContract': {'address': {'address': '0x9f94fa97cc2d48315015040708d12ab855283164'}}, 'caller': {'address': '0xcb2bd49d4b7874e6597dedfaa3e7b4e01831c5af'}, 'date': {'date': '2022-09-07'}, 'block': {'height': 15490682}}, {'smartContract': {'address': {'address': '0xcb2bd49d4b7874e6597dedfaa3e7b4e01831c5af'}}, 'caller': {'address': '0xe5dab8208c1f4cce15883348b72086dbace3e64b'}, 'date': {'date': '2022-09-07'}, 'block': {'height': 15490682}}, {'smartContract': {'address': {'address': '0x5a62ca401667b18557ef23d84bf27aff5a0164cd'}}, 'caller': {'address': '0xe5dab8208c1f4cce15883348b72086dbace3e64b'}, 'date': {'date': '2022-09-07'}, 'block': {'height': 15490672}}, {'smartContract': {'address': {'address': '0xee5ec95ce2c8700a2d152db3249fa13b163f0073'}}, 'caller': {'address': '0xe5dab8208c1f4cce15883348b72086dbace3e64b'}, 'date': {'date': '2022-09-07'}, 'block': {'height': 15490660}}, {'smartContract': {'address': {'address': '0x96078f94375a81d28013b414b22683e66020eae8'}}, 'caller': {'address': '0xe5dab8208c1f4cce15883348b72086dbace3e64b'}, 'date': {'date': '2022-09-07'}, 'block': {'height': 15490611}}, {'smartContract': {'address': {'address': '0xb43b101f1261784e3c4af931dbd6082e08bb3317'}}, 'caller': {'address': '0x29d094110c7a89f1cb6c975df0a38cae80f24b21'}, 'date': {'date': '2022-08-31'}, 'block': {'height': 15445762}}, {'smartContract': {'address': {'address': '0x19ef72c89e0b28406b7ebacf2556cab7cc623ef9'}}, 'caller': {'address': '0x29d094110c7a89f1cb6c975df0a38cae80f24b21'}, 'date': {'date': '2022-08-31'}, 'block': {'height': 15445762}}, {'smartContract': {'address': {'address': '0x29d094110c7a89f1cb6c975df0a38cae80f24b21'}}, 'caller': {'address': '0xe5dab8208c1f4cce15883348b72086dbace3e64b'}, 'date': {'date': '2022-08-31'}, 'block': {'height': 15445762}}, {'smartContract': {'address': {'address': '0xb5a2492926815116b69fdb21a471a60ce79148db'}}, 'caller': {'address': '0xe5dab8208c1f4cce15883348b72086dbace3e64b'}, 'date': {'date': '2022-08-31'}, 'block': {'height': 15445716}}, {'smartContract': {'address': {'address': '0x37de1d299c93743472343699c58ec95000870dc5'}}, 'caller': {'address': '0xe5dab8208c1f4cce15883348b72086dbace3e64b'}, 'date': {'date': '2022-08-31'}, 'block': {'height': 15445701}}, {'smartContract': {'address': {'address': '0x7369495d64ec9f8ff107e7857127c340781bb8c9'}}, 'caller': {'address': '0xe5dab8208c1f4cce15883348b72086dbace3e64b'}, 'date': {'date': '2022-08-31'}, 'block': {'height': 15445692}}, {'smartContract': {'address': {'address': '0x868bb78fb045576162b510ba33358c9f93e7959e'}}, 'caller': {'address': '0x1f5a97fb665e295303d2f7215ba2160cc5313c8e'}, 'date': {'date': '2022-08-12'}, 'block': {'height': 15326147}}, {'smartContract': {'address': {'address': '0x6ede2522347e6a5a0420f41f42e021246e97b540'}}, 'caller': {'address': '0x1f5a97fb665e295303d2f7215ba2160cc5313c8e'}, 'date': {'date': '2022-08-12'}, 'block': {'height': 15326147}}, {'smartContract': {'address': {'address': '0x1f5a97fb665e295303d2f7215ba2160cc5313c8e'}}, 'caller': {'address': '0xe5dab8208c1f4cce15883348b72086dbace3e64b'}, 'date': {'date': '2022-08-12'}, 'block': {'height': 15326147}}, {'smartContract': {'address': {'address': '0x40072fc98b3a128950b1857bd7ce57b144477407'}}, 'caller': {'address': '0xe5dab8208c1f4cce15883348b72086dbace3e64b'}, 'date': {'date': '2022-08-12'}, 'block': {'height': 15326143}}, {'smartContract': {'address': {'address': '0x62b17c9083db5941197e83bd385985b8878b58fb'}}, 'caller': {'address': '0xe5dab8208c1f4cce15883348b72086dbace3e64b'}, 'date': {'date': '2022-08-12'}, 'block': {'height': 15326137}}, {'smartContract': {'address': {'address': '0x7ccaf1e4b3224b9920708e35a0c396497fc08eb5'}}, 'caller': {'address': '0xe5dab8208c1f4cce15883348b72086dbace3e64b'}, 'date': {'date': '2022-08-12'}, 'block': {'height': 15326133}}, {'smartContract': {'address': {'address': '0x0c3310b0b57b86d376040b755f94a925f39c4320'}}, 'caller': {'address': '0xe5dab8208c1f4cce15883348b72086dbace3e64b'}, 'date': {'date': '2022-07-18'}, 'block': {'height': 15166159}}, {'smartContract': {'address': {'address': '0x57d59d4bbb0e2432f1698f33d4a47b3c7a9754f3'}}, 'caller': {'address': '0xe5dab8208c1f4cce15883348b72086dbace3e64b'}, 'date': {'date': '2022-07-18'}, 'block': {'height': 15165947}}, {'smartContract': {'address': {'address': '0x1cd24f833af78ae877f90569eaec3174d6769995'}}, 'caller': {'address': '0xe5dab8208c1f4cce15883348b72086dbace3e64b'}, 'date': {'date': '2022-07-18'}, 'block': {'height': 15165905}}, {'smartContract': {'address': {'address': '0x8f195979f7af6c500b4688e492d07036c730c1b2'}}, 'caller': {'address': '0xe5dab8208c1f4cce15883348b72086dbace3e64b'}, 'date': {'date': '2022-07-18'}, 'block': {'height': 15165885}}, {'smartContract': {'address': {'address': '0xbed6e1ff4363730a56dfdcd6689e5d958085299d'}}, 'caller': {'address': '0xe5dab8208c1f4cce15883348b72086dbace3e64b'}, 'date': {'date': '2022-07-13'}, 'block': {'height': 15133459}}]",2020-11-26
66,66,0x73968b9a57c6E53d41345FD57a6E6ae27d6CDB2F,Stake DAO Token,,0xb36a0671B3D49587236d7833B01E79798175875f,42835096.61,"[{'smartContract': {'address': {'address': '0x0725be62918ed44d54e5ae64d54e2be1708bc832'}}, 'caller': {'address': '0x7c06792af1632e77cb27a558dc0885338f4bdf8e'}, 'date': {'date': '2022-05-13'}, 'block': {'height': 14767541}}, {'smartContract': {'address': {'address': '0x3e470fffdf8f65720c4d84e2ac51dd7ed3784555'}}, 'caller': {'address': '0x7c06792af1632e77cb27a558dc0885338f4bdf8e'}, 'date': {'date': '2022-05-13'}, 'block': {'height': 14767532}}, {'smartContract': {'address': {'address': '0xc3c62902b743cf5eb03eb9d8877d0dea1dfbdc06'}}, 'caller': {'address': '0x7c06792af1632e77cb27a558dc0885338f4bdf8e'}, 'date': {'date': '2022-05-13'}, 'block': {'height': 14767214}}, {'smartContract': {'address': {'address': '0x7ed4819052db9f2729eadba579938a55611d3f43'}}, 'caller': {'address': '0x7c06792af1632e77cb27a558dc0885338f4bdf8e'}, 'date': {'date': '2022-05-06'}, 'block': {'height': 14723356}}, {'smartContract': {'address': {'address': '0x556791666b4ad299e71473f87088b0969973394f'}}, 'caller': {'address': '0x7c06792af1632e77cb27a558dc0885338f4bdf8e'}, 'date': {'date': '2022-05-06'}, 'block': {'height': 14723344}}, {'smartContract': {'address': {'address': '0x83cc07261717ea5be5d96ef7d6edb5c353cdd130'}}, 'caller': {'address': '0x7c06792af1632e77cb27a558dc0885338f4bdf8e'}, 'date': {'date': '2022-05-06'}, 'block': {'height': 14723341}}, {'smartContract': {'address': {'address': '0xf612cf3e6e3faf15cdf119eae8ae2dae22086893'}}, 'caller': {'address': '0x7c06792af1632e77cb27a558dc0885338f4bdf8e'}, 'date': {'date': '2022-04-29'}, 'block': {'height': 14679126}}, {'smartContract': {'address': {'address': '0x78d8d613d2a96cbc5b4b4d04e793ae9ae1e23e99'}}, 'caller': {'address': '0x7c06792af1632e77cb27a558dc0885338f4bdf8e'}, 'date': {'date': '2022-04-29'}, 'block': {'height': 14679028}}, {'smartContract': {'address': {'address': '0xf656875bebc2a0f6281f7cc5a0548cc3c242d717'}}, 'caller': {'address': '0x7c06792af1632e77cb27a558dc0885338f4bdf8e'}, 'date': {'date': '2022-04-29'}, 'block': {'height': 14678999}}, {'smartContract': {'address': {'address': '0x907c1a28bb4315957a659e3241cc5b8d6aba2f34'}}, 'caller': {'address': '0x7c06792af1632e77cb27a558dc0885338f4bdf8e'}, 'date': {'date': '2022-04-22'}, 'block': {'height': 14634549}}, {'smartContract': {'address': {'address': '0xe7981301712bb40947ddd747a30ec710c446a475'}}, 'caller': {'address': '0x7c06792af1632e77cb27a558dc0885338f4bdf8e'}, 'date': {'date': '2022-04-22'}, 'block': {'height': 14634508}}, {'smartContract': {'address': {'address': '0x57ff0dac8869b77c16a5005689a6877ed91cd28d'}}, 'caller': {'address': '0x7c06792af1632e77cb27a558dc0885338f4bdf8e'}, 'date': {'date': '2022-04-20'}, 'block': {'height': 14621094}}, {'smartContract': {'address': {'address': '0x4f002fe13aca9f1fd458f637bf9d615e8cfa913c'}}, 'caller': {'address': '0x7c06792af1632e77cb27a558dc0885338f4bdf8e'}, 'date': {'date': '2022-04-15'}, 'block': {'height': 14590056}}, {'smartContract': {'address': {'address': '0xbecb10ff0c52fbe9e51f0be70fc9d3e01fefc4b5'}}, 'caller': {'address': '0x7c06792af1632e77cb27a558dc0885338f4bdf8e'}, 'date': {'date': '2022-04-15'}, 'block': {'height': 14589998}}, {'smartContract': {'address': {'address': '0x54c7757199c4a04bccd1472ad396f768d8173757'}}, 'caller': {'address': '0xb36a0671b3d49587236d7833b01e79798175875f'}, 'date': {'date': '2022-04-12'}, 'block': {'height': 14571069}}, {'smartContract': {'address': {'address': '0x7f50786a0b15723d741727882ee99a0bf34e3466'}}, 'caller': {'address': '0xb36a0671b3d49587236d7833b01e79798175875f'}, 'date': {'date': '2022-04-12'}, 'block': {'height': 14571010}}, {'smartContract': {'address': {'address': '0x2717c6a0029d63e90eb12283507e06bf77a9754d'}}, 'caller': {'address': '0xb36a0671b3d49587236d7833b01e79798175875f'}, 'date': {'date': '2022-04-12'}, 'block': {'height': 14571008}}, {'smartContract': {'address': {'address': '0xc1e3ca8a3921719be0ae3690a0e036feb4f69191'}}, 'caller': {'address': '0xb36a0671b3d49587236d7833b01e79798175875f'}, 'date': {'date': '2022-04-12'}, 'block': {'height': 14570972}}, {'smartContract': {'address': {'address': '0xa65d253897d4642a6e72bb83b69cc7a057f46c87'}}, 'caller': {'address': '0xb36a0671b3d49587236d7833b01e79798175875f'}, 'date': {'date': '2022-04-12'}, 'block': {'height': 14570949}}, {'smartContract': {'address': {'address': '0xd1b5651e55d4ceed36251c61c50c889b36f6abb5'}}, 'caller': {'address': '0xb36a0671b3d49587236d7833b01e79798175875f'}, 'date': {'date': '2022-04-12'}, 'block': {'height': 14570894}}, {'smartContract': {'address': {'address': '0x08bb294267d25c6ab4101b3a3cf7fbde61c75130'}}, 'caller': {'address': '0xb36a0671b3d49587236d7833b01e79798175875f'}, 'date': {'date': '2022-04-12'}, 'block': {'height': 14570867}}, {'smartContract': {'address': {'address': '0x633120100e108f03ace79d6c78aac9a56db1be0f'}}, 'caller': {'address': '0xb36a0671b3d49587236d7833b01e79798175875f'}, 'date': {'date': '2022-04-09'}, 'block': {'height': 14551970}}, {'smartContract': {'address': {'address': '0x390337ed59afe4e97237c7fb5a5af6e12ece8481'}}, 'caller': {'address': '0x7c06792af1632e77cb27a558dc0885338f4bdf8e'}, 'date': {'date': '2022-04-08'}, 'block': {'height': 14545145}}, {'smartContract': {'address': {'address': '0x9442b7d69b8e7d4898b61296ca0b62b749e430a3'}}, 'caller': {'address': '0x7c06792af1632e77cb27a558dc0885338f4bdf8e'}, 'date': {'date': '2022-04-08'}, 'block': {'height': 14545132}}, {'smartContract': {'address': {'address': '0xf7cee1bc6d01a7292e92c06f137761c0396d8b98'}}, 'caller': {'address': '0x7c06792af1632e77cb27a558dc0885338f4bdf8e'}, 'date': {'date': '2022-04-08'}, 'block': {'height': 14545123}}, {'smartContract': {'address': {'address': '0x8fb539bf3bd39487525a0a1a8960dcf240d8abf4'}}, 'caller': {'address': '0xb36a0671b3d49587236d7833b01e79798175875f'}, 'date': {'date': '2022-04-07'}, 'block': {'height': 14539876}}, {'smartContract': {'address': {'address': '0x0c402f06c11c6e6a6616c98868a855448d4cfe65'}}, 'caller': {'address': '0xa731585ab05fc9f83555cf9bff8f58ee94e18f85'}, 'date': {'date': '2022-04-05'}, 'block': {'height': 14527212}}, {'smartContract': {'address': {'address': '0x50bf513824ba8e2bceb6842d208b122630dc5243'}}, 'caller': {'address': '0xa731585ab05fc9f83555cf9bff8f58ee94e18f85'}, 'date': {'date': '2022-04-04'}, 'block': {'height': 14519400}}, {'smartContract': {'address': {'address': '0x364d29a9109511d5b575c7d0031fc5c352f9ea1d'}}, 'caller': {'address': '0x7c06792af1632e77cb27a558dc0885338f4bdf8e'}, 'date': {'date': '2022-04-01'}, 'block': {'height': 14500404}}, {'smartContract': {'address': {'address': '0x10cbb31e691f767c2b9c8f727ab23f063a916bb5'}}, 'caller': {'address': '0x7c06792af1632e77cb27a558dc0885338f4bdf8e'}, 'date': {'date': '2022-04-01'}, 'block': {'height': 14500400}}, {'smartContract': {'address': {'address': '0x3f5482a514449adaf3776ab050c130883a168cd4'}}, 'caller': {'address': '0x7c06792af1632e77cb27a558dc0885338f4bdf8e'}, 'date': {'date': '2022-04-01'}, 'block': {'height': 14500389}}, {'smartContract': {'address': {'address': '0x3bf00e3bb062a4d16443dd26a3e1adb833fbb34f'}}, 'caller': {'address': '0x7c06792af1632e77cb27a558dc0885338f4bdf8e'}, 'date': {'date': '2022-03-25'}, 'block': {'height': 14455251}}, {'smartContract': {'address': {'address': '0xe8e2ee4ee9f9068458f71a201a7ebbb387985ac1'}}, 'caller': {'address': '0x7c06792af1632e77cb27a558dc0885338f4bdf8e'}, 'date': {'date': '2022-03-25'}, 'block': {'height': 14455247}}, {'smartContract': {'address': {'address': '0xf93c2b9bd13518ecb5be8549cf13dc7d2ecd4510'}}, 'caller': {'address': '0x7c06792af1632e77cb27a558dc0885338f4bdf8e'}, 'date': {'date': '2022-03-25'}, 'block': {'height': 14455239}}, {'smartContract': {'address': {'address': '0x00f2c7ff1ee535b44844f12554658077d708b330'}}, 'caller': {'address': '0x7c06792af1632e77cb27a558dc0885338f4bdf8e'}, 'date': {'date': '2022-03-18'}, 'block': {'height': 14410627}}, {'smartContract': {'address': {'address': '0x54dd4a09af2303ba088864d7047773a644715a9e'}}, 'caller': {'address': '0x7c06792af1632e77cb27a558dc0885338f4bdf8e'}, 'date': {'date': '2022-03-18'}, 'block': {'height': 14410610}}, {'smartContract': {'address': {'address': '0xeb17138be05ef7a36ee291792cb9a929d65c52d3'}}, 'caller': {'address': '0x7c06792af1632e77cb27a558dc0885338f4bdf8e'}, 'date': {'date': '2022-03-18'}, 'block': {'height': 14410595}}, {'smartContract': {'address': {'address': '0x529eb330654e4ffbd5d8978aeacb25046d1e54c6'}}, 'caller': {'address': '0x7c06792af1632e77cb27a558dc0885338f4bdf8e'}, 'date': {'date': '2022-03-11'}, 'block': {'height': 14365786}}, {'smartContract': {'address': {'address': '0x8e7b422479738d55f85b5d0e223721e4cc874c3a'}}, 'caller': {'address': '0x7c06792af1632e77cb27a558dc0885338f4bdf8e'}, 'date': {'date': '2022-03-11'}, 'block': {'height': 14365774}}, {'smartContract': {'address': {'address': '0xc49913fac4e8df3a952452422b98ef9dec586fe2'}}, 'caller': {'address': '0x7c06792af1632e77cb27a558dc0885338f4bdf8e'}, 'date': {'date': '2022-03-11'}, 'block': {'height': 14365764}}, {'smartContract': {'address': {'address': '0x3f2be23685f7ed82309bcc482b65e1644df47f69'}}, 'caller': {'address': '0x7c06792af1632e77cb27a558dc0885338f4bdf8e'}, 'date': {'date': '2022-03-11'}, 'block': {'height': 14365580}}, {'smartContract': {'address': {'address': '0x48ff31bbbd8ab553ebe7cbd84e1ea3dba8f54957'}}, 'caller': {'address': '0xb9fc157394af804a3578134a6585c0dc9cc990d4'}, 'date': {'date': '2022-03-10'}, 'block': {'height': 14359842}}, {'smartContract': {'address': {'address': '0x8c524635d52bd7b1bd55e062303177a7d916c046'}}, 'caller': {'address': '0xb9fc157394af804a3578134a6585c0dc9cc990d4'}, 'date': {'date': '2022-03-10'}, 'block': {'height': 14359804}}, {'smartContract': {'address': {'address': '0xe022987dd8297949f3ed6c44a0cb316ac0640381'}}, 'caller': {'address': '0x7c06792af1632e77cb27a558dc0885338f4bdf8e'}, 'date': {'date': '2022-03-04'}, 'block': {'height': 14320921}}, {'smartContract': {'address': {'address': '0x13ca6fbf0d7bf8c05bdfc7c4698dc8dc32251691'}}, 'caller': {'address': '0x7c06792af1632e77cb27a558dc0885338f4bdf8e'}, 'date': {'date': '2022-03-04'}, 'block': {'height': 14320907}}, {'smartContract': {'address': {'address': '0x87c663c576b85f1fcf8abdf4420819d6e6534861'}}, 'caller': {'address': '0x7c06792af1632e77cb27a558dc0885338f4bdf8e'}, 'date': {'date': '2022-03-04'}, 'block': {'height': 14320897}}, {'smartContract': {'address': {'address': '0xbc5369d73e1eba521b85af66292df019e9825474'}}, 'caller': {'address': '0x7c06792af1632e77cb27a558dc0885338f4bdf8e'}, 'date': {'date': '2022-03-04'}, 'block': {'height': 14320886}}, {'smartContract': {'address': {'address': '0x943671e6c3a98e28abdbc60a7ac703b3c0c6aa51'}}, 'caller': {'address': '0xb36a0671b3d49587236d7833b01e79798175875f'}, 'date': {'date': '2022-03-03'}, 'block': {'height': 14314464}}, {'smartContract': {'address': {'address': '0x0681867c509329434f88455fa72208712cde98a7'}}, 'caller': {'address': '0x7c06792af1632e77cb27a558dc0885338f4bdf8e'}, 'date': {'date': '2022-02-25'}, 'block': {'height': 14275574}}, {'smartContract': {'address': {'address': '0x408ede30cd3d5a9957b512b6ebc5ac7f07d21bc3'}}, 'caller': {'address': '0x7c06792af1632e77cb27a558dc0885338f4bdf8e'}, 'date': {'date': '2022-02-25'}, 'block': {'height': 14275573}}, {'smartContract': {'address': {'address': '0x4e905b3ea7a619440ec2cfa53d50678dbf2d33ed'}}, 'caller': {'address': '0x7c06792af1632e77cb27a558dc0885338f4bdf8e'}, 'date': {'date': '2022-02-25'}, 'block': {'height': 14275568}}, {'smartContract': {'address': {'address': '0xf30f23b7fb233172a41b32f82d263c33a0c9f8c2'}}, 'caller': {'address': '0xb36a0671b3d49587236d7833b01e79798175875f'}, 'date': {'date': '2022-02-21'}, 'block': {'height': 14251696}}, {'smartContract': {'address': {'address': '0x06f66bc79aed1b49a393bf5fcf68a70499a2b5dc'}}, 'caller': {'address': '0xb36a0671b3d49587236d7833b01e79798175875f'}, 'date': {'date': '2022-02-21'}, 'block': {'height': 14251693}}, {'smartContract': {'address': {'address': '0x7367620cdb2b9eb35ab842f68dc2d397b69a96d3'}}, 'caller': {'address': '0x06f66bc79aed1b49a393bf5fcf68a70499a2b5dc'}, 'date': {'date': '2022-02-21'}, 'block': {'height': 14251693}}, {'smartContract': {'address': {'address': '0x216e1894687061c8e6bcea8d08482a14da388272'}}, 'caller': {'address': '0xb36a0671b3d49587236d7833b01e79798175875f'}, 'date': {'date': '2022-02-21'}, 'block': {'height': 14251692}}, {'smartContract': {'address': {'address': '0x2d507dc504412302c423c8c7ab9a7dce5e4b811c'}}, 'caller': {'address': '0x7c06792af1632e77cb27a558dc0885338f4bdf8e'}, 'date': {'date': '2022-02-18'}, 'block': {'height': 14231335}}, {'smartContract': {'address': {'address': '0xc2b5542ce5816a46ff4aed44270dea076c9df377'}}, 'caller': {'address': '0x7c06792af1632e77cb27a558dc0885338f4bdf8e'}, 'date': {'date': '2022-02-18'}, 'block': {'height': 14231328}}, {'smartContract': {'address': {'address': '0xed1a2c1ecc8658fde1f5ffda3d5db5c05bcfaa6a'}}, 'caller': {'address': '0x7c06792af1632e77cb27a558dc0885338f4bdf8e'}, 'date': {'date': '2022-02-18'}, 'block': {'height': 14230136}}, {'smartContract': {'address': {'address': '0x566af762a404cceebd67801fc522a68ed5b31d2f'}}, 'caller': {'address': '0x7c06792af1632e77cb27a558dc0885338f4bdf8e'}, 'date': {'date': '2022-02-18'}, 'block': {'height': 14230134}}, {'smartContract': {'address': {'address': '0x584b87abb13153afd741d715bd5442a103ecb3e1'}}, 'caller': {'address': '0x7c06792af1632e77cb27a558dc0885338f4bdf8e'}, 'date': {'date': '2022-02-18'}, 'block': {'height': 14230126}}, {'smartContract': {'address': {'address': '0x60355587a8d4aa67c2e64060ab36e566b9bcc000'}}, 'caller': {'address': '0xf18056bbd320e96a48e3fbf8bc061322531aac99'}, 'date': {'date': '2022-02-15'}, 'block': {'height': 14210925}}, {'smartContract': {'address': {'address': '0x75f8f7fa4b6da6de9f4fe972c811b778cefce882'}}, 'caller': {'address': '0xb36a0671b3d49587236d7833b01e79798175875f'}, 'date': {'date': '2022-02-15'}, 'block': {'height': 14210708}}, {'smartContract': {'address': {'address': '0xe55843a90672f7d8218285e51ee8ff8e233f35d5'}}, 'caller': {'address': '0xb36a0671b3d49587236d7833b01e79798175875f'}, 'date': {'date': '2022-02-15'}, 'block': {'height': 14210529}}, {'smartContract': {'address': {'address': '0x93c951d3281cc79e9fe1b1c87e50693d202f4c17'}}, 'caller': {'address': '0xb36a0671b3d49587236d7833b01e79798175875f'}, 'date': {'date': '2022-02-15'}, 'block': {'height': 14210528}}, {'smartContract': {'address': {'address': '0xf3c6e8fbb946260e8c2a55d48a5e01c82fd63106'}}, 'caller': {'address': '0xb36a0671b3d49587236d7833b01e79798175875f'}, 'date': {'date': '2022-02-15'}, 'block': {'height': 14210527}}, {'smartContract': {'address': {'address': '0x0acca1bd515c191e1a4a81aa406dca1e75cefd76'}}, 'caller': {'address': '0xb36a0671b3d49587236d7833b01e79798175875f'}, 'date': {'date': '2022-02-15'}, 'block': {'height': 14210525}}, {'smartContract': {'address': {'address': '0xd67bdbeff01fc492f1864e61756e5fbb3f173506'}}, 'caller': {'address': '0xb36a0671b3d49587236d7833b01e79798175875f'}, 'date': {'date': '2022-02-15'}, 'block': {'height': 14210523}}, {'smartContract': {'address': {'address': '0xed8ffef5641c4b80f0e9f724fef12e03eeabd5e6'}}, 'caller': {'address': '0xb36a0671b3d49587236d7833b01e79798175875f'}, 'date': {'date': '2022-02-15'}, 'block': {'height': 14210521}}, {'smartContract': {'address': {'address': '0x9dddf9c8a7447993bcfef18f6b5421f28bd1c888'}}, 'caller': {'address': '0xb36a0671b3d49587236d7833b01e79798175875f'}, 'date': {'date': '2022-02-15'}, 'block': {'height': 14210520}}, {'smartContract': {'address': {'address': '0x1cc16bedaacd15848bca5eb80188e0931bc59fb2'}}, 'caller': {'address': '0xb36a0671b3d49587236d7833b01e79798175875f'}, 'date': {'date': '2022-02-15'}, 'block': {'height': 14210519}}, {'smartContract': {'address': {'address': '0x8a97e8b3389d431182ac67c0df7d46ff8dce7121'}}, 'caller': {'address': '0xb36a0671b3d49587236d7833b01e79798175875f'}, 'date': {'date': '2022-02-15'}, 'block': {'height': 14209711}}, {'smartContract': {'address': {'address': '0xfaf3740167b866b571465b063c6b3a71ba9b6285'}}, 'caller': {'address': '0xb36a0671b3d49587236d7833b01e79798175875f'}, 'date': {'date': '2022-02-15'}, 'block': {'height': 14209708}}, {'smartContract': {'address': {'address': '0x8d07ae1d670456ecb5f6f8e94df5b4ab4e450e75'}}, 'caller': {'address': '0x7c06792af1632e77cb27a558dc0885338f4bdf8e'}, 'date': {'date': '2022-02-11'}, 'block': {'height': 14184970}}, {'smartContract': {'address': {'address': '0xb182bd241337ad3cf853ddf3c4affefd034cdc92'}}, 'caller': {'address': '0x7c06792af1632e77cb27a558dc0885338f4bdf8e'}, 'date': {'date': '2022-02-11'}, 'block': {'height': 14184967}}, {'smartContract': {'address': {'address': '0x8757182e8d9b27372ae238f3393f4509a411131c'}}, 'caller': {'address': '0x7c06792af1632e77cb27a558dc0885338f4bdf8e'}, 'date': {'date': '2022-02-11'}, 'block': {'height': 14184965}}, {'smartContract': {'address': {'address': '0x7394f046782e835b9e594794620bbd4eddca6947'}}, 'caller': {'address': '0x7c06792af1632e77cb27a558dc0885338f4bdf8e'}, 'date': {'date': '2022-02-04'}, 'block': {'height': 14139866}}, {'smartContract': {'address': {'address': '0x304e3f32714a35cc60ffaa4bb0e321295bc81c92'}}, 'caller': {'address': '0x7c06792af1632e77cb27a558dc0885338f4bdf8e'}, 'date': {'date': '2022-02-04'}, 'block': {'height': 14139863}}, {'smartContract': {'address': {'address': '0x28f19e1638b24839d32ffacbd926a0cd388daef6'}}, 'caller': {'address': '0x7c06792af1632e77cb27a558dc0885338f4bdf8e'}, 'date': {'date': '2022-02-04'}, 'block': {'height': 14139859}}, {'smartContract': {'address': {'address': '0x6359b6d3e327c497453d4376561ee276c6933323'}}, 'caller': {'address': '0xf18056bbd320e96a48e3fbf8bc061322531aac99'}, 'date': {'date': '2022-02-02'}, 'block': {'height': 14126766}}, {'smartContract': {'address': {'address': '0xfb8814d005c5f32874391e888da6eb2fe7a27902'}}, 'caller': {'address': '0xf18056bbd320e96a48e3fbf8bc061322531aac99'}, 'date': {'date': '2022-02-02'}, 'block': {'height': 14126766}}, {'smartContract': {'address': {'address': '0xc7d436d63570eb25b679d37ec49ea67ec7291a0a'}}, 'caller': {'address': '0x7c06792af1632e77cb27a558dc0885338f4bdf8e'}, 'date': {'date': '2022-01-28'}, 'block': {'height': 14094576}}, {'smartContract': {'address': {'address': '0xd2cc4b9d1d7a63c8b297e4bd7242571d867c5d73'}}, 'caller': {'address': '0x7c06792af1632e77cb27a558dc0885338f4bdf8e'}, 'date': {'date': '2022-01-28'}, 'block': {'height': 14094571}}, {'smartContract': {'address': {'address': '0x4c665279487104a1fff459cc0b81b36b4f6efec8'}}, 'caller': {'address': '0x7c06792af1632e77cb27a558dc0885338f4bdf8e'}, 'date': {'date': '2022-01-28'}, 'block': {'height': 14094565}}, {'smartContract': {'address': {'address': '0x255f6afc7771c05f1a958360c414ba26d93e9a8b'}}, 'caller': {'address': '0xa731585ab05fc9f83555cf9bff8f58ee94e18f85'}, 'date': {'date': '2022-01-25'}, 'block': {'height': 14075745}}, {'smartContract': {'address': {'address': '0x6dd2236b1e089762cc264c85eebcff195ae38ea2'}}, 'caller': {'address': '0xb36a0671b3d49587236d7833b01e79798175875f'}, 'date': {'date': '2022-01-24'}, 'block': {'height': 14068700}}, {'smartContract': {'address': {'address': '0x29f3dd38db24d3935cf1bf841e6b2b461a3e5d92'}}, 'caller': {'address': '0xb36a0671b3d49587236d7833b01e79798175875f'}, 'date': {'date': '2022-01-23'}, 'block': {'height': 14062649}}, {'smartContract': {'address': {'address': '0x0c30476f66034e11782938df8e4384970b6c9e8a'}}, 'caller': {'address': '0xb36a0671b3d49587236d7833b01e79798175875f'}, 'date': {'date': '2022-01-23'}, 'block': {'height': 14062634}}, {'smartContract': {'address': {'address': '0x4dcb5571024d14f017b99a7d3cedef670d4718c4'}}, 'caller': {'address': '0xb36a0671b3d49587236d7833b01e79798175875f'}, 'date': {'date': '2022-01-23'}, 'block': {'height': 14062633}}, {'smartContract': {'address': {'address': '0xfe612c237a81527a86f2cac1fd19939cf4f91b9b'}}, 'caller': {'address': '0xb36a0671b3d49587236d7833b01e79798175875f'}, 'date': {'date': '2022-01-23'}, 'block': {'height': 14062631}}, {'smartContract': {'address': {'address': '0x37e8386602d9ebea2c56dd11d8e142290595f1b5'}}, 'caller': {'address': '0xb36a0671b3d49587236d7833b01e79798175875f'}, 'date': {'date': '2022-01-23'}, 'block': {'height': 14062630}}, {'smartContract': {'address': {'address': '0xbd3d00cca45f0e548aa7e0925afa979750e9082e'}}, 'caller': {'address': '0x7c06792af1632e77cb27a558dc0885338f4bdf8e'}, 'date': {'date': '2022-01-21'}, 'block': {'height': 14049045}}, {'smartContract': {'address': {'address': '0x37aefa2c419261d89bb65254c892c1510d5df020'}}, 'caller': {'address': '0x7c06792af1632e77cb27a558dc0885338f4bdf8e'}, 'date': {'date': '2022-01-21'}, 'block': {'height': 14049040}}, {'smartContract': {'address': {'address': '0xb4cf9ec6cd4ba7d7d0e7979c273a4b272cd5a391'}}, 'caller': {'address': '0x7c06792af1632e77cb27a558dc0885338f4bdf8e'}, 'date': {'date': '2022-01-21'}, 'block': {'height': 14049038}}, {'smartContract': {'address': {'address': '0x5ccbae7a340351d5253be99337626c6a341b02da'}}, 'caller': {'address': '0xb36a0671b3d49587236d7833b01e79798175875f'}, 'date': {'date': '2022-01-21'}, 'block': {'height': 14048785}}, {'smartContract': {'address': {'address': '0x79b738e404208e9607c3b4d4b3800ed0d4a0e05f'}}, 'caller': {'address': '0xb36a0671b3d49587236d7833b01e79798175875f'}, 'date': {'date': '2022-01-19'}, 'block': {'height': 14038792}}, {'smartContract': {'address': {'address': '0x926cc4e0379252648ff0b8ae28cfcf9587698941'}}, 'caller': {'address': '0xb36a0671b3d49587236d7833b01e79798175875f'}, 'date': {'date': '2022-01-19'}, 'block': {'height': 14038745}}, {'smartContract': {'address': {'address': '0x3449599ff9ae8459a7a24d33eee518627e8c88c9'}}, 'caller': {'address': '0xb36a0671b3d49587236d7833b01e79798175875f'}, 'date': {'date': '2022-01-18'}, 'block': {'height': 14028985}}, {'smartContract': {'address': {'address': '0xd13f8c25cced32cdfa79eb5ed654ce3e484dcaf5'}}, 'caller': {'address': '0xb36a0671b3d49587236d7833b01e79798175875f'}, 'date': {'date': '2022-01-18'}, 'block': {'height': 14028984}}, {'smartContract': {'address': {'address': '0x752b4c6e92d96467fe9b9a2522ef07228e00f87c'}}, 'caller': {'address': '0xb36a0671b3d49587236d7833b01e79798175875f'}, 'date': {'date': '2022-01-18'}, 'block': {'height': 14028982}}, {'smartContract': {'address': {'address': '0x070df1b96059f5dc34fcb140ffdc8c41d6eef1ca'}}, 'caller': {'address': '0xb36a0671b3d49587236d7833b01e79798175875f'}, 'date': {'date': '2022-01-18'}, 'block': {'height': 14028980}}]",2021-01-20
67,67,0x431ad2ff6a9C365805eBaD47Ee021148d6f7DBe0,dForce (DF),https://github.com/dforcenetwork,0x377598d56030b2d6a9E83f20d44ba3B10ddFA2D5,41126449.75,"[{'smartContract': {'address': {'address': '0xb9ac7395a0d0291c8c471c4dbcb89393d9572f9a'}}, 'caller': {'address': '0x377598d56030b2d6a9e83f20d44ba3b10ddfa2d5'}, 'date': {'date': '2021-06-29'}, 'block': {'height': 12727620}}, {'smartContract': {'address': {'address': '0x3c7134e3cbfa0f28dec60984e30419ab7a8a665b'}}, 'caller': {'address': '0x377598d56030b2d6a9e83f20d44ba3b10ddfa2d5'}, 'date': {'date': '2021-03-30'}, 'block': {'height': 12137933}}, {'smartContract': {'address': {'address': '0xeeeaf7bd973c660ed968a39327999f2343d3aeaa'}}, 'caller': {'address': '0x377598d56030b2d6a9e83f20d44ba3b10ddfa2d5'}, 'date': {'date': '2021-03-29'}, 'block': {'height': 12134354}}, {'smartContract': {'address': {'address': '0x10a49c54babef0d39f5531f0d1a5d98fbe219c08'}}, 'caller': {'address': '0x377598d56030b2d6a9e83f20d44ba3b10ddfa2d5'}, 'date': {'date': '2021-03-29'}, 'block': {'height': 12134344}}, {'smartContract': {'address': {'address': '0xe3412d2751f6cfa117a4c5eb71e84aa63a5ee5ff'}}, 'caller': {'address': '0x377598d56030b2d6a9e83f20d44ba3b10ddfa2d5'}, 'date': {'date': '2021-03-29'}, 'block': {'height': 12134332}}, {'smartContract': {'address': {'address': '0x1ec23c059ee091fae1d5b1862b2296a32942229f'}}, 'caller': {'address': '0x377598d56030b2d6a9e83f20d44ba3b10ddfa2d5'}, 'date': {'date': '2021-03-29'}, 'block': {'height': 12134306}}, {'smartContract': {'address': {'address': '0x93ae5ebbe4dae9aefd33425ef084d0fd457b8dc6'}}, 'caller': {'address': '0x377598d56030b2d6a9e83f20d44ba3b10ddfa2d5'}, 'date': {'date': '2020-12-03'}, 'block': {'height': 11377255}}, {'smartContract': {'address': {'address': '0x071b49f6a26ffa31f67e833d3dfec500cc4613d5'}}, 'caller': {'address': '0x377598d56030b2d6a9e83f20d44ba3b10ddfa2d5'}, 'date': {'date': '2020-11-10'}, 'block': {'height': 11227438}}, {'smartContract': {'address': {'address': '0xd26033b5ceedce6d8cddf532c6cd1ebc2f0ccadf'}}, 'caller': {'address': '0x377598d56030b2d6a9e83f20d44ba3b10ddfa2d5'}, 'date': {'date': '2020-10-23'}, 'block': {'height': 11112333}}, {'smartContract': {'address': {'address': '0xdd23a50cf7503655283089b78c9369519de1c443'}}, 'caller': {'address': '0x377598d56030b2d6a9e83f20d44ba3b10ddfa2d5'}, 'date': {'date': '2020-10-20'}, 'block': {'height': 11090404}}, {'smartContract': {'address': {'address': '0x9fe7258507a19f1990ccd95a4bd10230d98f0d64'}}, 'caller': {'address': '0x377598d56030b2d6a9e83f20d44ba3b10ddfa2d5'}, 'date': {'date': '2020-10-20'}, 'block': {'height': 11090385}}, {'smartContract': {'address': {'address': '0x675d924c4439bd0012e6a22c7a9f6a8265345311'}}, 'caller': {'address': '0x377598d56030b2d6a9e83f20d44ba3b10ddfa2d5'}, 'date': {'date': '2020-09-19'}, 'block': {'height': 10891636}}, {'smartContract': {'address': {'address': '0x8ac0ff3da00da30a294f168c269da6655169fc94'}}, 'caller': {'address': '0x377598d56030b2d6a9e83f20d44ba3b10ddfa2d5'}, 'date': {'date': '2020-09-19'}, 'block': {'height': 10891632}}, {'smartContract': {'address': {'address': '0x3fcf750452b1df1f3cc1c36855c5a4aafd2b49e0'}}, 'caller': {'address': '0x377598d56030b2d6a9e83f20d44ba3b10ddfa2d5'}, 'date': {'date': '2020-09-10'}, 'block': {'height': 10831598}}, {'smartContract': {'address': {'address': '0x8916a9b0064feab04b3bf3729adbb0be119ed12d'}}, 'caller': {'address': '0x377598d56030b2d6a9e83f20d44ba3b10ddfa2d5'}, 'date': {'date': '2020-09-10'}, 'block': {'height': 10831566}}, {'smartContract': {'address': {'address': '0xbde39e19dc806620d5377cd14827d42bbe42c8f9'}}, 'caller': {'address': '0x377598d56030b2d6a9e83f20d44ba3b10ddfa2d5'}, 'date': {'date': '2020-09-10'}, 'block': {'height': 10831529}}, {'smartContract': {'address': {'address': '0x109917f7c3b6174096f9e1744e41ac073b3e1f72'}}, 'caller': {'address': '0x377598d56030b2d6a9e83f20d44ba3b10ddfa2d5'}, 'date': {'date': '2020-09-10'}, 'block': {'height': 10831514}}, {'smartContract': {'address': {'address': '0xef004c5cdfaab19299b3ed66f14ec010fe5f20d0'}}, 'caller': {'address': '0x377598d56030b2d6a9e83f20d44ba3b10ddfa2d5'}, 'date': {'date': '2020-09-01'}, 'block': {'height': 10775105}}, {'smartContract': {'address': {'address': '0xd4eef282f58ecaf12118e96ed4c06f60f88009c6'}}, 'caller': {'address': '0x377598d56030b2d6a9e83f20d44ba3b10ddfa2d5'}, 'date': {'date': '2020-09-01'}, 'block': {'height': 10775093}}, {'smartContract': {'address': {'address': '0x2cd4e8d82f62a91b2299b083ba08532a6a96a13a'}}, 'caller': {'address': '0x377598d56030b2d6a9e83f20d44ba3b10ddfa2d5'}, 'date': {'date': '2020-09-01'}, 'block': {'height': 10774998}}, {'smartContract': {'address': {'address': '0x47992aaada10c4b55659ff5e4d95527b8d50e434'}}, 'caller': {'address': '0x377598d56030b2d6a9e83f20d44ba3b10ddfa2d5'}, 'date': {'date': '2020-09-01'}, 'block': {'height': 10774976}}, {'smartContract': {'address': {'address': '0xfc75b11b0d753b2392637197b6d4cd31717fa9be'}}, 'caller': {'address': '0x377598d56030b2d6a9e83f20d44ba3b10ddfa2d5'}, 'date': {'date': '2020-09-01'}, 'block': {'height': 10774946}}, {'smartContract': {'address': {'address': '0x15599d7f581e418b39ebebf97b4c8d5ff40e8a8b'}}, 'caller': {'address': '0x377598d56030b2d6a9e83f20d44ba3b10ddfa2d5'}, 'date': {'date': '2020-09-01'}, 'block': {'height': 10774902}}, {'smartContract': {'address': {'address': '0xa94e2074beb6d1bf28014b81ff2062eab3600c48'}}, 'caller': {'address': '0x377598d56030b2d6a9e83f20d44ba3b10ddfa2d5'}, 'date': {'date': '2020-08-24'}, 'block': {'height': 10720511}}, {'smartContract': {'address': {'address': '0xf85ff6e5d29a9db34b7692383a7b2a86c191ad9b'}}, 'caller': {'address': '0x377598d56030b2d6a9e83f20d44ba3b10ddfa2d5'}, 'date': {'date': '2020-08-12'}, 'block': {'height': 10642639}}, {'smartContract': {'address': {'address': '0x3ea496977a356024be096c1068a57bd0b92c7d7c'}}, 'caller': {'address': '0x377598d56030b2d6a9e83f20d44ba3b10ddfa2d5'}, 'date': {'date': '2020-08-12'}, 'block': {'height': 10642505}}, {'smartContract': {'address': {'address': '0x6a203ed6db11981c13baec11b2f5973ffb17c226'}}, 'caller': {'address': '0x377598d56030b2d6a9e83f20d44ba3b10ddfa2d5'}, 'date': {'date': '2020-08-12'}, 'block': {'height': 10642495}}, {'smartContract': {'address': {'address': '0x7fdcdad3b4a67e00d9fd5f22f4fd89a5fa4f57ba'}}, 'caller': {'address': '0x377598d56030b2d6a9e83f20d44ba3b10ddfa2d5'}, 'date': {'date': '2020-08-12'}, 'block': {'height': 10642453}}, {'smartContract': {'address': {'address': '0xb5663c9068a7894fab7a4f60a297eb4a9bcaea6b'}}, 'caller': {'address': '0x377598d56030b2d6a9e83f20d44ba3b10ddfa2d5'}, 'date': {'date': '2020-08-12'}, 'block': {'height': 10642397}}, {'smartContract': {'address': {'address': '0x308777ddec61f5000d8394626d55dbb0312fe874'}}, 'caller': {'address': '0x377598d56030b2d6a9e83f20d44ba3b10ddfa2d5'}, 'date': {'date': '2020-08-10'}, 'block': {'height': 10631221}}, {'smartContract': {'address': {'address': '0xf3600421672f81712b3b21e1925b17b833ecee29'}}, 'caller': {'address': '0x377598d56030b2d6a9e83f20d44ba3b10ddfa2d5'}, 'date': {'date': '2020-08-08'}, 'block': {'height': 10619552}}, {'smartContract': {'address': {'address': '0xf4dfc3df8c83be5a2ec2025491fd157c474f438a'}}, 'caller': {'address': '0x377598d56030b2d6a9e83f20d44ba3b10ddfa2d5'}, 'date': {'date': '2020-08-08'}, 'block': {'height': 10619537}}, {'smartContract': {'address': {'address': '0x83d333fd851f7121ec157f79bf88ae28cd97472c'}}, 'caller': {'address': '0x377598d56030b2d6a9e83f20d44ba3b10ddfa2d5'}, 'date': {'date': '2020-08-08'}, 'block': {'height': 10619461}}, {'smartContract': {'address': {'address': '0x55bcf7173c8840d5517424ed19b7bbf11cfb9f2b'}}, 'caller': {'address': '0x377598d56030b2d6a9e83f20d44ba3b10ddfa2d5'}, 'date': {'date': '2020-08-08'}, 'block': {'height': 10619430}}, {'smartContract': {'address': {'address': '0xd2fa07cd6cd4a5a96aa86bacfa6e50bb3aadba8b'}}, 'caller': {'address': '0x377598d56030b2d6a9e83f20d44ba3b10ddfa2d5'}, 'date': {'date': '2020-08-03'}, 'block': {'height': 10586248}}, {'smartContract': {'address': {'address': '0xb71defdd6240c45746ec58314a01dd6d833fd3b5'}}, 'caller': {'address': '0x377598d56030b2d6a9e83f20d44ba3b10ddfa2d5'}, 'date': {'date': '2020-08-03'}, 'block': {'height': 10586241}}, {'smartContract': {'address': {'address': '0x324eebdaa45829c6a8ee903afbc7b61af48538df'}}, 'caller': {'address': '0x377598d56030b2d6a9e83f20d44ba3b10ddfa2d5'}, 'date': {'date': '2020-08-03'}, 'block': {'height': 10586236}}, {'smartContract': {'address': {'address': '0xdc7a844a45ef936497fb916f1c2ddb80f59a8adc'}}, 'caller': {'address': '0x377598d56030b2d6a9e83f20d44ba3b10ddfa2d5'}, 'date': {'date': '2020-08-03'}, 'block': {'height': 10586227}}, {'smartContract': {'address': {'address': '0x5e84fc41d3add07a34616f781dcf1e49e8dc41c1'}}, 'caller': {'address': '0x377598d56030b2d6a9e83f20d44ba3b10ddfa2d5'}, 'date': {'date': '2020-08-03'}, 'block': {'height': 10586129}}, {'smartContract': {'address': {'address': '0xe2cf602bc7922d51fbca791fcb9845e4cacd8abc'}}, 'caller': {'address': '0x377598d56030b2d6a9e83f20d44ba3b10ddfa2d5'}, 'date': {'date': '2020-07-30'}, 'block': {'height': 10559543}}, {'smartContract': {'address': {'address': '0xc94b348976eb2c3c7ed0142a75721f65ee85d081'}}, 'caller': {'address': '0x377598d56030b2d6a9e83f20d44ba3b10ddfa2d5'}, 'date': {'date': '2020-07-27'}, 'block': {'height': 10540269}}, {'smartContract': {'address': {'address': '0x332e1d8db548b3cf7d894ac232e6f1112736830b'}}, 'caller': {'address': '0x377598d56030b2d6a9e83f20d44ba3b10ddfa2d5'}, 'date': {'date': '2020-07-27'}, 'block': {'height': 10540133}}, {'smartContract': {'address': {'address': '0x5b8503a952c6c5f7d71d0115a7d3f248415d4623'}}, 'caller': {'address': '0x377598d56030b2d6a9e83f20d44ba3b10ddfa2d5'}, 'date': {'date': '2020-07-27'}, 'block': {'height': 10539995}}, {'smartContract': {'address': {'address': '0xb0dda668a5af382ccad80e6171ec492cc754bc0b'}}, 'caller': {'address': '0x377598d56030b2d6a9e83f20d44ba3b10ddfa2d5'}, 'date': {'date': '2020-07-25'}, 'block': {'height': 10531414}}, {'smartContract': {'address': {'address': '0x2d40bc6fda355310234c7c891cdf7ef30b8b1e5f'}}, 'caller': {'address': '0x377598d56030b2d6a9e83f20d44ba3b10ddfa2d5'}, 'date': {'date': '2020-07-25'}, 'block': {'height': 10529302}}, {'smartContract': {'address': {'address': '0xfce9b6ab9a4c506d4a4c68d5c69fe44bc6b5bfb2'}}, 'caller': {'address': '0x377598d56030b2d6a9e83f20d44ba3b10ddfa2d5'}, 'date': {'date': '2020-07-25'}, 'block': {'height': 10529213}}, {'smartContract': {'address': {'address': '0xbd27ce697a32476098b788b239e57aacc6dfcf72'}}, 'caller': {'address': '0x377598d56030b2d6a9e83f20d44ba3b10ddfa2d5'}, 'date': {'date': '2020-07-25'}, 'block': {'height': 10528519}}, {'smartContract': {'address': {'address': '0xd407884f6d74eb1b62680901e2ec6d14009b270e'}}, 'caller': {'address': '0x377598d56030b2d6a9e83f20d44ba3b10ddfa2d5'}, 'date': {'date': '2020-07-25'}, 'block': {'height': 10528494}}, {'smartContract': {'address': {'address': '0x331bccace690a5d40019b1c726ad70dad25f28ea'}}, 'caller': {'address': '0x377598d56030b2d6a9e83f20d44ba3b10ddfa2d5'}, 'date': {'date': '2020-07-25'}, 'block': {'height': 10528237}}, {'smartContract': {'address': {'address': '0x02285acaafeb533e03a7306c55ec031297df9224'}}, 'caller': {'address': '0x377598d56030b2d6a9e83f20d44ba3b10ddfa2d5'}, 'date': {'date': '2020-07-23'}, 'block': {'height': 10515737}}, {'smartContract': {'address': {'address': '0xd733d0e0246ab69010efc3a9220b26077ea63670'}}, 'caller': {'address': '0x377598d56030b2d6a9e83f20d44ba3b10ddfa2d5'}, 'date': {'date': '2020-07-23'}, 'block': {'height': 10515725}}, {'smartContract': {'address': {'address': '0x16c9cf62d8dac4a38fb50ae5fa5d51e9170f3179'}}, 'caller': {'address': '0x377598d56030b2d6a9e83f20d44ba3b10ddfa2d5'}, 'date': {'date': '2020-07-23'}, 'block': {'height': 10515689}}, {'smartContract': {'address': {'address': '0x097647b49c56318a28e4856f52ace0d26fc263e6'}}, 'caller': {'address': '0x377598d56030b2d6a9e83f20d44ba3b10ddfa2d5'}, 'date': {'date': '2020-07-23'}, 'block': {'height': 10515676}}, {'smartContract': {'address': {'address': '0xbb7d75be4dc8eb15ff90422137c0a5bcbd316953'}}, 'caller': {'address': '0x377598d56030b2d6a9e83f20d44ba3b10ddfa2d5'}, 'date': {'date': '2020-07-23'}, 'block': {'height': 10512949}}, {'smartContract': {'address': {'address': '0x1843d44e3565cd6b439b65e64eb24d243689a10d'}}, 'caller': {'address': '0x377598d56030b2d6a9e83f20d44ba3b10ddfa2d5'}, 'date': {'date': '2020-07-23'}, 'block': {'height': 10512939}}, {'smartContract': {'address': {'address': '0x868277d475e0e475e38ec5cda2d9c83b5e1d9fc8'}}, 'caller': {'address': '0x377598d56030b2d6a9e83f20d44ba3b10ddfa2d5'}, 'date': {'date': '2020-07-22'}, 'block': {'height': 10509668}}, {'smartContract': {'address': {'address': '0x90af4ef294ff50a271c3f5dbe509022e0fbd1ae8'}}, 'caller': {'address': '0x377598d56030b2d6a9e83f20d44ba3b10ddfa2d5'}, 'date': {'date': '2020-07-22'}, 'block': {'height': 10509587}}, {'smartContract': {'address': {'address': '0x1cc5650ac8e218c3dcc5fae97733f02b662832a1'}}, 'caller': {'address': '0x377598d56030b2d6a9e83f20d44ba3b10ddfa2d5'}, 'date': {'date': '2020-07-22'}, 'block': {'height': 10509548}}, {'smartContract': {'address': {'address': '0xbcdd2a069a46e9b5d032d2f99725418508ce6aee'}}, 'caller': {'address': '0x377598d56030b2d6a9e83f20d44ba3b10ddfa2d5'}, 'date': {'date': '2020-07-22'}, 'block': {'height': 10509524}}, {'smartContract': {'address': {'address': '0x40f5993b0cc0f0e3828b02163ef6294c8ae737e3'}}, 'caller': {'address': '0x377598d56030b2d6a9e83f20d44ba3b10ddfa2d5'}, 'date': {'date': '2020-07-22'}, 'block': {'height': 10509510}}, {'smartContract': {'address': {'address': '0x885dd179c76ee5949b9053f1958ba3a91e4cf592'}}, 'caller': {'address': '0x377598d56030b2d6a9e83f20d44ba3b10ddfa2d5'}, 'date': {'date': '2020-07-22'}, 'block': {'height': 10509484}}, {'smartContract': {'address': {'address': '0x3c573234e1a9e47e0cac56db543e1ca153eb7f8b'}}, 'caller': {'address': '0x377598d56030b2d6a9e83f20d44ba3b10ddfa2d5'}, 'date': {'date': '2020-07-22'}, 'block': {'height': 10509471}}, {'smartContract': {'address': {'address': '0x9b6ba9e66a2422f1d62f6f83a46a129de907967b'}}, 'caller': {'address': '0x377598d56030b2d6a9e83f20d44ba3b10ddfa2d5'}, 'date': {'date': '2020-07-22'}, 'block': {'height': 10509458}}, {'smartContract': {'address': {'address': '0xeabbf7955c668a2f404576dbb7cfe03e64c5d24f'}}, 'caller': {'address': '0x377598d56030b2d6a9e83f20d44ba3b10ddfa2d5'}, 'date': {'date': '2020-07-22'}, 'block': {'height': 10509448}}, {'smartContract': {'address': {'address': '0x8f0400e5d3b7358a15e643daa29f6943f758bd73'}}, 'caller': {'address': '0x377598d56030b2d6a9e83f20d44ba3b10ddfa2d5'}, 'date': {'date': '2020-07-21'}, 'block': {'height': 10499508}}, {'smartContract': {'address': {'address': '0x7d38107e69ec5745a81b89f8e3e3af4b240b1406'}}, 'caller': {'address': '0x377598d56030b2d6a9e83f20d44ba3b10ddfa2d5'}, 'date': {'date': '2020-07-21'}, 'block': {'height': 10499501}}, {'smartContract': {'address': {'address': '0xe124b1bc47e1974196febb19a44b4eecd92b6cce'}}, 'caller': {'address': '0x377598d56030b2d6a9e83f20d44ba3b10ddfa2d5'}, 'date': {'date': '2020-07-20'}, 'block': {'height': 10495163}}, {'smartContract': {'address': {'address': '0xe7b11d8fd2a8e1443804c1acf0db8a4f9f881cf0'}}, 'caller': {'address': '0x377598d56030b2d6a9e83f20d44ba3b10ddfa2d5'}, 'date': {'date': '2020-07-20'}, 'block': {'height': 10495134}}, {'smartContract': {'address': {'address': '0xafd7d1eaf4b3f3688fcd2677f433553346c78506'}}, 'caller': {'address': '0x377598d56030b2d6a9e83f20d44ba3b10ddfa2d5'}, 'date': {'date': '2020-07-20'}, 'block': {'height': 10495126}}, {'smartContract': {'address': {'address': '0x9a6755d26aaa41c40477ce5f618808eccf9bd935'}}, 'caller': {'address': '0x377598d56030b2d6a9e83f20d44ba3b10ddfa2d5'}, 'date': {'date': '2020-07-20'}, 'block': {'height': 10495080}}, {'smartContract': {'address': {'address': '0x0168e2cc53d069876ff0a8963f91a9c4900a5ca6'}}, 'caller': {'address': '0x377598d56030b2d6a9e83f20d44ba3b10ddfa2d5'}, 'date': {'date': '2020-07-20'}, 'block': {'height': 10495068}}, {'smartContract': {'address': {'address': '0x94874d0f320d8da090edb9d9665203f5f372cf8b'}}, 'caller': {'address': '0x377598d56030b2d6a9e83f20d44ba3b10ddfa2d5'}, 'date': {'date': '2020-07-20'}, 'block': {'height': 10494986}}, {'smartContract': {'address': {'address': '0x545486f33f8ac50fe706e7dc5902204879464f93'}}, 'caller': {'address': '0x377598d56030b2d6a9e83f20d44ba3b10ddfa2d5'}, 'date': {'date': '2020-07-20'}, 'block': {'height': 10494948}}, {'smartContract': {'address': {'address': '0x1e618d24c68eaf9bb3030691fca3283a67985042'}}, 'caller': {'address': '0x377598d56030b2d6a9e83f20d44ba3b10ddfa2d5'}, 'date': {'date': '2020-07-15'}, 'block': {'height': 10464273}}, {'smartContract': {'address': {'address': '0x8313fd80b4ba0d603918af3fab9a88daa56796b0'}}, 'caller': {'address': '0x377598d56030b2d6a9e83f20d44ba3b10ddfa2d5'}, 'date': {'date': '2020-07-15'}, 'block': {'height': 10464232}}, {'smartContract': {'address': {'address': '0x355c665e101b9da58704a8fddb5feef210ef20c0'}}, 'caller': {'address': '0x377598d56030b2d6a9e83f20d44ba3b10ddfa2d5'}, 'date': {'date': '2020-07-15'}, 'block': {'height': 10462553}}, {'smartContract': {'address': {'address': '0x09a52b4c749d006f7fc0c3f316aeca54d74bb97a'}}, 'caller': {'address': '0x377598d56030b2d6a9e83f20d44ba3b10ddfa2d5'}, 'date': {'date': '2020-07-15'}, 'block': {'height': 10462544}}, {'smartContract': {'address': {'address': '0x5442765087f5015a85887ab8e2598305b64420d0'}}, 'caller': {'address': '0x377598d56030b2d6a9e83f20d44ba3b10ddfa2d5'}, 'date': {'date': '2020-07-12'}, 'block': {'height': 10442674}}, {'smartContract': {'address': {'address': '0x1332230ae69798ffd38828f2f56de1a68f17276b'}}, 'caller': {'address': '0x377598d56030b2d6a9e83f20d44ba3b10ddfa2d5'}, 'date': {'date': '2020-07-09'}, 'block': {'height': 10424623}}, {'smartContract': {'address': {'address': '0x0effcb66871fcc97f074a901f69b1367d2eacc4f'}}, 'caller': {'address': '0x377598d56030b2d6a9e83f20d44ba3b10ddfa2d5'}, 'date': {'date': '2020-06-08'}, 'block': {'height': 10222787}}, {'smartContract': {'address': {'address': '0x5c8d48c48516cab97963e952971c26a6f9ffd4dd'}}, 'caller': {'address': '0x377598d56030b2d6a9e83f20d44ba3b10ddfa2d5'}, 'date': {'date': '2020-06-08'}, 'block': {'height': 10222777}}, {'smartContract': {'address': {'address': '0x2a26e3ffe34bee2d7fa0c0d4dc6a34755f09a8a0'}}, 'caller': {'address': '0x377598d56030b2d6a9e83f20d44ba3b10ddfa2d5'}, 'date': {'date': '2020-06-08'}, 'block': {'height': 10222756}}, {'smartContract': {'address': {'address': '0xfa953d13a4dd5ed5dfa5e7a8eff9c4b8d8f4ad7d'}}, 'caller': {'address': '0x377598d56030b2d6a9e83f20d44ba3b10ddfa2d5'}, 'date': {'date': '2020-05-28'}, 'block': {'height': 10151612}}, {'smartContract': {'address': {'address': '0x624a0fc9956b17ce0caf38ab20fa1f369c03cd0e'}}, 'caller': {'address': '0x377598d56030b2d6a9e83f20d44ba3b10ddfa2d5'}, 'date': {'date': '2020-05-27'}, 'block': {'height': 10146910}}, {'smartContract': {'address': {'address': '0x879a3d27e49be1d623d78bd4b87fa7487658eda4'}}, 'caller': {'address': '0x377598d56030b2d6a9e83f20d44ba3b10ddfa2d5'}, 'date': {'date': '2020-05-27'}, 'block': {'height': 10146680}}, {'smartContract': {'address': {'address': '0x92489789778d69eff4a53b6d649f0a51e02e6291'}}, 'caller': {'address': '0x377598d56030b2d6a9e83f20d44ba3b10ddfa2d5'}, 'date': {'date': '2020-05-27'}, 'block': {'height': 10146505}}, {'smartContract': {'address': {'address': '0xb04dc0c87b4d25c846f7ec9dc545b174569cc1b8'}}, 'caller': {'address': '0x377598d56030b2d6a9e83f20d44ba3b10ddfa2d5'}, 'date': {'date': '2020-05-27'}, 'block': {'height': 10146389}}, {'smartContract': {'address': {'address': '0xf927d65800d5a03403e27f2044f7753d93d6ffc6'}}, 'caller': {'address': '0x377598d56030b2d6a9e83f20d44ba3b10ddfa2d5'}, 'date': {'date': '2020-05-27'}, 'block': {'height': 10146355}}, {'smartContract': {'address': {'address': '0xb54e1aa5baaa4fba33dc5379ccec1fc8788ed199'}}, 'caller': {'address': '0x377598d56030b2d6a9e83f20d44ba3b10ddfa2d5'}, 'date': {'date': '2020-05-27'}, 'block': {'height': 10146294}}, {'smartContract': {'address': {'address': '0x0a84a93960f9b35e50a6f134a1f7867c662c852a'}}, 'caller': {'address': '0x377598d56030b2d6a9e83f20d44ba3b10ddfa2d5'}, 'date': {'date': '2020-05-27'}, 'block': {'height': 10146108}}, {'smartContract': {'address': {'address': '0x2db8457c27f797cb444cc3da4a9a0c2829f81014'}}, 'caller': {'address': '0x377598d56030b2d6a9e83f20d44ba3b10ddfa2d5'}, 'date': {'date': '2020-05-26'}, 'block': {'height': 10138683}}, {'smartContract': {'address': {'address': '0x3e207befe239414ffe87d2ce6eff5234ab923e44'}}, 'caller': {'address': '0x377598d56030b2d6a9e83f20d44ba3b10ddfa2d5'}, 'date': {'date': '2020-05-20'}, 'block': {'height': 10100116}}, {'smartContract': {'address': {'address': '0x0b71b38cadca04c60031820cc92f60b632b52211'}}, 'caller': {'address': '0x377598d56030b2d6a9e83f20d44ba3b10ddfa2d5'}, 'date': {'date': '2020-05-20'}, 'block': {'height': 10099920}}, {'smartContract': {'address': {'address': '0xe669b50da09d5953dffd6d294e302deae71b5f48'}}, 'caller': {'address': '0x377598d56030b2d6a9e83f20d44ba3b10ddfa2d5'}, 'date': {'date': '2020-05-13'}, 'block': {'height': 10055338}}, {'smartContract': {'address': {'address': '0x03ef3f37856bd08eb47e2de7abc4ddd2c19b60f2'}}, 'caller': {'address': '0x377598d56030b2d6a9e83f20d44ba3b10ddfa2d5'}, 'date': {'date': '2020-05-13'}, 'block': {'height': 10055304}}, {'smartContract': {'address': {'address': '0x3380a2c534bcdbe72801988b242e80257b50d3ed'}}, 'caller': {'address': '0x377598d56030b2d6a9e83f20d44ba3b10ddfa2d5'}, 'date': {'date': '2020-05-13'}, 'block': {'height': 10055298}}, {'smartContract': {'address': {'address': '0xb122dc90f1e85fbf42467ba44c9ad1440f51f554'}}, 'caller': {'address': '0x377598d56030b2d6a9e83f20d44ba3b10ddfa2d5'}, 'date': {'date': '2020-05-11'}, 'block': {'height': 10045094}}, {'smartContract': {'address': {'address': '0xa57c1b367017d96d162671d653916b6fd345f374'}}, 'caller': {'address': '0x377598d56030b2d6a9e83f20d44ba3b10ddfa2d5'}, 'date': {'date': '2020-05-11'}, 'block': {'height': 10044297}}, {'smartContract': {'address': {'address': '0x518d9b29769bfc44246309289bca6189573413a9'}}, 'caller': {'address': '0x377598d56030b2d6a9e83f20d44ba3b10ddfa2d5'}, 'date': {'date': '2020-04-18'}, 'block': {'height': 9897297}}, {'smartContract': {'address': {'address': '0x79414ba97d957474eb27881ab5d98bb1e6045692'}}, 'caller': {'address': '0x377598d56030b2d6a9e83f20d44ba3b10ddfa2d5'}, 'date': {'date': '2020-04-17'}, 'block': {'height': 9889834}}]",2019-07-25
68,68,0xec67005c4E498Ec7f55E092bd1d35cbC47C91892,Melon Token (MLN),https://github.com/enzymefinance,0x0d580ae50B58fe08514dEAB4e38c0DFdB0D30adC,37370274.47,"[{'smartContract': {'address': {'address': '0xdfd119c2e48a92873c211f6266ed6b132678b705'}}, 'caller': {'address': '0x0d580ae50b58fe08514deab4e38c0dfdb0d30adc'}, 'date': {'date': '2020-04-22'}, 'block': {'height': 9924048}}, {'smartContract': {'address': {'address': '0x6ac2a1a354a7792ba5664ee4b88214c72b6d6d0c'}}, 'caller': {'address': '0x0d580ae50b58fe08514deab4e38c0dfdb0d30adc'}, 'date': {'date': '2020-04-09'}, 'block': {'height': 9838214}}, {'smartContract': {'address': {'address': '0x10a285ea8b9e0ff92a2de4ecf961293a6999f7e6'}}, 'caller': {'address': '0x0d580ae50b58fe08514deab4e38c0dfdb0d30adc'}, 'date': {'date': '2020-04-06'}, 'block': {'height': 9820213}}]",2019-01-26
69,69,0x2e9d63788249371f1DFC918a52f8d799F4a38C94,Tokemak,,0x9e0bcE7ec474B481492610eB9dd5D69EB03718D5,36979980.77,"[{'smartContract': {'address': {'address': '0xf82337cf52979411b769176c156daa88e2b54f63'}}, 'caller': {'address': '0x9e0bce7ec474b481492610eb9dd5d69eb03718d5'}, 'date': {'date': '2022-11-28'}, 'block': {'height': 16069143}}, {'smartContract': {'address': {'address': '0x3cce05568008916d739479958f7a1af5f67661dd'}}, 'caller': {'address': '0x9e0bce7ec474b481492610eb9dd5d69eb03718d5'}, 'date': {'date': '2022-11-17'}, 'block': {'height': 15991935}}, {'smartContract': {'address': {'address': '0x086b9734d33783bbe4fbc8249df4c686aae27054'}}, 'caller': {'address': '0x9e0bce7ec474b481492610eb9dd5d69eb03718d5'}, 'date': {'date': '2022-11-17'}, 'block': {'height': 15991928}}, {'smartContract': {'address': {'address': '0xa374a62ddbd21e3d5716cb04821cb710897c0972'}}, 'caller': {'address': '0x9e0bce7ec474b481492610eb9dd5d69eb03718d5'}, 'date': {'date': '2022-11-17'}, 'block': {'height': 15991875}}, {'smartContract': {'address': {'address': '0x65e1f22b8b17371e6ea93bcc3d20d5532203506e'}}, 'caller': {'address': '0x9e0bce7ec474b481492610eb9dd5d69eb03718d5'}, 'date': {'date': '2022-11-17'}, 'block': {'height': 15991873}}, {'smartContract': {'address': {'address': '0x5d9ef8f1cfa952a4a383e10a447dd23c5ea20eb8'}}, 'caller': {'address': '0x66807b5598a848602734b82e432dd88dbe13fc8f'}, 'date': {'date': '2022-10-26'}, 'block': {'height': 15834047}}, {'smartContract': {'address': {'address': '0xef8670da2d381a523953e157cf52b704b94a955b'}}, 'caller': {'address': '0x9e0bce7ec474b481492610eb9dd5d69eb03718d5'}, 'date': {'date': '2022-09-09'}, 'block': {'height': 15503184}}, {'smartContract': {'address': {'address': '0x9b201c92e8768341e5209cd188a6f66aff95c1e3'}}, 'caller': {'address': '0x66807b5598a848602734b82e432dd88dbe13fc8f'}, 'date': {'date': '2022-09-02'}, 'block': {'height': 15459982}}, {'smartContract': {'address': {'address': '0x1dddf8ef2a9c181e7c7fd7c8175da30a221d0122'}}, 'caller': {'address': '0x9e0bce7ec474b481492610eb9dd5d69eb03718d5'}, 'date': {'date': '2022-08-29'}, 'block': {'height': 15436341}}, {'smartContract': {'address': {'address': '0x83d78bf3f861e898cca47bd076b3839ab5469d70'}}, 'caller': {'address': '0xb9fc157394af804a3578134a6585c0dc9cc990d4'}, 'date': {'date': '2022-08-19'}, 'block': {'height': 15372345}}, {'smartContract': {'address': {'address': '0x061aee9ab655e73719577ea1df116d7139b2a7e7'}}, 'caller': {'address': '0x9e0bce7ec474b481492610eb9dd5d69eb03718d5'}, 'date': {'date': '2022-08-18'}, 'block': {'height': 15367358}}, {'smartContract': {'address': {'address': '0x572a7de03d4d2bded8c3e6faa99fb835b226aaa2'}}, 'caller': {'address': '0x9e0bce7ec474b481492610eb9dd5d69eb03718d5'}, 'date': {'date': '2022-06-20'}, 'block': {'height': 14998018}}, {'smartContract': {'address': {'address': '0xe0979fc4bc4073018e88509c9b98ebd35768e2b2'}}, 'caller': {'address': '0x3c995e43e6ddd551e226f4c5544c77bfed147ab9'}, 'date': {'date': '2022-06-09'}, 'block': {'height': 14933200}}, {'smartContract': {'address': {'address': '0x3382607d00cfb668abab80d8ee781a2720cbc9ea'}}, 'caller': {'address': '0xedccb35798fae4925718a43cc608ae136208aa8d'}, 'date': {'date': '2022-06-09'}, 'block': {'height': 14933200}}, {'smartContract': {'address': {'address': '0x08ed0be79f855e983fa75c89394f9a9c21280356'}}, 'caller': {'address': '0x66807b5598a848602734b82e432dd88dbe13fc8f'}, 'date': {'date': '2022-06-09'}, 'block': {'height': 14933200}}, {'smartContract': {'address': {'address': '0xa0c08c0aede65a0306f7dd042d2560da174c91fc'}}, 'caller': {'address': '0xf18056bbd320e96a48e3fbf8bc061322531aac99'}, 'date': {'date': '2022-05-20'}, 'block': {'height': 14811653}}, {'smartContract': {'address': {'address': '0xa1a7ece4d54f1403187f81880346962f667721dd'}}, 'caller': {'address': '0x9e0bce7ec474b481492610eb9dd5d69eb03718d5'}, 'date': {'date': '2022-04-27'}, 'block': {'height': 14668926}}, {'smartContract': {'address': {'address': '0x803ec0b526c226cd73ec5633701f4baa59bc22bc'}}, 'caller': {'address': '0x9e0bce7ec474b481492610eb9dd5d69eb03718d5'}, 'date': {'date': '2022-04-27'}, 'block': {'height': 14668914}}, {'smartContract': {'address': {'address': '0x7ea4ad8c803653498bf6ac1d2debc04dce8fd2ad'}}, 'caller': {'address': '0xf18056bbd320e96a48e3fbf8bc061322531aac99'}, 'date': {'date': '2022-04-26'}, 'block': {'height': 14662563}}, {'smartContract': {'address': {'address': '0xe0e970a99bc4f53804d8145bebbc7ebc9422ba7f'}}, 'caller': {'address': '0xf18056bbd320e96a48e3fbf8bc061322531aac99'}, 'date': {'date': '2022-04-26'}, 'block': {'height': 14662563}}, {'smartContract': {'address': {'address': '0x59170d9d1d3db8ac3539c6705fb38c735af9f4c9'}}, 'caller': {'address': '0x9e0bce7ec474b481492610eb9dd5d69eb03718d5'}, 'date': {'date': '2022-04-21'}, 'block': {'height': 14629300}}, {'smartContract': {'address': {'address': '0x9fe6086c5e0648b101dacf73b6c7d26e39a569d2'}}, 'caller': {'address': '0x9e0bce7ec474b481492610eb9dd5d69eb03718d5'}, 'date': {'date': '2022-04-21'}, 'block': {'height': 14629193}}, {'smartContract': {'address': {'address': '0x3eb1b58dbe245b89c8494b8cff42b8ddbadc0a23'}}, 'caller': {'address': '0x9e0bce7ec474b481492610eb9dd5d69eb03718d5'}, 'date': {'date': '2022-04-21'}, 'block': {'height': 14629156}}, {'smartContract': {'address': {'address': '0x65230742ad2a60d73c6f3786e167a42a88c8358a'}}, 'caller': {'address': '0xa6b71e26c5e0845f74c812102ca7114b6a896ab2'}, 'date': {'date': '2022-04-20'}, 'block': {'height': 14619345}}, {'smartContract': {'address': {'address': '0xc845bc960b08e2aff3eeff6fbe0efdbde527503c'}}, 'caller': {'address': '0xa6b71e26c5e0845f74c812102ca7114b6a896ab2'}, 'date': {'date': '2022-04-20'}, 'block': {'height': 14619344}}, {'smartContract': {'address': {'address': '0xc9f2abf250e65f1fa1ee6600b9f2b416d3b345b2'}}, 'caller': {'address': '0xa6b71e26c5e0845f74c812102ca7114b6a896ab2'}, 'date': {'date': '2022-04-20'}, 'block': {'height': 14619343}}, {'smartContract': {'address': {'address': '0xe690ee9ae1d6107c6fd9392dc21c56232a847f81'}}, 'caller': {'address': '0xa6b71e26c5e0845f74c812102ca7114b6a896ab2'}, 'date': {'date': '2022-04-20'}, 'block': {'height': 14619342}}, {'smartContract': {'address': {'address': '0x84fb21f1f715262a7c4975ffdd77f8988a17dc8a'}}, 'caller': {'address': '0xa6b71e26c5e0845f74c812102ca7114b6a896ab2'}, 'date': {'date': '2022-04-20'}, 'block': {'height': 14619339}}, {'smartContract': {'address': {'address': '0x5621fd762057aa325e49cf15cba51ebdf2a89b03'}}, 'caller': {'address': '0xa6b71e26c5e0845f74c812102ca7114b6a896ab2'}, 'date': {'date': '2022-03-31'}, 'block': {'height': 14496544}}, {'smartContract': {'address': {'address': '0x3bc59a43d82c1acf3a597652eadd3a02082d3671'}}, 'caller': {'address': '0x9e0bce7ec474b481492610eb9dd5d69eb03718d5'}, 'date': {'date': '2022-03-31'}, 'block': {'height': 14496190}}, {'smartContract': {'address': {'address': '0x7d4a5e0fe8f19b07f2ebae3b59d4e6133441fc96'}}, 'caller': {'address': '0x9e0bce7ec474b481492610eb9dd5d69eb03718d5'}, 'date': {'date': '2022-03-31'}, 'block': {'height': 14496174}}, {'smartContract': {'address': {'address': '0xc8e257930d4f0a455a09bf8d189ed588d344da8a'}}, 'caller': {'address': '0x9e0bce7ec474b481492610eb9dd5d69eb03718d5'}, 'date': {'date': '2022-03-31'}, 'block': {'height': 14496170}}, {'smartContract': {'address': {'address': '0xdc08159a6c82611aeb347ba897d82ac1b80d9419'}}, 'caller': {'address': '0x5c69bee701ef814a2b6a3edd4b1652cb9cc5aa6f'}, 'date': {'date': '2022-03-30'}, 'block': {'height': 14489458}}, {'smartContract': {'address': {'address': '0x9d98a2792e78e8975eae54abd7e845f3646d145e'}}, 'caller': {'address': '0x9e0bce7ec474b481492610eb9dd5d69eb03718d5'}, 'date': {'date': '2022-03-29'}, 'block': {'height': 14483331}}, {'smartContract': {'address': {'address': '0x1d5a04c48b3196b0591088f6c1c0d2ae6a15ac34'}}, 'caller': {'address': '0xa6b71e26c5e0845f74c812102ca7114b6a896ab2'}, 'date': {'date': '2022-03-28'}, 'block': {'height': 14475453}}, {'smartContract': {'address': {'address': '0xa4699ec3e32c10bf494e37d22ec6659db8dd593d'}}, 'caller': {'address': '0xa6b71e26c5e0845f74c812102ca7114b6a896ab2'}, 'date': {'date': '2022-03-28'}, 'block': {'height': 14475450}}, {'smartContract': {'address': {'address': '0x0b98db20763d4489fd045f520977e414bf401e67'}}, 'caller': {'address': '0xa6b71e26c5e0845f74c812102ca7114b6a896ab2'}, 'date': {'date': '2022-03-28'}, 'block': {'height': 14475438}}, {'smartContract': {'address': {'address': '0x2e173869f572c90e8b5ece27db9b682a02c7a7bc'}}, 'caller': {'address': '0xa6b71e26c5e0845f74c812102ca7114b6a896ab2'}, 'date': {'date': '2022-03-23'}, 'block': {'height': 14439804}}, {'smartContract': {'address': {'address': '0x896f4ea101b2fc8e6d7276fa8440bb6d9f1acaff'}}, 'caller': {'address': '0xa6b71e26c5e0845f74c812102ca7114b6a896ab2'}, 'date': {'date': '2022-03-15'}, 'block': {'height': 14393692}}, {'smartContract': {'address': {'address': '0x5d5cfca2b44624a79036e4d561254bb2745c4a9d'}}, 'caller': {'address': '0xa6b71e26c5e0845f74c812102ca7114b6a896ab2'}, 'date': {'date': '2022-03-15'}, 'block': {'height': 14393691}}, {'smartContract': {'address': {'address': '0xc1e1def993e0e733d7fc04cb0726ec71243510d1'}}, 'caller': {'address': '0xa6b71e26c5e0845f74c812102ca7114b6a896ab2'}, 'date': {'date': '2022-03-15'}, 'block': {'height': 14393689}}, {'smartContract': {'address': {'address': '0x90dde3c6901530687a541979de61e0393616ef0b'}}, 'caller': {'address': '0xa6b71e26c5e0845f74c812102ca7114b6a896ab2'}, 'date': {'date': '2022-03-15'}, 'block': {'height': 14393688}}, {'smartContract': {'address': {'address': '0x61b2a8921af4b2d53397812eb496a748e98c7525'}}, 'caller': {'address': '0xa6b71e26c5e0845f74c812102ca7114b6a896ab2'}, 'date': {'date': '2022-03-15'}, 'block': {'height': 14393687}}, {'smartContract': {'address': {'address': '0x2eed410cd38a9011704e56c41c7d0f8069374257'}}, 'caller': {'address': '0xa6b71e26c5e0845f74c812102ca7114b6a896ab2'}, 'date': {'date': '2022-03-15'}, 'block': {'height': 14393685}}, {'smartContract': {'address': {'address': '0x0198a7304842de87bf4137d24961a7c47f001915'}}, 'caller': {'address': '0xa6b71e26c5e0845f74c812102ca7114b6a896ab2'}, 'date': {'date': '2022-03-15'}, 'block': {'height': 14393684}}, {'smartContract': {'address': {'address': '0x25a5daece290828563970c53daf951efb53cc9ca'}}, 'caller': {'address': '0xa6b71e26c5e0845f74c812102ca7114b6a896ab2'}, 'date': {'date': '2022-03-15'}, 'block': {'height': 14393683}}, {'smartContract': {'address': {'address': '0xc7130c39b075eca20b6dbeaecbb495975d81cd72'}}, 'caller': {'address': '0xa6b71e26c5e0845f74c812102ca7114b6a896ab2'}, 'date': {'date': '2022-03-15'}, 'block': {'height': 14393682}}, {'smartContract': {'address': {'address': '0x4ba880d4cee2e68023cd82a4359e92017d780636'}}, 'caller': {'address': '0xa6b71e26c5e0845f74c812102ca7114b6a896ab2'}, 'date': {'date': '2022-03-15'}, 'block': {'height': 14393681}}, {'smartContract': {'address': {'address': '0x60a50d06123eff854e07155b11b8df59189f3344'}}, 'caller': {'address': '0xa6b71e26c5e0845f74c812102ca7114b6a896ab2'}, 'date': {'date': '2022-03-15'}, 'block': {'height': 14393680}}, {'smartContract': {'address': {'address': '0x77822c723732fd3788e1834a3d62de9d1e259f93'}}, 'caller': {'address': '0xa6b71e26c5e0845f74c812102ca7114b6a896ab2'}, 'date': {'date': '2022-03-15'}, 'block': {'height': 14393679}}, {'smartContract': {'address': {'address': '0xea23fb523b48800d43189958d1a66bf25526ae66'}}, 'caller': {'address': '0xa6b71e26c5e0845f74c812102ca7114b6a896ab2'}, 'date': {'date': '2022-03-15'}, 'block': {'height': 14393678}}, {'smartContract': {'address': {'address': '0x12b93397ae80983a5c28b77c6cffd30e30aad743'}}, 'caller': {'address': '0xa6b71e26c5e0845f74c812102ca7114b6a896ab2'}, 'date': {'date': '2022-03-15'}, 'block': {'height': 14393677}}, {'smartContract': {'address': {'address': '0x1e9d9d9a2f0eb87db479aa7c97fb70370ebbf2a1'}}, 'caller': {'address': '0xa6b71e26c5e0845f74c812102ca7114b6a896ab2'}, 'date': {'date': '2022-03-15'}, 'block': {'height': 14393675}}, {'smartContract': {'address': {'address': '0xae93805a8a49a1cc8161b535218094c6c9218a93'}}, 'caller': {'address': '0xa6b71e26c5e0845f74c812102ca7114b6a896ab2'}, 'date': {'date': '2022-03-15'}, 'block': {'height': 14393674}}, {'smartContract': {'address': {'address': '0x5042794f1aa66570db6df1243b64ed6f54b9d080'}}, 'caller': {'address': '0xa6b71e26c5e0845f74c812102ca7114b6a896ab2'}, 'date': {'date': '2022-03-15'}, 'block': {'height': 14393641}}, {'smartContract': {'address': {'address': '0x4346bf76add5669a0b0915304a21cf1b2871df0b'}}, 'caller': {'address': '0xa6b71e26c5e0845f74c812102ca7114b6a896ab2'}, 'date': {'date': '2022-03-15'}, 'block': {'height': 14393640}}, {'smartContract': {'address': {'address': '0x6f5ed6a0c4d7241824a456b58f3cbb1d86163f3a'}}, 'caller': {'address': '0xa6b71e26c5e0845f74c812102ca7114b6a896ab2'}, 'date': {'date': '2022-03-15'}, 'block': {'height': 14393639}}, {'smartContract': {'address': {'address': '0x6a6e1fd386cae495728c8a9b7233e5a2c68cfd77'}}, 'caller': {'address': '0xa6b71e26c5e0845f74c812102ca7114b6a896ab2'}, 'date': {'date': '2022-03-15'}, 'block': {'height': 14393638}}, {'smartContract': {'address': {'address': '0x36809cbf2975bf78c0f059342aa2895bb9128cb8'}}, 'caller': {'address': '0xa6b71e26c5e0845f74c812102ca7114b6a896ab2'}, 'date': {'date': '2022-03-15'}, 'block': {'height': 14393637}}, {'smartContract': {'address': {'address': '0xbb104cb45678a03ac207d52ba5c10d53c17f1647'}}, 'caller': {'address': '0xa6b71e26c5e0845f74c812102ca7114b6a896ab2'}, 'date': {'date': '2022-03-15'}, 'block': {'height': 14393634}}, {'smartContract': {'address': {'address': '0xd380cc7327301f53a76a32105268f3beb33a24f9'}}, 'caller': {'address': '0xa6b71e26c5e0845f74c812102ca7114b6a896ab2'}, 'date': {'date': '2022-03-15'}, 'block': {'height': 14393632}}, {'smartContract': {'address': {'address': '0x02b845fe23896f45703245d5f7f82c25a6e31695'}}, 'caller': {'address': '0xa6b71e26c5e0845f74c812102ca7114b6a896ab2'}, 'date': {'date': '2022-03-15'}, 'block': {'height': 14393631}}, {'smartContract': {'address': {'address': '0x6fd5ae3496b299144bac464d890bd3e52bbfd2ca'}}, 'caller': {'address': '0xa6b71e26c5e0845f74c812102ca7114b6a896ab2'}, 'date': {'date': '2022-03-15'}, 'block': {'height': 14393628}}, {'smartContract': {'address': {'address': '0x1d78599ba39a5f96e4cb6d2336c477bfe2e771c2'}}, 'caller': {'address': '0xa6b71e26c5e0845f74c812102ca7114b6a896ab2'}, 'date': {'date': '2022-03-15'}, 'block': {'height': 14393626}}, {'smartContract': {'address': {'address': '0x610795d1362eb0449f7166180513684f548df2f8'}}, 'caller': {'address': '0xa6b71e26c5e0845f74c812102ca7114b6a896ab2'}, 'date': {'date': '2022-03-15'}, 'block': {'height': 14393625}}, {'smartContract': {'address': {'address': '0xb0db8af974fb6909609f80c15138fe3a83c6c3cb'}}, 'caller': {'address': '0xa6b71e26c5e0845f74c812102ca7114b6a896ab2'}, 'date': {'date': '2022-03-15'}, 'block': {'height': 14393624}}, {'smartContract': {'address': {'address': '0x26a479f4f010699ac0b9bdca791932ab3624f220'}}, 'caller': {'address': '0xa6b71e26c5e0845f74c812102ca7114b6a896ab2'}, 'date': {'date': '2022-03-15'}, 'block': {'height': 14393622}}, {'smartContract': {'address': {'address': '0xe50e9a4886bdc2d52e958bf36f2af9511b7193bb'}}, 'caller': {'address': '0xa6b71e26c5e0845f74c812102ca7114b6a896ab2'}, 'date': {'date': '2022-03-15'}, 'block': {'height': 14393621}}, {'smartContract': {'address': {'address': '0xd9a5208cb01ef1c9fb71f0963c674ed9753df06f'}}, 'caller': {'address': '0xa6b71e26c5e0845f74c812102ca7114b6a896ab2'}, 'date': {'date': '2022-03-15'}, 'block': {'height': 14393620}}, {'smartContract': {'address': {'address': '0x26490aab85e6dfd891e21498915d58a9ccb62d5f'}}, 'caller': {'address': '0xa6b71e26c5e0845f74c812102ca7114b6a896ab2'}, 'date': {'date': '2022-03-15'}, 'block': {'height': 14393619}}, {'smartContract': {'address': {'address': '0x8bb310db3a05f15d6657e307af8f22696eaccabc'}}, 'caller': {'address': '0xa6b71e26c5e0845f74c812102ca7114b6a896ab2'}, 'date': {'date': '2022-03-15'}, 'block': {'height': 14393617}}, {'smartContract': {'address': {'address': '0x676a41c29e7054639c4b83d1d32d431c3354d3b5'}}, 'caller': {'address': '0xa6b71e26c5e0845f74c812102ca7114b6a896ab2'}, 'date': {'date': '2022-03-15'}, 'block': {'height': 14393615}}, {'smartContract': {'address': {'address': '0x7b96c25d6e70fbbe063839844ebe0806955e8519'}}, 'caller': {'address': '0xa6b71e26c5e0845f74c812102ca7114b6a896ab2'}, 'date': {'date': '2022-03-15'}, 'block': {'height': 14393612}}, {'smartContract': {'address': {'address': '0xedcc1e0fc17e542a2c719e81ace495296b2063e6'}}, 'caller': {'address': '0xa6b71e26c5e0845f74c812102ca7114b6a896ab2'}, 'date': {'date': '2022-03-15'}, 'block': {'height': 14393611}}, {'smartContract': {'address': {'address': '0x0f0417ef7e08d277a8a5e93721171378692f9c8d'}}, 'caller': {'address': '0xa6b71e26c5e0845f74c812102ca7114b6a896ab2'}, 'date': {'date': '2022-03-15'}, 'block': {'height': 14393610}}, {'smartContract': {'address': {'address': '0xaac290867a2c6037d48227b8c76b3e29c274c117'}}, 'caller': {'address': '0xa6b71e26c5e0845f74c812102ca7114b6a896ab2'}, 'date': {'date': '2022-03-15'}, 'block': {'height': 14393608}}, {'smartContract': {'address': {'address': '0x29b2e40e5edb999b874124daeed4ef84452724fd'}}, 'caller': {'address': '0xa6b71e26c5e0845f74c812102ca7114b6a896ab2'}, 'date': {'date': '2022-03-15'}, 'block': {'height': 14393607}}, {'smartContract': {'address': {'address': '0xc4fb3d9b6478ff771583fc4af990f7954cb2c19b'}}, 'caller': {'address': '0xa6b71e26c5e0845f74c812102ca7114b6a896ab2'}, 'date': {'date': '2022-03-15'}, 'block': {'height': 14393606}}, {'smartContract': {'address': {'address': '0x0e886c0178e686bfda344b273b74caa43f002311'}}, 'caller': {'address': '0xa6b71e26c5e0845f74c812102ca7114b6a896ab2'}, 'date': {'date': '2022-03-15'}, 'block': {'height': 14393605}}, {'smartContract': {'address': {'address': '0x3149bc296873ffe05c07f8bb7e5b27cb8502143d'}}, 'caller': {'address': '0xa6b71e26c5e0845f74c812102ca7114b6a896ab2'}, 'date': {'date': '2022-03-15'}, 'block': {'height': 14393574}}, {'smartContract': {'address': {'address': '0xa8091112aaab81a938bdebb3ab1c49b5d15c025b'}}, 'caller': {'address': '0xa6b71e26c5e0845f74c812102ca7114b6a896ab2'}, 'date': {'date': '2022-03-15'}, 'block': {'height': 14393572}}, {'smartContract': {'address': {'address': '0x8b1258867bf19e8201c3aea57f1f8ea4f4b9f72b'}}, 'caller': {'address': '0xa6b71e26c5e0845f74c812102ca7114b6a896ab2'}, 'date': {'date': '2022-03-15'}, 'block': {'height': 14393571}}, {'smartContract': {'address': {'address': '0xa344165b6eb2fdb03abda7f4ab8959480a731e82'}}, 'caller': {'address': '0xa6b71e26c5e0845f74c812102ca7114b6a896ab2'}, 'date': {'date': '2022-03-15'}, 'block': {'height': 14393570}}, {'smartContract': {'address': {'address': '0x47eff8ce1e0e524ed281700d14db9815f385674d'}}, 'caller': {'address': '0xa6b71e26c5e0845f74c812102ca7114b6a896ab2'}, 'date': {'date': '2022-03-15'}, 'block': {'height': 14393568}}, {'smartContract': {'address': {'address': '0x044517acae7c49bdf6ce0677660ff929a048be57'}}, 'caller': {'address': '0xa6b71e26c5e0845f74c812102ca7114b6a896ab2'}, 'date': {'date': '2022-03-15'}, 'block': {'height': 14393567}}, {'smartContract': {'address': {'address': '0xd71633b5872433a383ea690cf77b840091a155f5'}}, 'caller': {'address': '0xa6b71e26c5e0845f74c812102ca7114b6a896ab2'}, 'date': {'date': '2022-03-15'}, 'block': {'height': 14393565}}, {'smartContract': {'address': {'address': '0xd1d4516dada3b6d4063f7560e8f9211e83ce50d6'}}, 'caller': {'address': '0xa6b71e26c5e0845f74c812102ca7114b6a896ab2'}, 'date': {'date': '2022-03-15'}, 'block': {'height': 14393564}}, {'smartContract': {'address': {'address': '0xc8ef0bc5eb5fea910e51994e1431c0de361589ae'}}, 'caller': {'address': '0xa6b71e26c5e0845f74c812102ca7114b6a896ab2'}, 'date': {'date': '2022-03-15'}, 'block': {'height': 14393563}}, {'smartContract': {'address': {'address': '0x11040ac32bcfd4f925629758ec975a15ad9a9557'}}, 'caller': {'address': '0xa6b71e26c5e0845f74c812102ca7114b6a896ab2'}, 'date': {'date': '2022-03-15'}, 'block': {'height': 14393562}}, {'smartContract': {'address': {'address': '0x7544674280fdfb49d74ba8cdc2418af48298e560'}}, 'caller': {'address': '0xa6b71e26c5e0845f74c812102ca7114b6a896ab2'}, 'date': {'date': '2022-03-15'}, 'block': {'height': 14393560}}, {'smartContract': {'address': {'address': '0xfb6bf8fbd74707fd2f6d9f4b03bc31e51ff44fb6'}}, 'caller': {'address': '0xa6b71e26c5e0845f74c812102ca7114b6a896ab2'}, 'date': {'date': '2022-03-15'}, 'block': {'height': 14393558}}, {'smartContract': {'address': {'address': '0xfdcdb2ba3c9de502997661e1131141fb8ce682e3'}}, 'caller': {'address': '0xa6b71e26c5e0845f74c812102ca7114b6a896ab2'}, 'date': {'date': '2022-03-15'}, 'block': {'height': 14393556}}, {'smartContract': {'address': {'address': '0xb94cbb95fe448571c751510eac5ad9f7704ed670'}}, 'caller': {'address': '0xa6b71e26c5e0845f74c812102ca7114b6a896ab2'}, 'date': {'date': '2022-03-15'}, 'block': {'height': 14393553}}, {'smartContract': {'address': {'address': '0x56750ec621bd5ac1b8083ed34b5e2c849203c08a'}}, 'caller': {'address': '0xa6b71e26c5e0845f74c812102ca7114b6a896ab2'}, 'date': {'date': '2022-03-15'}, 'block': {'height': 14393552}}, {'smartContract': {'address': {'address': '0x623fbea50b12ecb9e730d07ec745bd7b090b292f'}}, 'caller': {'address': '0xa6b71e26c5e0845f74c812102ca7114b6a896ab2'}, 'date': {'date': '2022-03-15'}, 'block': {'height': 14393550}}, {'smartContract': {'address': {'address': '0xd9326df496f612b79621e44b34167a3f5d9e27e6'}}, 'caller': {'address': '0xa6b71e26c5e0845f74c812102ca7114b6a896ab2'}, 'date': {'date': '2022-03-15'}, 'block': {'height': 14393548}}, {'smartContract': {'address': {'address': '0xa2f8affd40df2d2113e0c2b54375a8f6b994069a'}}, 'caller': {'address': '0xa6b71e26c5e0845f74c812102ca7114b6a896ab2'}, 'date': {'date': '2022-03-15'}, 'block': {'height': 14393547}}, {'smartContract': {'address': {'address': '0x3b105a6c685c3f74d77c79ab9b6b7d6489997168'}}, 'caller': {'address': '0xa6b71e26c5e0845f74c812102ca7114b6a896ab2'}, 'date': {'date': '2022-03-15'}, 'block': {'height': 14393546}}, {'smartContract': {'address': {'address': '0xfcb1e8851923498eaf6cf503aa734cf7f2d52951'}}, 'caller': {'address': '0xa6b71e26c5e0845f74c812102ca7114b6a896ab2'}, 'date': {'date': '2022-03-15'}, 'block': {'height': 14393545}}, {'smartContract': {'address': {'address': '0x2f98b68ecfad1dcd797aedbcd4d8015f217203e1'}}, 'caller': {'address': '0xa6b71e26c5e0845f74c812102ca7114b6a896ab2'}, 'date': {'date': '2022-03-15'}, 'block': {'height': 14393544}}]",2021-08-05
70,70,0x408e41876cCCDC0F92210600ef50372656052a38,Republic,https://github.com/renproject/renproject.io,0x9B1B265e548283430e6Ae4721842c448F4bed559,34117477.41,[],2017-12-31
71,71,0x2ba592F78dB6436527729929AAf6c908497cB200,Cream,,0x197939c1ca20C2b506d6811d8B6CDB3394471074,33560794.26,"[{'smartContract': {'address': {'address': '0x50697a3a8698e36549db3e1e46ef136149224790'}}, 'caller': {'address': '0x197939c1ca20c2b506d6811d8b6cdb3394471074'}, 'date': {'date': '2022-05-18'}, 'block': {'height': 14796458}}, {'smartContract': {'address': {'address': '0x9ae50bd64e45fd87dd05c768ff314b8fe246b3ff'}}, 'caller': {'address': '0x197939c1ca20c2b506d6811d8b6cdb3394471074'}, 'date': {'date': '2021-11-19'}, 'block': {'height': 13645479}}, {'smartContract': {'address': {'address': '0xbfc408229184c3e800c065445295878f915599a9'}}, 'caller': {'address': '0x197939c1ca20c2b506d6811d8b6cdb3394471074'}, 'date': {'date': '2021-11-19'}, 'block': {'height': 13645449}}, {'smartContract': {'address': {'address': '0x037fb55cfa48994ed020ed5be63c2770fb725e7b'}}, 'caller': {'address': '0xa6b71e26c5e0845f74c812102ca7114b6a896ab2'}, 'date': {'date': '2021-11-19'}, 'block': {'height': 13645402}}, {'smartContract': {'address': {'address': '0x49d72e3973900a195a155a46441f0c08179fdb64'}}, 'caller': {'address': '0x197939c1ca20c2b506d6811d8b6cdb3394471074'}, 'date': {'date': '2021-11-17'}, 'block': {'height': 13631289}}, {'smartContract': {'address': {'address': '0x24e45b60e13b6f96e983bb01ea1326fa5169ccd5'}}, 'caller': {'address': '0x197939c1ca20c2b506d6811d8b6cdb3394471074'}, 'date': {'date': '2021-11-12'}, 'block': {'height': 13600012}}, {'smartContract': {'address': {'address': '0xfd42f5e741dd747749d220804eeb96c3f0d4c304'}}, 'caller': {'address': '0x197939c1ca20c2b506d6811d8b6cdb3394471074'}, 'date': {'date': '2021-11-11'}, 'block': {'height': 13594123}}, {'smartContract': {'address': {'address': '0x7aa375f1fe5e04e18a6b02b4294cfd57ca9f53ba'}}, 'caller': {'address': '0x197939c1ca20c2b506d6811d8b6cdb3394471074'}, 'date': {'date': '2021-11-01'}, 'block': {'height': 13530632}}, {'smartContract': {'address': {'address': '0x2f4ad359d49164d2b794cc7d0324540d22accadb'}}, 'caller': {'address': '0x197939c1ca20c2b506d6811d8b6cdb3394471074'}, 'date': {'date': '2021-10-27'}, 'block': {'height': 13501157}}, {'smartContract': {'address': {'address': '0x8ec370ea274748620f3f7aab026ccc31b474c4db'}}, 'caller': {'address': '0x197939c1ca20c2b506d6811d8b6cdb3394471074'}, 'date': {'date': '2021-10-27'}, 'block': {'height': 13501060}}, {'smartContract': {'address': {'address': '0xc855b3a339392abac4e5f89ba5a29c984edd2dde'}}, 'caller': {'address': '0x197939c1ca20c2b506d6811d8b6cdb3394471074'}, 'date': {'date': '2021-10-27'}, 'block': {'height': 13500947}}, {'smartContract': {'address': {'address': '0x76b34af6394f3b98e21eb9b16c89434caa063828'}}, 'caller': {'address': '0x197939c1ca20c2b506d6811d8b6cdb3394471074'}, 'date': {'date': '2021-10-27'}, 'block': {'height': 13500203}}, {'smartContract': {'address': {'address': '0x672473908587b10e65dab177dbaeadcbb30bf40b'}}, 'caller': {'address': '0x197939c1ca20c2b506d6811d8b6cdb3394471074'}, 'date': {'date': '2021-10-26'}, 'block': {'height': 13491588}}, {'smartContract': {'address': {'address': '0xd37295796c8b885783bd0a4a6c890e3ddeae6705'}}, 'caller': {'address': '0x197939c1ca20c2b506d6811d8b6cdb3394471074'}, 'date': {'date': '2021-10-25'}, 'block': {'height': 13485195}}, {'smartContract': {'address': {'address': '0x9e8e207083ffd5bdc3d99a1f32d1e6250869c1a9'}}, 'caller': {'address': '0x197939c1ca20c2b506d6811d8b6cdb3394471074'}, 'date': {'date': '2021-10-25'}, 'block': {'height': 13484273}}, {'smartContract': {'address': {'address': '0x3313b20b8115e85a7885cfbbb8336282485467c2'}}, 'caller': {'address': '0xa6b71e26c5e0845f74c812102ca7114b6a896ab2'}, 'date': {'date': '2021-10-05'}, 'block': {'height': 13357892}}, {'smartContract': {'address': {'address': '0xca1041f188ffecc499e8d4d0f08dd31b0f41c157'}}, 'caller': {'address': '0x197939c1ca20c2b506d6811d8b6cdb3394471074'}, 'date': {'date': '2021-09-22'}, 'block': {'height': 13274418}}, {'smartContract': {'address': {'address': '0xd64f8d48cf67a939824b56e2de374327653de086'}}, 'caller': {'address': '0x197939c1ca20c2b506d6811d8b6cdb3394471074'}, 'date': {'date': '2021-09-13'}, 'block': {'height': 13216557}}, {'smartContract': {'address': {'address': '0xb8c5af54bbdcc61453144cf472a9276ae36109f9'}}, 'caller': {'address': '0x197939c1ca20c2b506d6811d8b6cdb3394471074'}, 'date': {'date': '2021-09-13'}, 'block': {'height': 13216527}}, {'smartContract': {'address': {'address': '0x9d029cd7cedcb194e2c361948f279f1788135bb2'}}, 'caller': {'address': '0x197939c1ca20c2b506d6811d8b6cdb3394471074'}, 'date': {'date': '2021-09-13'}, 'block': {'height': 13216501}}, {'smartContract': {'address': {'address': '0x30190a3b52b5ab1daf70d46d72536f5171f22340'}}, 'caller': {'address': '0x197939c1ca20c2b506d6811d8b6cdb3394471074'}, 'date': {'date': '2021-09-13'}, 'block': {'height': 13216497}}, {'smartContract': {'address': {'address': '0x0e821d855f4fc427200484ae42369b8a6611c2cb'}}, 'caller': {'address': '0x197939c1ca20c2b506d6811d8b6cdb3394471074'}, 'date': {'date': '2021-09-13'}, 'block': {'height': 13216462}}, {'smartContract': {'address': {'address': '0x58da9c9fc3eb30abbcbbab5ddabb1e6e2ef3d2ef'}}, 'caller': {'address': '0x197939c1ca20c2b506d6811d8b6cdb3394471074'}, 'date': {'date': '2021-09-08'}, 'block': {'height': 13183738}}, {'smartContract': {'address': {'address': '0x89e42987c39f72e2ead95a8a5bc92114323d5828'}}, 'caller': {'address': '0x197939c1ca20c2b506d6811d8b6cdb3394471074'}, 'date': {'date': '2021-09-08'}, 'block': {'height': 13183731}}, {'smartContract': {'address': {'address': '0xf04ce2e71d32d789a259428ddcd02d3c9f97fb4e'}}, 'caller': {'address': '0x197939c1ca20c2b506d6811d8b6cdb3394471074'}, 'date': {'date': '2021-09-08'}, 'block': {'height': 13183721}}, {'smartContract': {'address': {'address': '0x4112a717edd051f77d834a6703a1ef5e3d73387f'}}, 'caller': {'address': '0x197939c1ca20c2b506d6811d8b6cdb3394471074'}, 'date': {'date': '2021-09-08'}, 'block': {'height': 13183699}}, {'smartContract': {'address': {'address': '0x1a2897636a2d57c460f6af828726b535b079f47a'}}, 'caller': {'address': '0xa6b71e26c5e0845f74c812102ca7114b6a896ab2'}, 'date': {'date': '2021-08-18'}, 'block': {'height': 13048648}}, {'smartContract': {'address': {'address': '0xc08f48abef36aeeabc5e707b8dc504ae946762ff'}}, 'caller': {'address': '0x197939c1ca20c2b506d6811d8b6cdb3394471074'}, 'date': {'date': '2021-08-18'}, 'block': {'height': 13048392}}, {'smartContract': {'address': {'address': '0x1b3e95e8ecf7a7cab6c4de1b344f94865abd12d5'}}, 'caller': {'address': '0x197939c1ca20c2b506d6811d8b6cdb3394471074'}, 'date': {'date': '2021-08-16'}, 'block': {'height': 13035372}}, {'smartContract': {'address': {'address': '0xecab2c76f1a8359a06fab5fa0ceea51280a97ecf'}}, 'caller': {'address': '0x197939c1ca20c2b506d6811d8b6cdb3394471074'}, 'date': {'date': '2021-08-16'}, 'block': {'height': 13035350}}, {'smartContract': {'address': {'address': '0x86bbd9ac8b9b44c95ffc6baae58e25033b7548aa'}}, 'caller': {'address': '0x197939c1ca20c2b506d6811d8b6cdb3394471074'}, 'date': {'date': '2021-08-16'}, 'block': {'height': 13035350}}, {'smartContract': {'address': {'address': '0x215f34af6557a6598dbda9aa11cc556f5ae264b1'}}, 'caller': {'address': '0x197939c1ca20c2b506d6811d8b6cdb3394471074'}, 'date': {'date': '2021-08-16'}, 'block': {'height': 13035328}}, {'smartContract': {'address': {'address': '0x1533ba49dd0a5c8cd9e2e3666dd11128e70b2bcb'}}, 'caller': {'address': '0x197939c1ca20c2b506d6811d8b6cdb3394471074'}, 'date': {'date': '2021-08-16'}, 'block': {'height': 13034955}}, {'smartContract': {'address': {'address': '0x0c5bf19618a8fcddb132d82bc6c5ea736a1beaed'}}, 'caller': {'address': '0x197939c1ca20c2b506d6811d8b6cdb3394471074'}, 'date': {'date': '2021-08-16'}, 'block': {'height': 13034941}}, {'smartContract': {'address': {'address': '0x57847c5d84e62b20785ffd1a9d047066697e9146'}}, 'caller': {'address': '0xa6b71e26c5e0845f74c812102ca7114b6a896ab2'}, 'date': {'date': '2021-08-16'}, 'block': {'height': 13034780}}, {'smartContract': {'address': {'address': '0xd073e970cabfdeffe518c51e24910f887b5808a1'}}, 'caller': {'address': '0x197939c1ca20c2b506d6811d8b6cdb3394471074'}, 'date': {'date': '2021-08-16'}, 'block': {'height': 13034051}}, {'smartContract': {'address': {'address': '0x8c37ed7ac3ba0e8cf3640d31fef6335af84306f4'}}, 'caller': {'address': '0x197939c1ca20c2b506d6811d8b6cdb3394471074'}, 'date': {'date': '2021-08-16'}, 'block': {'height': 13034035}}, {'smartContract': {'address': {'address': '0x4e6b6b9606b4e45c19dd27d58b2cf3b66b2a8579'}}, 'caller': {'address': '0x76e2cfc1f5fa8f6a5b3fc4c8f4788f0116861f9b'}, 'date': {'date': '2021-08-16'}, 'block': {'height': 13033999}}, {'smartContract': {'address': {'address': '0xcddba405f8129e5bae101045aa45aca11c03b1c8'}}, 'caller': {'address': '0x197939c1ca20c2b506d6811d8b6cdb3394471074'}, 'date': {'date': '2021-08-13'}, 'block': {'height': 13016528}}, {'smartContract': {'address': {'address': '0xb9910c6fabbdbda7f060772f62b7a2471f54d8f0'}}, 'caller': {'address': '0x197939c1ca20c2b506d6811d8b6cdb3394471074'}, 'date': {'date': '2021-08-13'}, 'block': {'height': 13016498}}, {'smartContract': {'address': {'address': '0x01ae37a333d842428c668d6cc7130e552acab2b1'}}, 'caller': {'address': '0x197939c1ca20c2b506d6811d8b6cdb3394471074'}, 'date': {'date': '2021-08-13'}, 'block': {'height': 13016478}}, {'smartContract': {'address': {'address': '0x30f254104a8a7b7779483eeef5560397a737f812'}}, 'caller': {'address': '0x197939c1ca20c2b506d6811d8b6cdb3394471074'}, 'date': {'date': '2021-08-13'}, 'block': {'height': 13015090}}, {'smartContract': {'address': {'address': '0x545c18f845d6b37ea06bbc83bd9f8a54f4aab075'}}, 'caller': {'address': '0x76e2cfc1f5fa8f6a5b3fc4c8f4788f0116861f9b'}, 'date': {'date': '2021-08-13'}, 'block': {'height': 13015047}}, {'smartContract': {'address': {'address': '0xa741bc0ade4b6cd2257e913f23fd024e9f0190eb'}}, 'caller': {'address': '0x197939c1ca20c2b506d6811d8b6cdb3394471074'}, 'date': {'date': '2021-08-13'}, 'block': {'height': 13014050}}, {'smartContract': {'address': {'address': '0xdde8310a8a266191a7718b553a6b66ac07f8fe53'}}, 'caller': {'address': '0x197939c1ca20c2b506d6811d8b6cdb3394471074'}, 'date': {'date': '2021-08-12'}, 'block': {'height': 13009880}}, {'smartContract': {'address': {'address': '0xa67b44e37200e92e6da6249d8ae6d48f832a038d'}}, 'caller': {'address': '0x197939c1ca20c2b506d6811d8b6cdb3394471074'}, 'date': {'date': '2021-08-12'}, 'block': {'height': 13008171}}, {'smartContract': {'address': {'address': '0xbdfe6079b50df618e81983dd6ad31cfa6d45d41a'}}, 'caller': {'address': '0x197939c1ca20c2b506d6811d8b6cdb3394471074'}, 'date': {'date': '2021-08-03'}, 'block': {'height': 12951669}}, {'smartContract': {'address': {'address': '0x250fb308199fe8c5220509c1bf83d21d60b7f74a'}}, 'caller': {'address': '0x197939c1ca20c2b506d6811d8b6cdb3394471074'}, 'date': {'date': '2021-08-02'}, 'block': {'height': 12945139}}, {'smartContract': {'address': {'address': '0xef4e47f268116c7ec4b108e1ee3cdddd217d230e'}}, 'caller': {'address': '0x8fe00a685bcb3b2cc296ff6ffeab10aca4ce1538'}, 'date': {'date': '2021-07-28'}, 'block': {'height': 12913051}}, {'smartContract': {'address': {'address': '0x0ca0f068edad122f09a39f99e7e89e705d6f6ace'}}, 'caller': {'address': '0x197939c1ca20c2b506d6811d8b6cdb3394471074'}, 'date': {'date': '2021-07-27'}, 'block': {'height': 12907152}}, {'smartContract': {'address': {'address': '0x3986425b96f11972d31c78ff340908832c5c0043'}}, 'caller': {'address': '0x197939c1ca20c2b506d6811d8b6cdb3394471074'}, 'date': {'date': '2021-07-27'}, 'block': {'height': 12907070}}, {'smartContract': {'address': {'address': '0x3c9f5385c288ce438ed55620938a4b967c080101'}}, 'caller': {'address': '0x197939c1ca20c2b506d6811d8b6cdb3394471074'}, 'date': {'date': '2021-07-27'}, 'block': {'height': 12906780}}, {'smartContract': {'address': {'address': '0x2a867fd776b83e1bd4e13c6611afd2f6af07ea6d'}}, 'caller': {'address': '0x197939c1ca20c2b506d6811d8b6cdb3394471074'}, 'date': {'date': '2021-07-27'}, 'block': {'height': 12906736}}, {'smartContract': {'address': {'address': '0x1241b10e7ea55b22f5b2d007e8fecdf73dcff999'}}, 'caller': {'address': '0x197939c1ca20c2b506d6811d8b6cdb3394471074'}, 'date': {'date': '2021-07-27'}, 'block': {'height': 12906689}}, {'smartContract': {'address': {'address': '0xd7394428536f63d5659cc869ef69d10f9e66314b'}}, 'caller': {'address': '0x197939c1ca20c2b506d6811d8b6cdb3394471074'}, 'date': {'date': '2021-07-27'}, 'block': {'height': 12906619}}, {'smartContract': {'address': {'address': '0x27260eeb2a6c382a6e7d14b8991892790ca929bb'}}, 'caller': {'address': '0x197939c1ca20c2b506d6811d8b6cdb3394471074'}, 'date': {'date': '2021-07-20'}, 'block': {'height': 12863203}}, {'smartContract': {'address': {'address': '0x766175eac1a99c969ddd1ebdbe7e270d508d8fff'}}, 'caller': {'address': '0x197939c1ca20c2b506d6811d8b6cdb3394471074'}, 'date': {'date': '2021-07-20'}, 'block': {'height': 12862922}}, {'smartContract': {'address': {'address': '0x43bf8dd4edbe9d0d34415c979bae787bc534846f'}}, 'caller': {'address': '0x197939c1ca20c2b506d6811d8b6cdb3394471074'}, 'date': {'date': '2021-07-20'}, 'block': {'height': 12862792}}, {'smartContract': {'address': {'address': '0x00e5c0774a5f065c285068170b20393925c84bf3'}}, 'caller': {'address': '0x197939c1ca20c2b506d6811d8b6cdb3394471074'}, 'date': {'date': '2021-07-19'}, 'block': {'height': 12857424}}, {'smartContract': {'address': {'address': '0x81e346729723c4d15d0fb1c5679b9f2926ff13c6'}}, 'caller': {'address': '0x197939c1ca20c2b506d6811d8b6cdb3394471074'}, 'date': {'date': '2021-07-09'}, 'block': {'height': 12792577}}, {'smartContract': {'address': {'address': '0x09db988a691dc2ed8afd69884975da45f6c7b472'}}, 'caller': {'address': '0x197939c1ca20c2b506d6811d8b6cdb3394471074'}, 'date': {'date': '2021-07-09'}, 'block': {'height': 12792100}}, {'smartContract': {'address': {'address': '0x5ef4c9384d9d7c39cbc12b62e82900042f1205b4'}}, 'caller': {'address': '0x197939c1ca20c2b506d6811d8b6cdb3394471074'}, 'date': {'date': '2021-07-08'}, 'block': {'height': 12785602}}, {'smartContract': {'address': {'address': '0xa0d8116a3354f1daa2ca99440f32957356790d3a'}}, 'caller': {'address': '0x197939c1ca20c2b506d6811d8b6cdb3394471074'}, 'date': {'date': '2021-07-06'}, 'block': {'height': 12772188}}, {'smartContract': {'address': {'address': '0x3bd26ab1d319205af2c40be93cab572937cbb311'}}, 'caller': {'address': '0x197939c1ca20c2b506d6811d8b6cdb3394471074'}, 'date': {'date': '2021-07-02'}, 'block': {'height': 12747955}}, {'smartContract': {'address': {'address': '0x78962e442181bc1178fbdd1f0af3fa5467892963'}}, 'caller': {'address': '0x197939c1ca20c2b506d6811d8b6cdb3394471074'}, 'date': {'date': '2021-07-02'}, 'block': {'height': 12747918}}, {'smartContract': {'address': {'address': '0x16a14f5d5b96028b2f18ff0850f2b704ed3d6b83'}}, 'caller': {'address': '0x197939c1ca20c2b506d6811d8b6cdb3394471074'}, 'date': {'date': '2021-07-02'}, 'block': {'height': 12746959}}, {'smartContract': {'address': {'address': '0xe376ed92fe72125aa1f6eb9e113da7483dd11bb9'}}, 'caller': {'address': '0x197939c1ca20c2b506d6811d8b6cdb3394471074'}, 'date': {'date': '2021-07-02'}, 'block': {'height': 12746764}}, {'smartContract': {'address': {'address': '0xe649d8b63b8cfd92008edcf6baefd67ade489e30'}}, 'caller': {'address': '0x197939c1ca20c2b506d6811d8b6cdb3394471074'}, 'date': {'date': '2021-07-01'}, 'block': {'height': 12740671}}, {'smartContract': {'address': {'address': '0x4aa560d1eb33a55bd6210364fa588bda132970a5'}}, 'caller': {'address': '0x197939c1ca20c2b506d6811d8b6cdb3394471074'}, 'date': {'date': '2021-06-30'}, 'block': {'height': 12734518}}, {'smartContract': {'address': {'address': '0x26c325c8880ffe5a5744ff667ba7d8651b868710'}}, 'caller': {'address': '0x197939c1ca20c2b506d6811d8b6cdb3394471074'}, 'date': {'date': '2021-06-30'}, 'block': {'height': 12734477}}, {'smartContract': {'address': {'address': '0xe2d39aed396f03c7bcfab396af33a74cac4bbd2e'}}, 'caller': {'address': '0x197939c1ca20c2b506d6811d8b6cdb3394471074'}, 'date': {'date': '2021-06-30'}, 'block': {'height': 12734440}}, {'smartContract': {'address': {'address': '0xe585c76573d7593abf21537b607091f76c996e73'}}, 'caller': {'address': '0x197939c1ca20c2b506d6811d8b6cdb3394471074'}, 'date': {'date': '2021-06-28'}, 'block': {'height': 12721497}}, {'smartContract': {'address': {'address': '0xa8e2abccc65e94f3d867b0a9a6ce29fce623f9b9'}}, 'caller': {'address': '0x197939c1ca20c2b506d6811d8b6cdb3394471074'}, 'date': {'date': '2021-06-28'}, 'block': {'height': 12721263}}, {'smartContract': {'address': {'address': '0x9925f2f869048934e62720120798e7cce7e777bb'}}, 'caller': {'address': '0x197939c1ca20c2b506d6811d8b6cdb3394471074'}, 'date': {'date': '2021-06-25'}, 'block': {'height': 12702592}}, {'smartContract': {'address': {'address': '0x6ea8eab7d77f062989ab65f2bc3394e2be68505b'}}, 'caller': {'address': '0x197939c1ca20c2b506d6811d8b6cdb3394471074'}, 'date': {'date': '2021-06-25'}, 'block': {'height': 12702351}}, {'smartContract': {'address': {'address': '0xf1cd0056fb74de307f4302a9dadaa486d8f494f4'}}, 'caller': {'address': '0x197939c1ca20c2b506d6811d8b6cdb3394471074'}, 'date': {'date': '2021-06-15'}, 'block': {'height': 12638338}}, {'smartContract': {'address': {'address': '0x7930275241970149be9bf22ce96320eb4ccb16bd'}}, 'caller': {'address': '0x197939c1ca20c2b506d6811d8b6cdb3394471074'}, 'date': {'date': '2021-06-15'}, 'block': {'height': 12636407}}, {'smartContract': {'address': {'address': '0xb036141f1b6b317147784186c93979310164df27'}}, 'caller': {'address': '0x197939c1ca20c2b506d6811d8b6cdb3394471074'}, 'date': {'date': '2021-06-13'}, 'block': {'height': 12626802}}, {'smartContract': {'address': {'address': '0xc4ff0ab6883ddd0216bb2cde2104ea462cd0c4e9'}}, 'caller': {'address': '0x197939c1ca20c2b506d6811d8b6cdb3394471074'}, 'date': {'date': '2021-06-13'}, 'block': {'height': 12626480}}, {'smartContract': {'address': {'address': '0xbd95e9e1fd1cc5012a1162af9a034ace03179905'}}, 'caller': {'address': '0x197939c1ca20c2b506d6811d8b6cdb3394471074'}, 'date': {'date': '2021-06-11'}, 'block': {'height': 12611201}}, {'smartContract': {'address': {'address': '0xc15a2b4bc7ca71808f557906cb328abfde42b17e'}}, 'caller': {'address': '0x197939c1ca20c2b506d6811d8b6cdb3394471074'}, 'date': {'date': '2021-06-11'}, 'block': {'height': 12611100}}, {'smartContract': {'address': {'address': '0xa9d052ab8aba3a0726d4a6b8026b7eee427b86d4'}}, 'caller': {'address': '0x197939c1ca20c2b506d6811d8b6cdb3394471074'}, 'date': {'date': '2021-06-10'}, 'block': {'height': 12605697}}, {'smartContract': {'address': {'address': '0x54704b1b81b66634fb48979a04cef969fcef0dde'}}, 'caller': {'address': '0x197939c1ca20c2b506d6811d8b6cdb3394471074'}, 'date': {'date': '2021-06-10'}, 'block': {'height': 12605668}}, {'smartContract': {'address': {'address': '0x8c3b7a4320ba70f8239f83770c4015b5bc4e6f91'}}, 'caller': {'address': '0x197939c1ca20c2b506d6811d8b6cdb3394471074'}, 'date': {'date': '2021-06-09'}, 'block': {'height': 12599428}}, {'smartContract': {'address': {'address': '0x98e329eb5aae2125af273102f3440de19094b77c'}}, 'caller': {'address': '0x197939c1ca20c2b506d6811d8b6cdb3394471074'}, 'date': {'date': '2021-06-02'}, 'block': {'height': 12554385}}, {'smartContract': {'address': {'address': '0x4baa77013ccd6705ab0522853cb0e9d453579dd4'}}, 'caller': {'address': '0x197939c1ca20c2b506d6811d8b6cdb3394471074'}, 'date': {'date': '2021-06-01'}, 'block': {'height': 12546046}}, {'smartContract': {'address': {'address': '0x4202d97e00b9189936edf37f8d01cff88bdd81d4'}}, 'caller': {'address': '0x197939c1ca20c2b506d6811d8b6cdb3394471074'}, 'date': {'date': '2021-05-31'}, 'block': {'height': 12541081}}, {'smartContract': {'address': {'address': '0xe293a96b37cc855e3afb07d8f1f1c68258f76e63'}}, 'caller': {'address': '0x197939c1ca20c2b506d6811d8b6cdb3394471074'}, 'date': {'date': '2021-05-28'}, 'block': {'height': 12521771}}, {'smartContract': {'address': {'address': '0x29791bef310305d15b8fa4cd57953bd8db805305'}}, 'caller': {'address': '0x197939c1ca20c2b506d6811d8b6cdb3394471074'}, 'date': {'date': '2021-05-28'}, 'block': {'height': 12521770}}, {'smartContract': {'address': {'address': '0xf330c109dd91d391b5cd654b7fa595fa1a8ac470'}}, 'caller': {'address': '0x197939c1ca20c2b506d6811d8b6cdb3394471074'}, 'date': {'date': '2021-05-28'}, 'block': {'height': 12521705}}, {'smartContract': {'address': {'address': '0xcdca6103791210495a2369021e980fb6118d5aa3'}}, 'caller': {'address': '0x197939c1ca20c2b506d6811d8b6cdb3394471074'}, 'date': {'date': '2021-05-28'}, 'block': {'height': 12521684}}, {'smartContract': {'address': {'address': '0x523effc8bfefc2948211a05a905f761cba5e8e9e'}}, 'caller': {'address': '0x197939c1ca20c2b506d6811d8b6cdb3394471074'}, 'date': {'date': '2021-05-26'}, 'block': {'height': 12507895}}, {'smartContract': {'address': {'address': '0xee313c2c420e22befc0b9fb49d5d57b51bf10dac'}}, 'caller': {'address': '0x197939c1ca20c2b506d6811d8b6cdb3394471074'}, 'date': {'date': '2021-05-24'}, 'block': {'height': 12495891}}, {'smartContract': {'address': {'address': '0xa439f5653bf07c0d0d3f397ddaf2f45f86dbda84'}}, 'caller': {'address': '0x197939c1ca20c2b506d6811d8b6cdb3394471074'}, 'date': {'date': '2021-05-24'}, 'block': {'height': 12495880}}, {'smartContract': {'address': {'address': '0x2fb6bd8c550dc38f8780ebd986f6979e3ea930bf'}}, 'caller': {'address': '0x197939c1ca20c2b506d6811d8b6cdb3394471074'}, 'date': {'date': '2021-05-21'}, 'block': {'height': 12477639}}, {'smartContract': {'address': {'address': '0xc9768eb6180ca5f668cfaac6fd92f351fa4e6768'}}, 'caller': {'address': '0x197939c1ca20c2b506d6811d8b6cdb3394471074'}, 'date': {'date': '2021-05-21'}, 'block': {'height': 12477573}}, {'smartContract': {'address': {'address': '0xdbd6f367e890824917e0b136a23b1ce0a266ca77'}}, 'caller': {'address': '0x197939c1ca20c2b506d6811d8b6cdb3394471074'}, 'date': {'date': '2021-05-21'}, 'block': {'height': 12477017}}, {'smartContract': {'address': {'address': '0x0c91e975b08ef5ec1cca06ed55ea2f427ede8267'}}, 'caller': {'address': '0x197939c1ca20c2b506d6811d8b6cdb3394471074'}, 'date': {'date': '2021-05-21'}, 'block': {'height': 12476988}}, {'smartContract': {'address': {'address': '0x6ada0e02763ede6cb428caebc5f5aa3080fda83c'}}, 'caller': {'address': '0x197939c1ca20c2b506d6811d8b6cdb3394471074'}, 'date': {'date': '2021-05-21'}, 'block': {'height': 12476408}}, {'smartContract': {'address': {'address': '0x1a122348b73b58ea39f822a89e6ec67950c2bbd0'}}, 'caller': {'address': '0x197939c1ca20c2b506d6811d8b6cdb3394471074'}, 'date': {'date': '2021-05-18'}, 'block': {'height': 12457255}}]",2020-08-04
72,72,0x3472A5A71965499acd81997a54BBA8D852C6E53d,Badger (BADGER),https://github.com/Badger-Finance,0x909d05F384D0663eD4BE59863815aB43b4f347Ec,33361134.64,[],2020-11-28
73,73,0x6243d8CEA23066d098a15582d81a598b4e8391F4,Flex Ungovernance Token,https://github.com/reflexer-labs,0x7FAfc11677649DB6AbFEC127B4B776D585520ae1,30678975.15,"[{'smartContract': {'address': {'address': '0x9ad50e62c361f648d2a2f0f0d55fa77b576ebc14'}}, 'caller': {'address': '0xefe0b4ca532769a3ae758fd82e1426a03a94f185'}, 'date': {'date': '2021-02-13'}, 'block': {'height': 11849084}}, {'smartContract': {'address': {'address': '0xb2df48a0c4a07031f538353aa35d7ffa24e25ec1'}}, 'caller': {'address': '0x7fafc11677649db6abfec127b4b776d585520ae1'}, 'date': {'date': '2021-02-13'}, 'block': {'height': 11848733}}, {'smartContract': {'address': {'address': '0xa706d4c39c315288113020f3e2d7e1095e912a20'}}, 'caller': {'address': '0x7fafc11677649db6abfec127b4b776d585520ae1'}, 'date': {'date': '2021-02-13'}, 'block': {'height': 11848723}}, {'smartContract': {'address': {'address': '0x8ae720a71622e824f576b4a8c03031066548a3b1'}}, 'caller': {'address': '0x5c69bee701ef814a2b6a3edd4b1652cb9cc5aa6f'}, 'date': {'date': '2021-02-13'}, 'block': {'height': 11848624}}, {'smartContract': {'address': {'address': '0xf7da963b88194a9bc6775e93d39c70c6e3f04f6f'}}, 'caller': {'address': '0x7fafc11677649db6abfec127b4b776d585520ae1'}, 'date': {'date': '2021-02-13'}, 'block': {'height': 11848622}}, {'smartContract': {'address': {'address': '0xe24f8b30fd28c90462c9bbc87a9a2a823636f533'}}, 'caller': {'address': '0x7fafc11677649db6abfec127b4b776d585520ae1'}, 'date': {'date': '2021-02-13'}, 'block': {'height': 11848597}}, {'smartContract': {'address': {'address': '0xdf4bc9aa98cc8ecd90ba2bee73ad4a1a9c8d202b'}}, 'caller': {'address': '0x7fafc11677649db6abfec127b4b776d585520ae1'}, 'date': {'date': '2021-02-13'}, 'block': {'height': 11848594}}, {'smartContract': {'address': {'address': '0xefe0b4ca532769a3ae758fd82e1426a03a94f185'}}, 'caller': {'address': '0x7fafc11677649db6abfec127b4b776d585520ae1'}, 'date': {'date': '2021-02-13'}, 'block': {'height': 11848593}}, {'smartContract': {'address': {'address': '0x6f0faaea6767731ae14696f059248ee403c59e3b'}}, 'caller': {'address': '0x7fafc11677649db6abfec127b4b776d585520ae1'}, 'date': {'date': '2021-02-13'}, 'block': {'height': 11848590}}, {'smartContract': {'address': {'address': '0x8f29c9e54ee8b1efcefae8d4709ae176541e86c8'}}, 'caller': {'address': '0x7fafc11677649db6abfec127b4b776d585520ae1'}, 'date': {'date': '2021-02-13'}, 'block': {'height': 11848588}}, {'smartContract': {'address': {'address': '0x88a77b8ff53329f88b8b6f9e29835fec287349e0'}}, 'caller': {'address': '0x7fafc11677649db6abfec127b4b776d585520ae1'}, 'date': {'date': '2021-02-13'}, 'block': {'height': 11848583}}, {'smartContract': {'address': {'address': '0x17b5d9914194a08c7ef14451ba15e8ae4f92cb93'}}, 'caller': {'address': '0x7fafc11677649db6abfec127b4b776d585520ae1'}, 'date': {'date': '2021-02-13'}, 'block': {'height': 11848581}}, {'smartContract': {'address': {'address': '0x880cecbc56f48bce5e0ef4070017c0a4270f64ed'}}, 'caller': {'address': '0x7fafc11677649db6abfec127b4b776d585520ae1'}, 'date': {'date': '2021-02-13'}, 'block': {'height': 11848577}}, {'smartContract': {'address': {'address': '0x6d2a73e16c255c1931730b776d96aaff1909322e'}}, 'caller': {'address': '0x87047317c25f4881c81a5a9043d70f982bc64f73'}, 'date': {'date': '2021-02-13'}, 'block': {'height': 11848573}}, {'smartContract': {'address': {'address': '0x2d3cd7b81c93f188f3cb8ad87c8acc73d6226e3a'}}, 'caller': {'address': '0x7fafc11677649db6abfec127b4b776d585520ae1'}, 'date': {'date': '2021-02-13'}, 'block': {'height': 11848569}}, {'smartContract': {'address': {'address': '0xcb8479840a5576b1cafbb3fa7276e04df122fdc7'}}, 'caller': {'address': '0x7fafc11677649db6abfec127b4b776d585520ae1'}, 'date': {'date': '2021-02-13'}, 'block': {'height': 11848535}}, {'smartContract': {'address': {'address': '0x005fab4c9d1ef0f3e41cd27b26cf05680c3bf947'}}, 'caller': {'address': '0x7fafc11677649db6abfec127b4b776d585520ae1'}, 'date': {'date': '2021-02-13'}, 'block': {'height': 11848478}}, {'smartContract': {'address': {'address': '0x9f02ddbfb4b045df83d45c4d644027fbd7d72a6d'}}, 'caller': {'address': '0x7fafc11677649db6abfec127b4b776d585520ae1'}, 'date': {'date': '2021-02-13'}, 'block': {'height': 11848475}}, {'smartContract': {'address': {'address': '0xcfa37dce6dfe80857c3b8dba100b592775ae2688'}}, 'caller': {'address': '0x7fafc11677649db6abfec127b4b776d585520ae1'}, 'date': {'date': '2021-02-13'}, 'block': {'height': 11848474}}, {'smartContract': {'address': {'address': '0xa57a4e6170930ac547c147cdf26ae4682fa8262e'}}, 'caller': {'address': '0x2cde6a1147b0ee61726b86d83fd548401b1162c7'}, 'date': {'date': '2021-02-13'}, 'block': {'height': 11848458}}, {'smartContract': {'address': {'address': '0x2cde6a1147b0ee61726b86d83fd548401b1162c7'}}, 'caller': {'address': '0x144b260fec7570c82ab49e0b5d8bfbf8989925e3'}, 'date': {'date': '2021-02-13'}, 'block': {'height': 11848458}}, {'smartContract': {'address': {'address': '0x6368a4ba80fc780a9a0fea547239c4635b97fd70'}}, 'caller': {'address': '0x8d02d581c3b8ddd06f09d3364ee92d904c02f5dc'}, 'date': {'date': '2021-02-13'}, 'block': {'height': 11848455}}, {'smartContract': {'address': {'address': '0x7cb548df57ea728a33c4cb81698d03bc8b279ec6'}}, 'caller': {'address': '0x30cd6ce0ee8b0964671f294bc4401f506190159b'}, 'date': {'date': '2021-02-13'}, 'block': {'height': 11848455}}, {'smartContract': {'address': {'address': '0x27efc6ffe79692e0521e7e27657cf228240a06c2'}}, 'caller': {'address': '0xcb310348eea212a6d55cf201717e644c2d7de1cb'}, 'date': {'date': '2021-02-13'}, 'block': {'height': 11848452}}, {'smartContract': {'address': {'address': '0x83533fdd3285f48204215e9cf38c785371258e76'}}, 'caller': {'address': '0x9d1f48776bd1eb10bbecd83c87f1d0ea47bf7cc5'}, 'date': {'date': '2021-02-13'}, 'block': {'height': 11848443}}, {'smartContract': {'address': {'address': '0xcee6aa1ab47d0fb0f24f51a3072ec16e20f90fce'}}, 'caller': {'address': '0xf71774ee859d884ebb8c37cd94b2851cd2e68842'}, 'date': {'date': '2021-02-13'}, 'block': {'height': 11848437}}, {'smartContract': {'address': {'address': '0xeef4ea1a548417df1e7f0f6ab89494eed9e06b70'}}, 'caller': {'address': '0x712cab233101c2962d32d5eb3f7697b74cacb116'}, 'date': {'date': '2021-02-13'}, 'block': {'height': 11848436}}, {'smartContract': {'address': {'address': '0x1896adbe708bf91158748b3f33738ba497a69e8f'}}, 'caller': {'address': '0x0273616e492e011c76c36522e22a4e1be14b644b'}, 'date': {'date': '2021-02-13'}, 'block': {'height': 11848436}}, {'smartContract': {'address': {'address': '0xcdb05aeda142a1b0d6044c09c64e4226c1a281eb'}}, 'caller': {'address': '0x97a0a0dace333d577c258ff4ed67b1d66287c533'}, 'date': {'date': '2021-02-13'}, 'block': {'height': 11848434}}, {'smartContract': {'address': {'address': '0x03ab458634910aad20ef5f1c8ee96f1d6ac54919'}}, 'caller': {'address': '0x6552bc6ae56754f69669a3089982a974bf543a64'}, 'date': {'date': '2021-02-13'}, 'block': {'height': 11848426}}, {'smartContract': {'address': {'address': '0x0a5653cca4db1b6e265f47caf6969e64f1cfdc45'}}, 'caller': {'address': '0x0f850d64846bfe8e6ab2737225fea90a51dc7c61'}, 'date': {'date': '2021-02-13'}, 'block': {'height': 11848426}}, {'smartContract': {'address': {'address': '0x4ed9c0dca0479bc64d8f4eb3007126d5791f7851'}}, 'caller': {'address': '0x4aaacd38be6e92b0764463f9e61d423e3e18f65c'}, 'date': {'date': '2021-02-13'}, 'block': {'height': 11848422}}, {'smartContract': {'address': {'address': '0xcc88a9d330da1133df3a7bd823b95e52511a6962'}}, 'caller': {'address': '0x3be18c3ede649ed0efa5a99e2020a5db5e106fa9'}, 'date': {'date': '2021-02-13'}, 'block': {'height': 11848422}}, {'smartContract': {'address': {'address': '0x1490a828957f1e23491c8d69273d684b15c6e25a'}}, 'caller': {'address': '0x7fafc11677649db6abfec127b4b776d585520ae1'}, 'date': {'date': '2021-02-13'}, 'block': {'height': 11848417}}, {'smartContract': {'address': {'address': '0x24acc85528e6dd5b9c297fb8821522d36b1ae09f'}}, 'caller': {'address': '0x7fafc11677649db6abfec127b4b776d585520ae1'}, 'date': {'date': '2021-02-13'}, 'block': {'height': 11848409}}, {'smartContract': {'address': {'address': '0x9d1f48776bd1eb10bbecd83c87f1d0ea47bf7cc5'}}, 'caller': {'address': '0x7fafc11677649db6abfec127b4b776d585520ae1'}, 'date': {'date': '2021-02-13'}, 'block': {'height': 11848404}}, {'smartContract': {'address': {'address': '0x144b260fec7570c82ab49e0b5d8bfbf8989925e3'}}, 'caller': {'address': '0x7fafc11677649db6abfec127b4b776d585520ae1'}, 'date': {'date': '2021-02-13'}, 'block': {'height': 11848404}}, {'smartContract': {'address': {'address': '0x30cd6ce0ee8b0964671f294bc4401f506190159b'}}, 'caller': {'address': '0x7fafc11677649db6abfec127b4b776d585520ae1'}, 'date': {'date': '2021-02-13'}, 'block': {'height': 11848402}}, {'smartContract': {'address': {'address': '0x8d02d581c3b8ddd06f09d3364ee92d904c02f5dc'}}, 'caller': {'address': '0x7fafc11677649db6abfec127b4b776d585520ae1'}, 'date': {'date': '2021-02-13'}, 'block': {'height': 11848402}}, {'smartContract': {'address': {'address': '0x94f468dbd2de11b0b2f6566ca3756d565f57c4bf'}}, 'caller': {'address': '0x7fafc11677649db6abfec127b4b776d585520ae1'}, 'date': {'date': '2021-02-13'}, 'block': {'height': 11848402}}, {'smartContract': {'address': {'address': '0x06691edb4cdc78fa22d7ed575bc24f8672c462ff'}}, 'caller': {'address': '0x7fafc11677649db6abfec127b4b776d585520ae1'}, 'date': {'date': '2021-02-13'}, 'block': {'height': 11848402}}, {'smartContract': {'address': {'address': '0x4aaacd38be6e92b0764463f9e61d423e3e18f65c'}}, 'caller': {'address': '0x7fafc11677649db6abfec127b4b776d585520ae1'}, 'date': {'date': '2021-02-13'}, 'block': {'height': 11848401}}, {'smartContract': {'address': {'address': '0x28c06395a8373d45b91817604a20722b5cef5549'}}, 'caller': {'address': '0x7fafc11677649db6abfec127b4b776d585520ae1'}, 'date': {'date': '2021-02-13'}, 'block': {'height': 11848398}}, {'smartContract': {'address': {'address': '0x87047317c25f4881c81a5a9043d70f982bc64f73'}}, 'caller': {'address': '0x7fafc11677649db6abfec127b4b776d585520ae1'}, 'date': {'date': '2021-02-13'}, 'block': {'height': 11848398}}, {'smartContract': {'address': {'address': '0x68ac16ed107b2a733e625b36d95ef08d5ba57760'}}, 'caller': {'address': '0x7fafc11677649db6abfec127b4b776d585520ae1'}, 'date': {'date': '2021-02-13'}, 'block': {'height': 11848396}}, {'smartContract': {'address': {'address': '0x0273616e492e011c76c36522e22a4e1be14b644b'}}, 'caller': {'address': '0x7fafc11677649db6abfec127b4b776d585520ae1'}, 'date': {'date': '2021-02-13'}, 'block': {'height': 11848396}}, {'smartContract': {'address': {'address': '0x712cab233101c2962d32d5eb3f7697b74cacb116'}}, 'caller': {'address': '0x7fafc11677649db6abfec127b4b776d585520ae1'}, 'date': {'date': '2021-02-13'}, 'block': {'height': 11848396}}, {'smartContract': {'address': {'address': '0x0f850d64846bfe8e6ab2737225fea90a51dc7c61'}}, 'caller': {'address': '0x7fafc11677649db6abfec127b4b776d585520ae1'}, 'date': {'date': '2021-02-13'}, 'block': {'height': 11848396}}, {'smartContract': {'address': {'address': '0x6552bc6ae56754f69669a3089982a974bf543a64'}}, 'caller': {'address': '0x7fafc11677649db6abfec127b4b776d585520ae1'}, 'date': {'date': '2021-02-13'}, 'block': {'height': 11848396}}, {'smartContract': {'address': {'address': '0xcb310348eea212a6d55cf201717e644c2d7de1cb'}}, 'caller': {'address': '0x7fafc11677649db6abfec127b4b776d585520ae1'}, 'date': {'date': '2021-02-13'}, 'block': {'height': 11848394}}, {'smartContract': {'address': {'address': '0x97a0a0dace333d577c258ff4ed67b1d66287c533'}}, 'caller': {'address': '0x7fafc11677649db6abfec127b4b776d585520ae1'}, 'date': {'date': '2021-02-13'}, 'block': {'height': 11848394}}, {'smartContract': {'address': {'address': '0xf71774ee859d884ebb8c37cd94b2851cd2e68842'}}, 'caller': {'address': '0x7fafc11677649db6abfec127b4b776d585520ae1'}, 'date': {'date': '2021-02-13'}, 'block': {'height': 11848394}}, {'smartContract': {'address': {'address': '0x3be18c3ede649ed0efa5a99e2020a5db5e106fa9'}}, 'caller': {'address': '0x7fafc11677649db6abfec127b4b776d585520ae1'}, 'date': {'date': '2021-02-13'}, 'block': {'height': 11848393}}, {'smartContract': {'address': {'address': '0x6a2714404be6613a952a80266840ffe916194632'}}, 'caller': {'address': '0x7fafc11677649db6abfec127b4b776d585520ae1'}, 'date': {'date': '2021-02-13'}, 'block': {'height': 11848392}}, {'smartContract': {'address': {'address': '0x27a54e99de813ce2e41baa7f44d1f19fba22b36d'}}, 'caller': {'address': '0x7fafc11677649db6abfec127b4b776d585520ae1'}, 'date': {'date': '2021-02-13'}, 'block': {'height': 11848389}}, {'smartContract': {'address': {'address': '0x6243d8cea23066d098a15582d81a598b4e8391f4'}}, 'caller': {'address': '0x7fafc11677649db6abfec127b4b776d585520ae1'}, 'date': {'date': '2021-02-13'}, 'block': {'height': 11848366}}, {'smartContract': {'address': {'address': '0x51812e07497586ce025d798bb44b6d11bbee3a01'}}, 'caller': {'address': '0x7fafc11677649db6abfec127b4b776d585520ae1'}, 'date': {'date': '2021-02-13'}, 'block': {'height': 11848364}}, {'smartContract': {'address': {'address': '0xb10409fc293f987841964c4fcfef887d9ece799b'}}, 'caller': {'address': '0x7fafc11677649db6abfec127b4b776d585520ae1'}, 'date': {'date': '2021-02-13'}, 'block': {'height': 11848358}}, {'smartContract': {'address': {'address': '0x7235a0094ed56eb2bd0de168d307c8990233645f'}}, 'caller': {'address': '0x7fafc11677649db6abfec127b4b776d585520ae1'}, 'date': {'date': '2021-02-13'}, 'block': {'height': 11848356}}, {'smartContract': {'address': {'address': '0xe6f5377de93a361cd5531bdfbdf0f4b522e16b2b'}}, 'caller': {'address': '0x7fafc11677649db6abfec127b4b776d585520ae1'}, 'date': {'date': '2021-02-13'}, 'block': {'height': 11848351}}, {'smartContract': {'address': {'address': '0x6a4b575ba61d2fb86ad0ff5e5be286960580e71a'}}, 'caller': {'address': '0x7fafc11677649db6abfec127b4b776d585520ae1'}, 'date': {'date': '2021-02-13'}, 'block': {'height': 11848320}}, {'smartContract': {'address': {'address': '0x12a5e1c81b10b264a575930aeae80681ddf595fe'}}, 'caller': {'address': '0x7fafc11677649db6abfec127b4b776d585520ae1'}, 'date': {'date': '2021-02-13'}, 'block': {'height': 11848318}}, {'smartContract': {'address': {'address': '0x0463bf18c2457b00402a7639fa1dfb7d60f659ee'}}, 'caller': {'address': '0x7fafc11677649db6abfec127b4b776d585520ae1'}, 'date': {'date': '2021-02-13'}, 'block': {'height': 11848312}}, {'smartContract': {'address': {'address': '0xb7272627825d1cb633f705bc269f8e11126d7a25'}}, 'caller': {'address': '0x7fafc11677649db6abfec127b4b776d585520ae1'}, 'date': {'date': '2021-02-13'}, 'block': {'height': 11848310}}, {'smartContract': {'address': {'address': '0x10122261ff9520c590c0c3a679b7e3dfc8b09c64'}}, 'caller': {'address': '0x7fafc11677649db6abfec127b4b776d585520ae1'}, 'date': {'date': '2021-02-13'}, 'block': {'height': 11848308}}, {'smartContract': {'address': {'address': '0x58a7e512722b1499721f8e33aae7b916191b8dfe'}}, 'caller': {'address': '0x5c69bee701ef814a2b6a3edd4b1652cb9cc5aa6f'}, 'date': {'date': '2021-02-13'}, 'block': {'height': 11847694}}, {'smartContract': {'address': {'address': '0xa42f76d5362e87192e7bde72199e500a707dafd2'}}, 'caller': {'address': '0x7fafc11677649db6abfec127b4b776d585520ae1'}, 'date': {'date': '2021-02-13'}, 'block': {'height': 11847692}}, {'smartContract': {'address': {'address': '0x4778b3d2cebac0013c15e4b8ebeaa65b630df22b'}}, 'caller': {'address': '0x7fafc11677649db6abfec127b4b776d585520ae1'}, 'date': {'date': '2021-02-13'}, 'block': {'height': 11847668}}, {'smartContract': {'address': {'address': '0xae2b968aef1af041803ccec328ae65369db01133'}}, 'caller': {'address': '0x7fafc11677649db6abfec127b4b776d585520ae1'}, 'date': {'date': '2021-02-13'}, 'block': {'height': 11847663}}, {'smartContract': {'address': {'address': '0xaae51cffb17b933d5ec3fbde2dce34d0688dcf74'}}, 'caller': {'address': '0x7fafc11677649db6abfec127b4b776d585520ae1'}, 'date': {'date': '2021-02-13'}, 'block': {'height': 11847661}}, {'smartContract': {'address': {'address': '0xd857d88b16f8487bd5bd430f119522703b2e91f5'}}, 'caller': {'address': '0x7fafc11677649db6abfec127b4b776d585520ae1'}, 'date': {'date': '2021-02-13'}, 'block': {'height': 11847652}}, {'smartContract': {'address': {'address': '0x150f1532145d4e96f3c885ef7353850db05c5aef'}}, 'caller': {'address': '0x7fafc11677649db6abfec127b4b776d585520ae1'}, 'date': {'date': '2021-02-13'}, 'block': {'height': 11847649}}, {'smartContract': {'address': {'address': '0xba2e2edea9008c5aa633372945d05a5923af3547'}}, 'caller': {'address': '0x7fafc11677649db6abfec127b4b776d585520ae1'}, 'date': {'date': '2021-02-13'}, 'block': {'height': 11847646}}, {'smartContract': {'address': {'address': '0xc780b6cead0b892478feb71b9cb21ec3fdbe10d8'}}, 'caller': {'address': '0x7fafc11677649db6abfec127b4b776d585520ae1'}, 'date': {'date': '2021-02-13'}, 'block': {'height': 11847644}}, {'smartContract': {'address': {'address': '0x0ae26397e6d456359faf36c770304bbc3607153e'}}, 'caller': {'address': '0x7fafc11677649db6abfec127b4b776d585520ae1'}, 'date': {'date': '2021-02-13'}, 'block': {'height': 11847640}}, {'smartContract': {'address': {'address': '0x153b350d87957a62dedfc63b782ba4865ab0133a'}}, 'caller': {'address': '0xd11b0b848d59146d9b3ea0b63bf36189d6c62f0b'}, 'date': {'date': '2021-02-13'}, 'block': {'height': 11847638}}, {'smartContract': {'address': {'address': '0x15b99a6389521711c35057fec24baef89f8afb3f'}}, 'caller': {'address': '0x7fafc11677649db6abfec127b4b776d585520ae1'}, 'date': {'date': '2021-02-13'}, 'block': {'height': 11847636}}, {'smartContract': {'address': {'address': '0x9b44db6b4aa6ba12aeefbd2db9416b52b5111a50'}}, 'caller': {'address': '0x7fafc11677649db6abfec127b4b776d585520ae1'}, 'date': {'date': '2021-02-13'}, 'block': {'height': 11847597}}, {'smartContract': {'address': {'address': '0xedeeaf31efdd655b4fb34a775ff60339bac6872b'}}, 'caller': {'address': '0x7fafc11677649db6abfec127b4b776d585520ae1'}, 'date': {'date': '2021-02-13'}, 'block': {'height': 11847517}}, {'smartContract': {'address': {'address': '0x7121415b6c944b61204d63750b08b5399ccc65fb'}}, 'caller': {'address': '0x7fafc11677649db6abfec127b4b776d585520ae1'}, 'date': {'date': '2021-02-13'}, 'block': {'height': 11847515}}, {'smartContract': {'address': {'address': '0x7fc4054206167b2313a6486b477fdcb666f72e55'}}, 'caller': {'address': '0x7fafc11677649db6abfec127b4b776d585520ae1'}, 'date': {'date': '2021-02-13'}, 'block': {'height': 11847510}}, {'smartContract': {'address': {'address': '0x631e38d6dc0f4a26f6be0d3d0e4eba3d02033ab4'}}, 'caller': {'address': '0xa26e15c895efc0616177b7c1e7270a4c7d51c997'}, 'date': {'date': '2021-02-13'}, 'block': {'height': 11847502}}, {'smartContract': {'address': {'address': '0x57772a3d2c4366ed30147ef35997add047b196ee'}}, 'caller': {'address': '0x59405ff89d7810180108779884af6b39055e952a'}, 'date': {'date': '2021-02-13'}, 'block': {'height': 11847495}}, {'smartContract': {'address': {'address': '0x0af38940cd4cfb9065a939d6afb3b46f9af5481d'}}, 'caller': {'address': '0x57772a3d2c4366ed30147ef35997add047b196ee'}, 'date': {'date': '2021-02-13'}, 'block': {'height': 11847495}}, {'smartContract': {'address': {'address': '0x6c32ef4d3bbdc4758035eebe24d20cff1f0da17c'}}, 'caller': {'address': '0xd07e2696d33f08e69e269a8258658c4f4264d671'}, 'date': {'date': '2021-02-13'}, 'block': {'height': 11847491}}, {'smartContract': {'address': {'address': '0xfdd3a10975f58f74c00c41462a051c902b9fa229'}}, 'caller': {'address': '0x1c50e110f7231fc04eb4302b370b3bf07d16faf6'}, 'date': {'date': '2021-02-13'}, 'block': {'height': 11847491}}, {'smartContract': {'address': {'address': '0xd8495bda4171ec02205027b9427b6821038f6150'}}, 'caller': {'address': '0x41b2206d64492824c0cae9c7a963328fa1274f03'}, 'date': {'date': '2021-02-13'}, 'block': {'height': 11847483}}, {'smartContract': {'address': {'address': '0x0d4cfbdae49bdc44436eabf0a82129f991d2d2f3'}}, 'caller': {'address': '0x5efe1f0251a7e7172af57d620d28f3a06b3a5e52'}, 'date': {'date': '2021-02-13'}, 'block': {'height': 11847480}}, {'smartContract': {'address': {'address': '0xbe10c3f2665f5d02996eaaddaf159ed4fb741cf9'}}, 'caller': {'address': '0xbcaa45ac45828ade1f768bc5e6b814fdb18768b3'}, 'date': {'date': '2021-02-13'}, 'block': {'height': 11847478}}, {'smartContract': {'address': {'address': '0x6f88556ebbc5787d92db64a5b0bb3c5ae6840b13'}}, 'caller': {'address': '0x3202901e355f05ded11f16ee771f23d3be486425'}, 'date': {'date': '2021-02-13'}, 'block': {'height': 11847473}}, {'smartContract': {'address': {'address': '0xa65271cb9db6219e70870ef40bd5a9718c059f26'}}, 'caller': {'address': '0x766bbe08bac7670ef86607ec52601e8040e9d19b'}, 'date': {'date': '2021-02-13'}, 'block': {'height': 11847473}}, {'smartContract': {'address': {'address': '0x7489b9d311fa0067cfb3c314800dddbf04f3a988'}}, 'caller': {'address': '0xf195a04ffa890ebb4359f64db9730697bc5525c9'}, 'date': {'date': '2021-02-13'}, 'block': {'height': 11847468}}, {'smartContract': {'address': {'address': '0x32e255ed9e9f703563118ab5211ace4f80ce6279'}}, 'caller': {'address': '0xb3ad68940d3b59a5a0d36252ca298da359d8f719'}, 'date': {'date': '2021-02-13'}, 'block': {'height': 11847464}}, {'smartContract': {'address': {'address': '0x4088cf83c9838d93cc044490e0b9790fee264cc9'}}, 'caller': {'address': '0xda2dbe5929464d24fa05158ec73d1e7795dce0d2'}, 'date': {'date': '2021-02-13'}, 'block': {'height': 11847464}}, {'smartContract': {'address': {'address': '0x76a92e4213ad9c76bc76fb969101ee0f570c02bd'}}, 'caller': {'address': '0xcddab801770b98950479ea897791951644859039'}, 'date': {'date': '2021-02-13'}, 'block': {'height': 11847461}}, {'smartContract': {'address': {'address': '0xd931d17fe3dc34f248a52088332bd5564f6e8792'}}, 'caller': {'address': '0xb13077d07afccf430e8353ce91bb157c7d983178'}, 'date': {'date': '2021-02-13'}, 'block': {'height': 11847461}}, {'smartContract': {'address': {'address': '0xe4935d9d5f6edb309e2f525c2ec2dee35f6d8137'}}, 'caller': {'address': '0x7fafc11677649db6abfec127b4b776d585520ae1'}, 'date': {'date': '2021-02-13'}, 'block': {'height': 11847457}}, {'smartContract': {'address': {'address': '0x0721f0846235e299ca3d286df31dfd1b68420747'}}, 'caller': {'address': '0x7fafc11677649db6abfec127b4b776d585520ae1'}, 'date': {'date': '2021-02-13'}, 'block': {'height': 11847446}}, {'smartContract': {'address': {'address': '0x5efe1f0251a7e7172af57d620d28f3a06b3a5e52'}}, 'caller': {'address': '0x7fafc11677649db6abfec127b4b776d585520ae1'}, 'date': {'date': '2021-02-13'}, 'block': {'height': 11847438}}, {'smartContract': {'address': {'address': '0x59405ff89d7810180108779884af6b39055e952a'}}, 'caller': {'address': '0x7fafc11677649db6abfec127b4b776d585520ae1'}, 'date': {'date': '2021-02-13'}, 'block': {'height': 11847437}}]",2021-02-13
74,74,0x9ad37205d608B8b219e6a2573f922094CEc5c200,izumi Token,https://github.com/IzumiFinance/,0x9901E08510fE03e3De528a3Ae3137B70EE1B8b2D,28279780.75,"[{'smartContract': {'address': {'address': '0x9ad37205d608b8b219e6a2573f922094cec5c200'}}, 'caller': {'address': '0x9901e08510fe03e3de528a3ae3137b70ee1b8b2d'}, 'date': {'date': '2021-08-25'}, 'block': {'height': 13093081}}]",2021-08-25
75,75,0xb3999F658C0391d94A37f7FF328F3feC942BcADC,Hashflow,,0xE8bc44AE4bA6EDDB88C8c087fD9b479Dff729850,26514410.52,"[{'smartContract': {'address': {'address': '0x1a9a4d919943340b7e855e310489e16155f4ed29'}}, 'caller': {'address': '0xe8bc44ae4ba6eddb88c8c087fd9b479dff729850'}, 'date': {'date': '2022-10-22'}, 'block': {'height': 15806539}}, {'smartContract': {'address': {'address': '0x01ad752949daab60bd427dab66ed1366d1c56fa2'}}, 'caller': {'address': '0xe8bc44ae4ba6eddb88c8c087fd9b479dff729850'}, 'date': {'date': '2022-10-10'}, 'block': {'height': 15714285}}, {'smartContract': {'address': {'address': '0x4832f2e18251a5a73f06c20d3e8c411f7502f22f'}}, 'caller': {'address': '0xe8bc44ae4ba6eddb88c8c087fd9b479dff729850'}, 'date': {'date': '2022-10-10'}, 'block': {'height': 15714265}}, {'smartContract': {'address': {'address': '0x83a73b0c427dead5aa5f96e15c430fb766328510'}}, 'caller': {'address': '0xe8bc44ae4ba6eddb88c8c087fd9b479dff729850'}, 'date': {'date': '2022-10-10'}, 'block': {'height': 15714263}}, {'smartContract': {'address': {'address': '0x20f4b902b0b64c4cef75a67a811484b5aaa9cc2e'}}, 'caller': {'address': '0xe8bc44ae4ba6eddb88c8c087fd9b479dff729850'}, 'date': {'date': '2022-10-10'}, 'block': {'height': 15714260}}, {'smartContract': {'address': {'address': '0x596d32f9b7c1f2e73f5071c66b5e336e27d00da4'}}, 'caller': {'address': '0xe8bc44ae4ba6eddb88c8c087fd9b479dff729850'}, 'date': {'date': '2022-10-10'}, 'block': {'height': 15714149}}, {'smartContract': {'address': {'address': '0xf6a94dfd0e6ea9ddfdffe4762ad4236576136613'}}, 'caller': {'address': '0xe8bc44ae4ba6eddb88c8c087fd9b479dff729850'}, 'date': {'date': '2022-10-10'}, 'block': {'height': 15714126}}, {'smartContract': {'address': {'address': '0x0382e13794d7c163ac028d3171d3c90e84513aec'}}, 'caller': {'address': '0xe8bc44ae4ba6eddb88c8c087fd9b479dff729850'}, 'date': {'date': '2022-10-10'}, 'block': {'height': 15714122}}, {'smartContract': {'address': {'address': '0xe2e3441004e7d377a2d97142e75d465e0dd36af9'}}, 'caller': {'address': '0xe8bc44ae4ba6eddb88c8c087fd9b479dff729850'}, 'date': {'date': '2022-05-28'}, 'block': {'height': 14857487}}, {'smartContract': {'address': {'address': '0x89aef982de66fe6df58ed0251e0841ccb2da6e4a'}}, 'caller': {'address': '0xe8bc44ae4ba6eddb88c8c087fd9b479dff729850'}, 'date': {'date': '2022-05-04'}, 'block': {'height': 14712755}}, {'smartContract': {'address': {'address': '0xab68b6213b091de92680ec57e879a20bbf12afda'}}, 'caller': {'address': '0xe8bc44ae4ba6eddb88c8c087fd9b479dff729850'}, 'date': {'date': '2022-05-04'}, 'block': {'height': 14708479}}, {'smartContract': {'address': {'address': '0x32c85e56a82d66fa3c13e7df900682d63fcbaf89'}}, 'caller': {'address': '0xe8bc44ae4ba6eddb88c8c087fd9b479dff729850'}, 'date': {'date': '2022-05-02'}, 'block': {'height': 14700935}}, {'smartContract': {'address': {'address': '0x9cbd3e8beb7f11e93b0559a1b2543e974630a745'}}, 'caller': {'address': '0xe8bc44ae4ba6eddb88c8c087fd9b479dff729850'}, 'date': {'date': '2022-05-02'}, 'block': {'height': 14700555}}, {'smartContract': {'address': {'address': '0xb3999f658c0391d94a37f7ff328f3fec942bcadc'}}, 'caller': {'address': '0xe8bc44ae4ba6eddb88c8c087fd9b479dff729850'}, 'date': {'date': '2022-04-12'}, 'block': {'height': 14567956}}, {'smartContract': {'address': {'address': '0x6f112a94dbfe75ad78686d0768251139481446a0'}}, 'caller': {'address': '0xe8bc44ae4ba6eddb88c8c087fd9b479dff729850'}, 'date': {'date': '2022-04-10'}, 'block': {'height': 14560017}}, {'smartContract': {'address': {'address': '0x36b8a09751085d1a669fda1bf08d17e61ad490c9'}}, 'caller': {'address': '0xe8bc44ae4ba6eddb88c8c087fd9b479dff729850'}, 'date': {'date': '2022-04-07'}, 'block': {'height': 14540808}}, {'smartContract': {'address': {'address': '0x13f257714b2234c7865d5abe0ec656423bf8be88'}}, 'caller': {'address': '0xe8bc44ae4ba6eddb88c8c087fd9b479dff729850'}, 'date': {'date': '2022-04-07'}, 'block': {'height': 14540807}}, {'smartContract': {'address': {'address': '0xacfaaa9da11e66a8cc8af8e3d844673968fff63f'}}, 'caller': {'address': '0xe8bc44ae4ba6eddb88c8c087fd9b479dff729850'}, 'date': {'date': '2022-04-07'}, 'block': {'height': 14540806}}, {'smartContract': {'address': {'address': '0x9817a71ca8e309d654ee7e1999577bce6e6fd9ac'}}, 'caller': {'address': '0xe8bc44ae4ba6eddb88c8c087fd9b479dff729850'}, 'date': {'date': '2022-04-07'}, 'block': {'height': 14540804}}, {'smartContract': {'address': {'address': '0xcabbac11782722450f436ad733b4f7b9b0562bf4'}}, 'caller': {'address': '0xe8bc44ae4ba6eddb88c8c087fd9b479dff729850'}, 'date': {'date': '2022-04-07'}, 'block': {'height': 14540802}}, {'smartContract': {'address': {'address': '0x79cdfd7bc46d577b95ed92bcdc8ababa1844af0c'}}, 'caller': {'address': '0xe8bc44ae4ba6eddb88c8c087fd9b479dff729850'}, 'date': {'date': '2022-04-07'}, 'block': {'height': 14540800}}, {'smartContract': {'address': {'address': '0xc11a1e6fde432df9467d6d1a5454b54a63b86c8c'}}, 'caller': {'address': '0xe8bc44ae4ba6eddb88c8c087fd9b479dff729850'}, 'date': {'date': '2022-04-07'}, 'block': {'height': 14540799}}, {'smartContract': {'address': {'address': '0xd33d83aac02456839400140d3e4c9a80347ac2f8'}}, 'caller': {'address': '0xe8bc44ae4ba6eddb88c8c087fd9b479dff729850'}, 'date': {'date': '2022-04-07'}, 'block': {'height': 14540797}}, {'smartContract': {'address': {'address': '0x732b4d30d7140268cfc651efba81ef95b342d6d1'}}, 'caller': {'address': '0xe8bc44ae4ba6eddb88c8c087fd9b479dff729850'}, 'date': {'date': '2022-02-24'}, 'block': {'height': 14265510}}, {'smartContract': {'address': {'address': '0x3dc6844d6c205ecc1b215dfb02748cb01bab117a'}}, 'caller': {'address': '0xe8bc44ae4ba6eddb88c8c087fd9b479dff729850'}, 'date': {'date': '2022-02-17'}, 'block': {'height': 14224680}}, {'smartContract': {'address': {'address': '0x29bfd2e66e430826b0d0a4629c251bcd1a261dbc'}}, 'caller': {'address': '0xe8bc44ae4ba6eddb88c8c087fd9b479dff729850'}, 'date': {'date': '2022-02-15'}, 'block': {'height': 14211832}}, {'smartContract': {'address': {'address': '0x99cd145fc96897726bd71cb6b053925b2c19e2ec'}}, 'caller': {'address': '0xe8bc44ae4ba6eddb88c8c087fd9b479dff729850'}, 'date': {'date': '2022-02-15'}, 'block': {'height': 14211831}}, {'smartContract': {'address': {'address': '0xa98242820ebf3a405d265ccd22a4ea8f64afb281'}}, 'caller': {'address': '0xe8bc44ae4ba6eddb88c8c087fd9b479dff729850'}, 'date': {'date': '2022-02-06'}, 'block': {'height': 14149407}}, {'smartContract': {'address': {'address': '0x29954d99293c9018570957c1b6927844c49bb519'}}, 'caller': {'address': '0xe8bc44ae4ba6eddb88c8c087fd9b479dff729850'}, 'date': {'date': '2022-02-04'}, 'block': {'height': 14141675}}, {'smartContract': {'address': {'address': '0xf0beeaf1e0fff7283824ee9753cee11c13b23d3a'}}, 'caller': {'address': '0xe8bc44ae4ba6eddb88c8c087fd9b479dff729850'}, 'date': {'date': '2022-02-03'}, 'block': {'height': 14130087}}, {'smartContract': {'address': {'address': '0x4ec206b92e75f20b308893ee4a986faf2adb9d69'}}, 'caller': {'address': '0xe8bc44ae4ba6eddb88c8c087fd9b479dff729850'}, 'date': {'date': '2022-02-03'}, 'block': {'height': 14130085}}, {'smartContract': {'address': {'address': '0x7677bf119654d1fbcb46cb9014949bf16180b6ae'}}, 'caller': {'address': '0xe8bc44ae4ba6eddb88c8c087fd9b479dff729850'}, 'date': {'date': '2022-02-03'}, 'block': {'height': 14129978}}, {'smartContract': {'address': {'address': '0x66f48f51c5f057581f783fb56a13edf6521f3e27'}}, 'caller': {'address': '0xe8bc44ae4ba6eddb88c8c087fd9b479dff729850'}, 'date': {'date': '2022-02-03'}, 'block': {'height': 14129977}}, {'smartContract': {'address': {'address': '0x7eaf99d4599c74ec4d3fe28f1918dec137612521'}}, 'caller': {'address': '0xe8bc44ae4ba6eddb88c8c087fd9b479dff729850'}, 'date': {'date': '2022-01-25'}, 'block': {'height': 14077149}}, {'smartContract': {'address': {'address': '0x73aa6241a4e90c94070c47fef78bd3b094739dd9'}}, 'caller': {'address': '0xe8bc44ae4ba6eddb88c8c087fd9b479dff729850'}, 'date': {'date': '2022-01-25'}, 'block': {'height': 14077148}}, {'smartContract': {'address': {'address': '0xfbc3d1c9a3a0b01d2040889b15d27eee9ac00628'}}, 'caller': {'address': '0xe8bc44ae4ba6eddb88c8c087fd9b479dff729850'}, 'date': {'date': '2022-01-14'}, 'block': {'height': 14001443}}, {'smartContract': {'address': {'address': '0x37ab5e12d9bef0daa4399eae9cac62c6ba9e904b'}}, 'caller': {'address': '0xe8bc44ae4ba6eddb88c8c087fd9b479dff729850'}, 'date': {'date': '2022-01-07'}, 'block': {'height': 13960914}}, {'smartContract': {'address': {'address': '0xbf0f7012060fa8dca53fe8042256389b24763057'}}, 'caller': {'address': '0xe8bc44ae4ba6eddb88c8c087fd9b479dff729850'}, 'date': {'date': '2022-01-07'}, 'block': {'height': 13960912}}, {'smartContract': {'address': {'address': '0x7e277614644409a69ea70df5cfcb114e4a51676d'}}, 'caller': {'address': '0xe8bc44ae4ba6eddb88c8c087fd9b479dff729850'}, 'date': {'date': '2022-01-07'}, 'block': {'height': 13960909}}, {'smartContract': {'address': {'address': '0x63ae536fec0b57bdeb1fd6a893191b4239f61bff'}}, 'caller': {'address': '0xe8bc44ae4ba6eddb88c8c087fd9b479dff729850'}, 'date': {'date': '2022-01-07'}, 'block': {'height': 13960908}}, {'smartContract': {'address': {'address': '0xbcf096cd593f656fee04f54df955ebcf6e21d6d9'}}, 'caller': {'address': '0xe8bc44ae4ba6eddb88c8c087fd9b479dff729850'}, 'date': {'date': '2022-01-07'}, 'block': {'height': 13960906}}]",2022-04-12
76,76,0x82362Ec182Db3Cf7829014Bc61E9BE8a2E82868a,Protocol: - Generic,,0xb9e8E1e6440B3120Aadd12cffF292D91A1a48d23,24298991.25,"[{'smartContract': {'address': {'address': '0x10f4a785f458bc144e3706575924889954946639'}}, 'caller': {'address': '0xb9e8e1e6440b3120aadd12cfff292d91a1a48d23'}, 'date': {'date': '2022-06-10'}, 'block': {'height': 14935880}}, {'smartContract': {'address': {'address': '0xbceb95a0bb81f8b3561b7cc5779f52b0b51e6b25'}}, 'caller': {'address': '0xb9e8e1e6440b3120aadd12cfff292d91a1a48d23'}, 'date': {'date': '2022-06-10'}, 'block': {'height': 14935869}}, {'smartContract': {'address': {'address': '0x4bc84aa15e19f2182fb5f8466feb40846ae34059'}}, 'caller': {'address': '0xb9e8e1e6440b3120aadd12cfff292d91a1a48d23'}, 'date': {'date': '2022-06-10'}, 'block': {'height': 14935869}}, {'smartContract': {'address': {'address': '0xc178959d422eedd097eb1f88d3a15c38480deee7'}}, 'caller': {'address': '0xb9e8e1e6440b3120aadd12cfff292d91a1a48d23'}, 'date': {'date': '2022-06-10'}, 'block': {'height': 14935869}}, {'smartContract': {'address': {'address': '0x30b9a23c4bf6fcf8c73c5c8d8e95df4c52b0aa5f'}}, 'caller': {'address': '0xb9e8e1e6440b3120aadd12cfff292d91a1a48d23'}, 'date': {'date': '2022-06-10'}, 'block': {'height': 14935869}}, {'smartContract': {'address': {'address': '0x435c76e122152621a54908a10e57126430e51e15'}}, 'caller': {'address': '0xb9e8e1e6440b3120aadd12cfff292d91a1a48d23'}, 'date': {'date': '2022-06-10'}, 'block': {'height': 14935869}}, {'smartContract': {'address': {'address': '0x6e12ff4fa4b2039c760aa28b920796b8cbb8cf4f'}}, 'caller': {'address': '0xb9e8e1e6440b3120aadd12cfff292d91a1a48d23'}, 'date': {'date': '2022-06-10'}, 'block': {'height': 14935869}}, {'smartContract': {'address': {'address': '0x9f3044f7f9fc8bc9ed615d54845b4577b833282d'}}, 'caller': {'address': '0xb9e8e1e6440b3120aadd12cfff292d91a1a48d23'}, 'date': {'date': '2022-06-10'}, 'block': {'height': 14935869}}, {'smartContract': {'address': {'address': '0xdd02c492868650218b0897223d09a9b772b635d1'}}, 'caller': {'address': '0xb9e8e1e6440b3120aadd12cfff292d91a1a48d23'}, 'date': {'date': '2022-06-10'}, 'block': {'height': 14935869}}, {'smartContract': {'address': {'address': '0x8b89f0cc37c4b16f0c516152a1fc95400674afe3'}}, 'caller': {'address': '0xb9e8e1e6440b3120aadd12cfff292d91a1a48d23'}, 'date': {'date': '2022-06-10'}, 'block': {'height': 14935869}}, {'smartContract': {'address': {'address': '0x102876a55370439dcf6e8e0ff9de20719098b991'}}, 'caller': {'address': '0xb9e8e1e6440b3120aadd12cfff292d91a1a48d23'}, 'date': {'date': '2022-06-10'}, 'block': {'height': 14935869}}, {'smartContract': {'address': {'address': '0xd1cb4ba24d8d68959c90657820f6cb40415d6b1f'}}, 'caller': {'address': '0xb9e8e1e6440b3120aadd12cfff292d91a1a48d23'}, 'date': {'date': '2022-06-10'}, 'block': {'height': 14935869}}, {'smartContract': {'address': {'address': '0xe4430dacfb1740625930b1e6412034f26d6b2a78'}}, 'caller': {'address': '0xb9e8e1e6440b3120aadd12cfff292d91a1a48d23'}, 'date': {'date': '2022-06-10'}, 'block': {'height': 14935869}}, {'smartContract': {'address': {'address': '0xb587fb3aaa93d0f9d2229a547905e301a7a3da3d'}}, 'caller': {'address': '0xb9e8e1e6440b3120aadd12cfff292d91a1a48d23'}, 'date': {'date': '2022-06-10'}, 'block': {'height': 14935869}}, {'smartContract': {'address': {'address': '0x01ab97a209298653b15d1fe98be5e725eba6a73e'}}, 'caller': {'address': '0xb9e8e1e6440b3120aadd12cfff292d91a1a48d23'}, 'date': {'date': '2022-06-10'}, 'block': {'height': 14935869}}, {'smartContract': {'address': {'address': '0x24d5ac256099844786ffac7e0f2483d257e64286'}}, 'caller': {'address': '0xb9e8e1e6440b3120aadd12cfff292d91a1a48d23'}, 'date': {'date': '2022-06-10'}, 'block': {'height': 14935869}}, {'smartContract': {'address': {'address': '0x03a74ee0c10456816dae1747782ef76b57518495'}}, 'caller': {'address': '0xb9e8e1e6440b3120aadd12cfff292d91a1a48d23'}, 'date': {'date': '2022-06-10'}, 'block': {'height': 14935869}}, {'smartContract': {'address': {'address': '0x543bee2f42cffb7d81ddd37972754eadf89e368f'}}, 'caller': {'address': '0xb9e8e1e6440b3120aadd12cfff292d91a1a48d23'}, 'date': {'date': '2022-06-10'}, 'block': {'height': 14935869}}, {'smartContract': {'address': {'address': '0x0fcf1640a6ffe56192ca897ed5c2125c2d93be79'}}, 'caller': {'address': '0xb9e8e1e6440b3120aadd12cfff292d91a1a48d23'}, 'date': {'date': '2022-06-10'}, 'block': {'height': 14935849}}, {'smartContract': {'address': {'address': '0x222dcc2d51c686c8e2116370e8fc517ae6a246d7'}}, 'caller': {'address': '0xb9e8e1e6440b3120aadd12cfff292d91a1a48d23'}, 'date': {'date': '2022-06-10'}, 'block': {'height': 14935848}}, {'smartContract': {'address': {'address': '0x898561a7cab08b60ce8eeebd19987f4a41d65f5a'}}, 'caller': {'address': '0xb9e8e1e6440b3120aadd12cfff292d91a1a48d23'}, 'date': {'date': '2022-06-10'}, 'block': {'height': 14935848}}, {'smartContract': {'address': {'address': '0xc7293772159f9a0e8f76a334fa78c87f308bb0ec'}}, 'caller': {'address': '0xb9e8e1e6440b3120aadd12cfff292d91a1a48d23'}, 'date': {'date': '2022-06-10'}, 'block': {'height': 14935844}}, {'smartContract': {'address': {'address': '0x116d90b2bf1f3c49f87305ed2ed19f1bddfc4d2c'}}, 'caller': {'address': '0xb9e8e1e6440b3120aadd12cfff292d91a1a48d23'}, 'date': {'date': '2022-06-10'}, 'block': {'height': 14935844}}, {'smartContract': {'address': {'address': '0xd1773d54d07ee24b325ef0430dc94025ce7a1824'}}, 'caller': {'address': '0xb9e8e1e6440b3120aadd12cfff292d91a1a48d23'}, 'date': {'date': '2022-06-10'}, 'block': {'height': 14935823}}, {'smartContract': {'address': {'address': '0x82362ec182db3cf7829014bc61e9be8a2e82868a'}}, 'caller': {'address': '0xb9e8e1e6440b3120aadd12cfff292d91a1a48d23'}, 'date': {'date': '2022-06-10'}, 'block': {'height': 14935807}}]",2022-06-10
77,77,0x9813037ee2218799597d83D4a5B6F3b6778218d9,BONE SHIBASWAP,,0xc7D0445ac2947760b3dD388B8586Adf079972Bf3,24217741.74,"[{'smartContract': {'address': {'address': '0x860a79124538c778d9aafae5971dcd5d979a1afb'}}, 'caller': {'address': '0xc7d0445ac2947760b3dd388b8586adf079972bf3'}, 'date': {'date': '2022-07-04'}, 'block': {'height': 15073134}}, {'smartContract': {'address': {'address': '0xca335e086de6b546e152a8c67bdb20656750872f'}}, 'caller': {'address': '0xc7d0445ac2947760b3dd388b8586adf079972bf3'}, 'date': {'date': '2022-06-12'}, 'block': {'height': 14950842}}, {'smartContract': {'address': {'address': '0x392eb130d797a3476650a4b0d2cb1138055ca390'}}, 'caller': {'address': '0xc7d0445ac2947760b3dd388b8586adf079972bf3'}, 'date': {'date': '2022-06-04'}, 'block': {'height': 14905042}}, {'smartContract': {'address': {'address': '0xf923cea81d4d56135e1c4e6e2199a865a5c21040'}}, 'caller': {'address': '0xc7d0445ac2947760b3dd388b8586adf079972bf3'}, 'date': {'date': '2022-05-04'}, 'block': {'height': 14707918}}, {'smartContract': {'address': {'address': '0xd43c2f31906140d148b18ba8f2f87c5671d0413a'}}, 'caller': {'address': '0xc7d0445ac2947760b3dd388b8586adf079972bf3'}, 'date': {'date': '2022-04-28'}, 'block': {'height': 14670536}}, {'smartContract': {'address': {'address': '0xb8adf0585d263f3ba6f73bce1ccc56b821581ab8'}}, 'caller': {'address': '0xc7d0445ac2947760b3dd388b8586adf079972bf3'}, 'date': {'date': '2022-04-16'}, 'block': {'height': 14596684}}, {'smartContract': {'address': {'address': '0x6b74c5885d2e08efd80164965f8df002608ebffa'}}, 'caller': {'address': '0xc7d0445ac2947760b3dd388b8586adf079972bf3'}, 'date': {'date': '2022-04-16'}, 'block': {'height': 14593997}}, {'smartContract': {'address': {'address': '0x67cf6ebc89cc50f09a10745c414192fd62bbccd3'}}, 'caller': {'address': '0xc7d0445ac2947760b3dd388b8586adf079972bf3'}, 'date': {'date': '2022-04-13'}, 'block': {'height': 14575490}}, {'smartContract': {'address': {'address': '0xf790b73f11fa1636d0d26db24bafb0f9b0ac3372'}}, 'caller': {'address': '0xc7d0445ac2947760b3dd388b8586adf079972bf3'}, 'date': {'date': '2022-04-13'}, 'block': {'height': 14575478}}, {'smartContract': {'address': {'address': '0x9ed0f787223ff1feb0cfb33a9207c646d182e918'}}, 'caller': {'address': '0xc7d0445ac2947760b3dd388b8586adf079972bf3'}, 'date': {'date': '2022-04-13'}, 'block': {'height': 14574151}}, {'smartContract': {'address': {'address': '0xefaed650f1a94801806bb110019d9b0dc79531a8'}}, 'caller': {'address': '0xc7d0445ac2947760b3dd388b8586adf079972bf3'}, 'date': {'date': '2022-04-13'}, 'block': {'height': 14574143}}, {'smartContract': {'address': {'address': '0x4e7a29e218bd01f47a3b8cee88cb33363e69d741'}}, 'caller': {'address': '0xc7d0445ac2947760b3dd388b8586adf079972bf3'}, 'date': {'date': '2022-04-13'}, 'block': {'height': 14574142}}, {'smartContract': {'address': {'address': '0xbe4e191b22368bff26aa60be498575c477af5cc3'}}, 'caller': {'address': '0xc7d0445ac2947760b3dd388b8586adf079972bf3'}, 'date': {'date': '2022-04-02'}, 'block': {'height': 14504066}}, {'smartContract': {'address': {'address': '0xcdefd353ba028a77c1cfbbf9571e7a19df582380'}}, 'caller': {'address': '0xc7d0445ac2947760b3dd388b8586adf079972bf3'}, 'date': {'date': '2022-04-02'}, 'block': {'height': 14504065}}, {'smartContract': {'address': {'address': '0xc2cb0c2bde7436fb90c187ba072a5038b3fd172f'}}, 'caller': {'address': '0xc7d0445ac2947760b3dd388b8586adf079972bf3'}, 'date': {'date': '2021-11-07'}, 'block': {'height': 13569475}}, {'smartContract': {'address': {'address': '0xd385a9e742508f8ddc3ef8dea3aa2788a4467ea3'}}, 'caller': {'address': '0xc7d0445ac2947760b3dd388b8586adf079972bf3'}, 'date': {'date': '2021-10-27'}, 'block': {'height': 13499197}}, {'smartContract': {'address': {'address': '0x69e592aa33f5c88de8dbd8791769cfdfba0f2782'}}, 'caller': {'address': '0xc7d0445ac2947760b3dd388b8586adf079972bf3'}, 'date': {'date': '2021-10-24'}, 'block': {'height': 13479146}}, {'smartContract': {'address': {'address': '0x205c41bf932a34e14fea6b9b25585b3a5903aeeb'}}, 'caller': {'address': '0xc7d0445ac2947760b3dd388b8586adf079972bf3'}, 'date': {'date': '2021-10-24'}, 'block': {'height': 13479140}}, {'smartContract': {'address': {'address': '0x11450058d796b02eb53e65374be59cff65d3fe7f'}}, 'caller': {'address': '0xc7d0445ac2947760b3dd388b8586adf079972bf3'}, 'date': {'date': '2021-10-14'}, 'block': {'height': 13418643}}, {'smartContract': {'address': {'address': '0xfcd80cbf131d545d8279b665bc55a56b3b08c60b'}}, 'caller': {'address': '0xc7d0445ac2947760b3dd388b8586adf079972bf3'}, 'date': {'date': '2021-10-14'}, 'block': {'height': 13418346}}, {'smartContract': {'address': {'address': '0x441cb57f2189e1df10f7010d55115f9374bae562'}}, 'caller': {'address': '0xc7d0445ac2947760b3dd388b8586adf079972bf3'}, 'date': {'date': '2021-10-14'}, 'block': {'height': 13418316}}, {'smartContract': {'address': {'address': '0x8503bf17460aed3d19e5e09bbc2b8d70aa79ec6e'}}, 'caller': {'address': '0xc7d0445ac2947760b3dd388b8586adf079972bf3'}, 'date': {'date': '2021-09-13'}, 'block': {'height': 13218947}}, {'smartContract': {'address': {'address': '0x7732674b5e5ffec4785aefdaea807eeca383b5e6'}}, 'caller': {'address': '0xc7d0445ac2947760b3dd388b8586adf079972bf3'}, 'date': {'date': '2021-08-27'}, 'block': {'height': 13105975}}, {'smartContract': {'address': {'address': '0x2697b304724f277f4ad498a2792d694917bc640f'}}, 'caller': {'address': '0xc7d0445ac2947760b3dd388b8586adf079972bf3'}, 'date': {'date': '2021-08-27'}, 'block': {'height': 13105966}}, {'smartContract': {'address': {'address': '0x95cf54120b4ee4f18d81e707213b78c5606a9b22'}}, 'caller': {'address': '0xc7d0445ac2947760b3dd388b8586adf079972bf3'}, 'date': {'date': '2021-08-07'}, 'block': {'height': 12978266}}, {'smartContract': {'address': {'address': '0x49b7b2cba504088ff94615d8929d41f5535d1877'}}, 'caller': {'address': '0xc7d0445ac2947760b3dd388b8586adf079972bf3'}, 'date': {'date': '2021-08-07'}, 'block': {'height': 12978245}}, {'smartContract': {'address': {'address': '0x40ab98602341a294c2b9d6a71266183edc3edf76'}}, 'caller': {'address': '0xc7d0445ac2947760b3dd388b8586adf079972bf3'}, 'date': {'date': '2021-08-07'}, 'block': {'height': 12978236}}, {'smartContract': {'address': {'address': '0x63837c5b60fb7a29d5e8823a07ee98df3fa83955'}}, 'caller': {'address': '0xc7d0445ac2947760b3dd388b8586adf079972bf3'}, 'date': {'date': '2021-08-07'}, 'block': {'height': 12978236}}, {'smartContract': {'address': {'address': '0x6a425fc7bc4ed7cfb3cd89cca9925aba3b900bbe'}}, 'caller': {'address': '0xc7d0445ac2947760b3dd388b8586adf079972bf3'}, 'date': {'date': '2021-08-04'}, 'block': {'height': 12960881}}, {'smartContract': {'address': {'address': '0x701c09256eec660989be2ccd4ad2d3051cf46946'}}, 'caller': {'address': '0xc7d0445ac2947760b3dd388b8586adf079972bf3'}, 'date': {'date': '2021-08-01'}, 'block': {'height': 12941720}}, {'smartContract': {'address': {'address': '0x67b5b1f23c373fb1252572f667d3f6e28b50fe5c'}}, 'caller': {'address': '0xc7d0445ac2947760b3dd388b8586adf079972bf3'}, 'date': {'date': '2021-07-22'}, 'block': {'height': 12878088}}, {'smartContract': {'address': {'address': '0xb77ff862c4f02509d44a75c9543237d68ec6c1bd'}}, 'caller': {'address': '0xc7d0445ac2947760b3dd388b8586adf079972bf3'}, 'date': {'date': '2021-07-07'}, 'block': {'height': 12781645}}, {'smartContract': {'address': {'address': '0xd9b8b6383de70fcefa501ce768fff3df16afb553'}}, 'caller': {'address': '0x115934131916c8b277dd010ee02de363c09d037c'}, 'date': {'date': '2021-07-06'}, 'block': {'height': 12771776}}, {'smartContract': {'address': {'address': '0x98c2b0681d8bf07767826ea8bd3b11b0ca421631'}}, 'caller': {'address': '0x115934131916c8b277dd010ee02de363c09d037c'}, 'date': {'date': '2021-07-06'}, 'block': {'height': 12771775}}, {'smartContract': {'address': {'address': '0x703b120f15ab77b986a24c6f9262364d02f9432f'}}, 'caller': {'address': '0x115934131916c8b277dd010ee02de363c09d037c'}, 'date': {'date': '2021-07-06'}, 'block': {'height': 12771774}}, {'smartContract': {'address': {'address': '0x4200b824d4b1118e290767a9f255d53af21fabca'}}, 'caller': {'address': '0x115934131916c8b277dd010ee02de363c09d037c'}, 'date': {'date': '2021-07-06'}, 'block': {'height': 12771773}}, {'smartContract': {'address': {'address': '0x29e05b93c2074592727cdc954b202e58c1a6b059'}}, 'caller': {'address': '0x115934131916c8b277dd010ee02de363c09d037c'}, 'date': {'date': '2021-07-06'}, 'block': {'height': 12771772}}, {'smartContract': {'address': {'address': '0xc79dad13ddb6ebb6b128ef2d76c402624a7ba935'}}, 'caller': {'address': '0x115934131916c8b277dd010ee02de363c09d037c'}, 'date': {'date': '2021-07-06'}, 'block': {'height': 12771770}}, {'smartContract': {'address': {'address': '0xefb47fcfcad4f96c83d4ca676842fb03ef20a477'}}, 'caller': {'address': '0x115934131916c8b277dd010ee02de363c09d037c'}, 'date': {'date': '2021-07-06'}, 'block': {'height': 12771764}}, {'smartContract': {'address': {'address': '0x6593f97975400fcfee16a44d8448bb0509743e8e'}}, 'caller': {'address': '0x115934131916c8b277dd010ee02de363c09d037c'}, 'date': {'date': '2021-07-06'}, 'block': {'height': 12771763}}, {'smartContract': {'address': {'address': '0x540c57a187e8405df4522b3786b774cecbf2fb5f'}}, 'caller': {'address': '0x115934131916c8b277dd010ee02de363c09d037c'}, 'date': {'date': '2021-07-06'}, 'block': {'height': 12771758}}, {'smartContract': {'address': {'address': '0xae06088ecb0e668db494ee64ae78af5e5b510797'}}, 'caller': {'address': '0x115934131916c8b277dd010ee02de363c09d037c'}, 'date': {'date': '2021-07-06'}, 'block': {'height': 12771757}}, {'smartContract': {'address': {'address': '0x6d2a35e903f95a8aca302de7688d12e26f1a08d8'}}, 'caller': {'address': '0x115934131916c8b277dd010ee02de363c09d037c'}, 'date': {'date': '2021-07-06'}, 'block': {'height': 12771756}}, {'smartContract': {'address': {'address': '0x50b2c07f0269ebf0e906feeea9d5c90c42d9fd24'}}, 'caller': {'address': '0x115934131916c8b277dd010ee02de363c09d037c'}, 'date': {'date': '2021-07-06'}, 'block': {'height': 12771747}}, {'smartContract': {'address': {'address': '0xf3033c8d381f16d9d466b0517e6ccced0f493fb6'}}, 'caller': {'address': '0x115934131916c8b277dd010ee02de363c09d037c'}, 'date': {'date': '2021-07-06'}, 'block': {'height': 12771746}}, {'smartContract': {'address': {'address': '0x43a76c98cd94e309b0ab1757a42a51bcaa334ff5'}}, 'caller': {'address': '0x115934131916c8b277dd010ee02de363c09d037c'}, 'date': {'date': '2021-07-06'}, 'block': {'height': 12771744}}, {'smartContract': {'address': {'address': '0x8faf958e36c6970497386118030e6297fff8d275'}}, 'caller': {'address': '0x115934131916c8b277dd010ee02de363c09d037c'}, 'date': {'date': '2021-07-06'}, 'block': {'height': 12771741}}, {'smartContract': {'address': {'address': '0xf15fd4dc6a1d3c0aa8bbab46db6400f53a49f737'}}, 'caller': {'address': '0x115934131916c8b277dd010ee02de363c09d037c'}, 'date': {'date': '2021-07-06'}, 'block': {'height': 12771740}}, {'smartContract': {'address': {'address': '0x9d406c4067a53f65de1a8a9273d55bfea5870a75'}}, 'caller': {'address': '0x115934131916c8b277dd010ee02de363c09d037c'}, 'date': {'date': '2021-07-06'}, 'block': {'height': 12771738}}, {'smartContract': {'address': {'address': '0x6cbefa95e42960e579c2a3058c05c6a08e2498e9'}}, 'caller': {'address': '0x115934131916c8b277dd010ee02de363c09d037c'}, 'date': {'date': '2021-07-06'}, 'block': {'height': 12771737}}, {'smartContract': {'address': {'address': '0x20e95253e54490d8d30ea41574b24f741ee70201'}}, 'caller': {'address': '0x115934131916c8b277dd010ee02de363c09d037c'}, 'date': {'date': '2021-07-06'}, 'block': {'height': 12771735}}, {'smartContract': {'address': {'address': '0x86cccda3799a43fbceb4cec6ad8b028f5bf8b3dd'}}, 'caller': {'address': '0x115934131916c8b277dd010ee02de363c09d037c'}, 'date': {'date': '2021-07-06'}, 'block': {'height': 12771734}}, {'smartContract': {'address': {'address': '0x57654ae132413e81459ad2ae70c2570a9b89fb53'}}, 'caller': {'address': '0x115934131916c8b277dd010ee02de363c09d037c'}, 'date': {'date': '2021-07-06'}, 'block': {'height': 12771733}}, {'smartContract': {'address': {'address': '0xcf6daab95c476106eca715d48de4b13287ffdeaa'}}, 'caller': {'address': '0x115934131916c8b277dd010ee02de363c09d037c'}, 'date': {'date': '2021-07-06'}, 'block': {'height': 12771728}}, {'smartContract': {'address': {'address': '0xbaaa2b1f770c8aa0f86203c77a6b01e8315b3238'}}, 'caller': {'address': '0xc7d0445ac2947760b3dd388b8586adf079972bf3'}, 'date': {'date': '2021-07-06'}, 'block': {'height': 12771710}}, {'smartContract': {'address': {'address': '0x9e1fddcfcf7c0917371497ac24d27db764aae0fe'}}, 'caller': {'address': '0xc7d0445ac2947760b3dd388b8586adf079972bf3'}, 'date': {'date': '2021-07-06'}, 'block': {'height': 12771710}}, {'smartContract': {'address': {'address': '0x1e26deb7e2b83742384f4dfbb2470947f853a2a4'}}, 'caller': {'address': '0xc7d0445ac2947760b3dd388b8586adf079972bf3'}, 'date': {'date': '2021-07-06'}, 'block': {'height': 12771710}}, {'smartContract': {'address': {'address': '0x0075f029648ffbd2026a7df1e9eff27ebc90ca65'}}, 'caller': {'address': '0xc7d0445ac2947760b3dd388b8586adf079972bf3'}, 'date': {'date': '2021-07-06'}, 'block': {'height': 12771710}}, {'smartContract': {'address': {'address': '0x5140ecb1aa2daa8427e724a6a5b3893617d8110c'}}, 'caller': {'address': '0xc7d0445ac2947760b3dd388b8586adf079972bf3'}, 'date': {'date': '2021-07-06'}, 'block': {'height': 12771710}}, {'smartContract': {'address': {'address': '0x67e0eb8557437ab7393243c88a11f3c7e424ca3d'}}, 'caller': {'address': '0xc7d0445ac2947760b3dd388b8586adf079972bf3'}, 'date': {'date': '2021-07-06'}, 'block': {'height': 12771708}}, {'smartContract': {'address': {'address': '0xa2c14852974afe7755ea824260ca5df03b816458'}}, 'caller': {'address': '0xc7d0445ac2947760b3dd388b8586adf079972bf3'}, 'date': {'date': '2021-07-06'}, 'block': {'height': 12771708}}, {'smartContract': {'address': {'address': '0x9495a029ce34983c0bf0c45ee8214021e95da26a'}}, 'caller': {'address': '0xc7d0445ac2947760b3dd388b8586adf079972bf3'}, 'date': {'date': '2021-07-06'}, 'block': {'height': 12771708}}, {'smartContract': {'address': {'address': '0x318a278711fc24f32550af30e772686bbee34141'}}, 'caller': {'address': '0xc7d0445ac2947760b3dd388b8586adf079972bf3'}, 'date': {'date': '2021-07-06'}, 'block': {'height': 12771685}}, {'smartContract': {'address': {'address': '0x0ea28d1ce1198b4af8a84e5c08c94a907f34adce'}}, 'caller': {'address': '0xc7d0445ac2947760b3dd388b8586adf079972bf3'}, 'date': {'date': '2021-07-06'}, 'block': {'height': 12771685}}, {'smartContract': {'address': {'address': '0x30a2c7b6bcaa9daa500106dea66315e87f7723dd'}}, 'caller': {'address': '0xc7d0445ac2947760b3dd388b8586adf079972bf3'}, 'date': {'date': '2021-07-06'}, 'block': {'height': 12771675}}, {'smartContract': {'address': {'address': '0x0e906a0a798429fe5aa81e5052a5898dd0473907'}}, 'caller': {'address': '0xc7d0445ac2947760b3dd388b8586adf079972bf3'}, 'date': {'date': '2021-07-06'}, 'block': {'height': 12771666}}, {'smartContract': {'address': {'address': '0x4bb0cdd7c906151347ad915af07f6af50c9028f7'}}, 'caller': {'address': '0xc7d0445ac2947760b3dd388b8586adf079972bf3'}, 'date': {'date': '2021-07-06'}, 'block': {'height': 12771654}}, {'smartContract': {'address': {'address': '0x94235659cf8b805b2c658f9ea2d6d6ddbb17c8d7'}}, 'caller': {'address': '0xc7d0445ac2947760b3dd388b8586adf079972bf3'}, 'date': {'date': '2021-07-06'}, 'block': {'height': 12771648}}, {'smartContract': {'address': {'address': '0x44c652d679d99bb406167de9651d2535850fb479'}}, 'caller': {'address': '0xc7d0445ac2947760b3dd388b8586adf079972bf3'}, 'date': {'date': '2021-07-06'}, 'block': {'height': 12771614}}, {'smartContract': {'address': {'address': '0xa404f66b9278c4ab8428225014266b4b239bcdc7'}}, 'caller': {'address': '0xc7d0445ac2947760b3dd388b8586adf079972bf3'}, 'date': {'date': '2021-07-06'}, 'block': {'height': 12771608}}, {'smartContract': {'address': {'address': '0x00e82e98a2119aa175eab206706efe0df2c7d51d'}}, 'caller': {'address': '0xc7d0445ac2947760b3dd388b8586adf079972bf3'}, 'date': {'date': '2021-07-06'}, 'block': {'height': 12771601}}, {'smartContract': {'address': {'address': '0x526684cde5e9ed50703469e1e21e388ad084e0f8'}}, 'caller': {'address': '0xc7d0445ac2947760b3dd388b8586adf079972bf3'}, 'date': {'date': '2021-07-06'}, 'block': {'height': 12771591}}, {'smartContract': {'address': {'address': '0x68d494e06f70d1dd13f9faacd122799d4044412b'}}, 'caller': {'address': '0xc7d0445ac2947760b3dd388b8586adf079972bf3'}, 'date': {'date': '2021-07-06'}, 'block': {'height': 12771589}}, {'smartContract': {'address': {'address': '0x34ad2d8a212cb7d6909d9b523bb5847aa236cb25'}}, 'caller': {'address': '0xc7d0445ac2947760b3dd388b8586adf079972bf3'}, 'date': {'date': '2021-07-06'}, 'block': {'height': 12771588}}, {'smartContract': {'address': {'address': '0xf71741c102e5295813912cf3b2fc07bc740a0f1c'}}, 'caller': {'address': '0xc7d0445ac2947760b3dd388b8586adf079972bf3'}, 'date': {'date': '2021-07-06'}, 'block': {'height': 12771585}}, {'smartContract': {'address': {'address': '0xb4a81261b16b92af0b9f7c4a83f1e885132d81e4'}}, 'caller': {'address': '0xc7d0445ac2947760b3dd388b8586adf079972bf3'}, 'date': {'date': '2021-07-06'}, 'block': {'height': 12771572}}, {'smartContract': {'address': {'address': '0xa57d319b3cf3ad0e4d19770f71e63cf847263a0b'}}, 'caller': {'address': '0xc7d0445ac2947760b3dd388b8586adf079972bf3'}, 'date': {'date': '2021-07-06'}, 'block': {'height': 12771565}}, {'smartContract': {'address': {'address': '0xf7a0383750fef5abace57cc4c9ff98e3790202b3'}}, 'caller': {'address': '0xc7d0445ac2947760b3dd388b8586adf079972bf3'}, 'date': {'date': '2021-07-06'}, 'block': {'height': 12771565}}, {'smartContract': {'address': {'address': '0x9813037ee2218799597d83d4a5b6f3b6778218d9'}}, 'caller': {'address': '0xc7d0445ac2947760b3dd388b8586adf079972bf3'}, 'date': {'date': '2021-07-06'}, 'block': {'height': 12771556}}, {'smartContract': {'address': {'address': '0x03f7724180aa6b939894b5ca4314783b0b36b329'}}, 'caller': {'address': '0xc7d0445ac2947760b3dd388b8586adf079972bf3'}, 'date': {'date': '2021-07-06'}, 'block': {'height': 12771547}}, {'smartContract': {'address': {'address': '0x115934131916c8b277dd010ee02de363c09d037c'}}, 'caller': {'address': '0xc7d0445ac2947760b3dd388b8586adf079972bf3'}, 'date': {'date': '2021-07-06'}, 'block': {'height': 12771526}}]",2021-07-06
78,78,0xEec2bE5c91ae7f8a338e1e5f3b5DE49d07AfdC81,Dopex Governance Token,https://github.com/dopex-io,0xDe485812E28824e542B9c2270B6b8eD9232B7D0b,22619393.76,"[{'smartContract': {'address': {'address': '0x5be3c77ed3cd42fc2c702c9fcd665f515862b0ae'}}, 'caller': {'address': '0xde485812e28824e542b9c2270b6b8ed9232b7d0b'}, 'date': {'date': '2022-03-14'}, 'block': {'height': 14386444}}, {'smartContract': {'address': {'address': '0x2c9c1e9b4bdf6bf9cb59c77e0e8c0892ce3a9d5f'}}, 'caller': {'address': '0xde485812e28824e542b9c2270b6b8ed9232b7d0b'}, 'date': {'date': '2022-03-14'}, 'block': {'height': 14386444}}, {'smartContract': {'address': {'address': '0xbb741dc1a519995eac67ec1f2bfeecbe5c02f46e'}}, 'caller': {'address': '0xde485812e28824e542b9c2270b6b8ed9232b7d0b'}, 'date': {'date': '2022-03-14'}, 'block': {'height': 14386444}}, {'smartContract': {'address': {'address': '0x0393352c7c28903e7deaa5508f01cc89f25bcb5c'}}, 'caller': {'address': '0xde485812e28824e542b9c2270b6b8ed9232b7d0b'}, 'date': {'date': '2022-03-14'}, 'block': {'height': 14386444}}, {'smartContract': {'address': {'address': '0x6cb7d5bd21664e0201347bd93d66ce18bc48a807'}}, 'caller': {'address': '0xde485812e28824e542b9c2270b6b8ed9232b7d0b'}, 'date': {'date': '2022-03-14'}, 'block': {'height': 14386420}}, {'smartContract': {'address': {'address': '0x60e07b25ba79bf8d40831cdbda60cf49571c7ee0'}}, 'caller': {'address': '0xde485812e28824e542b9c2270b6b8ed9232b7d0b'}, 'date': {'date': '2022-03-14'}, 'block': {'height': 14386404}}, {'smartContract': {'address': {'address': '0x04996afcf40a14d0892b00c816874f9c1a52c93b'}}, 'caller': {'address': '0xde485812e28824e542b9c2270b6b8ed9232b7d0b'}, 'date': {'date': '2022-03-14'}, 'block': {'height': 14386382}}, {'smartContract': {'address': {'address': '0x83a5b587ae36f342d405a7e5971941168e0adb5d'}}, 'caller': {'address': '0xde485812e28824e542b9c2270b6b8ed9232b7d0b'}, 'date': {'date': '2022-03-14'}, 'block': {'height': 14386382}}, {'smartContract': {'address': {'address': '0xf92009a73d810798cb71651a73e4c33a3033c3e7'}}, 'caller': {'address': '0xde485812e28824e542b9c2270b6b8ed9232b7d0b'}, 'date': {'date': '2022-03-14'}, 'block': {'height': 14386381}}, {'smartContract': {'address': {'address': '0xc4e63f3be080d932f6d2d1ba1936be72b37fc134'}}, 'caller': {'address': '0xde485812e28824e542b9c2270b6b8ed9232b7d0b'}, 'date': {'date': '2022-03-14'}, 'block': {'height': 14386320}}, {'smartContract': {'address': {'address': '0x1a5444362857cafdc58ab95b79a5a9285d16563a'}}, 'caller': {'address': '0xde485812e28824e542b9c2270b6b8ed9232b7d0b'}, 'date': {'date': '2022-03-14'}, 'block': {'height': 14386289}}, {'smartContract': {'address': {'address': '0x73a94f5a8abdd75dbbf529661ff67b1df0857bc3'}}, 'caller': {'address': '0xecf52d848178444d3cd5ebf9bd6f124ebeb42440'}, 'date': {'date': '2021-11-30'}, 'block': {'height': 13712339}}, {'smartContract': {'address': {'address': '0x45ac9f16533c77ab30bf146bbb828c9b944cdefb'}}, 'caller': {'address': '0xecf52d848178444d3cd5ebf9bd6f124ebeb42440'}, 'date': {'date': '2021-11-30'}, 'block': {'height': 13712339}}, {'smartContract': {'address': {'address': '0x286ff6985c7f7db358e9be6a248cedd8a473f45d'}}, 'caller': {'address': '0xecf52d848178444d3cd5ebf9bd6f124ebeb42440'}, 'date': {'date': '2021-11-30'}, 'block': {'height': 13712339}}, {'smartContract': {'address': {'address': '0x5e74fdf2966ee366cfd49bdc60be6ed98a963384'}}, 'caller': {'address': '0xecf52d848178444d3cd5ebf9bd6f124ebeb42440'}, 'date': {'date': '2021-11-30'}, 'block': {'height': 13712339}}, {'smartContract': {'address': {'address': '0xfde1875bf609b742237c17959654c769f04506a5'}}, 'caller': {'address': '0xecf52d848178444d3cd5ebf9bd6f124ebeb42440'}, 'date': {'date': '2021-11-30'}, 'block': {'height': 13712258}}, {'smartContract': {'address': {'address': '0xecf52d848178444d3cd5ebf9bd6f124ebeb42440'}}, 'caller': {'address': '0xde485812e28824e542b9c2270b6b8ed9232b7d0b'}, 'date': {'date': '2021-11-30'}, 'block': {'height': 13712258}}, {'smartContract': {'address': {'address': '0xfa70f2abaa4efb12be6e3b4418c7d8c2db002d43'}}, 'caller': {'address': '0xde485812e28824e542b9c2270b6b8ed9232b7d0b'}, 'date': {'date': '2021-11-30'}, 'block': {'height': 13712238}}, {'smartContract': {'address': {'address': '0x9bade4013a7601aa1f3e9f1361a4ebe60d91b1b5'}}, 'caller': {'address': '0xde485812e28824e542b9c2270b6b8ed9232b7d0b'}, 'date': {'date': '2021-11-30'}, 'block': {'height': 13712230}}, {'smartContract': {'address': {'address': '0x99211cafe3162c1ffcf3b393e2de5b9a230c168c'}}, 'caller': {'address': '0xde485812e28824e542b9c2270b6b8ed9232b7d0b'}, 'date': {'date': '2021-11-30'}, 'block': {'height': 13712217}}, {'smartContract': {'address': {'address': '0xb574a027e57e5da9f6ee4e46077da29d2b6d1071'}}, 'caller': {'address': '0xde485812e28824e542b9c2270b6b8ed9232b7d0b'}, 'date': {'date': '2021-11-30'}, 'block': {'height': 13712209}}, {'smartContract': {'address': {'address': '0x20e3d49241a9658c36df595437160a6f6dc01bde'}}, 'caller': {'address': '0xde485812e28824e542b9c2270b6b8ed9232b7d0b'}, 'date': {'date': '2021-07-01'}, 'block': {'height': 12742005}}, {'smartContract': {'address': {'address': '0x175029c85b14c326c83c9f83d4a21ca339f44cb5'}}, 'caller': {'address': '0x43a5cfb83d0decaaead90e0cc6dca60a2405442b'}, 'date': {'date': '2021-06-24'}, 'block': {'height': 12698377}}, {'smartContract': {'address': {'address': '0x2a52330be21d311a7a3f40dacbfee8978541b74a'}}, 'caller': {'address': '0x43a5cfb83d0decaaead90e0cc6dca60a2405442b'}, 'date': {'date': '2021-06-24'}, 'block': {'height': 12698359}}, {'smartContract': {'address': {'address': '0x0bf46ba06dc1d33c3bd80ff42497ebff13a88900'}}, 'caller': {'address': '0x5c69bee701ef814a2b6a3edd4b1652cb9cc5aa6f'}, 'date': {'date': '2021-06-24'}, 'block': {'height': 12698278}}, {'smartContract': {'address': {'address': '0xf64af01a14c31164ff7381cf966df6f2b4cb349f'}}, 'caller': {'address': '0x5c69bee701ef814a2b6a3edd4b1652cb9cc5aa6f'}, 'date': {'date': '2021-06-24'}, 'block': {'height': 12698239}}, {'smartContract': {'address': {'address': '0xce4d3e893f060cb14b550b3e6b0ad512bef30995'}}, 'caller': {'address': '0x43a5cfb83d0decaaead90e0cc6dca60a2405442b'}, 'date': {'date': '2021-06-24'}, 'block': {'height': 12698206}}, {'smartContract': {'address': {'address': '0x43a5cfb83d0decaaead90e0cc6dca60a2405442b'}}, 'caller': {'address': '0xde485812e28824e542b9c2270b6b8ed9232b7d0b'}, 'date': {'date': '2021-06-24'}, 'block': {'height': 12698154}}, {'smartContract': {'address': {'address': '0xebdf0ef1a2af6c2034561f70c6c1f2a09688a34a'}}, 'caller': {'address': '0xde485812e28824e542b9c2270b6b8ed9232b7d0b'}, 'date': {'date': '2021-06-24'}, 'block': {'height': 12697478}}, {'smartContract': {'address': {'address': '0x38569f73190d6d2f3927c0551526451e3af4d8d6'}}, 'caller': {'address': '0xde485812e28824e542b9c2270b6b8ed9232b7d0b'}, 'date': {'date': '2021-06-22'}, 'block': {'height': 12686851}}, {'smartContract': {'address': {'address': '0x468ac403f2c0ae0c65db7dc22ed3440ac6ab0c39'}}, 'caller': {'address': '0xde485812e28824e542b9c2270b6b8ed9232b7d0b'}, 'date': {'date': '2021-06-21'}, 'block': {'height': 12678489}}, {'smartContract': {'address': {'address': '0x5f59ac2a6b67d72e99f99565b995d2a0f132f6ce'}}, 'caller': {'address': '0xde485812e28824e542b9c2270b6b8ed9232b7d0b'}, 'date': {'date': '2021-06-21'}, 'block': {'height': 12678484}}, {'smartContract': {'address': {'address': '0x20f9b64877eb0c1f180eb80321ee4f373842c714'}}, 'caller': {'address': '0xde485812e28824e542b9c2270b6b8ed9232b7d0b'}, 'date': {'date': '2021-06-21'}, 'block': {'height': 12674545}}, {'smartContract': {'address': {'address': '0x0ff5a8451a839f5f0bb3562689d9a44089738d11'}}, 'caller': {'address': '0xde485812e28824e542b9c2270b6b8ed9232b7d0b'}, 'date': {'date': '2021-06-20'}, 'block': {'height': 12674089}}, {'smartContract': {'address': {'address': '0xeec2be5c91ae7f8a338e1e5f3b5de49d07afdc81'}}, 'caller': {'address': '0xde485812e28824e542b9c2270b6b8ed9232b7d0b'}, 'date': {'date': '2021-06-20'}, 'block': {'height': 12674086}}]",2021-06-21
79,79,0xE0e05c43c097B0982Db6c9d626c4eb9e95C3b9ce,Unslashed Finance Governance Token,,0x38C1dcf5542898300088dca06a68beafE75be264,21966544.32,"[{'smartContract': {'address': {'address': '0xa0ae994229b1bc31850d8a17a273904d1ed12190'}}, 'caller': {'address': '0x38c1dcf5542898300088dca06a68beafe75be264'}, 'date': {'date': '2021-03-03'}, 'block': {'height': 11965112}}, {'smartContract': {'address': {'address': '0x1417fa839f4d03e59dbda9e60165a752d41b2045'}}, 'caller': {'address': '0x38c1dcf5542898300088dca06a68beafe75be264'}, 'date': {'date': '2021-03-03'}, 'block': {'height': 11965110}}, {'smartContract': {'address': {'address': '0xe0e05c43c097b0982db6c9d626c4eb9e95c3b9ce'}}, 'caller': {'address': '0x38c1dcf5542898300088dca06a68beafe75be264'}, 'date': {'date': '2021-03-03'}, 'block': {'height': 11965106}}]",2021-03-03
80,80,0x8dAEBADE922dF735c38C80C7eBD708Af50815fAa,tBTC,https://github.com/keep-network/tbtc,0x123694886DBf5Ac94DDA07135349534536D14cAf,21776713.52,"[{'smartContract': {'address': {'address': '0x6aed6cc30d1b2770771052555d257da86ed47fe8'}}, 'caller': {'address': '0x123694886dbf5ac94dda07135349534536d14caf'}, 'date': {'date': '2022-09-29'}, 'block': {'height': 15639568}}, {'smartContract': {'address': {'address': '0x46d52e41c2f300bc82217ce22b920c34995204eb'}}, 'caller': {'address': '0x123694886dbf5ac94dda07135349534536d14caf'}, 'date': {'date': '2022-09-29'}, 'block': {'height': 15639521}}, {'smartContract': {'address': {'address': '0x7affa05f726d293eb1193807a91617318292008e'}}, 'caller': {'address': '0x123694886dbf5ac94dda07135349534536d14caf'}, 'date': {'date': '2022-09-29'}, 'block': {'height': 15639519}}, {'smartContract': {'address': {'address': '0xfbae130e06bbc8ca198861beecae6e2b830398fb'}}, 'caller': {'address': '0x123694886dbf5ac94dda07135349534536d14caf'}, 'date': {'date': '2022-09-29'}, 'block': {'height': 15639518}}, {'smartContract': {'address': {'address': '0x8263efcb8f28246697585c89fed0501cd946f764'}}, 'caller': {'address': '0x123694886dbf5ac94dda07135349534536d14caf'}, 'date': {'date': '2022-09-29'}, 'block': {'height': 15639516}}, {'smartContract': {'address': {'address': '0x0125c8977a02b2fa3970b1ed9af02f5bedd4ef27'}}, 'caller': {'address': '0x123694886dbf5ac94dda07135349534536d14caf'}, 'date': {'date': '2022-09-29'}, 'block': {'height': 15639499}}, {'smartContract': {'address': {'address': '0xc2731fb2823af3efc2694c9bc86f444d5c5bb4dc'}}, 'caller': {'address': '0x123694886dbf5ac94dda07135349534536d14caf'}, 'date': {'date': '2022-09-29'}, 'block': {'height': 15639478}}, {'smartContract': {'address': {'address': '0xd0a3088ed9fff4357b79cd3896bd38876fcb1c63'}}, 'caller': {'address': '0x123694886dbf5ac94dda07135349534536d14caf'}, 'date': {'date': '2022-09-29'}, 'block': {'height': 15638993}}, {'smartContract': {'address': {'address': '0x5499f54b4a1cb4816eefcf78962040461be3d80b'}}, 'caller': {'address': '0x123694886dbf5ac94dda07135349534536d14caf'}, 'date': {'date': '2022-09-29'}, 'block': {'height': 15638933}}, {'smartContract': {'address': {'address': '0x67a26f2ebdb2448605936fe9a5f496cda7941ec0'}}, 'caller': {'address': '0x123694886dbf5ac94dda07135349534536d14caf'}, 'date': {'date': '2022-09-29'}, 'block': {'height': 15638932}}, {'smartContract': {'address': {'address': '0x024a697788918007592572f7cd020df2bc2abd84'}}, 'caller': {'address': '0x123694886dbf5ac94dda07135349534536d14caf'}, 'date': {'date': '2022-09-29'}, 'block': {'height': 15638930}}, {'smartContract': {'address': {'address': '0x632c2d58ad870fbd4569da0a4e82ddf4b56e83e8'}}, 'caller': {'address': '0x123694886dbf5ac94dda07135349534536d14caf'}, 'date': {'date': '2022-09-29'}, 'block': {'height': 15638928}}, {'smartContract': {'address': {'address': '0x6552059b6efc6aa4ae3ea45f28ed4d92ace020cd'}}, 'caller': {'address': '0x123694886dbf5ac94dda07135349534536d14caf'}, 'date': {'date': '2022-09-29'}, 'block': {'height': 15638926}}, {'smartContract': {'address': {'address': '0x4edc83c5c5b0c41a594371485554b95280653f94'}}, 'caller': {'address': '0x123694886dbf5ac94dda07135349534536d14caf'}, 'date': {'date': '2022-09-29'}, 'block': {'height': 15638911}}, {'smartContract': {'address': {'address': '0x4e4cba3779d56386ed43631b4dcd6d8eacecbcf6'}}, 'caller': {'address': '0x123694886dbf5ac94dda07135349534536d14caf'}, 'date': {'date': '2022-09-29'}, 'block': {'height': 15638881}}, {'smartContract': {'address': {'address': '0x8adf3f35dbe4026112bcfc078872bcb967732ea8'}}, 'caller': {'address': '0x123694886dbf5ac94dda07135349534536d14caf'}, 'date': {'date': '2022-09-29'}, 'block': {'height': 15638809}}, {'smartContract': {'address': {'address': '0x8fa3ef45137c3aff337e42f98023c1d7dd3666c0'}}, 'caller': {'address': '0x123694886dbf5ac94dda07135349534536d14caf'}, 'date': {'date': '2022-03-23'}, 'block': {'height': 14443958}}, {'smartContract': {'address': {'address': '0x143a063f62340da3a8bea1c5642d18c6d0f7ff51'}}, 'caller': {'address': '0x123694886dbf5ac94dda07135349534536d14caf'}, 'date': {'date': '2022-01-05'}, 'block': {'height': 13947673}}, {'smartContract': {'address': {'address': '0xb4c35747c26e4ab5f1a7cdc7e875b5946efa6fa9'}}, 'caller': {'address': '0x123694886dbf5ac94dda07135349534536d14caf'}, 'date': {'date': '2022-01-05'}, 'block': {'height': 13947119}}, {'smartContract': {'address': {'address': '0x9f6e831c8f8939dc0c830c6e492e7cef4f9c2f5f'}}, 'caller': {'address': '0xa6b71e26c5e0845f74c812102ca7114b6a896ab2'}, 'date': {'date': '2021-12-31'}, 'block': {'height': 13912542}}, {'smartContract': {'address': {'address': '0x1cca7e410ee41739792ea0a24e00349dd247680e'}}, 'caller': {'address': '0x123694886dbf5ac94dda07135349534536d14caf'}, 'date': {'date': '2021-12-31'}, 'block': {'height': 13912444}}, {'smartContract': {'address': {'address': '0xe47c80e8c23f6b4a1ae41c34837a0599d5d16bb0'}}, 'caller': {'address': '0x123694886dbf5ac94dda07135349534536d14caf'}, 'date': {'date': '2021-12-31'}, 'block': {'height': 13912439}}, {'smartContract': {'address': {'address': '0xcdf7028ceab81fa0c6971208e83fa7872994bee5'}}, 'caller': {'address': '0x123694886dbf5ac94dda07135349534536d14caf'}, 'date': {'date': '2021-12-31'}, 'block': {'height': 13912436}}, {'smartContract': {'address': {'address': '0x29284d30bcb70e86a6c3f84cbc4de0ce16b0f1ca'}}, 'caller': {'address': '0xb9fc157394af804a3578134a6585c0dc9cc990d4'}, 'date': {'date': '2021-09-22'}, 'block': {'height': 13274638}}, {'smartContract': {'address': {'address': '0xfa65aa60a9d45623c57d383fb4cf8fb8b854cc4d'}}, 'caller': {'address': '0xb9fc157394af804a3578134a6585c0dc9cc990d4'}, 'date': {'date': '2021-09-22'}, 'block': {'height': 13274349}}, {'smartContract': {'address': {'address': '0x22428b09efc87709ab49a77da6f9ce4ffa2ee39b'}}, 'caller': {'address': '0x123694886dbf5ac94dda07135349534536d14caf'}, 'date': {'date': '2021-09-16'}, 'block': {'height': 13236364}}, {'smartContract': {'address': {'address': '0x2355d701d8d85ed161ab66a0a7e759c463f62b30'}}, 'caller': {'address': '0x123694886dbf5ac94dda07135349534536d14caf'}, 'date': {'date': '2021-09-16'}, 'block': {'height': 13236324}}, {'smartContract': {'address': {'address': '0xabe0080ea5f7a58b90398b1c87093cc225e33fe1'}}, 'caller': {'address': '0x123694886dbf5ac94dda07135349534536d14caf'}, 'date': {'date': '2021-09-16'}, 'block': {'height': 13236297}}, {'smartContract': {'address': {'address': '0x9f054b7eaeee0011a3bf3eae38e73fb7a37e1eae'}}, 'caller': {'address': '0x123694886dbf5ac94dda07135349534536d14caf'}, 'date': {'date': '2021-09-16'}, 'block': {'height': 13236281}}, {'smartContract': {'address': {'address': '0x43faf6fe84e01dd186cfeb9ea2f0854a1ef7442f'}}, 'caller': {'address': '0x123694886dbf5ac94dda07135349534536d14caf'}, 'date': {'date': '2021-09-16'}, 'block': {'height': 13236240}}, {'smartContract': {'address': {'address': '0x773a4cacbca8e3704f8f7842531eab83e437b3c4'}}, 'caller': {'address': '0x123694886dbf5ac94dda07135349534536d14caf'}, 'date': {'date': '2021-09-16'}, 'block': {'height': 13236219}}, {'smartContract': {'address': {'address': '0x91cd77a78de10e9df7538270b324a8a8be3bf877'}}, 'caller': {'address': '0x123694886dbf5ac94dda07135349534536d14caf'}, 'date': {'date': '2021-09-16'}, 'block': {'height': 13236208}}, {'smartContract': {'address': {'address': '0x2ada2d985ce69b467d2d8372494df021bedfdbf2'}}, 'caller': {'address': '0x123694886dbf5ac94dda07135349534536d14caf'}, 'date': {'date': '2021-09-15'}, 'block': {'height': 13230796}}, {'smartContract': {'address': {'address': '0x9d3267aa3bdfcedd46221d54f8cb08bf3e1717aa'}}, 'caller': {'address': '0x2ada2d985ce69b467d2d8372494df021bedfdbf2'}, 'date': {'date': '2021-09-15'}, 'block': {'height': 13230796}}, {'smartContract': {'address': {'address': '0x2aa24dac5e494e7b028ed43023530e5769df5d8b'}}, 'caller': {'address': '0x123694886dbf5ac94dda07135349534536d14caf'}, 'date': {'date': '2021-09-15'}, 'block': {'height': 13230696}}, {'smartContract': {'address': {'address': '0x97fb2109ad3a4ae77952f634011c0400785a6b75'}}, 'caller': {'address': '0x123694886dbf5ac94dda07135349534536d14caf'}, 'date': {'date': '2021-09-15'}, 'block': {'height': 13230688}}, {'smartContract': {'address': {'address': '0x3264834ada73a8b0b132ee52fd5a367cf60e86c6'}}, 'caller': {'address': '0x123694886dbf5ac94dda07135349534536d14caf'}, 'date': {'date': '2021-09-08'}, 'block': {'height': 13185392}}, {'smartContract': {'address': {'address': '0xf816cfe922e03c2347664a4a61caec409fcff738'}}, 'caller': {'address': '0x123694886dbf5ac94dda07135349534536d14caf'}, 'date': {'date': '2021-09-08'}, 'block': {'height': 13185374}}, {'smartContract': {'address': {'address': '0x9e56512566236b8872b5798c8cb3a2b1a572a16c'}}, 'caller': {'address': '0x123694886dbf5ac94dda07135349534536d14caf'}, 'date': {'date': '2021-09-08'}, 'block': {'height': 13185342}}, {'smartContract': {'address': {'address': '0xb6881e8b21a3cd6d23c4f90724e26e35bb8980be'}}, 'caller': {'address': '0x123694886dbf5ac94dda07135349534536d14caf'}, 'date': {'date': '2021-09-08'}, 'block': {'height': 13185333}}, {'smartContract': {'address': {'address': '0x8381e623775e7a95e015aab575f734d7be047037'}}, 'caller': {'address': '0x123694886dbf5ac94dda07135349534536d14caf'}, 'date': {'date': '2021-09-07'}, 'block': {'height': 13178923}}, {'smartContract': {'address': {'address': '0x6ad9e8e5236c0e2cf6d755bb7be4eabcbc03f76d'}}, 'caller': {'address': '0x123694886dbf5ac94dda07135349534536d14caf'}, 'date': {'date': '2021-09-07'}, 'block': {'height': 13178903}}, {'smartContract': {'address': {'address': '0x6590dff6abed7c077839e8227a4f12ec90e6d85f'}}, 'caller': {'address': '0x123694886dbf5ac94dda07135349534536d14caf'}, 'date': {'date': '2021-08-17'}, 'block': {'height': 13042358}}, {'smartContract': {'address': {'address': '0x18084fba666a33d37592fa2633fd49a74dd93a88'}}, 'caller': {'address': '0x123694886dbf5ac94dda07135349534536d14caf'}, 'date': {'date': '2021-08-17'}, 'block': {'height': 13042356}}, {'smartContract': {'address': {'address': '0x06b5869aadcf3fa9a2733dd93d4240a6d813fd7d'}}, 'caller': {'address': '0x123694886dbf5ac94dda07135349534536d14caf'}, 'date': {'date': '2021-02-02'}, 'block': {'height': 11776930}}, {'smartContract': {'address': {'address': '0xcf916681a6f08fa22e9ef3e665f2966bf3089ff1'}}, 'caller': {'address': '0xdf00dac2be1250cf62cbfc617ee7bc45c0016c87'}, 'date': {'date': '2021-02-02'}, 'block': {'height': 11776927}}, {'smartContract': {'address': {'address': '0x91284230be6e616c941daa6e6aa3899ed97153e2'}}, 'caller': {'address': '0xdf00dac2be1250cf62cbfc617ee7bc45c0016c87'}, 'date': {'date': '2021-02-02'}, 'block': {'height': 11776927}}, {'smartContract': {'address': {'address': '0x6b7fc591489e4c691dde0a14ef488164681c2c2b'}}, 'caller': {'address': '0xdf00dac2be1250cf62cbfc617ee7bc45c0016c87'}, 'date': {'date': '2021-02-02'}, 'block': {'height': 11776927}}, {'smartContract': {'address': {'address': '0xdf00dac2be1250cf62cbfc617ee7bc45c0016c87'}}, 'caller': {'address': '0x123694886dbf5ac94dda07135349534536d14caf'}, 'date': {'date': '2021-02-02'}, 'block': {'height': 11776927}}, {'smartContract': {'address': {'address': '0xebadc718aebc66c49bfb0878b9a7cd6d3de0ce3a'}}, 'caller': {'address': '0x123694886dbf5ac94dda07135349534536d14caf'}, 'date': {'date': '2021-01-19'}, 'block': {'height': 11686822}}, {'smartContract': {'address': {'address': '0x78aa83bd6c9de5de0a2231366900ab060a482edd'}}, 'caller': {'address': '0x123694886dbf5ac94dda07135349534536d14caf'}, 'date': {'date': '2021-01-19'}, 'block': {'height': 11686801}}, {'smartContract': {'address': {'address': '0x68c912c39f55e5e2662120e43245e799b22b32df'}}, 'caller': {'address': '0x123694886dbf5ac94dda07135349534536d14caf'}, 'date': {'date': '2021-01-19'}, 'block': {'height': 11686596}}, {'smartContract': {'address': {'address': '0xa1038bc3ae05459635b4b0da70117d8d883df863'}}, 'caller': {'address': '0x123694886dbf5ac94dda07135349534536d14caf'}, 'date': {'date': '2021-01-19'}, 'block': {'height': 11686594}}, {'smartContract': {'address': {'address': '0x118b7642b91bcf02c565a3c417534e29e4069bd8'}}, 'caller': {'address': '0x123694886dbf5ac94dda07135349534536d14caf'}, 'date': {'date': '2020-12-22'}, 'block': {'height': 11503302}}, {'smartContract': {'address': {'address': '0xcb3570411d67a49ae312027878e88c054f938e83'}}, 'caller': {'address': '0x123694886dbf5ac94dda07135349534536d14caf'}, 'date': {'date': '2020-12-22'}, 'block': {'height': 11503280}}, {'smartContract': {'address': {'address': '0xee8287b903cbba2dea6a9cfda296a05ada1a6cef'}}, 'caller': {'address': '0x123694886dbf5ac94dda07135349534536d14caf'}, 'date': {'date': '2020-12-22'}, 'block': {'height': 11503268}}, {'smartContract': {'address': {'address': '0xf6a1ca09e39b32f2d090c0088510f15fcce50648'}}, 'caller': {'address': '0x123694886dbf5ac94dda07135349534536d14caf'}, 'date': {'date': '2020-12-22'}, 'block': {'height': 11503264}}, {'smartContract': {'address': {'address': '0xbb59f486135145ad247b82f9cdf52be4a58a0b81'}}, 'caller': {'address': '0x123694886dbf5ac94dda07135349534536d14caf'}, 'date': {'date': '2020-12-22'}, 'block': {'height': 11503262}}, {'smartContract': {'address': {'address': '0xb3d03a5411261fc2094697c5e969d552ee55cf6b'}}, 'caller': {'address': '0x123694886dbf5ac94dda07135349534536d14caf'}, 'date': {'date': '2020-12-22'}, 'block': {'height': 11503258}}, {'smartContract': {'address': {'address': '0x47a5f2ffdf66d13ed7e317581f458d09b49d6f44'}}, 'caller': {'address': '0x123694886dbf5ac94dda07135349534536d14caf'}, 'date': {'date': '2020-12-22'}, 'block': {'height': 11503256}}, {'smartContract': {'address': {'address': '0x81c51dd453dbff8f16036b3f0fb54d7bd03f036f'}}, 'caller': {'address': '0x123694886dbf5ac94dda07135349534536d14caf'}, 'date': {'date': '2020-12-22'}, 'block': {'height': 11503255}}, {'smartContract': {'address': {'address': '0x1b8e50ec9fbf844c3671bc178df8eadfcff831ca'}}, 'caller': {'address': '0x123694886dbf5ac94dda07135349534536d14caf'}, 'date': {'date': '2020-12-22'}, 'block': {'height': 11503081}}, {'smartContract': {'address': {'address': '0x86f7bb1f9d605f957b82a8ce77eaf5936c8b3653'}}, 'caller': {'address': '0x123694886dbf5ac94dda07135349534536d14caf'}, 'date': {'date': '2020-12-11'}, 'block': {'height': 11432846}}, {'smartContract': {'address': {'address': '0xa77ec9c89a0c889bcb05d15df42d49b706952042'}}, 'caller': {'address': '0x123694886dbf5ac94dda07135349534536d14caf'}, 'date': {'date': '2020-12-11'}, 'block': {'height': 11432844}}, {'smartContract': {'address': {'address': '0x5b9e48f8818962699fe38f5989b130cee691bbb3'}}, 'caller': {'address': '0x123694886dbf5ac94dda07135349534536d14caf'}, 'date': {'date': '2020-12-11'}, 'block': {'height': 11432833}}, {'smartContract': {'address': {'address': '0x973005c57872bd7bffb2157e88a6408d428a0f0a'}}, 'caller': {'address': '0x123694886dbf5ac94dda07135349534536d14caf'}, 'date': {'date': '2020-11-11'}, 'block': {'height': 11235481}}, {'smartContract': {'address': {'address': '0x991cc31fa0d03c199d7189cb1c5a295fd2ac65f9'}}, 'caller': {'address': '0x123694886dbf5ac94dda07135349534536d14caf'}, 'date': {'date': '2020-11-11'}, 'block': {'height': 11235452}}, {'smartContract': {'address': {'address': '0x037a91d627cdbdd5ae20d6912fa15ae29b5efb84'}}, 'caller': {'address': '0x123694886dbf5ac94dda07135349534536d14caf'}, 'date': {'date': '2020-11-05'}, 'block': {'height': 11197632}}, {'smartContract': {'address': {'address': '0x8bb0026199405231f875dbed84dadc10e6b20e62'}}, 'caller': {'address': '0x123694886dbf5ac94dda07135349534536d14caf'}, 'date': {'date': '2020-11-05'}, 'block': {'height': 11197629}}, {'smartContract': {'address': {'address': '0x9b15fef1bfa4aff9b51f7b3b2df4d197cde68ff0'}}, 'caller': {'address': '0x123694886dbf5ac94dda07135349534536d14caf'}, 'date': {'date': '2020-11-05'}, 'block': {'height': 11197444}}, {'smartContract': {'address': {'address': '0x4e73e4fab3f999f2e93eb5df77dc438443633600'}}, 'caller': {'address': '0x123694886dbf5ac94dda07135349534536d14caf'}, 'date': {'date': '2020-11-05'}, 'block': {'height': 11197441}}, {'smartContract': {'address': {'address': '0x984b521799bbcf69d4d97a2ce10f43a3ef88958a'}}, 'caller': {'address': '0x123694886dbf5ac94dda07135349534536d14caf'}, 'date': {'date': '2020-11-05'}, 'block': {'height': 11197440}}, {'smartContract': {'address': {'address': '0xfa2390e849adb9f8adf8362fa3ae262cd804b1cd'}}, 'caller': {'address': '0x123694886dbf5ac94dda07135349534536d14caf'}, 'date': {'date': '2020-11-05'}, 'block': {'height': 11197439}}, {'smartContract': {'address': {'address': '0xd267b3be2514375a075fd03c3d9cba6b95317dc3'}}, 'caller': {'address': '0x123694886dbf5ac94dda07135349534536d14caf'}, 'date': {'date': '2020-11-04'}, 'block': {'height': 11193248}}, {'smartContract': {'address': {'address': '0x82ab5f02993bf312d9aca03157f26febebc76108'}}, 'caller': {'address': '0x123694886dbf5ac94dda07135349534536d14caf'}, 'date': {'date': '2020-11-04'}, 'block': {'height': 11193247}}, {'smartContract': {'address': {'address': '0xc5ac5a8892230e0a3e1c473881a2de7353ffca88'}}, 'caller': {'address': '0x123694886dbf5ac94dda07135349534536d14caf'}, 'date': {'date': '2020-11-04'}, 'block': {'height': 11193245}}, {'smartContract': {'address': {'address': '0xe9ca1abe343515312eb6d13178c5a2dce3c036fa'}}, 'caller': {'address': '0x123694886dbf5ac94dda07135349534536d14caf'}, 'date': {'date': '2020-11-04'}, 'block': {'height': 11193234}}, {'smartContract': {'address': {'address': '0xe4b5913c0c82db2efc553b95c0173efb90a07c8b'}}, 'caller': {'address': '0x123694886dbf5ac94dda07135349534536d14caf'}, 'date': {'date': '2020-11-04'}, 'block': {'height': 11192883}}, {'smartContract': {'address': {'address': '0x24c0fbd3ff8e742080c60881f8527ca3baf07647'}}, 'caller': {'address': '0x123694886dbf5ac94dda07135349534536d14caf'}, 'date': {'date': '2020-11-04'}, 'block': {'height': 11192882}}, {'smartContract': {'address': {'address': '0x3012c2fe1240e3754e5c200a0946bb0e07474876'}}, 'caller': {'address': '0x123694886dbf5ac94dda07135349534536d14caf'}, 'date': {'date': '2020-11-04'}, 'block': {'height': 11192881}}, {'smartContract': {'address': {'address': '0x964d45256c73df0239a26216cec155d7e12ec157'}}, 'caller': {'address': '0x123694886dbf5ac94dda07135349534536d14caf'}, 'date': {'date': '2020-11-04'}, 'block': {'height': 11192880}}, {'smartContract': {'address': {'address': '0xbf51807acb3394b8550f0554fb9098856ef5f491'}}, 'caller': {'address': '0x123694886dbf5ac94dda07135349534536d14caf'}, 'date': {'date': '2020-11-04'}, 'block': {'height': 11192879}}, {'smartContract': {'address': {'address': '0x8fec9cf78087064f1f32269f68f94ae343ffbfff'}}, 'caller': {'address': '0x123694886dbf5ac94dda07135349534536d14caf'}, 'date': {'date': '2020-11-04'}, 'block': {'height': 11192874}}, {'smartContract': {'address': {'address': '0x2663a2b9c38054f3b1a41f23d01ae1fadbc5d2b9'}}, 'caller': {'address': '0x123694886dbf5ac94dda07135349534536d14caf'}, 'date': {'date': '2020-10-19'}, 'block': {'height': 11086436}}, {'smartContract': {'address': {'address': '0xd6f2c3f52e3b3cc57181708cd911ef647da92915'}}, 'caller': {'address': '0x123694886dbf5ac94dda07135349534536d14caf'}, 'date': {'date': '2020-10-19'}, 'block': {'height': 11086434}}, {'smartContract': {'address': {'address': '0xa5ab959c7a8c43ac7f614d3bb7ac8b2c44d7d6ce'}}, 'caller': {'address': '0x123694886dbf5ac94dda07135349534536d14caf'}, 'date': {'date': '2020-10-19'}, 'block': {'height': 11086301}}, {'smartContract': {'address': {'address': '0x744596e253711f805ce8e81e174ae016a14c5340'}}, 'caller': {'address': '0x123694886dbf5ac94dda07135349534536d14caf'}, 'date': {'date': '2020-10-19'}, 'block': {'height': 11086299}}, {'smartContract': {'address': {'address': '0x122a60a5ba9bdd521d0876c3aae2e51a2ad280bf'}}, 'caller': {'address': '0x123694886dbf5ac94dda07135349534536d14caf'}, 'date': {'date': '2020-10-16'}, 'block': {'height': 11067075}}, {'smartContract': {'address': {'address': '0xb08e45efc6a9aa1ef908eb63baa3bcd0fe04c637'}}, 'caller': {'address': '0x123694886dbf5ac94dda07135349534536d14caf'}, 'date': {'date': '2020-10-16'}, 'block': {'height': 11066289}}, {'smartContract': {'address': {'address': '0xa981a3dc9a8b29b0b3d621d269b7458c798b5d95'}}, 'caller': {'address': '0x123694886dbf5ac94dda07135349534536d14caf'}, 'date': {'date': '2020-10-16'}, 'block': {'height': 11066286}}, {'smartContract': {'address': {'address': '0xc4e0b2c57759f4d247782024e0b7316bf0c09e5b'}}, 'caller': {'address': '0x123694886dbf5ac94dda07135349534536d14caf'}, 'date': {'date': '2020-10-16'}, 'block': {'height': 11066285}}, {'smartContract': {'address': {'address': '0x0972e6062eac0fe8686d82ea010504066dadb887'}}, 'caller': {'address': '0x123694886dbf5ac94dda07135349534536d14caf'}, 'date': {'date': '2020-09-15'}, 'block': {'height': 10867867}}, {'smartContract': {'address': {'address': '0x94c70c36b519e03705ddc26982d438f71993d063'}}, 'caller': {'address': '0x123694886dbf5ac94dda07135349534536d14caf'}, 'date': {'date': '2020-09-15'}, 'block': {'height': 10867864}}, {'smartContract': {'address': {'address': '0xaf3fff06b75f99352d8c2a3c4bef1339a2f94789'}}, 'caller': {'address': '0x123694886dbf5ac94dda07135349534536d14caf'}, 'date': {'date': '2020-09-15'}, 'block': {'height': 10867862}}, {'smartContract': {'address': {'address': '0x10b66bd1e3b5a936b7f8dbc5976004311037cdf0'}}, 'caller': {'address': '0x123694886dbf5ac94dda07135349534536d14caf'}, 'date': {'date': '2020-09-15'}, 'block': {'height': 10867845}}, {'smartContract': {'address': {'address': '0x8daebade922df735c38c80c7ebd708af50815faa'}}, 'caller': {'address': '0x123694886dbf5ac94dda07135349534536d14caf'}, 'date': {'date': '2020-09-15'}, 'block': {'height': 10867840}}, {'smartContract': {'address': {'address': '0xcffdcb12b74be900e2020b9d96d256f1fea96342'}}, 'caller': {'address': '0x123694886dbf5ac94dda07135349534536d14caf'}, 'date': {'date': '2020-09-15'}, 'block': {'height': 10867820}}, {'smartContract': {'address': {'address': '0x62d1286683507939c065c12f2d1e80cca8ccd125'}}, 'caller': {'address': '0x123694886dbf5ac94dda07135349534536d14caf'}, 'date': {'date': '2020-09-15'}, 'block': {'height': 10867802}}, {'smartContract': {'address': {'address': '0x32574c0ced53b14b0f21381bb43dd534866385b2'}}, 'caller': {'address': '0x123694886dbf5ac94dda07135349534536d14caf'}, 'date': {'date': '2020-09-15'}, 'block': {'height': 10867780}}, {'smartContract': {'address': {'address': '0x817c0f6332392ad65d7688ed22f59b227e372323'}}, 'caller': {'address': '0x123694886dbf5ac94dda07135349534536d14caf'}, 'date': {'date': '2020-09-15'}, 'block': {'height': 10867775}}]",2020-09-15
81,81,0xC0d4Ceb216B3BA9C3701B291766fDCbA977ceC3A,BTRFLY,,0xe7Ad7d90639A565FE3A6F68A41AD0B095f631F39,21654463.81,"[{'smartContract': {'address': {'address': '0xf38a67da7a3a12aa12a9981ae6a79c0fdddd71ab'}}, 'caller': {'address': '0xb9fc157394af804a3578134a6585c0dc9cc990d4'}, 'date': {'date': '2022-05-31'}, 'block': {'height': 14881457}}, {'smartContract': {'address': {'address': '0x95d16646311fde101eb9f897fe06ac881b7db802'}}, 'caller': {'address': '0xf18056bbd320e96a48e3fbf8bc061322531aac99'}, 'date': {'date': '2022-03-18'}, 'block': {'height': 14411020}}, {'smartContract': {'address': {'address': '0x68f54c12631a83b5b42f683932f504819f26c4e7'}}, 'caller': {'address': '0xe7ad7d90639a565fe3a6f68a41ad0b095f631f39'}, 'date': {'date': '2022-03-04'}, 'block': {'height': 14322859}}, {'smartContract': {'address': {'address': '0xf43b15ab692fde1f9c24a9fce700adcc809d5391'}}, 'caller': {'address': '0xf18056bbd320e96a48e3fbf8bc061322531aac99'}, 'date': {'date': '2022-02-14'}, 'block': {'height': 14206574}}, {'smartContract': {'address': {'address': '0xe160364fd8407ffc8b163e278300c6c5d18ff61d'}}, 'caller': {'address': '0xf18056bbd320e96a48e3fbf8bc061322531aac99'}, 'date': {'date': '2022-02-14'}, 'block': {'height': 14206574}}, {'smartContract': {'address': {'address': '0x5f81b1c7182543e0db342fc2a69525888d648e60'}}, 'caller': {'address': '0xe7ad7d90639a565fe3a6f68a41ad0b095f631f39'}, 'date': {'date': '2022-02-02'}, 'block': {'height': 14123636}}, {'smartContract': {'address': {'address': '0x765c7cfed02f2d9583eac8229930f3650af42c77'}}, 'caller': {'address': '0xe7ad7d90639a565fe3a6f68a41ad0b095f631f39'}, 'date': {'date': '2021-12-29'}, 'block': {'height': 13900198}}, {'smartContract': {'address': {'address': '0xe9ab8038ee6dd4fcc7612997fe28d4e22019c4b4'}}, 'caller': {'address': '0xc0aee478e3658e2610c5f7a4a2e1777ce9e4f2ac'}, 'date': {'date': '2021-12-18'}, 'block': {'height': 13826315}}, {'smartContract': {'address': {'address': '0x98e45ef7ead7e85d3cd8f07d3e7f02405a10b96d'}}, 'caller': {'address': '0xe7ad7d90639a565fe3a6f68a41ad0b095f631f39'}, 'date': {'date': '2021-12-17'}, 'block': {'height': 13825687}}, {'smartContract': {'address': {'address': '0xc0d4ceb216b3ba9c3701b291766fdcba977cec3a'}}, 'caller': {'address': '0xe7ad7d90639a565fe3a6f68a41ad0b095f631f39'}, 'date': {'date': '2021-12-15'}, 'block': {'height': 13806396}}, {'smartContract': {'address': {'address': '0x57503824e256e878db8136fde66f155c49e362df'}}, 'caller': {'address': '0xe7ad7d90639a565fe3a6f68a41ad0b095f631f39'}, 'date': {'date': '2021-12-14'}, 'block': {'height': 13806290}}]",2021-12-15
82,82,0x33349B282065b0284d756F0577FB39c158F935e6,Maple Token,,0xB54a98c242ABc8582153b5e6B2B8c83Cc6c1C8c4,21328572.27,"[{'smartContract': {'address': {'address': '0x33349b282065b0284d756f0577fb39c158f935e6'}}, 'caller': {'address': '0xb54a98c242abc8582153b5e6b2b8c83cc6c1c8c4'}, 'date': {'date': '2021-04-20'}, 'block': {'height': 12274249}}]",2021-04-20
83,83,0xef3A930e1FfFFAcd2fc13434aC81bD278B0ecC8d,StaFi,,0x63DA51fc3bA519B50A8788a714d65FaBd47ab292,21171580.3,"[{'smartContract': {'address': {'address': '0x33e91fb7e5fed3ba103fb4b0fd1e5cdb6e555361'}}, 'caller': {'address': '0x63da51fc3ba519b50a8788a714d65fabd47ab292'}, 'date': {'date': '2021-08-30'}, 'block': {'height': 13125801}}, {'smartContract': {'address': {'address': '0xc9b8786b28dd665ac25c6e219dfeb594e1b06f80'}}, 'caller': {'address': '0x63da51fc3ba519b50a8788a714d65fabd47ab292'}, 'date': {'date': '2021-08-30'}, 'block': {'height': 13125542}}, {'smartContract': {'address': {'address': '0x6e4c569d17f3e87351d6c17dbcba368827e1d5b6'}}, 'caller': {'address': '0x63da51fc3ba519b50a8788a714d65fabd47ab292'}, 'date': {'date': '2021-08-30'}, 'block': {'height': 13125530}}, {'smartContract': {'address': {'address': '0x0a10cae97a02cf0dfc3c9c117102874f8255d000'}}, 'caller': {'address': '0x63da51fc3ba519b50a8788a714d65fabd47ab292'}, 'date': {'date': '2021-08-30'}, 'block': {'height': 13125487}}, {'smartContract': {'address': {'address': '0x3dbb00c9be5a327e25caf4f650844c5dba81e34b'}}, 'caller': {'address': '0x63da51fc3ba519b50a8788a714d65fabd47ab292'}, 'date': {'date': '2021-08-26'}, 'block': {'height': 13101260}}, {'smartContract': {'address': {'address': '0x1e647a4e68f1d78c2bab3143be85c224e9917536'}}, 'caller': {'address': '0x63da51fc3ba519b50a8788a714d65fabd47ab292'}, 'date': {'date': '2021-07-21'}, 'block': {'height': 12869297}}, {'smartContract': {'address': {'address': '0x2b6b6fce3af32efe4430e446717bda72b95ebb9a'}}, 'caller': {'address': '0x63da51fc3ba519b50a8788a714d65fabd47ab292'}, 'date': {'date': '2021-05-21'}, 'block': {'height': 12476074}}, {'smartContract': {'address': {'address': '0xc0609ea6e4345555276fac1636b5c27ebc17d817'}}, 'caller': {'address': '0x63da51fc3ba519b50a8788a714d65fabd47ab292'}, 'date': {'date': '2021-05-21'}, 'block': {'height': 12476054}}, {'smartContract': {'address': {'address': '0xd01cb3d113a864763dd3977fe1e725860013b0ed'}}, 'caller': {'address': '0x63da51fc3ba519b50a8788a714d65fabd47ab292'}, 'date': {'date': '2021-04-24'}, 'block': {'height': 12304996}}, {'smartContract': {'address': {'address': '0x505f5a4ff10985fe9f93f2ae3501da5fe665f08a'}}, 'caller': {'address': '0x63da51fc3ba519b50a8788a714d65fabd47ab292'}, 'date': {'date': '2021-04-24'}, 'block': {'height': 12301485}}, {'smartContract': {'address': {'address': '0x3c3842c4d3037ae121d69ea1e7a0b61413be806c'}}, 'caller': {'address': '0x63da51fc3ba519b50a8788a714d65fabd47ab292'}, 'date': {'date': '2021-04-21'}, 'block': {'height': 12280775}}, {'smartContract': {'address': {'address': '0xc82eb6dea0c93edb8b697b89ad1b13d19469d635'}}, 'caller': {'address': '0x63da51fc3ba519b50a8788a714d65fabd47ab292'}, 'date': {'date': '2021-01-22'}, 'block': {'height': 11704440}}, {'smartContract': {'address': {'address': '0x91c48208a9a171eb26e6f2bd48f41b958e19ebab'}}, 'caller': {'address': '0x63da51fc3ba519b50a8788a714d65fabd47ab292'}, 'date': {'date': '2020-12-02'}, 'block': {'height': 11371079}}, {'smartContract': {'address': {'address': '0x13ef51f0525df6045267baed411f535d86586bc1'}}, 'caller': {'address': '0x63da51fc3ba519b50a8788a714d65fabd47ab292'}, 'date': {'date': '2020-12-01'}, 'block': {'height': 11369742}}, {'smartContract': {'address': {'address': '0xef3a930e1ffffacd2fc13434ac81bd278b0ecc8d'}}, 'caller': {'address': '0x63da51fc3ba519b50a8788a714d65fabd47ab292'}, 'date': {'date': '2020-12-01'}, 'block': {'height': 11365113}}]",2020-12-01
84,84,0x3212b29E33587A00FB1C83346f5dBFA69A458923,The Tokenized Bitcoin,,0xe9e722B0F4542A850f95ffCCc634C8720D1e0D76,20969787.31,[],2019-10-25
85,85,0xDE5ed76E7c05eC5e4572CfC88d1ACEA165109E44,DEUS,https://github.com/deusfinance,0x55638a37D2C29a1c602Dc0e3f81751a54dc504f0,20244199.75,"[{'smartContract': {'address': {'address': '0xde5ed76e7c05ec5e4572cfc88d1acea165109e44'}}, 'caller': {'address': '0x55638a37d2c29a1c602dc0e3f81751a54dc504f0'}, 'date': {'date': '2021-10-01'}, 'block': {'height': 13333211}}]",2021-10-01
86,86,0x84810bcF08744d5862B8181f12d17bfd57d3b078,SharedStake Governance Token,,0x18691f528659D0Abd08f79498dCc7B6fBdc1e91d,19981848.65,"[{'smartContract': {'address': {'address': '0x2b228842b97ab8a1f3dcd216ec5d553ada957915'}}, 'caller': {'address': '0x8e432241fc458fcd99ac15a45d3ef7db3d3aae40'}, 'date': {'date': '2021-04-27'}, 'block': {'height': 12324154}}, {'smartContract': {'address': {'address': '0x8e432241fc458fcd99ac15a45d3ef7db3d3aae40'}}, 'caller': {'address': '0x18691f528659d0abd08f79498dcc7b6fbdc1e91d'}, 'date': {'date': '2021-04-27'}, 'block': {'height': 12324140}}, {'smartContract': {'address': {'address': '0x342eb0fc69c2e20e2ae6338579af572b81cdbdf8'}}, 'caller': {'address': '0x18691f528659d0abd08f79498dcc7b6fbdc1e91d'}, 'date': {'date': '2021-02-03'}, 'block': {'height': 11781581}}, {'smartContract': {'address': {'address': '0x64a1db33f68695df773924682d2efb1161b329e8'}}, 'caller': {'address': '0xe4fa6c167751ca248d68e6cdd6ac43b872df3361'}, 'date': {'date': '2021-02-03'}, 'block': {'height': 11781506}}, {'smartContract': {'address': {'address': '0xe4fa6c167751ca248d68e6cdd6ac43b872df3361'}}, 'caller': {'address': '0x18691f528659d0abd08f79498dcc7b6fbdc1e91d'}, 'date': {'date': '2021-02-03'}, 'block': {'height': 11781502}}, {'smartContract': {'address': {'address': '0xa919d7a5fb7ad4ab6f2aae82b6f39d181a027d35'}}, 'caller': {'address': '0x2b1634bcc93ca2fe26ddb1508a98af181cdf69df'}, 'date': {'date': '2021-02-03'}, 'block': {'height': 11781462}}, {'smartContract': {'address': {'address': '0x2b1634bcc93ca2fe26ddb1508a98af181cdf69df'}}, 'caller': {'address': '0x18691f528659d0abd08f79498dcc7b6fbdc1e91d'}, 'date': {'date': '2021-02-03'}, 'block': {'height': 11781450}}, {'smartContract': {'address': {'address': '0xc637db981e417869814b2ea2f1bd115d2d993597'}}, 'caller': {'address': '0x84eb568a1c2443b6aa44a9096b219749dda5efe4'}, 'date': {'date': '2021-02-03'}, 'block': {'height': 11781378}}, {'smartContract': {'address': {'address': '0x84eb568a1c2443b6aa44a9096b219749dda5efe4'}}, 'caller': {'address': '0x18691f528659d0abd08f79498dcc7b6fbdc1e91d'}, 'date': {'date': '2021-02-03'}, 'block': {'height': 11781353}}, {'smartContract': {'address': {'address': '0x3d07f6e1627da96b8836190de64c1aed70e3fc55'}}, 'caller': {'address': '0x5c69bee701ef814a2b6a3edd4b1652cb9cc5aa6f'}, 'date': {'date': '2021-02-02'}, 'block': {'height': 11779879}}, {'smartContract': {'address': {'address': '0x84810bcf08744d5862b8181f12d17bfd57d3b078'}}, 'caller': {'address': '0x18691f528659d0abd08f79498dcc7b6fbdc1e91d'}, 'date': {'date': '2021-02-02'}, 'block': {'height': 11779657}}, {'smartContract': {'address': {'address': '0x912885666d4024a3a63194c678c5120c7ed0034c'}}, 'caller': {'address': '0x5ef30b9986345249bc32d8928b7ee64de9435e39'}, 'date': {'date': '2021-01-23'}, 'block': {'height': 11714693}}, {'smartContract': {'address': {'address': '0x21e45858e3eb2eee48969adb150ae7718ea88078'}}, 'caller': {'address': '0xa26e15c895efc0616177b7c1e7270a4c7d51c997'}, 'date': {'date': '2021-01-23'}, 'block': {'height': 11714676}}]",2021-02-03
87,87,0xDDdddd4301A082e62E84e43F474f044423921918,DeversiFi Token (DVF),https://github.com/DeversiFi,0x15b6D148abd17a18b4cd0628D5F31ddbC818bEd6,19361021.71,[],2021-03-10
88,88,0x10010078a54396F62c96dF8532dc2B4847d47ED3,Hundred Finance,https://github.com/hundred-finance,0x8FcBA7279af1d5d12C77e7062cAf1E09A0623f97,19107176.33,"[{'smartContract': {'address': {'address': '0x10010078a54396f62c96df8532dc2b4847d47ed3'}}, 'caller': {'address': '0x8fcba7279af1d5d12c77e7062caf1e09a0623f97'}, 'date': {'date': '2021-09-14'}, 'block': {'height': 13224241}}]",2021-09-14
89,89,0x6f80310CA7F2C654691D1383149Fa1A57d8AB1f8,Silo Governance Token,https://github.com/silo-finance,0x3E61FA24520C2754593b4544aCb936BC786206EC,17905332.46,"[{'smartContract': {'address': {'address': '0xb98bc3e3b9ea8d86f6ee321737fa23710737f1af'}}, 'caller': {'address': '0x3e61fa24520c2754593b4544acb936bc786206ec'}, 'date': {'date': '2022-10-19'}, 'block': {'height': 15784549}}, {'smartContract': {'address': {'address': '0xd7c9f0e536dc865ae858b0c0453fe76d13c3beac'}}, 'caller': {'address': '0x3e61fa24520c2754593b4544acb936bc786206ec'}, 'date': {'date': '2022-10-19'}, 'block': {'height': 15784549}}, {'smartContract': {'address': {'address': '0xde45ffe286b411df99e4f2aa4d840f5ccd90c3e8'}}, 'caller': {'address': '0x1f98431c8ad98523631ae4a59f267346ea31f984'}, 'date': {'date': '2022-10-19'}, 'block': {'height': 15784549}}, {'smartContract': {'address': {'address': '0xe6c81b83941f80e4e1bf93a37c155075a8a6b16c'}}, 'caller': {'address': '0x3e61fa24520c2754593b4544acb936bc786206ec'}, 'date': {'date': '2022-09-20'}, 'block': {'height': 15576300}}, {'smartContract': {'address': {'address': '0x96fbf6f0a431e64e05e22e5dbf6f1d92e5dda81f'}}, 'caller': {'address': '0x3e61fa24520c2754593b4544acb936bc786206ec'}, 'date': {'date': '2022-09-20'}, 'block': {'height': 15576299}}, {'smartContract': {'address': {'address': '0xfae64471ae04068e872c6a73c9f5a255c37ddbdc'}}, 'caller': {'address': '0x3e61fa24520c2754593b4544acb936bc786206ec'}, 'date': {'date': '2022-09-20'}, 'block': {'height': 15576298}}, {'smartContract': {'address': {'address': '0x9f9925f75c621173a8cbea798331526c93c6397b'}}, 'caller': {'address': '0x3e61fa24520c2754593b4544acb936bc786206ec'}, 'date': {'date': '2022-09-20'}, 'block': {'height': 15576296}}, {'smartContract': {'address': {'address': '0xa8d5dfcf36bcb29adf9ebbd753c2978b9a982cc6'}}, 'caller': {'address': '0x3e61fa24520c2754593b4544acb936bc786206ec'}, 'date': {'date': '2022-09-14'}, 'block': {'height': 15535070}}, {'smartContract': {'address': {'address': '0x7d121edbf16ec94309e5df67cabf20089175c379'}}, 'caller': {'address': '0x0e37df413f97fc198a84a21bc463c41b516ad622'}, 'date': {'date': '2022-09-09'}, 'block': {'height': 15504647}}, {'smartContract': {'address': {'address': '0x985ffc70e7fe446d8e6a6f2bc21b1225fb988ed7'}}, 'caller': {'address': '0x0e37df413f97fc198a84a21bc463c41b516ad622'}, 'date': {'date': '2022-09-09'}, 'block': {'height': 15504647}}, {'smartContract': {'address': {'address': '0x41445b37cf6207cd00cbdf03def65990a6de4b87'}}, 'caller': {'address': '0x0e37df413f97fc198a84a21bc463c41b516ad622'}, 'date': {'date': '2022-09-09'}, 'block': {'height': 15504647}}, {'smartContract': {'address': {'address': '0x8e7a059a3d7b270fbd30ac751c2c5a55a02c8a8e'}}, 'caller': {'address': '0x0e37df413f97fc198a84a21bc463c41b516ad622'}, 'date': {'date': '2022-09-09'}, 'block': {'height': 15504647}}, {'smartContract': {'address': {'address': '0x315c9c216bba84017c2204b248f29023c04c4e07'}}, 'caller': {'address': '0x0e37df413f97fc198a84a21bc463c41b516ad622'}, 'date': {'date': '2022-09-09'}, 'block': {'height': 15504647}}, {'smartContract': {'address': {'address': '0x2420930adb6946e4bf5f4685539ec6f7929dae5a'}}, 'caller': {'address': '0x0e37df413f97fc198a84a21bc463c41b516ad622'}, 'date': {'date': '2022-09-09'}, 'block': {'height': 15504647}}, {'smartContract': {'address': {'address': '0x2eaf84b425822edf450fc5fdeec085f2e5ada98b'}}, 'caller': {'address': '0x4d919cecfd4793c0d47866c8d0a02a0950737589'}, 'date': {'date': '2022-09-09'}, 'block': {'height': 15504647}}, {'smartContract': {'address': {'address': '0x89a81867eefe3d0ddcfaac06e0c589ebc8a75b69'}}, 'caller': {'address': '0x0e37df413f97fc198a84a21bc463c41b516ad622'}, 'date': {'date': '2022-08-09'}, 'block': {'height': 15307746}}, {'smartContract': {'address': {'address': '0x1419cec830316f14e4339be9c38a6ea495797df3'}}, 'caller': {'address': '0x0e37df413f97fc198a84a21bc463c41b516ad622'}, 'date': {'date': '2022-08-09'}, 'block': {'height': 15307746}}, {'smartContract': {'address': {'address': '0x92e7e77163ffed918421e3cb6e0a22f2fe8b37fa'}}, 'caller': {'address': '0x4d919cecfd4793c0d47866c8d0a02a0950737589'}, 'date': {'date': '2022-08-09'}, 'block': {'height': 15307746}}, {'smartContract': {'address': {'address': '0x6729c4a030790f915f902ded961350f9a127d1a3'}}, 'caller': {'address': '0x0e37df413f97fc198a84a21bc463c41b516ad622'}, 'date': {'date': '2022-08-09'}, 'block': {'height': 15307746}}, {'smartContract': {'address': {'address': '0x756808dd83a17c6b6c44d23a27fed5b1936029f3'}}, 'caller': {'address': '0x0e37df413f97fc198a84a21bc463c41b516ad622'}, 'date': {'date': '2022-08-09'}, 'block': {'height': 15307746}}, {'smartContract': {'address': {'address': '0x6f2269797c449bab47f76d095ddae5dda4af98ae'}}, 'caller': {'address': '0x0e37df413f97fc198a84a21bc463c41b516ad622'}, 'date': {'date': '2022-08-09'}, 'block': {'height': 15307746}}, {'smartContract': {'address': {'address': '0x4b1f2be07f797e2de743f038c16165f4303865ef'}}, 'caller': {'address': '0x0e37df413f97fc198a84a21bc463c41b516ad622'}, 'date': {'date': '2022-08-09'}, 'block': {'height': 15307746}}, {'smartContract': {'address': {'address': '0x9568d9a0d54a1e3fa30a7a8739aae5ba67569c18'}}, 'caller': {'address': '0x0e37df413f97fc198a84a21bc463c41b516ad622'}, 'date': {'date': '2022-08-09'}, 'block': {'height': 15307743}}, {'smartContract': {'address': {'address': '0x4f5717f1efdec78a960f08871903b394e7ea95ed'}}, 'caller': {'address': '0x4d919cecfd4793c0d47866c8d0a02a0950737589'}, 'date': {'date': '2022-08-09'}, 'block': {'height': 15307743}}, {'smartContract': {'address': {'address': '0x5ed68fcfa0a531bbfe1078cc65bd50015bbc4bda'}}, 'caller': {'address': '0x0e37df413f97fc198a84a21bc463c41b516ad622'}, 'date': {'date': '2022-08-09'}, 'block': {'height': 15307743}}, {'smartContract': {'address': {'address': '0x2ae9742efd59a1c96e7e6319ef94715b55f2ba6c'}}, 'caller': {'address': '0x0e37df413f97fc198a84a21bc463c41b516ad622'}, 'date': {'date': '2022-08-09'}, 'block': {'height': 15307743}}, {'smartContract': {'address': {'address': '0x9d2841bb88e173e929b227b1000f90d73e8ce081'}}, 'caller': {'address': '0x0e37df413f97fc198a84a21bc463c41b516ad622'}, 'date': {'date': '2022-08-09'}, 'block': {'height': 15307743}}, {'smartContract': {'address': {'address': '0xecc96f56ea198991b85a10f2845d04f96ec924ea'}}, 'caller': {'address': '0x0e37df413f97fc198a84a21bc463c41b516ad622'}, 'date': {'date': '2022-08-09'}, 'block': {'height': 15307743}}, {'smartContract': {'address': {'address': '0x0108f7516f69ee9a45f4e366e8c10b4e215041c7'}}, 'caller': {'address': '0x0e37df413f97fc198a84a21bc463c41b516ad622'}, 'date': {'date': '2022-08-09'}, 'block': {'height': 15307743}}, {'smartContract': {'address': {'address': '0xf89f661ec2fe4d3abaded4203a07d0496f20f3c7'}}, 'caller': {'address': '0x0e37df413f97fc198a84a21bc463c41b516ad622'}, 'date': {'date': '2022-08-09'}, 'block': {'height': 15307740}}, {'smartContract': {'address': {'address': '0x3dd82b078961078a3045960aede6b59dc4b3be4b'}}, 'caller': {'address': '0x0e37df413f97fc198a84a21bc463c41b516ad622'}, 'date': {'date': '2022-08-09'}, 'block': {'height': 15307740}}, {'smartContract': {'address': {'address': '0xd953cc57d906e1f2d7d6c8c50a369ff64096ddc5'}}, 'caller': {'address': '0x4d919cecfd4793c0d47866c8d0a02a0950737589'}, 'date': {'date': '2022-08-09'}, 'block': {'height': 15307740}}, {'smartContract': {'address': {'address': '0xf2512a64fb67a05d4a8b16161d3885025d542436'}}, 'caller': {'address': '0x0e37df413f97fc198a84a21bc463c41b516ad622'}, 'date': {'date': '2022-08-09'}, 'block': {'height': 15307740}}, {'smartContract': {'address': {'address': '0x4db0590d0554905ebbc5d2ca85f9ece8a9c27fea'}}, 'caller': {'address': '0x0e37df413f97fc198a84a21bc463c41b516ad622'}, 'date': {'date': '2022-08-09'}, 'block': {'height': 15307740}}, {'smartContract': {'address': {'address': '0xb4d282cbbbcf083d6d3614f830c167ef2f2d3fa3'}}, 'caller': {'address': '0x0e37df413f97fc198a84a21bc463c41b516ad622'}, 'date': {'date': '2022-08-09'}, 'block': {'height': 15307740}}, {'smartContract': {'address': {'address': '0x0cb156b58285036d5cf0f14446f538efc050538a'}}, 'caller': {'address': '0x0e37df413f97fc198a84a21bc463c41b516ad622'}, 'date': {'date': '2022-08-09'}, 'block': {'height': 15307740}}, {'smartContract': {'address': {'address': '0x5897510683c74ecf452b411f47e9db9a845f60bc'}}, 'caller': {'address': '0x0e37df413f97fc198a84a21bc463c41b516ad622'}, 'date': {'date': '2022-08-09'}, 'block': {'height': 15307738}}, {'smartContract': {'address': {'address': '0xa386e3caf29d798b4368e09fde53e2580bf64591'}}, 'caller': {'address': '0x0e37df413f97fc198a84a21bc463c41b516ad622'}, 'date': {'date': '2022-08-09'}, 'block': {'height': 15307738}}, {'smartContract': {'address': {'address': '0xf98d06290c886e40a39f8b689944a471bc542fa3'}}, 'caller': {'address': '0x0e37df413f97fc198a84a21bc463c41b516ad622'}, 'date': {'date': '2022-08-09'}, 'block': {'height': 15307738}}, {'smartContract': {'address': {'address': '0xdc4ee1b6a178e7514befd262117a593655ef794c'}}, 'caller': {'address': '0x0e37df413f97fc198a84a21bc463c41b516ad622'}, 'date': {'date': '2022-08-09'}, 'block': {'height': 15307738}}, {'smartContract': {'address': {'address': '0x1de59103708024b1e6b0665e6ce00804b0dff3b8'}}, 'caller': {'address': '0x0e37df413f97fc198a84a21bc463c41b516ad622'}, 'date': {'date': '2022-08-09'}, 'block': {'height': 15307738}}, {'smartContract': {'address': {'address': '0xa104f14aeeb9b7246367d6a6e1f4e2c61a70e5d3'}}, 'caller': {'address': '0x4d919cecfd4793c0d47866c8d0a02a0950737589'}, 'date': {'date': '2022-08-09'}, 'block': {'height': 15307738}}, {'smartContract': {'address': {'address': '0xa49fa88ecd8e196bf68f486e88718a8ec84edac6'}}, 'caller': {'address': '0x0e37df413f97fc198a84a21bc463c41b516ad622'}, 'date': {'date': '2022-08-09'}, 'block': {'height': 15307738}}, {'smartContract': {'address': {'address': '0x720ba6b092822a8f965943095cdaf06c0d110dd0'}}, 'caller': {'address': '0x0e37df413f97fc198a84a21bc463c41b516ad622'}, 'date': {'date': '2022-08-09'}, 'block': {'height': 15307735}}, {'smartContract': {'address': {'address': '0xa2e90141cc9621695accae6e773cef022fb778a7'}}, 'caller': {'address': '0x0e37df413f97fc198a84a21bc463c41b516ad622'}, 'date': {'date': '2022-08-09'}, 'block': {'height': 15307735}}, {'smartContract': {'address': {'address': '0x2ae147e62ffb841eb3d4c19606290e344b4ef51c'}}, 'caller': {'address': '0x0e37df413f97fc198a84a21bc463c41b516ad622'}, 'date': {'date': '2022-08-09'}, 'block': {'height': 15307735}}, {'smartContract': {'address': {'address': '0xc35be7e6a6e66e6f1295ef45bf252fc9b00bc1b0'}}, 'caller': {'address': '0x0e37df413f97fc198a84a21bc463c41b516ad622'}, 'date': {'date': '2022-08-09'}, 'block': {'height': 15307735}}, {'smartContract': {'address': {'address': '0x950cc7d88fd59f68bc5e85f1cda5f7c547a1d712'}}, 'caller': {'address': '0x0e37df413f97fc198a84a21bc463c41b516ad622'}, 'date': {'date': '2022-08-09'}, 'block': {'height': 15307735}}, {'smartContract': {'address': {'address': '0xf39f64d85ad89200e3b06c67f679c45798bf6a5b'}}, 'caller': {'address': '0x4d919cecfd4793c0d47866c8d0a02a0950737589'}, 'date': {'date': '2022-08-09'}, 'block': {'height': 15307735}}, {'smartContract': {'address': {'address': '0xd83a9ea10c2e06ff272a7891690f2b9c8d924abd'}}, 'caller': {'address': '0x0e37df413f97fc198a84a21bc463c41b516ad622'}, 'date': {'date': '2022-08-09'}, 'block': {'height': 15307735}}, {'smartContract': {'address': {'address': '0x694db8a411694263f118ce8429801246cd352aba'}}, 'caller': {'address': '0x0e37df413f97fc198a84a21bc463c41b516ad622'}, 'date': {'date': '2022-08-09'}, 'block': {'height': 15307732}}, {'smartContract': {'address': {'address': '0x50e5759f888a2ea9d0fa7883a79ec41c19e23b8f'}}, 'caller': {'address': '0x0e37df413f97fc198a84a21bc463c41b516ad622'}, 'date': {'date': '2022-08-09'}, 'block': {'height': 15307732}}, {'smartContract': {'address': {'address': '0xbb64cd66c3aa8ed2edb8dd833a60b18ae52bacc3'}}, 'caller': {'address': '0x0e37df413f97fc198a84a21bc463c41b516ad622'}, 'date': {'date': '2022-08-09'}, 'block': {'height': 15307732}}, {'smartContract': {'address': {'address': '0xaa7103f98e57c63e1bc7a9479c8c025adff9f71d'}}, 'caller': {'address': '0x4d919cecfd4793c0d47866c8d0a02a0950737589'}, 'date': {'date': '2022-08-09'}, 'block': {'height': 15307732}}, {'smartContract': {'address': {'address': '0xac9a9e4459f2d98e96ca51562649753b00f36613'}}, 'caller': {'address': '0x0e37df413f97fc198a84a21bc463c41b516ad622'}, 'date': {'date': '2022-08-09'}, 'block': {'height': 15307732}}, {'smartContract': {'address': {'address': '0xceaf8b711153040c84f88c141c97049a039fee7b'}}, 'caller': {'address': '0x0e37df413f97fc198a84a21bc463c41b516ad622'}, 'date': {'date': '2022-08-09'}, 'block': {'height': 15307732}}, {'smartContract': {'address': {'address': '0x216cbeef9208aecec8535d63f5bfa3c5ac42c0cb'}}, 'caller': {'address': '0x0e37df413f97fc198a84a21bc463c41b516ad622'}, 'date': {'date': '2022-08-09'}, 'block': {'height': 15307732}}, {'smartContract': {'address': {'address': '0x67cdb77c6c641f9881cdce6a9e223411fefd507c'}}, 'caller': {'address': '0x4d919cecfd4793c0d47866c8d0a02a0950737589'}, 'date': {'date': '2022-08-09'}, 'block': {'height': 15307728}}, {'smartContract': {'address': {'address': '0xccca9ddd2f3adcb28078f1d9702e45f999012fd9'}}, 'caller': {'address': '0x0e37df413f97fc198a84a21bc463c41b516ad622'}, 'date': {'date': '2022-08-09'}, 'block': {'height': 15307728}}, {'smartContract': {'address': {'address': '0xee0d8b2d32ec57c45cff39ad2651a72f2de513c6'}}, 'caller': {'address': '0x0e37df413f97fc198a84a21bc463c41b516ad622'}, 'date': {'date': '2022-08-09'}, 'block': {'height': 15307728}}, {'smartContract': {'address': {'address': '0x84fb427a5662c768a2a675cae4029036ce1111dd'}}, 'caller': {'address': '0x0e37df413f97fc198a84a21bc463c41b516ad622'}, 'date': {'date': '2022-08-09'}, 'block': {'height': 15307728}}, {'smartContract': {'address': {'address': '0x493c7058244d9c6caa9f9d1434b5151927718c5b'}}, 'caller': {'address': '0x0e37df413f97fc198a84a21bc463c41b516ad622'}, 'date': {'date': '2022-08-09'}, 'block': {'height': 15307728}}, {'smartContract': {'address': {'address': '0x5eb2ddd69501eec898c745714b8445927509c969'}}, 'caller': {'address': '0x0e37df413f97fc198a84a21bc463c41b516ad622'}, 'date': {'date': '2022-08-09'}, 'block': {'height': 15307728}}, {'smartContract': {'address': {'address': '0xce0b873c9049384f0d1acc51aa718d1bc36cb728'}}, 'caller': {'address': '0x0e37df413f97fc198a84a21bc463c41b516ad622'}, 'date': {'date': '2022-08-09'}, 'block': {'height': 15307728}}, {'smartContract': {'address': {'address': '0x396429598e1d0cce1130fb2c9633f5975bffc463'}}, 'caller': {'address': '0x0e37df413f97fc198a84a21bc463c41b516ad622'}, 'date': {'date': '2022-08-09'}, 'block': {'height': 15307726}}, {'smartContract': {'address': {'address': '0xb68e2c1e68ed500012689a22f4c7477bc55fa2e7'}}, 'caller': {'address': '0x0e37df413f97fc198a84a21bc463c41b516ad622'}, 'date': {'date': '2022-08-09'}, 'block': {'height': 15307726}}, {'smartContract': {'address': {'address': '0x2df90ec6b0b414a10e70b7edc3077ed1d82dc007'}}, 'caller': {'address': '0x0e37df413f97fc198a84a21bc463c41b516ad622'}, 'date': {'date': '2022-08-09'}, 'block': {'height': 15307726}}, {'smartContract': {'address': {'address': '0x76f7e7b28aee365ad89a780a911a373ad168e4fc'}}, 'caller': {'address': '0x4d919cecfd4793c0d47866c8d0a02a0950737589'}, 'date': {'date': '2022-08-09'}, 'block': {'height': 15307726}}, {'smartContract': {'address': {'address': '0x9ce5e6f537bada198ee03e700a4bbe9b4e9f9e54'}}, 'caller': {'address': '0x0e37df413f97fc198a84a21bc463c41b516ad622'}, 'date': {'date': '2022-08-09'}, 'block': {'height': 15307726}}, {'smartContract': {'address': {'address': '0x6debc5f87927910f926dec326309072d5a6a80a2'}}, 'caller': {'address': '0x0e37df413f97fc198a84a21bc463c41b516ad622'}, 'date': {'date': '2022-08-09'}, 'block': {'height': 15307726}}, {'smartContract': {'address': {'address': '0xd3b09327f6309f9c0d761ed95b5080dd1ca3559e'}}, 'caller': {'address': '0x0e37df413f97fc198a84a21bc463c41b516ad622'}, 'date': {'date': '2022-08-09'}, 'block': {'height': 15307726}}, {'smartContract': {'address': {'address': '0x87b505174a468019890aa3f0edd26fc0d11b4d1b'}}, 'caller': {'address': '0x0e37df413f97fc198a84a21bc463c41b516ad622'}, 'date': {'date': '2022-08-09'}, 'block': {'height': 15307700}}, {'smartContract': {'address': {'address': '0x114bc0d8e297fe869f0d30b6fad1c5cb64f3ed1d'}}, 'caller': {'address': '0x0e37df413f97fc198a84a21bc463c41b516ad622'}, 'date': {'date': '2022-08-09'}, 'block': {'height': 15307700}}, {'smartContract': {'address': {'address': '0x4effe8608773dc3e3a9b7d3646dca5f41c74dc0f'}}, 'caller': {'address': '0x0e37df413f97fc198a84a21bc463c41b516ad622'}, 'date': {'date': '2022-08-09'}, 'block': {'height': 15307700}}, {'smartContract': {'address': {'address': '0x31f3b3b86a074e2ffc4fd75d8eb9721a75ee04dc'}}, 'caller': {'address': '0x4d919cecfd4793c0d47866c8d0a02a0950737589'}, 'date': {'date': '2022-08-09'}, 'block': {'height': 15307700}}, {'smartContract': {'address': {'address': '0x4f22740f695d89e27219852f0cc7ffb31bced7cc'}}, 'caller': {'address': '0x0e37df413f97fc198a84a21bc463c41b516ad622'}, 'date': {'date': '2022-08-09'}, 'block': {'height': 15307700}}, {'smartContract': {'address': {'address': '0x7b0b088fe665ddde000d8fa4ac51af4abbea8cae'}}, 'caller': {'address': '0x0e37df413f97fc198a84a21bc463c41b516ad622'}, 'date': {'date': '2022-08-09'}, 'block': {'height': 15307700}}, {'smartContract': {'address': {'address': '0x605ceae1917687e7230e2dc38fc756d185bad364'}}, 'caller': {'address': '0x0e37df413f97fc198a84a21bc463c41b516ad622'}, 'date': {'date': '2022-08-09'}, 'block': {'height': 15307700}}, {'smartContract': {'address': {'address': '0x0ca33a7fbbda3b87106661eaec8bc6e5316e7e1d'}}, 'caller': {'address': '0x0e37df413f97fc198a84a21bc463c41b516ad622'}, 'date': {'date': '2022-08-09'}, 'block': {'height': 15307679}}, {'smartContract': {'address': {'address': '0x5cd3f04d2a75d742574c84363d3d91dd5f85ccaf'}}, 'caller': {'address': '0x0e37df413f97fc198a84a21bc463c41b516ad622'}, 'date': {'date': '2022-08-09'}, 'block': {'height': 15307679}}, {'smartContract': {'address': {'address': '0xfccc27aabd0ab7a0b2ad2b7760037b1eab61616b'}}, 'caller': {'address': '0x4d919cecfd4793c0d47866c8d0a02a0950737589'}, 'date': {'date': '2022-08-09'}, 'block': {'height': 15307679}}, {'smartContract': {'address': {'address': '0x477d7f43cd4a9d03265dcff3e3bb323f5d537bed'}}, 'caller': {'address': '0x0e37df413f97fc198a84a21bc463c41b516ad622'}, 'date': {'date': '2022-08-09'}, 'block': {'height': 15307679}}, {'smartContract': {'address': {'address': '0x416de9ad46c53aaab2352f91120952393946d2ac'}}, 'caller': {'address': '0x0e37df413f97fc198a84a21bc463c41b516ad622'}, 'date': {'date': '2022-08-09'}, 'block': {'height': 15307679}}, {'smartContract': {'address': {'address': '0x35406dfcf3234222ed1046b04c2e912b37d87258'}}, 'caller': {'address': '0x0e37df413f97fc198a84a21bc463c41b516ad622'}, 'date': {'date': '2022-08-09'}, 'block': {'height': 15307679}}, {'smartContract': {'address': {'address': '0x818ae48449dfdf908f7bb58f7aa2ba16863f79df'}}, 'caller': {'address': '0x0e37df413f97fc198a84a21bc463c41b516ad622'}, 'date': {'date': '2022-08-09'}, 'block': {'height': 15307679}}, {'smartContract': {'address': {'address': '0xb2374f84b3ceeff6492943df613c9bcf45322a0c'}}, 'caller': {'address': '0x3e61fa24520c2754593b4544acb936bc786206ec'}, 'date': {'date': '2022-08-09'}, 'block': {'height': 15307375}}, {'smartContract': {'address': {'address': '0x58f6a780fe047b1ec4e4f8a4fd418b81361ca85d'}}, 'caller': {'address': '0x3e61fa24520c2754593b4544acb936bc786206ec'}, 'date': {'date': '2022-08-09'}, 'block': {'height': 15307374}}, {'smartContract': {'address': {'address': '0x06bed4637e8cf9e4efc1b227e0c322d7042680a4'}}, 'caller': {'address': '0x3e61fa24520c2754593b4544acb936bc786206ec'}, 'date': {'date': '2022-08-09'}, 'block': {'height': 15307373}}, {'smartContract': {'address': {'address': '0xff36fdf7de2aa239b0295d406a6ca5c25c6c9e99'}}, 'caller': {'address': '0x3e61fa24520c2754593b4544acb936bc786206ec'}, 'date': {'date': '2022-08-09'}, 'block': {'height': 15307318}}, {'smartContract': {'address': {'address': '0x2f1aa93249bcc0df7d89739f86308c7a270f5eed'}}, 'caller': {'address': '0x3e61fa24520c2754593b4544acb936bc786206ec'}, 'date': {'date': '2022-08-09'}, 'block': {'height': 15307314}}, {'smartContract': {'address': {'address': '0x9d46f86516d6083aca3f9850d060cb62cd0f6924'}}, 'caller': {'address': '0x3e61fa24520c2754593b4544acb936bc786206ec'}, 'date': {'date': '2022-08-09'}, 'block': {'height': 15307312}}, {'smartContract': {'address': {'address': '0x7c2ca9d502f2409beceafa68e97a176ff805029f'}}, 'caller': {'address': '0x3e61fa24520c2754593b4544acb936bc786206ec'}, 'date': {'date': '2022-08-09'}, 'block': {'height': 15307310}}, {'smartContract': {'address': {'address': '0x7e9e7ea94e1ff36e216a703d6d66ece356a5fd44'}}, 'caller': {'address': '0x3e61fa24520c2754593b4544acb936bc786206ec'}, 'date': {'date': '2022-08-09'}, 'block': {'height': 15307305}}, {'smartContract': {'address': {'address': '0xd0ad0cdf6c0a08048d95a140fd0eecbeb7ea91f2'}}, 'caller': {'address': '0x3e61fa24520c2754593b4544acb936bc786206ec'}, 'date': {'date': '2022-08-09'}, 'block': {'height': 15307303}}, {'smartContract': {'address': {'address': '0x5dea8bbcc1fca0aaa72872aba72990278d2bdc1b'}}, 'caller': {'address': '0x3e61fa24520c2754593b4544acb936bc786206ec'}, 'date': {'date': '2022-08-09'}, 'block': {'height': 15307301}}, {'smartContract': {'address': {'address': '0x69a753b2dd4ab6cb7197308913f3ebb82d708909'}}, 'caller': {'address': '0x3e61fa24520c2754593b4544acb936bc786206ec'}, 'date': {'date': '2022-08-09'}, 'block': {'height': 15307299}}, {'smartContract': {'address': {'address': '0xf12c3758c1ec393704f0db8537ef7f57368d92ea'}}, 'caller': {'address': '0x3e61fa24520c2754593b4544acb936bc786206ec'}, 'date': {'date': '2022-08-09'}, 'block': {'height': 15307298}}, {'smartContract': {'address': {'address': '0xd998c35b7900b344bbbe6555cc11576942cf309d'}}, 'caller': {'address': '0x3e61fa24520c2754593b4544acb936bc786206ec'}, 'date': {'date': '2022-08-09'}, 'block': {'height': 15307297}}, {'smartContract': {'address': {'address': '0x4d919cecfd4793c0d47866c8d0a02a0950737589'}}, 'caller': {'address': '0x3e61fa24520c2754593b4544acb936bc786206ec'}, 'date': {'date': '2022-08-09'}, 'block': {'height': 15307294}}, {'smartContract': {'address': {'address': '0x0e37df413f97fc198a84a21bc463c41b516ad622'}}, 'caller': {'address': '0x3e61fa24520c2754593b4544acb936bc786206ec'}, 'date': {'date': '2022-08-09'}, 'block': {'height': 15307293}}]",2021-11-30
90,90,0x40803cEA2b2A32BdA1bE61d3604af6a814E70976,Spool DAO Token,,0xB63805360018c6bf51E18D89ABA907709ADeebc9,17598494.48,"[{'smartContract': {'address': {'address': '0x40803cea2b2a32bda1be61d3604af6a814e70976'}}, 'caller': {'address': '0xb63805360018c6bf51e18d89aba907709adeebc9'}, 'date': {'date': '2021-12-09'}, 'block': {'height': 13770593}}, {'smartContract': {'address': {'address': '0xf6bc2e3b1f939c435d9769d078a6e5048aabd463'}}, 'caller': {'address': '0xa6b71e26c5e0845f74c812102ca7114b6a896ab2'}, 'date': {'date': '2021-12-09'}, 'block': {'height': 13770539}}]",2021-12-09
91,91,0x90B831fa3Bebf58E9744A14D638E25B4eE06f9Bc,MIMO Parallel Governance Token,https://github.com/mimo-capital,0xDeD9F901D40A96C3Ee558E6885bcc7eFC51ad078,17502784.11,"[{'smartContract': {'address': {'address': '0x6d0a6e30ecee498f64f77c59e3ddedc02b7d9770'}}, 'caller': {'address': '0xded9f901d40a96c3ee558e6885bcc7efc51ad078'}, 'date': {'date': '2021-12-21'}, 'block': {'height': 13850233}}, {'smartContract': {'address': {'address': '0x7ef3752d173f22094d08271391962010186fe0ee'}}, 'caller': {'address': '0xded9f901d40a96c3ee558e6885bcc7efc51ad078'}, 'date': {'date': '2021-10-25'}, 'block': {'height': 13484747}}, {'smartContract': {'address': {'address': '0x24324efe11b1f64ef4ada399f03d6a42264bb8ac'}}, 'caller': {'address': '0xded9f901d40a96c3ee558e6885bcc7efc51ad078'}, 'date': {'date': '2021-09-21'}, 'block': {'height': 13268991}}, {'smartContract': {'address': {'address': '0x654645fcefce0aebeb4a988544b4e42ed2963331'}}, 'caller': {'address': '0xded9f901d40a96c3ee558e6885bcc7efc51ad078'}, 'date': {'date': '2021-09-21'}, 'block': {'height': 13267996}}, {'smartContract': {'address': {'address': '0x258c4fea32b47f400cb52c32cb1216ee0cf77540'}}, 'caller': {'address': '0xded9f901d40a96c3ee558e6885bcc7efc51ad078'}, 'date': {'date': '2021-09-10'}, 'block': {'height': 13196726}}, {'smartContract': {'address': {'address': '0xedfaa67889dd8d0a5a9241801b53cca3206c5030'}}, 'caller': {'address': '0xded9f901d40a96c3ee558e6885bcc7efc51ad078'}, 'date': {'date': '2021-09-09'}, 'block': {'height': 13193893}}, {'smartContract': {'address': {'address': '0x741550176fcd0b8a235bf2982ba3ecbe9a25ab17'}}, 'caller': {'address': '0xded9f901d40a96c3ee558e6885bcc7efc51ad078'}, 'date': {'date': '2021-07-14'}, 'block': {'height': 12824217}}, {'smartContract': {'address': {'address': '0x2af6ff187175de9cc91de52f0605fe12b77bc2bd'}}, 'caller': {'address': '0xded9f901d40a96c3ee558e6885bcc7efc51ad078'}, 'date': {'date': '2021-07-14'}, 'block': {'height': 12824215}}, {'smartContract': {'address': {'address': '0x5bde160d26937ddfcea9706d778d6411d5f2a681'}}, 'caller': {'address': '0xded9f901d40a96c3ee558e6885bcc7efc51ad078'}, 'date': {'date': '2021-07-14'}, 'block': {'height': 12824202}}, {'smartContract': {'address': {'address': '0x1cc151dbd61e731ab082174c2c7fe22e5c30c051'}}, 'caller': {'address': '0xded9f901d40a96c3ee558e6885bcc7efc51ad078'}, 'date': {'date': '2021-06-23'}, 'block': {'height': 12689752}}, {'smartContract': {'address': {'address': '0x0b652d0e723a64e13f34e03ff20a78544ef667ac'}}, 'caller': {'address': '0xded9f901d40a96c3ee558e6885bcc7efc51ad078'}, 'date': {'date': '2021-06-23'}, 'block': {'height': 12689745}}, {'smartContract': {'address': {'address': '0x0093a7cdfd0a53100064c349152e3b423fdee554'}}, 'caller': {'address': '0xded9f901d40a96c3ee558e6885bcc7efc51ad078'}, 'date': {'date': '2021-06-23'}, 'block': {'height': 12689745}}, {'smartContract': {'address': {'address': '0x88717cefdec4e65dca26832c146b9375f2b6d7e4'}}, 'caller': {'address': '0xded9f901d40a96c3ee558e6885bcc7efc51ad078'}, 'date': {'date': '2021-04-05'}, 'block': {'height': 12178158}}, {'smartContract': {'address': {'address': '0x0e98dec5f772488f6ecf6d14136c98808f5f53e7'}}, 'caller': {'address': '0xded9f901d40a96c3ee558e6885bcc7efc51ad078'}, 'date': {'date': '2021-03-26'}, 'block': {'height': 12114193}}, {'smartContract': {'address': {'address': '0x6a028bbf53ca9a5ff5c58bd49350e47bfe810f43'}}, 'caller': {'address': '0xded9f901d40a96c3ee558e6885bcc7efc51ad078'}, 'date': {'date': '2021-03-26'}, 'block': {'height': 12112053}}, {'smartContract': {'address': {'address': '0xfca647910a67c428d0d950ac8a3c3bcf3f624d41'}}, 'caller': {'address': '0xded9f901d40a96c3ee558e6885bcc7efc51ad078'}, 'date': {'date': '2021-03-16'}, 'block': {'height': 12046795}}, {'smartContract': {'address': {'address': '0x8603d7a3c4b726804dd71d8bef32c0e1f1bad606'}}, 'caller': {'address': '0xded9f901d40a96c3ee558e6885bcc7efc51ad078'}, 'date': {'date': '2021-03-15'}, 'block': {'height': 12040577}}, {'smartContract': {'address': {'address': '0xe5340d32e69908d25c7908d8da36ac54a93337f7'}}, 'caller': {'address': '0xded9f901d40a96c3ee558e6885bcc7efc51ad078'}, 'date': {'date': '2021-03-11'}, 'block': {'height': 12014361}}, {'smartContract': {'address': {'address': '0xe57a4bd7812e95ec10b107287933f066500b1c0c'}}, 'caller': {'address': '0xded9f901d40a96c3ee558e6885bcc7efc51ad078'}, 'date': {'date': '2021-03-10'}, 'block': {'height': 12011614}}, {'smartContract': {'address': {'address': '0x7dccb36ba7177154f364dab07cb57250aba50b3e'}}, 'caller': {'address': '0xded9f901d40a96c3ee558e6885bcc7efc51ad078'}, 'date': {'date': '2021-03-10'}, 'block': {'height': 12010156}}, {'smartContract': {'address': {'address': '0xfbb6063042248db41df0fdd32ebc51edaacb7204'}}, 'caller': {'address': '0xded9f901d40a96c3ee558e6885bcc7efc51ad078'}, 'date': {'date': '2021-03-10'}, 'block': {'height': 12010156}}, {'smartContract': {'address': {'address': '0x32385c4b89e16adcaef6a280b55ea42a86c3a01e'}}, 'caller': {'address': '0xded9f901d40a96c3ee558e6885bcc7efc51ad078'}, 'date': {'date': '2021-03-10'}, 'block': {'height': 12010156}}, {'smartContract': {'address': {'address': '0x9dd8c3d3e3ec1569e3ee22c4ef26581619ab4222'}}, 'caller': {'address': '0xded9f901d40a96c3ee558e6885bcc7efc51ad078'}, 'date': {'date': '2021-03-10'}, 'block': {'height': 12010156}}, {'smartContract': {'address': {'address': '0x6105d733050fb504460fff37ea639f0052b12035'}}, 'caller': {'address': '0xded9f901d40a96c3ee558e6885bcc7efc51ad078'}, 'date': {'date': '2021-03-10'}, 'block': {'height': 12010156}}, {'smartContract': {'address': {'address': '0xfbc75c737bfa8a02504871032b550cbef8d4c568'}}, 'caller': {'address': '0xded9f901d40a96c3ee558e6885bcc7efc51ad078'}, 'date': {'date': '2021-03-10'}, 'block': {'height': 12010155}}, {'smartContract': {'address': {'address': '0x90b831fa3bebf58e9744a14d638e25b4ee06f9bc'}}, 'caller': {'address': '0xded9f901d40a96c3ee558e6885bcc7efc51ad078'}, 'date': {'date': '2021-03-10'}, 'block': {'height': 12010155}}, {'smartContract': {'address': {'address': '0x7f3d8fdc7e3b1a50881f973330774e6a579b8d08'}}, 'caller': {'address': '0xded9f901d40a96c3ee558e6885bcc7efc51ad078'}, 'date': {'date': '2021-03-01'}, 'block': {'height': 11952774}}, {'smartContract': {'address': {'address': '0x4026bdcd023331d52533e3374983ded99ccbb6d4'}}, 'caller': {'address': '0xded9f901d40a96c3ee558e6885bcc7efc51ad078'}, 'date': {'date': '2021-03-01'}, 'block': {'height': 11952494}}, {'smartContract': {'address': {'address': '0xeb390457a8d7c98f135f1768dec1ac3b3af883d5'}}, 'caller': {'address': '0xded9f901d40a96c3ee558e6885bcc7efc51ad078'}, 'date': {'date': '2021-03-01'}, 'block': {'height': 11952382}}, {'smartContract': {'address': {'address': '0xeaad8e52a15a78a5c8be17d3c2ac538ae04f5fee'}}, 'caller': {'address': '0xded9f901d40a96c3ee558e6885bcc7efc51ad078'}, 'date': {'date': '2021-03-01'}, 'block': {'height': 11952380}}, {'smartContract': {'address': {'address': '0xa94140087d835526d5eaedaea8573a02315d5380'}}, 'caller': {'address': '0xded9f901d40a96c3ee558e6885bcc7efc51ad078'}, 'date': {'date': '2021-03-01'}, 'block': {'height': 11952372}}, {'smartContract': {'address': {'address': '0x585c9ad00d5dd65f3fee6aa64ffa17aec38c718a'}}, 'caller': {'address': '0xded9f901d40a96c3ee558e6885bcc7efc51ad078'}, 'date': {'date': '2021-03-01'}, 'block': {'height': 11952367}}, {'smartContract': {'address': {'address': '0x9a99a3911357f3f1934dc423956713e087ef6f25'}}, 'caller': {'address': '0xded9f901d40a96c3ee558e6885bcc7efc51ad078'}, 'date': {'date': '2021-03-01'}, 'block': {'height': 11952361}}, {'smartContract': {'address': {'address': '0xaa4cb7dbb37dba644e0c180291574ef4e6abb187'}}, 'caller': {'address': '0xded9f901d40a96c3ee558e6885bcc7efc51ad078'}, 'date': {'date': '2021-03-01'}, 'block': {'height': 11952361}}, {'smartContract': {'address': {'address': '0x718b7584d410f364fc16724027c07c617b87f2fc'}}, 'caller': {'address': '0xded9f901d40a96c3ee558e6885bcc7efc51ad078'}, 'date': {'date': '2021-03-01'}, 'block': {'height': 11952285}}, {'smartContract': {'address': {'address': '0x0a1237330268ceb2e1a8565b751c5a84d70df456'}}, 'caller': {'address': '0xded9f901d40a96c3ee558e6885bcc7efc51ad078'}, 'date': {'date': '2021-03-01'}, 'block': {'height': 11952275}}, {'smartContract': {'address': {'address': '0x6ec5455d4286894b3ae04dbe678ebcdf74375185'}}, 'caller': {'address': '0xded9f901d40a96c3ee558e6885bcc7efc51ad078'}, 'date': {'date': '2021-02-17'}, 'block': {'height': 11873441}}, {'smartContract': {'address': {'address': '0x2a9fdc00d2ea8514f85845c8681fbc629c99b7db'}}, 'caller': {'address': '0xded9f901d40a96c3ee558e6885bcc7efc51ad078'}, 'date': {'date': '2020-12-04'}, 'block': {'height': 11384559}}, {'smartContract': {'address': {'address': '0xa365cd7bc441ee3a2334c5970efbda4a30ba5ef9'}}, 'caller': {'address': '0xded9f901d40a96c3ee558e6885bcc7efc51ad078'}, 'date': {'date': '2020-12-04'}, 'block': {'height': 11384430}}, {'smartContract': {'address': {'address': '0x9c29d8d359255e524702c7a9c95c6e6ae38274dc'}}, 'caller': {'address': '0xded9f901d40a96c3ee558e6885bcc7efc51ad078'}, 'date': {'date': '2020-12-04'}, 'block': {'height': 11384427}}, {'smartContract': {'address': {'address': '0x6cf9658dde30216f7009bf793f4b6c45659f1b49'}}, 'caller': {'address': '0xded9f901d40a96c3ee558e6885bcc7efc51ad078'}, 'date': {'date': '2020-12-04'}, 'block': {'height': 11384423}}, {'smartContract': {'address': {'address': '0x8d4b22346c4c2f8aa023af201219dd5ae93e9ece'}}, 'caller': {'address': '0xded9f901d40a96c3ee558e6885bcc7efc51ad078'}, 'date': {'date': '2020-12-04'}, 'block': {'height': 11384422}}, {'smartContract': {'address': {'address': '0x984204c0d84a6cfb93c5abfb65946dbec6a4995d'}}, 'caller': {'address': '0xded9f901d40a96c3ee558e6885bcc7efc51ad078'}, 'date': {'date': '2020-12-04'}, 'block': {'height': 11384421}}, {'smartContract': {'address': {'address': '0x68037790a0229e9ce6eaa8a99ea92964106c4703'}}, 'caller': {'address': '0xded9f901d40a96c3ee558e6885bcc7efc51ad078'}, 'date': {'date': '2020-12-04'}, 'block': {'height': 11384420}}, {'smartContract': {'address': {'address': '0x1545819ab6fe1505ff7b6d6fbfcfca73862a4e1d'}}, 'caller': {'address': '0xded9f901d40a96c3ee558e6885bcc7efc51ad078'}, 'date': {'date': '2020-12-04'}, 'block': {'height': 11384384}}, {'smartContract': {'address': {'address': '0x6fae125de41c03fa7d917ccfa17ba54ef4feb014'}}, 'caller': {'address': '0xded9f901d40a96c3ee558e6885bcc7efc51ad078'}, 'date': {'date': '2020-12-04'}, 'block': {'height': 11384337}}, {'smartContract': {'address': {'address': '0x7df19c25971057a54405e041fd479f677038aa75'}}, 'caller': {'address': '0xded9f901d40a96c3ee558e6885bcc7efc51ad078'}, 'date': {'date': '2020-12-04'}, 'block': {'height': 11384318}}]",2021-03-10
92,92,0xbC396689893D065F41bc2C6EcbeE5e0085233447,Perpetual,,0x902cF1f90556A127dD085B5abaA97a89769bAdA4,17216639.06,"[{'smartContract': {'address': {'address': '0xbc396689893d065f41bc2c6ecbee5e0085233447'}}, 'caller': {'address': '0x902cf1f90556a127dd085b5abaa97a89769bada4'}, 'date': {'date': '2020-09-05'}, 'block': {'height': 10804048}}]",2020-09-06
93,93,0x045da4bFe02B320f4403674B3b7d121737727A36,Defi Franc,https://github.com/defifranc/,0x7d7711efd844e5e204DF29Dc3e109D1aF95a801C,16668796.15,"[{'smartContract': {'address': {'address': '0x020b7d785d343c92f3be7d802545d031e943366f'}}, 'caller': {'address': '0x7d7711efd844e5e204df29dc3e109d1af95a801c'}, 'date': {'date': '2022-11-25'}, 'block': {'height': 16047588}}, {'smartContract': {'address': {'address': '0xff42ec1c83e0f4939c45ab4f6a027b44e5a3fc8f'}}, 'caller': {'address': '0x7d7711efd844e5e204df29dc3e109d1af95a801c'}, 'date': {'date': '2022-10-25'}, 'block': {'height': 15825670}}, {'smartContract': {'address': {'address': '0x8eba1ad289f5e6c50d2f924e17cc8dd607b3c083'}}, 'caller': {'address': '0x7d7711efd844e5e204df29dc3e109d1af95a801c'}, 'date': {'date': '2022-09-26'}, 'block': {'height': 15618311}}, {'smartContract': {'address': {'address': '0x0f45883cdbe2b4d9cf79c823509112028da0c857'}}, 'caller': {'address': '0x7d7711efd844e5e204df29dc3e109d1af95a801c'}, 'date': {'date': '2022-09-26'}, 'block': {'height': 15618296}}, {'smartContract': {'address': {'address': '0x2e92c456278d77558723ca263c713b5d30520a39'}}, 'caller': {'address': '0x7d7711efd844e5e204df29dc3e109d1af95a801c'}, 'date': {'date': '2022-09-26'}, 'block': {'height': 15618264}}, {'smartContract': {'address': {'address': '0xd4ecc372e99dabdbc0fabe02d2515a24388facca'}}, 'caller': {'address': '0x7d7711efd844e5e204df29dc3e109d1af95a801c'}, 'date': {'date': '2022-09-25'}, 'block': {'height': 15611825}}, {'smartContract': {'address': {'address': '0x04556d845f12ff7d8ff04a37f40387dd1b454c4b'}}, 'caller': {'address': '0x7d7711efd844e5e204df29dc3e109d1af95a801c'}, 'date': {'date': '2022-09-25'}, 'block': {'height': 15611817}}, {'smartContract': {'address': {'address': '0x8444fe0120be34027d7f3e3a5da40f05d2adab2d'}}, 'caller': {'address': '0x7d7711efd844e5e204df29dc3e109d1af95a801c'}, 'date': {'date': '2022-09-25'}, 'block': {'height': 15611770}}, {'smartContract': {'address': {'address': '0x6a9f9d6f5d672a9784c5e560a9648de6cbe2c548'}}, 'caller': {'address': '0x7d7711efd844e5e204df29dc3e109d1af95a801c'}, 'date': {'date': '2022-09-25'}, 'block': {'height': 15611760}}, {'smartContract': {'address': {'address': '0x0fa46e8cbceff8468db2ec2fd77731d8a11d3d86'}}, 'caller': {'address': '0x7d7711efd844e5e204df29dc3e109d1af95a801c'}, 'date': {'date': '2022-09-25'}, 'block': {'height': 15611700}}, {'smartContract': {'address': {'address': '0x8bc3702c35d33e5df7cb0f06cb72a0c34ae0c56f'}}, 'caller': {'address': '0x7d7711efd844e5e204df29dc3e109d1af95a801c'}, 'date': {'date': '2022-09-25'}, 'block': {'height': 15611699}}, {'smartContract': {'address': {'address': '0x045da4bfe02b320f4403674b3b7d121737727a36'}}, 'caller': {'address': '0x7d7711efd844e5e204df29dc3e109d1af95a801c'}, 'date': {'date': '2022-09-25'}, 'block': {'height': 15611608}}, {'smartContract': {'address': {'address': '0x2748c55219dca1d9d3c3a57505e99bb04e42f254'}}, 'caller': {'address': '0x7d7711efd844e5e204df29dc3e109d1af95a801c'}, 'date': {'date': '2022-09-25'}, 'block': {'height': 15611607}}, {'smartContract': {'address': {'address': '0x09ab3c0ce6cb41c13343879a667a6bdad65ee9da'}}, 'caller': {'address': '0x7d7711efd844e5e204df29dc3e109d1af95a801c'}, 'date': {'date': '2022-09-25'}, 'block': {'height': 15611606}}, {'smartContract': {'address': {'address': '0x6f9990b242873d7396511f2630412a3fcecacc42'}}, 'caller': {'address': '0x7d7711efd844e5e204df29dc3e109d1af95a801c'}, 'date': {'date': '2022-09-25'}, 'block': {'height': 15611605}}, {'smartContract': {'address': {'address': '0x17244338034bea1fa940779bc769ff01833406c4'}}, 'caller': {'address': '0x7d7711efd844e5e204df29dc3e109d1af95a801c'}, 'date': {'date': '2022-09-25'}, 'block': {'height': 15611604}}, {'smartContract': {'address': {'address': '0x9eb2ce1be2dd6947e4f5aabe33106f48861dfd74'}}, 'caller': {'address': '0x7d7711efd844e5e204df29dc3e109d1af95a801c'}, 'date': {'date': '2022-09-25'}, 'block': {'height': 15611603}}, {'smartContract': {'address': {'address': '0xa622c3bdbfbe749b1984bc127bfb500e196f594b'}}, 'caller': {'address': '0x7d7711efd844e5e204df29dc3e109d1af95a801c'}, 'date': {'date': '2022-09-25'}, 'block': {'height': 15611602}}, {'smartContract': {'address': {'address': '0xc1f785b74a01dd9fac0de6070bc583fe9eac7ab5'}}, 'caller': {'address': '0x7d7711efd844e5e204df29dc3e109d1af95a801c'}, 'date': {'date': '2022-09-25'}, 'block': {'height': 15611600}}, {'smartContract': {'address': {'address': '0x202fbff035188f9f0525e144c8b3f8249a74ad21'}}, 'caller': {'address': '0x7d7711efd844e5e204df29dc3e109d1af95a801c'}, 'date': {'date': '2022-09-25'}, 'block': {'height': 15611598}}, {'smartContract': {'address': {'address': '0x77e034c8a1392d99a2c776a6c1593866fee36a33'}}, 'caller': {'address': '0x7d7711efd844e5e204df29dc3e109d1af95a801c'}, 'date': {'date': '2022-09-25'}, 'block': {'height': 15611597}}, {'smartContract': {'address': {'address': '0xaaacb8c39bd5acbb0a236112df8d15411161e518'}}, 'caller': {'address': '0x7d7711efd844e5e204df29dc3e109d1af95a801c'}, 'date': {'date': '2022-09-25'}, 'block': {'height': 15611596}}, {'smartContract': {'address': {'address': '0x99838142189ade67c1951f9c57c3333281334f7f'}}, 'caller': {'address': '0x7d7711efd844e5e204df29dc3e109d1af95a801c'}, 'date': {'date': '2022-09-25'}, 'block': {'height': 15611595}}, {'smartContract': {'address': {'address': '0x1dd69453a685c735f2ab43e2169b57e9edf72286'}}, 'caller': {'address': '0x7d7711efd844e5e204df29dc3e109d1af95a801c'}, 'date': {'date': '2022-09-25'}, 'block': {'height': 15611594}}, {'smartContract': {'address': {'address': '0x2a3abc893894167530f810097747ecd1710a650f'}}, 'caller': {'address': '0x7d7711efd844e5e204df29dc3e109d1af95a801c'}, 'date': {'date': '2022-09-25'}, 'block': {'height': 15611592}}, {'smartContract': {'address': {'address': '0xc9a113c35f961af3526e6f016f6df9da0a4c7bfa'}}, 'caller': {'address': '0x7d7711efd844e5e204df29dc3e109d1af95a801c'}, 'date': {'date': '2022-09-25'}, 'block': {'height': 15611592}}, {'smartContract': {'address': {'address': '0xf7db4205032153a81bcb6ed0561c00e65ac55a06'}}, 'caller': {'address': '0x7d7711efd844e5e204df29dc3e109d1af95a801c'}, 'date': {'date': '2022-09-23'}, 'block': {'height': 15596727}}, {'smartContract': {'address': {'address': '0xc0747a27c6fa20effba2937419647e976f111611'}}, 'caller': {'address': '0x7d7711efd844e5e204df29dc3e109d1af95a801c'}, 'date': {'date': '2022-09-23'}, 'block': {'height': 15596717}}, {'smartContract': {'address': {'address': '0x1ea48b9965bb5086f3b468e50ed93888a661fc17'}}, 'caller': {'address': '0x7d7711efd844e5e204df29dc3e109d1af95a801c'}, 'date': {'date': '2022-09-23'}, 'block': {'height': 15596635}}, {'smartContract': {'address': {'address': '0x83737eae72ba7597b36494d723fbf58cafee8a69'}}, 'caller': {'address': '0xa6b71e26c5e0845f74c812102ca7114b6a896ab2'}, 'date': {'date': '2022-09-23'}, 'block': {'height': 15596523}}]",2022-09-25
94,94,0xa3BeD4E1c75D00fa6f4E5E6922DB7261B5E9AcD2,Meta (MTA),https://github.com/mstable/mStable-app,0x19F12C947D25Ff8a3b748829D8001cA09a28D46d,16367797.64,"[{'smartContract': {'address': {'address': '0x9f4b2f4a0ac7bd0a9d8ca6ca3dd0d39e0c1507b6'}}, 'caller': {'address': '0xae03233307865623aaef76da9ade669b86e6f20a'}, 'date': {'date': '2021-09-17'}, 'block': {'height': 13243513}}, {'smartContract': {'address': {'address': '0xe2469f47ab58cf9cf59f9822e3c5de4950a41c49'}}, 'caller': {'address': '0xa5bf2ddf098bb0ef6d120c98217dd6b141c74ee0'}, 'date': {'date': '2021-09-10'}, 'block': {'height': 13197233}}, {'smartContract': {'address': {'address': '0x54d06a0e1ce55a7a60ee175abceac7e363f603f3'}}, 'caller': {'address': '0x19f12c947d25ff8a3b748829d8001ca09a28d46d'}, 'date': {'date': '2021-07-18'}, 'block': {'height': 12850844}}, {'smartContract': {'address': {'address': '0xd409c506742b7f76f164909025ab29a47e06d30a'}}, 'caller': {'address': '0x19f12c947d25ff8a3b748829d8001ca09a28d46d'}, 'date': {'date': '2021-07-18'}, 'block': {'height': 12850838}}, {'smartContract': {'address': {'address': '0x10d96b1fd46ce7ce092aa905274b8ed9d4585a6e'}}, 'caller': {'address': '0x19f12c947d25ff8a3b748829d8001ca09a28d46d'}, 'date': {'date': '2021-07-18'}, 'block': {'height': 12850815}}, {'smartContract': {'address': {'address': '0x7c4cf0442dbf77f56a4ba8ad2347f136dfa5c78e'}}, 'caller': {'address': '0x19f12c947d25ff8a3b748829d8001ca09a28d46d'}, 'date': {'date': '2021-07-18'}, 'block': {'height': 12850788}}, {'smartContract': {'address': {'address': '0x3cd782379ce010fcda43983b490a99f43aace0c0'}}, 'caller': {'address': '0x19f12c947d25ff8a3b748829d8001ca09a28d46d'}, 'date': {'date': '2021-07-18'}, 'block': {'height': 12850770}}, {'smartContract': {'address': {'address': '0xf1049aed858c4ead6df1de4dbe63ef607cff3262'}}, 'caller': {'address': '0x19f12c947d25ff8a3b748829d8001ca09a28d46d'}, 'date': {'date': '2021-04-07'}, 'block': {'height': 12193143}}, {'smartContract': {'address': {'address': '0x3f63e5bbb53e46f8b21f67c25bf2dd78bc6c0e43'}}, 'caller': {'address': '0x19f12c947d25ff8a3b748829d8001ca09a28d46d'}, 'date': {'date': '2021-04-07'}, 'block': {'height': 12193139}}, {'smartContract': {'address': {'address': '0xa7824292efdee1177a1c1bed0649cfdd6114fed5'}}, 'caller': {'address': '0x19f12c947d25ff8a3b748829d8001ca09a28d46d'}, 'date': {'date': '2021-04-07'}, 'block': {'height': 12193132}}, {'smartContract': {'address': {'address': '0x98c54fd8c98eaf0938c4a00e7935a66341f7ba0e'}}, 'caller': {'address': '0x19f12c947d25ff8a3b748829d8001ca09a28d46d'}, 'date': {'date': '2021-03-31'}, 'block': {'height': 12146825}}, {'smartContract': {'address': {'address': '0xdc66115be4eaa30fe8ca3b262bb8e3ff889f3a35'}}, 'caller': {'address': '0x19f12c947d25ff8a3b748829d8001ca09a28d46d'}, 'date': {'date': '2021-03-31'}, 'block': {'height': 12146815}}, {'smartContract': {'address': {'address': '0x85306936842eb09d9cea45bffaec7a81d126508d'}}, 'caller': {'address': '0x19f12c947d25ff8a3b748829d8001ca09a28d46d'}, 'date': {'date': '2021-03-31'}, 'block': {'height': 12146810}}, {'smartContract': {'address': {'address': '0x875d56e691a4c85b32e13d6ac846f6a84bc57384'}}, 'caller': {'address': '0x19f12c947d25ff8a3b748829d8001ca09a28d46d'}, 'date': {'date': '2021-03-31'}, 'block': {'height': 12146807}}, {'smartContract': {'address': {'address': '0xadeedd3e5768f7882572ad91065f93ba88343c99'}}, 'caller': {'address': '0x19f12c947d25ff8a3b748829d8001ca09a28d46d'}, 'date': {'date': '2021-03-31'}, 'block': {'height': 12146796}}, {'smartContract': {'address': {'address': '0xf5ad2bf1b1a74c1c36503825cf1a07ac4a352107'}}, 'caller': {'address': '0x19f12c947d25ff8a3b748829d8001ca09a28d46d'}, 'date': {'date': '2021-03-31'}, 'block': {'height': 12146793}}, {'smartContract': {'address': {'address': '0x4fb30c5a3ac8e85bc32785518633303c4590752d'}}, 'caller': {'address': '0x19f12c947d25ff8a3b748829d8001ca09a28d46d'}, 'date': {'date': '2021-03-31'}, 'block': {'height': 12146745}}, {'smartContract': {'address': {'address': '0x9ab5868f745d8fc6d45ce86dfe057f5b738c90e2'}}, 'caller': {'address': '0x19f12c947d25ff8a3b748829d8001ca09a28d46d'}, 'date': {'date': '2021-03-31'}, 'block': {'height': 12146742}}, {'smartContract': {'address': {'address': '0xd124b55f70d374f58455c8aedf308e52cf2a6207'}}, 'caller': {'address': '0x19f12c947d25ff8a3b748829d8001ca09a28d46d'}, 'date': {'date': '2021-03-31'}, 'block': {'height': 12146737}}, {'smartContract': {'address': {'address': '0xb1ad72924cd5438f74c6bfc8a6e5c6032d99851b'}}, 'caller': {'address': '0x19f12c947d25ff8a3b748829d8001ca09a28d46d'}, 'date': {'date': '2021-03-31'}, 'block': {'height': 12146731}}, {'smartContract': {'address': {'address': '0xfe842e95f8911dcc21c943a1daa4bd641a1381c6'}}, 'caller': {'address': '0x19f12c947d25ff8a3b748829d8001ca09a28d46d'}, 'date': {'date': '2021-03-31'}, 'block': {'height': 12146707}}, {'smartContract': {'address': {'address': '0x62aa1d6c2c591443ee32066773eb7b7be09e063c'}}, 'caller': {'address': '0x19f12c947d25ff8a3b748829d8001ca09a28d46d'}, 'date': {'date': '2021-03-31'}, 'block': {'height': 12146704}}, {'smartContract': {'address': {'address': '0x760ea8cfdcc4e78d8b9ca3088ecd460246dc0731'}}, 'caller': {'address': '0x19f12c947d25ff8a3b748829d8001ca09a28d46d'}, 'date': {'date': '2021-03-31'}, 'block': {'height': 12146682}}, {'smartContract': {'address': {'address': '0xa283fcb3c2b8dc908f93f17627e9f90fc8559d5d'}}, 'caller': {'address': '0x19f12c947d25ff8a3b748829d8001ca09a28d46d'}, 'date': {'date': '2021-03-31'}, 'block': {'height': 12146679}}, {'smartContract': {'address': {'address': '0xb61a6f928b3f069a68469ddb670f20eeeb4921e0'}}, 'caller': {'address': '0x19f12c947d25ff8a3b748829d8001ca09a28d46d'}, 'date': {'date': '2021-03-31'}, 'block': {'height': 12146670}}, {'smartContract': {'address': {'address': '0xa88328ed84c31c98d81237c354cc852a5022b9ea'}}, 'caller': {'address': '0x19f12c947d25ff8a3b748829d8001ca09a28d46d'}, 'date': {'date': '2021-03-31'}, 'block': {'height': 12146668}}, {'smartContract': {'address': {'address': '0xf65d53aa6e2e4a5f4f026e73cb3e22c22d75e35c'}}, 'caller': {'address': '0x19f12c947d25ff8a3b748829d8001ca09a28d46d'}, 'date': {'date': '2021-03-31'}, 'block': {'height': 12146658}}, {'smartContract': {'address': {'address': '0x8dacbe2b439e66f7940e7ca160685b5180476958'}}, 'caller': {'address': '0x19f12c947d25ff8a3b748829d8001ca09a28d46d'}, 'date': {'date': '2021-03-31'}, 'block': {'height': 12146657}}, {'smartContract': {'address': {'address': '0x48c59199da51b7e30ea200a74ea07974e62c4ba7'}}, 'caller': {'address': '0x19f12c947d25ff8a3b748829d8001ca09a28d46d'}, 'date': {'date': '2021-03-31'}, 'block': {'height': 12146645}}, {'smartContract': {'address': {'address': '0xbb128bc208c45b3dd277e001f88e1c6648060c64'}}, 'caller': {'address': '0x19f12c947d25ff8a3b748829d8001ca09a28d46d'}, 'date': {'date': '2021-03-31'}, 'block': {'height': 12146643}}, {'smartContract': {'address': {'address': '0xf38522f63f40f9dd81abafd2b8efc2ec958a3016'}}, 'caller': {'address': '0x19f12c947d25ff8a3b748829d8001ca09a28d46d'}, 'date': {'date': '2021-03-31'}, 'block': {'height': 12146634}}, {'smartContract': {'address': {'address': '0xce128488b560632056d9811dd24a59688dd33dc4'}}, 'caller': {'address': '0x19f12c947d25ff8a3b748829d8001ca09a28d46d'}, 'date': {'date': '2021-03-31'}, 'block': {'height': 12146632}}, {'smartContract': {'address': {'address': '0x90ae544e8cc76d2867987ee4f5456c02c50abd8b'}}, 'caller': {'address': '0x19f12c947d25ff8a3b748829d8001ca09a28d46d'}, 'date': {'date': '2021-03-31'}, 'block': {'height': 12146627}}, {'smartContract': {'address': {'address': '0x2837c77527c37d61d9763f53005211dacb4125de'}}, 'caller': {'address': '0x19f12c947d25ff8a3b748829d8001ca09a28d46d'}, 'date': {'date': '2021-03-31'}, 'block': {'height': 12146623}}, {'smartContract': {'address': {'address': '0x8892d7a5e018cddb631f4733b5c1654e9de10aaf'}}, 'caller': {'address': '0x19f12c947d25ff8a3b748829d8001ca09a28d46d'}, 'date': {'date': '2021-03-31'}, 'block': {'height': 12146617}}, {'smartContract': {'address': {'address': '0xffe2cdce7babb1422d5976c2fc27448f226b6bec'}}, 'caller': {'address': '0x19f12c947d25ff8a3b748829d8001ca09a28d46d'}, 'date': {'date': '2021-03-23'}, 'block': {'height': 12095295}}, {'smartContract': {'address': {'address': '0x02ec2c01880a0673c76e12ebe6ff3aad0a8da968'}}, 'caller': {'address': '0x9424b1412450d0f8fc2255faf6046b98213b76bd'}, 'date': {'date': '2021-03-23'}, 'block': {'height': 12095285}}, {'smartContract': {'address': {'address': '0xc079e4321ecdc2fd3447bf7db629e0c294fb7a10'}}, 'caller': {'address': '0xed52d8e202401645edad1c0aa21e872498ce47d0'}, 'date': {'date': '2021-03-23'}, 'block': {'height': 12095268}}, {'smartContract': {'address': {'address': '0xb9b0cfa90436c3fcbf8d8eb6ed8d0c2e3da47ca9'}}, 'caller': {'address': '0x19f12c947d25ff8a3b748829d8001ca09a28d46d'}, 'date': {'date': '2021-03-19'}, 'block': {'height': 12070678}}, {'smartContract': {'address': {'address': '0x7ffaf4ced81e7c4e71b3531bd7948d7fa8f20329'}}, 'caller': {'address': '0xa26e15c895efc0616177b7c1e7270a4c7d51c997'}, 'date': {'date': '2021-03-15'}, 'block': {'height': 12043731}}, {'smartContract': {'address': {'address': '0xca480d596e6717c95a62a4dc1bd4fbd7b7e7d705'}}, 'caller': {'address': '0x19f12c947d25ff8a3b748829d8001ca09a28d46d'}, 'date': {'date': '2021-03-15'}, 'block': {'height': 12042731}}, {'smartContract': {'address': {'address': '0x15b2838cd28cc353afbe59385db3f366d8945aee'}}, 'caller': {'address': '0x19f12c947d25ff8a3b748829d8001ca09a28d46d'}, 'date': {'date': '2021-03-15'}, 'block': {'height': 12042724}}, {'smartContract': {'address': {'address': '0xda681d409319b1f4122b1402c8b5cd4baedf9001'}}, 'caller': {'address': '0x19f12c947d25ff8a3b748829d8001ca09a28d46d'}, 'date': {'date': '2021-03-15'}, 'block': {'height': 12042718}}, {'smartContract': {'address': {'address': '0x6de3a957b0344e6adeeab4648b02108f35651fb5'}}, 'caller': {'address': '0x19f12c947d25ff8a3b748829d8001ca09a28d46d'}, 'date': {'date': '2021-02-12'}, 'block': {'height': 11841716}}, {'smartContract': {'address': {'address': '0x7cb1576dcc0d8fcb32ebd21204899ef6c0270eb9'}}, 'caller': {'address': '0x19f12c947d25ff8a3b748829d8001ca09a28d46d'}, 'date': {'date': '2021-02-12'}, 'block': {'height': 11840527}}, {'smartContract': {'address': {'address': '0x17d8cbb6bce8cee970a4027d1198f6700a7a6c24'}}, 'caller': {'address': '0x19f12c947d25ff8a3b748829d8001ca09a28d46d'}, 'date': {'date': '2021-02-12'}, 'block': {'height': 11840526}}, {'smartContract': {'address': {'address': '0x1c728f1bda86cd8d19f56e36eb9e24ed3e572a39'}}, 'caller': {'address': '0x19f12c947d25ff8a3b748829d8001ca09a28d46d'}, 'date': {'date': '2021-02-12'}, 'block': {'height': 11840524}}, {'smartContract': {'address': {'address': '0x945facb997494cc2570096c74b5f66a3507330a1'}}, 'caller': {'address': '0x19f12c947d25ff8a3b748829d8001ca09a28d46d'}, 'date': {'date': '2021-02-12'}, 'block': {'height': 11840521}}, {'smartContract': {'address': {'address': '0x69ad1387da6b2ab2ea4bf2bee68246bc042b587f'}}, 'caller': {'address': '0x19f12c947d25ff8a3b748829d8001ca09a28d46d'}, 'date': {'date': '2021-02-12'}, 'block': {'height': 11840515}}, {'smartContract': {'address': {'address': '0x1e91f826fa8aa4fa4d3f595898af3a64dd188848'}}, 'caller': {'address': '0x19f12c947d25ff8a3b748829d8001ca09a28d46d'}, 'date': {'date': '2021-02-12'}, 'block': {'height': 11840495}}, {'smartContract': {'address': {'address': '0xd36050b5f28126b5292b59128ed25e489a0f2f3f'}}, 'caller': {'address': '0x19f12c947d25ff8a3b748829d8001ca09a28d46d'}, 'date': {'date': '2021-02-12'}, 'block': {'height': 11840493}}, {'smartContract': {'address': {'address': '0xd7c346c228bddd8a6a4c1a69e6cc82292909dcad'}}, 'caller': {'address': '0x19f12c947d25ff8a3b748829d8001ca09a28d46d'}, 'date': {'date': '2021-01-18'}, 'block': {'height': 11678665}}, {'smartContract': {'address': {'address': '0x931420077fc8fb1f7218a1dd23043990bafd7df8'}}, 'caller': {'address': '0x19f12c947d25ff8a3b748829d8001ca09a28d46d'}, 'date': {'date': '2021-01-18'}, 'block': {'height': 11678275}}, {'smartContract': {'address': {'address': '0x78befca7de27d07dc6e71da295cc2946681a6c7b'}}, 'caller': {'address': '0x19f12c947d25ff8a3b748829d8001ca09a28d46d'}, 'date': {'date': '2021-01-18'}, 'block': {'height': 11678260}}, {'smartContract': {'address': {'address': '0x3563cb49a1c3fa725f1888486754758d120b2bf8'}}, 'caller': {'address': '0x19f12c947d25ff8a3b748829d8001ca09a28d46d'}, 'date': {'date': '2021-01-18'}, 'block': {'height': 11678217}}, {'smartContract': {'address': {'address': '0x30647a72dc82d7fbb1123ea74716ab8a317eac19'}}, 'caller': {'address': '0x19f12c947d25ff8a3b748829d8001ca09a28d46d'}, 'date': {'date': '2021-01-18'}, 'block': {'height': 11678197}}, {'smartContract': {'address': {'address': '0x8bd8ec1e69e19b23db4e9cb31472f143d0e093cc'}}, 'caller': {'address': '0x19f12c947d25ff8a3b748829d8001ca09a28d46d'}, 'date': {'date': '2020-12-16'}, 'block': {'height': 11463688}}, {'smartContract': {'address': {'address': '0x87a59a9f2c2caf9c7ec3fa62d7496d9fc7449b01'}}, 'caller': {'address': '0x19f12c947d25ff8a3b748829d8001ca09a28d46d'}, 'date': {'date': '2020-12-16'}, 'block': {'height': 11463573}}, {'smartContract': {'address': {'address': '0x9781c4e9b9cc6ac18405891df20ad3566fb6b301'}}, 'caller': {'address': '0x19f12c947d25ff8a3b748829d8001ca09a28d46d'}, 'date': {'date': '2020-12-10'}, 'block': {'height': 11426088}}, {'smartContract': {'address': {'address': '0xeb2bf7f5a441b43ed197a8b4d347b275652a879e'}}, 'caller': {'address': '0x19f12c947d25ff8a3b748829d8001ca09a28d46d'}, 'date': {'date': '2020-12-10'}, 'block': {'height': 11426019}}, {'smartContract': {'address': {'address': '0x645b0b80f31f635a1511e0de1fbbcac0a29f65a6'}}, 'caller': {'address': '0x19f12c947d25ff8a3b748829d8001ca09a28d46d'}, 'date': {'date': '2020-12-10'}, 'block': {'height': 11426015}}, {'smartContract': {'address': {'address': '0x6efa260a268e4afacf7fb91a6bf5f5b37379bf61'}}, 'caller': {'address': '0x19f12c947d25ff8a3b748829d8001ca09a28d46d'}, 'date': {'date': '2020-12-10'}, 'block': {'height': 11426002}}, {'smartContract': {'address': {'address': '0xe0d0d052d5b1082e52c6b8422acd23415c3df1c4'}}, 'caller': {'address': '0x19f12c947d25ff8a3b748829d8001ca09a28d46d'}, 'date': {'date': '2020-12-10'}, 'block': {'height': 11425996}}, {'smartContract': {'address': {'address': '0xb7c77da6e0a8b4f63384fce953327af59c0d5b9d'}}, 'caller': {'address': '0x19f12c947d25ff8a3b748829d8001ca09a28d46d'}, 'date': {'date': '2020-10-20'}, 'block': {'height': 11094193}}, {'smartContract': {'address': {'address': '0xb7f724a2316d2926e1a868957273314cabaa1970'}}, 'caller': {'address': '0x19f12c947d25ff8a3b748829d8001ca09a28d46d'}, 'date': {'date': '2020-10-20'}, 'block': {'height': 11093845}}, {'smartContract': {'address': {'address': '0x7594ae023979e30a44a2ebff64b7c82de3e46136'}}, 'caller': {'address': '0x19f12c947d25ff8a3b748829d8001ca09a28d46d'}, 'date': {'date': '2020-10-20'}, 'block': {'height': 11093799}}, {'smartContract': {'address': {'address': '0xe595d67181d701a5356e010d9a58eb9a341f1dbd'}}, 'caller': {'address': '0x19f12c947d25ff8a3b748829d8001ca09a28d46d'}, 'date': {'date': '2020-10-20'}, 'block': {'height': 11093780}}, {'smartContract': {'address': {'address': '0xe6e6e25efda5f69687aa9914f8d750c523a1d261'}}, 'caller': {'address': '0x19f12c947d25ff8a3b748829d8001ca09a28d46d'}, 'date': {'date': '2020-10-08'}, 'block': {'height': 11015573}}, {'smartContract': {'address': {'address': '0xe15aad5d6b7433e5988415274529311f6bf6e8a3'}}, 'caller': {'address': '0x19f12c947d25ff8a3b748829d8001ca09a28d46d'}, 'date': {'date': '2020-10-06'}, 'block': {'height': 11001283}}, {'smartContract': {'address': {'address': '0x71061e3f432fc5bee3a6763cd35f50d3c77a0434'}}, 'caller': {'address': '0x19f12c947d25ff8a3b748829d8001ca09a28d46d'}, 'date': {'date': '2020-10-01'}, 'block': {'height': 10969168}}, {'smartContract': {'address': {'address': '0xae8bc96da4f9a9613c323478be181fdb2aa0e1bf'}}, 'caller': {'address': '0x19f12c947d25ff8a3b748829d8001ca09a28d46d'}, 'date': {'date': '2020-09-25'}, 'block': {'height': 10932374}}, {'smartContract': {'address': {'address': '0xf6e53b3aae671319a0f9d9ca7fac5f41599bc7a5'}}, 'caller': {'address': '0x19f12c947d25ff8a3b748829d8001ca09a28d46d'}, 'date': {'date': '2020-09-02'}, 'block': {'height': 10780948}}, {'smartContract': {'address': {'address': '0x0d4cd2c24a4c9cd31fcf0d3c4682d234d9f94be4'}}, 'caller': {'address': '0x19f12c947d25ff8a3b748829d8001ca09a28d46d'}, 'date': {'date': '2020-08-17'}, 'block': {'height': 10676975}}, {'smartContract': {'address': {'address': '0x9b4aba35b35eee7481775ccb4055ce4e176c9a6f'}}, 'caller': {'address': '0x19f12c947d25ff8a3b748829d8001ca09a28d46d'}, 'date': {'date': '2020-08-03'}, 'block': {'height': 10585677}}, {'smartContract': {'address': {'address': '0x400b4ab262f0e0a52d96d40c76ff5994029fea22'}}, 'caller': {'address': '0xf4a7d2d85f4ba11b5c73c35e27044c0c49f7f027'}, 'date': {'date': '2020-08-03'}, 'block': {'height': 10585676}}, {'smartContract': {'address': {'address': '0xf4a7d2d85f4ba11b5c73c35e27044c0c49f7f027'}}, 'caller': {'address': '0x19f12c947d25ff8a3b748829d8001ca09a28d46d'}, 'date': {'date': '2020-08-03'}, 'block': {'height': 10585676}}, {'smartContract': {'address': {'address': '0x25970282aac735cd4c76f30bfb0bf2bc8dad4e70'}}, 'caller': {'address': '0x19f12c947d25ff8a3b748829d8001ca09a28d46d'}, 'date': {'date': '2020-08-03'}, 'block': {'height': 10585675}}, {'smartContract': {'address': {'address': '0x4c5bc8cbefee0aec5254eb6b5f6a04d6d2b653f9'}}, 'caller': {'address': '0x25970282aac735cd4c76f30bfb0bf2bc8dad4e70'}, 'date': {'date': '2020-08-03'}, 'block': {'height': 10585675}}, {'smartContract': {'address': {'address': '0xe5514bb4c3135bae267e8756e9295c070e0adfb2'}}, 'caller': {'address': '0xf7575d4d4db78f6ba43c734616c51e9fd4baa7fb'}, 'date': {'date': '2020-08-03'}, 'block': {'height': 10585673}}, {'smartContract': {'address': {'address': '0xf7575d4d4db78f6ba43c734616c51e9fd4baa7fb'}}, 'caller': {'address': '0x19f12c947d25ff8a3b748829d8001ca09a28d46d'}, 'date': {'date': '2020-08-03'}, 'block': {'height': 10585673}}, {'smartContract': {'address': {'address': '0x75fa5cca22155abe7b82bb234fbeddaa3bf4cb56'}}, 'caller': {'address': '0x881c72d1e6317f10a1cdcbe05040e7564e790c80'}, 'date': {'date': '2020-08-03'}, 'block': {'height': 10585672}}, {'smartContract': {'address': {'address': '0x881c72d1e6317f10a1cdcbe05040e7564e790c80'}}, 'caller': {'address': '0x19f12c947d25ff8a3b748829d8001ca09a28d46d'}, 'date': {'date': '2020-08-03'}, 'block': {'height': 10585672}}, {'smartContract': {'address': {'address': '0x04dfdfa471b79cc9e6e8c355e6c71f8ec4916c50'}}, 'caller': {'address': '0x19f12c947d25ff8a3b748829d8001ca09a28d46d'}, 'date': {'date': '2020-08-03'}, 'block': {'height': 10585671}}, {'smartContract': {'address': {'address': '0x7046b0bfc4c5eeb90559c0805dd9c1a6f4815370'}}, 'caller': {'address': '0x19f12c947d25ff8a3b748829d8001ca09a28d46d'}, 'date': {'date': '2020-07-30'}, 'block': {'height': 10561375}}, {'smartContract': {'address': {'address': '0xd4c14e145111e28a7694612978b9f5e9684afffa'}}, 'caller': {'address': '0x19f12c947d25ff8a3b748829d8001ca09a28d46d'}, 'date': {'date': '2020-07-30'}, 'block': {'height': 10561353}}, {'smartContract': {'address': {'address': '0xda13e3afed9c112bd906c732684a49dd65b178fd'}}, 'caller': {'address': '0x19f12c947d25ff8a3b748829d8001ca09a28d46d'}, 'date': {'date': '2020-07-21'}, 'block': {'height': 10502757}}, {'smartContract': {'address': {'address': '0xd096afff0ef0f4ca89b634b6e72c89c0f42831e7'}}, 'caller': {'address': '0xa26e15c895efc0616177b7c1e7270a4c7d51c997'}, 'date': {'date': '2020-07-14'}, 'block': {'height': 10456932}}, {'smartContract': {'address': {'address': '0xea3cc917cb04ffdbae2f26984a332b4595ec00d2'}}, 'caller': {'address': '0xa26e15c895efc0616177b7c1e7270a4c7d51c997'}, 'date': {'date': '2020-07-13'}, 'block': {'height': 10451310}}, {'smartContract': {'address': {'address': '0xa3bed4e1c75d00fa6f4e5e6922db7261b5e9acd2'}}, 'caller': {'address': '0x19f12c947d25ff8a3b748829d8001ca09a28d46d'}, 'date': {'date': '2020-07-13'}, 'block': {'height': 10450640}}, {'smartContract': {'address': {'address': '0x0a0bbf3d159883bc7c9b6456d6888023a8265aad'}}, 'caller': {'address': '0xd94aecff012668167c05c8690a42cac303c9cb4b'}, 'date': {'date': '2020-07-13'}, 'block': {'height': 10450537}}, {'smartContract': {'address': {'address': '0x6cef1569fdb8dcd5b5972aa3e103ca1a6b69e725'}}, 'caller': {'address': '0xd94aecff012668167c05c8690a42cac303c9cb4b'}, 'date': {'date': '2020-07-13'}, 'block': {'height': 10450537}}, {'smartContract': {'address': {'address': '0xd486c0afd06a72ddb06b25d60c0007a4923442b6'}}, 'caller': {'address': '0xd94aecff012668167c05c8690a42cac303c9cb4b'}, 'date': {'date': '2020-07-13'}, 'block': {'height': 10450537}}, {'smartContract': {'address': {'address': '0xb8541e73aa47a847fa39e803d19a3f9b1bbc5a6c'}}, 'caller': {'address': '0xd94aecff012668167c05c8690a42cac303c9cb4b'}, 'date': {'date': '2020-07-13'}, 'block': {'height': 10450537}}, {'smartContract': {'address': {'address': '0xf43b1f4ace6727ae9ce0a7f89c0a013a565017aa'}}, 'caller': {'address': '0xd94aecff012668167c05c8690a42cac303c9cb4b'}, 'date': {'date': '2020-07-13'}, 'block': {'height': 10450537}}, {'smartContract': {'address': {'address': '0xc984b923d1b169103a99085243e027fefdca7cb7'}}, 'caller': {'address': '0xd94aecff012668167c05c8690a42cac303c9cb4b'}, 'date': {'date': '2020-07-13'}, 'block': {'height': 10450537}}, {'smartContract': {'address': {'address': '0x42de2e0cdf2e2df43faa501f1d530285cdd14efa'}}, 'caller': {'address': '0x909d05f384d0663ed4be59863815ab43b4f347ec'}, 'date': {'date': '2020-07-13'}, 'block': {'height': 10450537}}, {'smartContract': {'address': {'address': '0xd94aecff012668167c05c8690a42cac303c9cb4b'}}, 'caller': {'address': '0xb9da44c051c6cc9e04b7e0f95e95d69c6a6d8031'}, 'date': {'date': '2020-07-13'}, 'block': {'height': 10450537}}, {'smartContract': {'address': {'address': '0xe4c5b1765bf420016027177289908c5a3ea7668e'}}, 'caller': {'address': '0x19f12c947d25ff8a3b748829d8001ca09a28d46d'}, 'date': {'date': '2020-07-02'}, 'block': {'height': 10379308}}, {'smartContract': {'address': {'address': '0x6f05662109b296afb0f02bf490300c6b95e07d3f'}}, 'caller': {'address': '0x19f12c947d25ff8a3b748829d8001ca09a28d46d'}, 'date': {'date': '2020-07-02'}, 'block': {'height': 10379280}}, {'smartContract': {'address': {'address': '0xabcc93c3be238884cc3309c19afd128fafc16911'}}, 'caller': {'address': '0x19f12c947d25ff8a3b748829d8001ca09a28d46d'}, 'date': {'date': '2020-06-29'}, 'block': {'height': 10360173}}]",2020-07-13
95,95,0x87d73E916D7057945c9BcD8cdd94e42A6F47f776,NFTX,https://github.com/NFTX-project/x-contracts,0x909d05F384D0663eD4BE59863815aB43b4f347Ec,16202704.72,[],2020-11-15
96,96,0xE80C0cd204D654CEbe8dd64A4857cAb6Be8345a3,JPEG’d Governance Token,,0x7A271674B5Fae043f42F183092f48fB06D6D551B,16063385.91,"[{'smartContract': {'address': {'address': '0x3a0af7b0636ea35f6979f0b9ce3fa0183c692066'}}, 'caller': {'address': '0x7a271674b5fae043f42f183092f48fb06d6d551b'}, 'date': {'date': '2022-12-11'}, 'block': {'height': 16164114}}, {'smartContract': {'address': {'address': '0x0e81b266a6f8dac996334e40ab79f24874d943e1'}}, 'caller': {'address': '0x7a271674b5fae043f42f183092f48fb06d6d551b'}, 'date': {'date': '2022-12-10'}, 'block': {'height': 16154244}}, {'smartContract': {'address': {'address': '0x6b2e47560cc810c2dce3bf2c0da4310ec0af8831'}}, 'caller': {'address': '0x7a271674b5fae043f42f183092f48fb06d6d551b'}, 'date': {'date': '2022-12-07'}, 'block': {'height': 16132012}}, {'smartContract': {'address': {'address': '0x642bd81b000cbe61ab464d5b0a931cf98a3e4b27'}}, 'caller': {'address': '0x7a271674b5fae043f42f183092f48fb06d6d551b'}, 'date': {'date': '2022-12-07'}, 'block': {'height': 16132010}}, {'smartContract': {'address': {'address': '0xb9143f1ca173c31e89a0bd0b511e36cf8d4693d5'}}, 'caller': {'address': '0x7a271674b5fae043f42f183092f48fb06d6d551b'}, 'date': {'date': '2022-12-07'}, 'block': {'height': 16131979}}, {'smartContract': {'address': {'address': '0x56e2547c851bdc5fc3a9d8e57dd62ddf73dca902'}}, 'caller': {'address': '0x7a271674b5fae043f42f183092f48fb06d6d551b'}, 'date': {'date': '2022-12-07'}, 'block': {'height': 16131953}}, {'smartContract': {'address': {'address': '0xf95efdd41ea490655496448a152489784abb774e'}}, 'caller': {'address': '0x7a271674b5fae043f42f183092f48fb06d6d551b'}, 'date': {'date': '2022-12-07'}, 'block': {'height': 16131952}}, {'smartContract': {'address': {'address': '0x3808e0ee2d944e4119410dcdaf0864a96bffdc0d'}}, 'caller': {'address': '0x7a271674b5fae043f42f183092f48fb06d6d551b'}, 'date': {'date': '2022-12-07'}, 'block': {'height': 16131937}}, {'smartContract': {'address': {'address': '0x0f85580aa1e81b345f6ec8701a297696c9d70a08'}}, 'caller': {'address': '0x7a271674b5fae043f42f183092f48fb06d6d551b'}, 'date': {'date': '2022-12-05'}, 'block': {'height': 16117825}}, {'smartContract': {'address': {'address': '0x894eeba95452a271e85c41e7e02b8209a14e2cdf'}}, 'caller': {'address': '0x7a271674b5fae043f42f183092f48fb06d6d551b'}, 'date': {'date': '2022-12-05'}, 'block': {'height': 16117795}}, {'smartContract': {'address': {'address': '0xf019d979492529d5b5dbc1e0e2af7dd44b4e2066'}}, 'caller': {'address': '0x7a271674b5fae043f42f183092f48fb06d6d551b'}, 'date': {'date': '2022-12-05'}, 'block': {'height': 16117787}}, {'smartContract': {'address': {'address': '0xce9552002c44446097434350be026c7e08fc6f30'}}, 'caller': {'address': '0x7a271674b5fae043f42f183092f48fb06d6d551b'}, 'date': {'date': '2022-12-05'}, 'block': {'height': 16117772}}, {'smartContract': {'address': {'address': '0x170a3da3bfbd21d3710a003efb35be8d035401fa'}}, 'caller': {'address': '0x7a271674b5fae043f42f183092f48fb06d6d551b'}, 'date': {'date': '2022-11-26'}, 'block': {'height': 16055188}}, {'smartContract': {'address': {'address': '0xf9ee95d62eb4b6556ed5dea1deec0c92bb6331f2'}}, 'caller': {'address': '0x7a271674b5fae043f42f183092f48fb06d6d551b'}, 'date': {'date': '2022-11-26'}, 'block': {'height': 16055174}}, {'smartContract': {'address': {'address': '0xd7f9cd4ba1e0cb712ae9e9cfaea1dbfe330b717f'}}, 'caller': {'address': '0x7a271674b5fae043f42f183092f48fb06d6d551b'}, 'date': {'date': '2022-11-23'}, 'block': {'height': 16031856}}, {'smartContract': {'address': {'address': '0x8b05279b2892cbb0dc542d35eafb49d05eff3be9'}}, 'caller': {'address': '0x7a271674b5fae043f42f183092f48fb06d6d551b'}, 'date': {'date': '2022-11-02'}, 'block': {'height': 15883625}}, {'smartContract': {'address': {'address': '0x56d1b6ac326e152c9faad749f1f4f9737a049d46'}}, 'caller': {'address': '0x7a271674b5fae043f42f183092f48fb06d6d551b'}, 'date': {'date': '2022-11-02'}, 'block': {'height': 15883608}}, {'smartContract': {'address': {'address': '0x7428a5b4a5bf77ad952691b613b183b61911cc70'}}, 'caller': {'address': '0x7a271674b5fae043f42f183092f48fb06d6d551b'}, 'date': {'date': '2022-11-02'}, 'block': {'height': 15883607}}, {'smartContract': {'address': {'address': '0xd2436479caa12aaaeafef89081a5967f602fcaa3'}}, 'caller': {'address': '0x7a271674b5fae043f42f183092f48fb06d6d551b'}, 'date': {'date': '2022-11-02'}, 'block': {'height': 15883572}}, {'smartContract': {'address': {'address': '0x46db8fda0be00e8912bc28357d1e28e39bb404e2'}}, 'caller': {'address': '0x7a271674b5fae043f42f183092f48fb06d6d551b'}, 'date': {'date': '2022-10-28'}, 'block': {'height': 15848469}}, {'smartContract': {'address': {'address': '0xc001f165f7d7542d22a1e82b4640512034a91c7d'}}, 'caller': {'address': '0x7a271674b5fae043f42f183092f48fb06d6d551b'}, 'date': {'date': '2022-10-28'}, 'block': {'height': 15848418}}, {'smartContract': {'address': {'address': '0x26e9d235c2439a53e81f0f8c85191ded61b9bb5f'}}, 'caller': {'address': '0x7a271674b5fae043f42f183092f48fb06d6d551b'}, 'date': {'date': '2022-10-28'}, 'block': {'height': 15848392}}, {'smartContract': {'address': {'address': '0x2060f2615a98d544a758f3125c53ddd61a46e3c9'}}, 'caller': {'address': '0x7a271674b5fae043f42f183092f48fb06d6d551b'}, 'date': {'date': '2022-10-28'}, 'block': {'height': 15848364}}, {'smartContract': {'address': {'address': '0xb36b65400e13ff57dfda29bbb7dc79eaa7eca14c'}}, 'caller': {'address': '0x7a271674b5fae043f42f183092f48fb06d6d551b'}, 'date': {'date': '2022-10-28'}, 'block': {'height': 15848326}}, {'smartContract': {'address': {'address': '0xe6f7b7987db2d6f8c332a67cbfebb6cd6dec18ab'}}, 'caller': {'address': '0x7a271674b5fae043f42f183092f48fb06d6d551b'}, 'date': {'date': '2022-10-28'}, 'block': {'height': 15848315}}, {'smartContract': {'address': {'address': '0x7bc8c4d106f084304d6c224f48ac02e6854c7ac5'}}, 'caller': {'address': '0x7a271674b5fae043f42f183092f48fb06d6d551b'}, 'date': {'date': '2022-10-24'}, 'block': {'height': 15818676}}, {'smartContract': {'address': {'address': '0x3d4d8cbd9c1087e9463143cb9762c41f18ac0f03'}}, 'caller': {'address': '0x7a271674b5fae043f42f183092f48fb06d6d551b'}, 'date': {'date': '2022-10-24'}, 'block': {'height': 15818660}}, {'smartContract': {'address': {'address': '0x4b94b38bec611a2c93188949f017806c22097e9f'}}, 'caller': {'address': '0x7a271674b5fae043f42f183092f48fb06d6d551b'}, 'date': {'date': '2022-10-24'}, 'block': {'height': 15818632}}, {'smartContract': {'address': {'address': '0x72695c2af4193029e0669f2c01d84b619d8c25e7'}}, 'caller': {'address': '0x7a271674b5fae043f42f183092f48fb06d6d551b'}, 'date': {'date': '2022-10-24'}, 'block': {'height': 15818623}}, {'smartContract': {'address': {'address': '0xe793eaedc048b7441ed61b51acb5df107af996c2'}}, 'caller': {'address': '0x7a271674b5fae043f42f183092f48fb06d6d551b'}, 'date': {'date': '2022-10-24'}, 'block': {'height': 15818584}}, {'smartContract': {'address': {'address': '0x2acd96c8db23978a3dd32448a2477b132b4436e4'}}, 'caller': {'address': '0x7a271674b5fae043f42f183092f48fb06d6d551b'}, 'date': {'date': '2022-10-24'}, 'block': {'height': 15818568}}, {'smartContract': {'address': {'address': '0xd0bf9a40febdfca596fde589a343c6cda37a7b90'}}, 'caller': {'address': '0x7a271674b5fae043f42f183092f48fb06d6d551b'}, 'date': {'date': '2022-10-24'}, 'block': {'height': 15818514}}, {'smartContract': {'address': {'address': '0xcaa0aa80637262fd3ba6dd5b5598a2bafac27ce8'}}, 'caller': {'address': '0x7a271674b5fae043f42f183092f48fb06d6d551b'}, 'date': {'date': '2022-10-24'}, 'block': {'height': 15818510}}, {'smartContract': {'address': {'address': '0x5d8654e9b7100d0f2a12349431330c790916148a'}}, 'caller': {'address': '0x7a271674b5fae043f42f183092f48fb06d6d551b'}, 'date': {'date': '2022-10-24'}, 'block': {'height': 15818483}}, {'smartContract': {'address': {'address': '0x9f7c96ad28742970f2bd0ad8133e715e3d5f04f1'}}, 'caller': {'address': '0x7a271674b5fae043f42f183092f48fb06d6d551b'}, 'date': {'date': '2022-10-24'}, 'block': {'height': 15818476}}, {'smartContract': {'address': {'address': '0x6f2434da716e4dda166e20510ea954f7a3a1cc7d'}}, 'caller': {'address': '0x7a271674b5fae043f42f183092f48fb06d6d551b'}, 'date': {'date': '2022-10-24'}, 'block': {'height': 15818442}}, {'smartContract': {'address': {'address': '0x762d3b41b4cf3427ee69e890a0cc54fd0d287f5e'}}, 'caller': {'address': '0x7a271674b5fae043f42f183092f48fb06d6d551b'}, 'date': {'date': '2022-10-24'}, 'block': {'height': 15818410}}, {'smartContract': {'address': {'address': '0x24f7406c6950c66a842c5f4403f694fc2fefb02a'}}, 'caller': {'address': '0x7a271674b5fae043f42f183092f48fb06d6d551b'}, 'date': {'date': '2022-10-14'}, 'block': {'height': 15746201}}, {'smartContract': {'address': {'address': '0xe645aa52d1491278526c9176f4daaba9312771ed'}}, 'caller': {'address': '0x7a271674b5fae043f42f183092f48fb06d6d551b'}, 'date': {'date': '2022-10-10'}, 'block': {'height': 15720008}}, {'smartContract': {'address': {'address': '0xdca7634856a43d899709c6ccd507971a0dee947b'}}, 'caller': {'address': '0x7a271674b5fae043f42f183092f48fb06d6d551b'}, 'date': {'date': '2022-10-10'}, 'block': {'height': 15719441}}, {'smartContract': {'address': {'address': '0x9921da2908cc59b13ddbcf45e64bfa91c78c4249'}}, 'caller': {'address': '0x7a271674b5fae043f42f183092f48fb06d6d551b'}, 'date': {'date': '2022-10-10'}, 'block': {'height': 15719308}}, {'smartContract': {'address': {'address': '0xe2a37697a2a5052c621b20f6619ee26bbbe9e984'}}, 'caller': {'address': '0x7a271674b5fae043f42f183092f48fb06d6d551b'}, 'date': {'date': '2022-10-10'}, 'block': {'height': 15719218}}, {'smartContract': {'address': {'address': '0x5cc92b07d9f2a0e770c05036a7e4572231d2deb8'}}, 'caller': {'address': '0x7a271674b5fae043f42f183092f48fb06d6d551b'}, 'date': {'date': '2022-10-10'}, 'block': {'height': 15719137}}, {'smartContract': {'address': {'address': '0xdd245b7823ee82d14419ce072ef815868f0d1f1a'}}, 'caller': {'address': '0x7a271674b5fae043f42f183092f48fb06d6d551b'}, 'date': {'date': '2022-10-10'}, 'block': {'height': 15718409}}, {'smartContract': {'address': {'address': '0xded112453bd8ea88cdab214cfd92ab06e232e9d7'}}, 'caller': {'address': '0x7a271674b5fae043f42f183092f48fb06d6d551b'}, 'date': {'date': '2022-10-10'}, 'block': {'height': 15718408}}, {'smartContract': {'address': {'address': '0x5b9caa47a52e4bfbbce2f2a9f858c2a501b48c42'}}, 'caller': {'address': '0x7a271674b5fae043f42f183092f48fb06d6d551b'}, 'date': {'date': '2022-10-10'}, 'block': {'height': 15718407}}, {'smartContract': {'address': {'address': '0xdf7806eaa13497efffdb1541d6b0fdd1a9566fd0'}}, 'caller': {'address': '0x7a271674b5fae043f42f183092f48fb06d6d551b'}, 'date': {'date': '2022-10-10'}, 'block': {'height': 15718357}}, {'smartContract': {'address': {'address': '0xa98bc3e4842cee63bcd1d3351eb5fa0aaa1510d2'}}, 'caller': {'address': '0x7a271674b5fae043f42f183092f48fb06d6d551b'}, 'date': {'date': '2022-10-10'}, 'block': {'height': 15718356}}, {'smartContract': {'address': {'address': '0xb7eae7b1e7b359f496a9e3fd6c60d787ad7eb779'}}, 'caller': {'address': '0x7a271674b5fae043f42f183092f48fb06d6d551b'}, 'date': {'date': '2022-10-10'}, 'block': {'height': 15718018}}, {'smartContract': {'address': {'address': '0x0eb4c7309a100e95b69e4a39af6bf84cea305e7a'}}, 'caller': {'address': '0x7a271674b5fae043f42f183092f48fb06d6d551b'}, 'date': {'date': '2022-10-10'}, 'block': {'height': 15718009}}, {'smartContract': {'address': {'address': '0x3c91227ffef55c6e909012dcd7680ee37ab83975'}}, 'caller': {'address': '0x7a271674b5fae043f42f183092f48fb06d6d551b'}, 'date': {'date': '2022-10-10'}, 'block': {'height': 15718005}}, {'smartContract': {'address': {'address': '0x285dce453285596cd5d760e4527536560c9d6f0e'}}, 'caller': {'address': '0x7a271674b5fae043f42f183092f48fb06d6d551b'}, 'date': {'date': '2022-10-10'}, 'block': {'height': 15718003}}, {'smartContract': {'address': {'address': '0x4e5f305bfca77b17f804635a9ba669e187d51719'}}, 'caller': {'address': '0x7a271674b5fae043f42f183092f48fb06d6d551b'}, 'date': {'date': '2022-09-28'}, 'block': {'height': 15634100}}, {'smartContract': {'address': {'address': '0x2be665ee27096344b8f015b1952d3dfdb4db4691'}}, 'caller': {'address': '0x7a271674b5fae043f42f183092f48fb06d6d551b'}, 'date': {'date': '2022-09-28'}, 'block': {'height': 15634089}}, {'smartContract': {'address': {'address': '0x229e09d943a94c162a662ba0ffbcad21521b477a'}}, 'caller': {'address': '0x7a271674b5fae043f42f183092f48fb06d6d551b'}, 'date': {'date': '2022-09-28'}, 'block': {'height': 15634079}}, {'smartContract': {'address': {'address': '0xc45775baa4a6040414f3e199767033257a2a91b9'}}, 'caller': {'address': '0x7a271674b5fae043f42f183092f48fb06d6d551b'}, 'date': {'date': '2022-09-28'}, 'block': {'height': 15634067}}, {'smartContract': {'address': {'address': '0xaf5e4c1bfac63e355cf093eea3d4aba138ea4089'}}, 'caller': {'address': '0x7a271674b5fae043f42f183092f48fb06d6d551b'}, 'date': {'date': '2022-09-28'}, 'block': {'height': 15634059}}, {'smartContract': {'address': {'address': '0x19bd0d41cee3351a2628f043198c4d8b74a9a251'}}, 'caller': {'address': '0x7a271674b5fae043f42f183092f48fb06d6d551b'}, 'date': {'date': '2022-09-28'}, 'block': {'height': 15634045}}, {'smartContract': {'address': {'address': '0x3fc6b68c6c859f948b8f07f3e19112597e71d720'}}, 'caller': {'address': '0x7a271674b5fae043f42f183092f48fb06d6d551b'}, 'date': {'date': '2022-09-28'}, 'block': {'height': 15633992}}, {'smartContract': {'address': {'address': '0x3ee0bd06d004c25273339c5ad91e1443523dc2df'}}, 'caller': {'address': '0xb9fc157394af804a3578134a6585c0dc9cc990d4'}, 'date': {'date': '2022-09-27'}, 'block': {'height': 15625860}}, {'smartContract': {'address': {'address': '0x9848482da3ee3076165ce6497eda906e66bb85c5'}}, 'caller': {'address': '0xb9fc157394af804a3578134a6585c0dc9cc990d4'}, 'date': {'date': '2022-09-27'}, 'block': {'height': 15625628}}, {'smartContract': {'address': {'address': '0x904be3ce7249447167051f239c832400ca28de71'}}, 'caller': {'address': '0xb9fc157394af804a3578134a6585c0dc9cc990d4'}, 'date': {'date': '2022-09-27'}, 'block': {'height': 15625588}}, {'smartContract': {'address': {'address': '0x548cab89ebf34509ae562bc8ce8d5cdb4f08c3ad'}}, 'caller': {'address': '0x7a271674b5fae043f42f183092f48fb06d6d551b'}, 'date': {'date': '2022-09-26'}, 'block': {'height': 15620260}}, {'smartContract': {'address': {'address': '0xbfc8943f4ff6858b5d34d2f9c2a1c868b25cc411'}}, 'caller': {'address': '0x7a271674b5fae043f42f183092f48fb06d6d551b'}, 'date': {'date': '2022-09-26'}, 'block': {'height': 15620258}}, {'smartContract': {'address': {'address': '0x68b1f3fea1366a80c76008ce211a8afdaa740a93'}}, 'caller': {'address': '0x7a271674b5fae043f42f183092f48fb06d6d551b'}, 'date': {'date': '2022-09-26'}, 'block': {'height': 15620238}}, {'smartContract': {'address': {'address': '0x594b894499b321858239a4e1dad711ce7d344129'}}, 'caller': {'address': '0x7a271674b5fae043f42f183092f48fb06d6d551b'}, 'date': {'date': '2022-09-26'}, 'block': {'height': 15620237}}, {'smartContract': {'address': {'address': '0x836a808d4828586a69364065a1e064609f5078c7'}}, 'caller': {'address': '0x7a271674b5fae043f42f183092f48fb06d6d551b'}, 'date': {'date': '2022-09-26'}, 'block': {'height': 15620010}}, {'smartContract': {'address': {'address': '0x316e99d87949bf1947f0f982db1d2873a9edfd96'}}, 'caller': {'address': '0x7a271674b5fae043f42f183092f48fb06d6d551b'}, 'date': {'date': '2022-09-26'}, 'block': {'height': 15620003}}, {'smartContract': {'address': {'address': '0xc77bcd51391d675a51eb2f041f348bec8b5ce503'}}, 'caller': {'address': '0x7a271674b5fae043f42f183092f48fb06d6d551b'}, 'date': {'date': '2022-09-02'}, 'block': {'height': 15457779}}, {'smartContract': {'address': {'address': '0xc265bb530ae9df964b279adf6aa7aa6848962414'}}, 'caller': {'address': '0x7a271674b5fae043f42f183092f48fb06d6d551b'}, 'date': {'date': '2022-09-02'}, 'block': {'height': 15457775}}, {'smartContract': {'address': {'address': '0x8137e73f5fff0adc05b76f07e1c040c692d5981b'}}, 'caller': {'address': '0x7a271674b5fae043f42f183092f48fb06d6d551b'}, 'date': {'date': '2022-09-02'}, 'block': {'height': 15457753}}, {'smartContract': {'address': {'address': '0xb048838a8ea28995e2349852814d39f5b427f05f'}}, 'caller': {'address': '0x7a271674b5fae043f42f183092f48fb06d6d551b'}, 'date': {'date': '2022-09-02'}, 'block': {'height': 15457714}}, {'smartContract': {'address': {'address': '0x40eda5fd29f306f72b2ad1d7d8be144f7b94aac1'}}, 'caller': {'address': '0x7a271674b5fae043f42f183092f48fb06d6d551b'}, 'date': {'date': '2022-09-01'}, 'block': {'height': 15454802}}, {'smartContract': {'address': {'address': '0x8ad481bf7784212f4bc2cc5a8fe2361200655012'}}, 'caller': {'address': '0x7a271674b5fae043f42f183092f48fb06d6d551b'}, 'date': {'date': '2022-08-31'}, 'block': {'height': 15446128}}, {'smartContract': {'address': {'address': '0xf0dc9e5785569003687f3d03314a288f50c0b78f'}}, 'caller': {'address': '0x7a271674b5fae043f42f183092f48fb06d6d551b'}, 'date': {'date': '2022-08-26'}, 'block': {'height': 15416410}}, {'smartContract': {'address': {'address': '0x0a36f4bf39ed7d4718bd1b8dd759c19986ccd1a7'}}, 'caller': {'address': '0x7a271674b5fae043f42f183092f48fb06d6d551b'}, 'date': {'date': '2022-08-21'}, 'block': {'height': 15386612}}, {'smartContract': {'address': {'address': '0x61926a64b580f46298a33e625c428a40c8a981fb'}}, 'caller': {'address': '0x7a271674b5fae043f42f183092f48fb06d6d551b'}, 'date': {'date': '2022-08-21'}, 'block': {'height': 15386532}}, {'smartContract': {'address': {'address': '0x152de634ff2f0a6ecbd05cb591cd1eeacd2900ed'}}, 'caller': {'address': '0x7a271674b5fae043f42f183092f48fb06d6d551b'}, 'date': {'date': '2022-08-16'}, 'block': {'height': 15354280}}, {'smartContract': {'address': {'address': '0xaa93f1910406617c0aa97be7a35aededbf4604fa'}}, 'caller': {'address': '0x7a271674b5fae043f42f183092f48fb06d6d551b'}, 'date': {'date': '2022-08-16'}, 'block': {'height': 15354254}}, {'smartContract': {'address': {'address': '0xddc273ec5ec4d8b816b59a0d7d97b3d560e0dd43'}}, 'caller': {'address': '0x7a271674b5fae043f42f183092f48fb06d6d551b'}, 'date': {'date': '2022-08-16'}, 'block': {'height': 15354251}}, {'smartContract': {'address': {'address': '0x41245aaa08967bc887e4af9bade756f80826f7ea'}}, 'caller': {'address': '0x7a271674b5fae043f42f183092f48fb06d6d551b'}, 'date': {'date': '2022-08-14'}, 'block': {'height': 15341660}}, {'smartContract': {'address': {'address': '0x92085bf14bb6841c47b62c784ce348dec6480a05'}}, 'caller': {'address': '0x7a271674b5fae043f42f183092f48fb06d6d551b'}, 'date': {'date': '2022-06-19'}, 'block': {'height': 14990844}}, {'smartContract': {'address': {'address': '0xdec426d83aa4af3eeda6e8047a70d9d332c98928'}}, 'caller': {'address': '0x7a271674b5fae043f42f183092f48fb06d6d551b'}, 'date': {'date': '2022-06-19'}, 'block': {'height': 14990841}}, {'smartContract': {'address': {'address': '0x7b179f9bfbe50cfa401c1cdde3cb2c339c6635f3'}}, 'caller': {'address': '0x7a271674b5fae043f42f183092f48fb06d6d551b'}, 'date': {'date': '2022-06-07'}, 'block': {'height': 14920559}}, {'smartContract': {'address': {'address': '0x271c7603aaf2bd8f68e8ca60f4a4f22c4920259f'}}, 'caller': {'address': '0x7a271674b5fae043f42f183092f48fb06d6d551b'}, 'date': {'date': '2022-06-07'}, 'block': {'height': 14920549}}, {'smartContract': {'address': {'address': '0x22af7b5bb743e83cbc9c922f01ad470899cccd00'}}, 'caller': {'address': '0x7a271674b5fae043f42f183092f48fb06d6d551b'}, 'date': {'date': '2022-06-07'}, 'block': {'height': 14920535}}, {'smartContract': {'address': {'address': '0x029ccb754e4ffb91c8b04648e605cf61fc8010f0'}}, 'caller': {'address': '0x7a271674b5fae043f42f183092f48fb06d6d551b'}, 'date': {'date': '2022-06-07'}, 'block': {'height': 14920534}}, {'smartContract': {'address': {'address': '0xba12bd5f0c39c3ce74270fc189c79dfc1ad73d6e'}}, 'caller': {'address': '0x7a271674b5fae043f42f183092f48fb06d6d551b'}, 'date': {'date': '2022-06-02'}, 'block': {'height': 14893177}}, {'smartContract': {'address': {'address': '0x4653c8ae62d5ba3c9070e45b75caecb644a2c75d'}}, 'caller': {'address': '0x7a271674b5fae043f42f183092f48fb06d6d551b'}, 'date': {'date': '2022-06-02'}, 'block': {'height': 14892946}}, {'smartContract': {'address': {'address': '0xf6cbf5e56a8575797069c7a7fbed218adf17e3b2'}}, 'caller': {'address': '0x7a271674b5fae043f42f183092f48fb06d6d551b'}, 'date': {'date': '2022-06-02'}, 'block': {'height': 14892916}}, {'smartContract': {'address': {'address': '0xe9c5471925bb1ceff7cc0d2f171384d9e7bba222'}}, 'caller': {'address': '0x7a271674b5fae043f42f183092f48fb06d6d551b'}, 'date': {'date': '2022-06-02'}, 'block': {'height': 14892914}}, {'smartContract': {'address': {'address': '0xb2f4ead64b434f1f448924e9cbe6dd3390474f23'}}, 'caller': {'address': '0x0780ac90fa25fa4ff694e92172fcf3eb34abba73'}, 'date': {'date': '2022-06-01'}, 'block': {'height': 14886622}}, {'smartContract': {'address': {'address': '0xdd37495381fd7f7e9abec6358e5892eb2f56f247'}}, 'caller': {'address': '0x0780ac90fa25fa4ff694e92172fcf3eb34abba73'}, 'date': {'date': '2022-06-01'}, 'block': {'height': 14886622}}, {'smartContract': {'address': {'address': '0x584cdbccdf10af1246e6212ffb002126c7e8373a'}}, 'caller': {'address': '0x0780ac90fa25fa4ff694e92172fcf3eb34abba73'}, 'date': {'date': '2022-06-01'}, 'block': {'height': 14886622}}, {'smartContract': {'address': {'address': '0x99f3d96e36c632e765516b853380f34e2863bbe3'}}, 'caller': {'address': '0x0780ac90fa25fa4ff694e92172fcf3eb34abba73'}, 'date': {'date': '2022-06-01'}, 'block': {'height': 14886622}}, {'smartContract': {'address': {'address': '0xb6a5f555a5e023ec0f4c8e7d1258794f85846d17'}}, 'caller': {'address': '0x0780ac90fa25fa4ff694e92172fcf3eb34abba73'}, 'date': {'date': '2022-06-01'}, 'block': {'height': 14886622}}, {'smartContract': {'address': {'address': '0x0780ac90fa25fa4ff694e92172fcf3eb34abba73'}}, 'caller': {'address': '0x7a271674b5fae043f42f183092f48fb06d6d551b'}, 'date': {'date': '2022-06-01'}, 'block': {'height': 14884802}}, {'smartContract': {'address': {'address': '0x52280f10e64a2f866ce49c1da9ce5db1e65c14af'}}, 'caller': {'address': '0x7a271674b5fae043f42f183092f48fb06d6d551b'}, 'date': {'date': '2022-06-01'}, 'block': {'height': 14884766}}, {'smartContract': {'address': {'address': '0x0bb49d6d3c51708cb0c810e169455022f5282630'}}, 'caller': {'address': '0x7a271674b5fae043f42f183092f48fb06d6d551b'}, 'date': {'date': '2022-06-01'}, 'block': {'height': 14884764}}, {'smartContract': {'address': {'address': '0x004706d90f4cbfd2b022d37ea54f5fe6b28407b9'}}, 'caller': {'address': '0x9dbd6bb8cd5f9ab9d7b66dd41805bee41d61a7f6'}, 'date': {'date': '2022-05-28'}, 'block': {'height': 14862411}}]",2021-11-13
97,97,0x1b40183EFB4Dd766f11bDa7A7c3AD8982e998421,VesperToken (VSP),https://github.com/vesperfi,0xB5AbDABE50b5193d4dB92a16011792B22bA3Ef51,15854373.07,"[{'smartContract': {'address': {'address': '0xa9572f7e36a99ddbbfa67b81527c141968a6c55d'}}, 'caller': {'address': '0xded8217de022706a191ee7ee0dc9df1185fb5da3'}, 'date': {'date': '2021-10-28'}, 'block': {'height': 13502846}}, {'smartContract': {'address': {'address': '0xdb6107173a4197e06b2ef315ec15b8bfc2514297'}}, 'caller': {'address': '0xd57b41649f822c51a73c44ba0b3da4a880af0029'}, 'date': {'date': '2021-10-18'}, 'block': {'height': 13444570}}, {'smartContract': {'address': {'address': '0x71f23ea35c6672d5cc720360d791de34a2d1a9e9'}}, 'caller': {'address': '0xded8217de022706a191ee7ee0dc9df1185fb5da3'}, 'date': {'date': '2021-10-01'}, 'block': {'height': 13334860}}, {'smartContract': {'address': {'address': '0xa0b32295e32d9170e6fa4e85529e0865eb16080d'}}, 'caller': {'address': '0xded8217de022706a191ee7ee0dc9df1185fb5da3'}, 'date': {'date': '2021-09-28'}, 'block': {'height': 13316410}}, {'smartContract': {'address': {'address': '0x8258f5a1f1ccc57f3916ebd61b8a1b8c5eb9d8a9'}}, 'caller': {'address': '0xd57b41649f822c51a73c44ba0b3da4a880af0029'}, 'date': {'date': '2021-08-19'}, 'block': {'height': 13056988}}, {'smartContract': {'address': {'address': '0x1aa89b14d26e76a5be41adee3d6748bb60b290e7'}}, 'caller': {'address': '0xd57b41649f822c51a73c44ba0b3da4a880af0029'}, 'date': {'date': '2021-08-05'}, 'block': {'height': 12966529}}, {'smartContract': {'address': {'address': '0x0e2ddfc22afed1ac0476685fb81cc237434d3db4'}}, 'caller': {'address': '0xb5abdabe50b5193d4db92a16011792b22ba3ef51'}, 'date': {'date': '2021-08-05'}, 'block': {'height': 12965729}}, {'smartContract': {'address': {'address': '0x8a36f26fd4b94392cc967037ddbd6af5a2f6fbb7'}}, 'caller': {'address': '0xb5abdabe50b5193d4db92a16011792b22ba3ef51'}, 'date': {'date': '2021-08-03'}, 'block': {'height': 12953628}}, {'smartContract': {'address': {'address': '0x6d7746336def5dd009cee7cef9a0331495e64153'}}, 'caller': {'address': '0xb5abdabe50b5193d4db92a16011792b22ba3ef51'}, 'date': {'date': '2021-08-03'}, 'block': {'height': 12953433}}, {'smartContract': {'address': {'address': '0x8082d178d54c2ee518904b1342534db19e4d2f7a'}}, 'caller': {'address': '0xded8217de022706a191ee7ee0dc9df1185fb5da3'}, 'date': {'date': '2021-08-03'}, 'block': {'height': 12953340}}, {'smartContract': {'address': {'address': '0x9ce483dbe7c810a7de7fcb78e61cd13cec4a0914'}}, 'caller': {'address': '0xb5abdabe50b5193d4db92a16011792b22ba3ef51'}, 'date': {'date': '2021-08-03'}, 'block': {'height': 12953330}}, {'smartContract': {'address': {'address': '0xb4edcefd59750144882170fcc52ffed40bfd5f7d'}}, 'caller': {'address': '0xb5abdabe50b5193d4db92a16011792b22ba3ef51'}, 'date': {'date': '2021-08-03'}, 'block': {'height': 12953312}}, {'smartContract': {'address': {'address': '0xd9d73074cb16d6b80637d35c4a6680500744423c'}}, 'caller': {'address': '0xded8217de022706a191ee7ee0dc9df1185fb5da3'}, 'date': {'date': '2021-08-03'}, 'block': {'height': 12953312}}, {'smartContract': {'address': {'address': '0x58ba34f6a6279c13d0a1a71cba194a1eeab3c3ca'}}, 'caller': {'address': '0xded8217de022706a191ee7ee0dc9df1185fb5da3'}, 'date': {'date': '2021-08-03'}, 'block': {'height': 12953312}}, {'smartContract': {'address': {'address': '0xd78c0cb2069fdc1329b8200130d569196d15004e'}}, 'caller': {'address': '0xded8217de022706a191ee7ee0dc9df1185fb5da3'}, 'date': {'date': '2021-08-03'}, 'block': {'height': 12953312}}, {'smartContract': {'address': {'address': '0x43ef34f296afe23b654bda084de43ccbec34f841'}}, 'caller': {'address': '0xb5abdabe50b5193d4db92a16011792b22ba3ef51'}, 'date': {'date': '2021-08-03'}, 'block': {'height': 12953304}}, {'smartContract': {'address': {'address': '0x13c88a2da8e83ba6933fd3aa51e008986b91b1fd'}}, 'caller': {'address': '0xb5abdabe50b5193d4db92a16011792b22ba3ef51'}, 'date': {'date': '2021-08-03'}, 'block': {'height': 12953301}}, {'smartContract': {'address': {'address': '0x6cf8b89103a83b9d739c33e3d91348ec4cbcee2a'}}, 'caller': {'address': '0xb5abdabe50b5193d4db92a16011792b22ba3ef51'}, 'date': {'date': '2021-08-03'}, 'block': {'height': 12953295}}, {'smartContract': {'address': {'address': '0x2b342d85615f817ab7ff8a98eb097d79b2e39034'}}, 'caller': {'address': '0xded8217de022706a191ee7ee0dc9df1185fb5da3'}, 'date': {'date': '2021-08-02'}, 'block': {'height': 12947610}}, {'smartContract': {'address': {'address': '0x7fce7ed34b43f6feef6adabdce8c9670a27e4119'}}, 'caller': {'address': '0xb5abdabe50b5193d4db92a16011792b22ba3ef51'}, 'date': {'date': '2021-08-02'}, 'block': {'height': 12947609}}, {'smartContract': {'address': {'address': '0x3e7cb81daf67229c105858c91781507dd9deef21'}}, 'caller': {'address': '0xded8217de022706a191ee7ee0dc9df1185fb5da3'}, 'date': {'date': '2021-08-02'}, 'block': {'height': 12947537}}, {'smartContract': {'address': {'address': '0x8eacba80bee37ed291b084752375c49cd489590b'}}, 'caller': {'address': '0xb5abdabe50b5193d4db92a16011792b22ba3ef51'}, 'date': {'date': '2021-08-02'}, 'block': {'height': 12947533}}, {'smartContract': {'address': {'address': '0xa546be0111f8824ca272c4e74532f9c9503017e0'}}, 'caller': {'address': '0xded8217de022706a191ee7ee0dc9df1185fb5da3'}, 'date': {'date': '2021-08-02'}, 'block': {'height': 12947492}}, {'smartContract': {'address': {'address': '0xc7e98cf7a5e55a4c5a9f1f6cc23291d4205fd6c8'}}, 'caller': {'address': '0xb5abdabe50b5193d4db92a16011792b22ba3ef51'}, 'date': {'date': '2021-08-02'}, 'block': {'height': 12947487}}, {'smartContract': {'address': {'address': '0x45620391a75a94ba18f79b2bec97219082e766f9'}}, 'caller': {'address': '0xe382d9f2394a359b01006faa8a1864b8a60d2710'}, 'date': {'date': '2021-07-26'}, 'block': {'height': 12904743}}, {'smartContract': {'address': {'address': '0xba8520e7a4b8bc6a4e874d7f6af66e86e7fa74cf'}}, 'caller': {'address': '0xe382d9f2394a359b01006faa8a1864b8a60d2710'}, 'date': {'date': '2021-07-26'}, 'block': {'height': 12904743}}, {'smartContract': {'address': {'address': '0xe555626b259046b1dfcf7725efc58916f26ecafb'}}, 'caller': {'address': '0xe382d9f2394a359b01006faa8a1864b8a60d2710'}, 'date': {'date': '2021-07-26'}, 'block': {'height': 12904743}}, {'smartContract': {'address': {'address': '0x93c2366d7408500938c854920469d7a79b39b017'}}, 'caller': {'address': '0xe382d9f2394a359b01006faa8a1864b8a60d2710'}, 'date': {'date': '2021-07-26'}, 'block': {'height': 12904743}}, {'smartContract': {'address': {'address': '0x1552a90b4e15ed9ba736bcbb1ce401a56a0c22fa'}}, 'caller': {'address': '0xe382d9f2394a359b01006faa8a1864b8a60d2710'}, 'date': {'date': '2021-07-26'}, 'block': {'height': 12904743}}, {'smartContract': {'address': {'address': '0x93e837f3ec4854be14686d868135fb225c7dbb9d'}}, 'caller': {'address': '0xded8217de022706a191ee7ee0dc9df1185fb5da3'}, 'date': {'date': '2021-07-26'}, 'block': {'height': 12904646}}, {'smartContract': {'address': {'address': '0x747730e791adb68f2e5d3a4b8c80f209e4874b0f'}}, 'caller': {'address': '0xb5abdabe50b5193d4db92a16011792b22ba3ef51'}, 'date': {'date': '2021-07-26'}, 'block': {'height': 12904642}}, {'smartContract': {'address': {'address': '0x84401adb4fd485ffcdd88c41a5e737ae601480cc'}}, 'caller': {'address': '0xded8217de022706a191ee7ee0dc9df1185fb5da3'}, 'date': {'date': '2021-07-26'}, 'block': {'height': 12903684}}, {'smartContract': {'address': {'address': '0x5a6aad61ca0e3d45457628f82d493101a85f6314'}}, 'caller': {'address': '0xb5abdabe50b5193d4db92a16011792b22ba3ef51'}, 'date': {'date': '2021-07-26'}, 'block': {'height': 12903676}}, {'smartContract': {'address': {'address': '0xc9d5f48b322a992d5ccbb4f9bb4ca8550432e0d6'}}, 'caller': {'address': '0x5ef30b9986345249bc32d8928b7ee64de9435e39'}, 'date': {'date': '2021-07-21'}, 'block': {'height': 12872474}}, {'smartContract': {'address': {'address': '0x9f0f3f21f2535273b014982a7cd36eddb278cc7b'}}, 'caller': {'address': '0xded8217de022706a191ee7ee0dc9df1185fb5da3'}, 'date': {'date': '2021-07-21'}, 'block': {'height': 12872463}}, {'smartContract': {'address': {'address': '0xa1ccda3c0b94f3ca7ee44dcc2bd9e414f7167669'}}, 'caller': {'address': '0xb5abdabe50b5193d4db92a16011792b22ba3ef51'}, 'date': {'date': '2021-07-21'}, 'block': {'height': 12872459}}, {'smartContract': {'address': {'address': '0x31019ebccb42dddbf5042e11aa8300a0b41d6043'}}, 'caller': {'address': '0xded8217de022706a191ee7ee0dc9df1185fb5da3'}, 'date': {'date': '2021-07-21'}, 'block': {'height': 12872313}}, {'smartContract': {'address': {'address': '0xe3ecc89d37e90edffe6380dc26fdbccbd6f95435'}}, 'caller': {'address': '0xb5abdabe50b5193d4db92a16011792b22ba3ef51'}, 'date': {'date': '2021-07-21'}, 'block': {'height': 12872310}}, {'smartContract': {'address': {'address': '0x0f33df4d034d25c3035faa0c66317dd2e25ff8d9'}}, 'caller': {'address': '0xded8217de022706a191ee7ee0dc9df1185fb5da3'}, 'date': {'date': '2021-07-20'}, 'block': {'height': 12866304}}, {'smartContract': {'address': {'address': '0x0d4ab7a64bedf19fceece9ba312a01c4ab5001b5'}}, 'caller': {'address': '0xded8217de022706a191ee7ee0dc9df1185fb5da3'}, 'date': {'date': '2021-07-20'}, 'block': {'height': 12866304}}, {'smartContract': {'address': {'address': '0x172be1752d7a0c67820559af661f098e9259f9c9'}}, 'caller': {'address': '0xded8217de022706a191ee7ee0dc9df1185fb5da3'}, 'date': {'date': '2021-07-20'}, 'block': {'height': 12866304}}, {'smartContract': {'address': {'address': '0x8b609c2502202cbd828b9dd2e13a9df23214b9d9'}}, 'caller': {'address': '0xb5abdabe50b5193d4db92a16011792b22ba3ef51'}, 'date': {'date': '2021-07-20'}, 'block': {'height': 12866304}}, {'smartContract': {'address': {'address': '0xe6cffe0182a39c3683d6eda9a850fcf02a76ff12'}}, 'caller': {'address': '0xb5abdabe50b5193d4db92a16011792b22ba3ef51'}, 'date': {'date': '2021-07-20'}, 'block': {'height': 12864181}}, {'smartContract': {'address': {'address': '0xcbdd46f7636bf1ab15ab5509c97dd44458879628'}}, 'caller': {'address': '0xded8217de022706a191ee7ee0dc9df1185fb5da3'}, 'date': {'date': '2021-07-20'}, 'block': {'height': 12864181}}, {'smartContract': {'address': {'address': '0x81e2d47c9934013886e99a0d9c0bd6889c538e6d'}}, 'caller': {'address': '0xded8217de022706a191ee7ee0dc9df1185fb5da3'}, 'date': {'date': '2021-07-20'}, 'block': {'height': 12864181}}, {'smartContract': {'address': {'address': '0xb09be85c1e8def32cf01a17ffb48a990c80fd516'}}, 'caller': {'address': '0xded8217de022706a191ee7ee0dc9df1185fb5da3'}, 'date': {'date': '2021-07-15'}, 'block': {'height': 12833295}}, {'smartContract': {'address': {'address': '0x717eb7cfbdbdbe22b943c09ba090ee8875236fa0'}}, 'caller': {'address': '0xe382d9f2394a359b01006faa8a1864b8a60d2710'}, 'date': {'date': '2021-07-15'}, 'block': {'height': 12833243}}, {'smartContract': {'address': {'address': '0xd11e6772a430c45c7b64927069af37fa9ab3be75'}}, 'caller': {'address': '0xb5abdabe50b5193d4db92a16011792b22ba3ef51'}, 'date': {'date': '2021-07-15'}, 'block': {'height': 12833243}}, {'smartContract': {'address': {'address': '0x4eb0dd24d1bf621eb8027beaf5be19b6384e1c65'}}, 'caller': {'address': '0xe382d9f2394a359b01006faa8a1864b8a60d2710'}, 'date': {'date': '2021-07-15'}, 'block': {'height': 12833243}}, {'smartContract': {'address': {'address': '0x3cbafeb37e52072d2e4a05656bcc28dc1977f001'}}, 'caller': {'address': '0xe382d9f2394a359b01006faa8a1864b8a60d2710'}, 'date': {'date': '2021-07-15'}, 'block': {'height': 12833243}}, {'smartContract': {'address': {'address': '0x3e5c3fd50052a04f66952e3b990730c3405626d2'}}, 'caller': {'address': '0xe382d9f2394a359b01006faa8a1864b8a60d2710'}, 'date': {'date': '2021-07-15'}, 'block': {'height': 12833243}}, {'smartContract': {'address': {'address': '0x762ff5490e6f4836fed3399207094c46b720380d'}}, 'caller': {'address': '0xb5abdabe50b5193d4db92a16011792b22ba3ef51'}, 'date': {'date': '2021-07-15'}, 'block': {'height': 12829353}}, {'smartContract': {'address': {'address': '0xd01062212c30475ffddfb86bf63932727cb1de7c'}}, 'caller': {'address': '0xb5abdabe50b5193d4db92a16011792b22ba3ef51'}, 'date': {'date': '2021-07-15'}, 'block': {'height': 12829252}}, {'smartContract': {'address': {'address': '0xc5bdbad3fb77f8cf95f2888fb78d3ccecc8e5a04'}}, 'caller': {'address': '0xb5abdabe50b5193d4db92a16011792b22ba3ef51'}, 'date': {'date': '2021-07-15'}, 'block': {'height': 12829222}}, {'smartContract': {'address': {'address': '0xfb0df6fc8c06e1d71fad8bf293176b8c1194561a'}}, 'caller': {'address': '0xb5abdabe50b5193d4db92a16011792b22ba3ef51'}, 'date': {'date': '2021-07-15'}, 'block': {'height': 12829204}}, {'smartContract': {'address': {'address': '0x16cdfeced40a98818587c007204bee1d0c055659'}}, 'caller': {'address': '0xb5abdabe50b5193d4db92a16011792b22ba3ef51'}, 'date': {'date': '2021-07-15'}, 'block': {'height': 12829195}}, {'smartContract': {'address': {'address': '0xa929510d07bfcb796c181ff3764c5168675b2cbb'}}, 'caller': {'address': '0xb5abdabe50b5193d4db92a16011792b22ba3ef51'}, 'date': {'date': '2021-07-15'}, 'block': {'height': 12829190}}, {'smartContract': {'address': {'address': '0xfc2545120ece8230b146c675b5311e0089fcb045'}}, 'caller': {'address': '0xded8217de022706a191ee7ee0dc9df1185fb5da3'}, 'date': {'date': '2021-07-13'}, 'block': {'height': 12821058}}, {'smartContract': {'address': {'address': '0x4c9d61adb5d8b7b554fa3d1056c65daab1158963'}}, 'caller': {'address': '0xb5abdabe50b5193d4db92a16011792b22ba3ef51'}, 'date': {'date': '2021-07-13'}, 'block': {'height': 12821054}}, {'smartContract': {'address': {'address': '0xea6c376d019119230b69f5aa9d59507b9b564791'}}, 'caller': {'address': '0xb5abdabe50b5193d4db92a16011792b22ba3ef51'}, 'date': {'date': '2021-07-12'}, 'block': {'height': 12810457}}, {'smartContract': {'address': {'address': '0x7b07296561d0ea40dd6ffc5c19a934796a829eef'}}, 'caller': {'address': '0xb5abdabe50b5193d4db92a16011792b22ba3ef51'}, 'date': {'date': '2021-07-12'}, 'block': {'height': 12810448}}, {'smartContract': {'address': {'address': '0x339b20136282a9de3a6fc448b5ba9534116b3b08'}}, 'caller': {'address': '0xb5abdabe50b5193d4db92a16011792b22ba3ef51'}, 'date': {'date': '2021-07-12'}, 'block': {'height': 12810414}}, {'smartContract': {'address': {'address': '0x93831b573cbc0775c56e0d0c482fee1e731e7ed0'}}, 'caller': {'address': '0x5ef30b9986345249bc32d8928b7ee64de9435e39'}, 'date': {'date': '2021-07-11'}, 'block': {'height': 12808009}}, {'smartContract': {'address': {'address': '0x098eb40973bdd78efb1c296a0d70b91cdb95a1eb'}}, 'caller': {'address': '0xded8217de022706a191ee7ee0dc9df1185fb5da3'}, 'date': {'date': '2021-07-11'}, 'block': {'height': 12808004}}, {'smartContract': {'address': {'address': '0xee99cc7b1914b50f04cb5db8cf3523a1c55e8a52'}}, 'caller': {'address': '0xb5abdabe50b5193d4db92a16011792b22ba3ef51'}, 'date': {'date': '2021-07-11'}, 'block': {'height': 12807988}}, {'smartContract': {'address': {'address': '0xabc64889601f01e7b26277ef8756250d6abf8c18'}}, 'caller': {'address': '0xb5abdabe50b5193d4db92a16011792b22ba3ef51'}, 'date': {'date': '2021-07-11'}, 'block': {'height': 12807972}}, {'smartContract': {'address': {'address': '0x37b54ff46256b0e9246c9fcfa02616b24b60bb8d'}}, 'caller': {'address': '0xb5abdabe50b5193d4db92a16011792b22ba3ef51'}, 'date': {'date': '2021-07-11'}, 'block': {'height': 12807956}}, {'smartContract': {'address': {'address': '0xfa3552dc90e41241112eac7b7c984a301ca666f5'}}, 'caller': {'address': '0xb5abdabe50b5193d4db92a16011792b22ba3ef51'}, 'date': {'date': '2021-07-11'}, 'block': {'height': 12807948}}, {'smartContract': {'address': {'address': '0x2b9cb5795329683cf166461231d341be5ab0ff77'}}, 'caller': {'address': '0xded8217de022706a191ee7ee0dc9df1185fb5da3'}, 'date': {'date': '2021-07-11'}, 'block': {'height': 12807898}}, {'smartContract': {'address': {'address': '0xe0222df54d27ecd3a9930f249446f10a4c4a1e16'}}, 'caller': {'address': '0xb5abdabe50b5193d4db92a16011792b22ba3ef51'}, 'date': {'date': '2021-07-11'}, 'block': {'height': 12807895}}, {'smartContract': {'address': {'address': '0x6349e8dda81c2e997130bc99827284355e82aa83'}}, 'caller': {'address': '0xb5abdabe50b5193d4db92a16011792b22ba3ef51'}, 'date': {'date': '2021-07-11'}, 'block': {'height': 12807887}}, {'smartContract': {'address': {'address': '0xcb4b10b192339e0405af233c5835bddc6891c2d5'}}, 'caller': {'address': '0xded8217de022706a191ee7ee0dc9df1185fb5da3'}, 'date': {'date': '2021-07-10'}, 'block': {'height': 12797639}}, {'smartContract': {'address': {'address': '0xf86640250d8c82c45c1b55381c959c72f76875c3'}}, 'caller': {'address': '0xb5abdabe50b5193d4db92a16011792b22ba3ef51'}, 'date': {'date': '2021-07-10'}, 'block': {'height': 12797630}}, {'smartContract': {'address': {'address': '0x5ee9a073a71d4d3e4552fd253153c88e02806561'}}, 'caller': {'address': '0xded8217de022706a191ee7ee0dc9df1185fb5da3'}, 'date': {'date': '2021-07-10'}, 'block': {'height': 12797590}}, {'smartContract': {'address': {'address': '0x70d249f376d768aa903cb2b655fbde5bf889c22d'}}, 'caller': {'address': '0xb5abdabe50b5193d4db92a16011792b22ba3ef51'}, 'date': {'date': '2021-07-10'}, 'block': {'height': 12797588}}, {'smartContract': {'address': {'address': '0xe1efdc97a3e28fb2da5685dd9f9c466f832e5a36'}}, 'caller': {'address': '0xded8217de022706a191ee7ee0dc9df1185fb5da3'}, 'date': {'date': '2021-07-10'}, 'block': {'height': 12796524}}, {'smartContract': {'address': {'address': '0x87201cd1ad8c0e98d0f1c67aebd3922e46f9da0c'}}, 'caller': {'address': '0xb5abdabe50b5193d4db92a16011792b22ba3ef51'}, 'date': {'date': '2021-07-10'}, 'block': {'height': 12796522}}, {'smartContract': {'address': {'address': '0x8ad5b311a7d9111bcc3e92811cd23dce9ba62e0a'}}, 'caller': {'address': '0xb5abdabe50b5193d4db92a16011792b22ba3ef51'}, 'date': {'date': '2021-07-10'}, 'block': {'height': 12796510}}, {'smartContract': {'address': {'address': '0xbc390a652ea16b836a98107478e2aa4e3768dff6'}}, 'caller': {'address': '0xb5abdabe50b5193d4db92a16011792b22ba3ef51'}, 'date': {'date': '2021-07-09'}, 'block': {'height': 12795045}}, {'smartContract': {'address': {'address': '0xb76ec44427c1f970ee8ee8c03229823257a641f9'}}, 'caller': {'address': '0xb5abdabe50b5193d4db92a16011792b22ba3ef51'}, 'date': {'date': '2021-07-09'}, 'block': {'height': 12795042}}, {'smartContract': {'address': {'address': '0xf6f75da46917fce1df8ba76e56c9ebb962b18cca'}}, 'caller': {'address': '0xded8217de022706a191ee7ee0dc9df1185fb5da3'}, 'date': {'date': '2021-07-09'}, 'block': {'height': 12795003}}, {'smartContract': {'address': {'address': '0x7089173b4cb73cc4e02cbbaff6ee56616b0d363f'}}, 'caller': {'address': '0xb5abdabe50b5193d4db92a16011792b22ba3ef51'}, 'date': {'date': '2021-07-09'}, 'block': {'height': 12794998}}, {'smartContract': {'address': {'address': '0xa89566489e932a2d334b9eff7884feb21a07d2b3'}}, 'caller': {'address': '0xb5abdabe50b5193d4db92a16011792b22ba3ef51'}, 'date': {'date': '2021-07-09'}, 'block': {'height': 12794991}}, {'smartContract': {'address': {'address': '0x01cfdce0225467e7340019e55e99e355182ee576'}}, 'caller': {'address': '0xded8217de022706a191ee7ee0dc9df1185fb5da3'}, 'date': {'date': '2021-07-09'}, 'block': {'height': 12794991}}, {'smartContract': {'address': {'address': '0x54fcde3a848f0b152d60f6343c62ae042a5fdaca'}}, 'caller': {'address': '0xded8217de022706a191ee7ee0dc9df1185fb5da3'}, 'date': {'date': '2021-07-09'}, 'block': {'height': 12794991}}, {'smartContract': {'address': {'address': '0x54292d0a6e5dd7c955749ddab0ef7aebd7b2b04f'}}, 'caller': {'address': '0xded8217de022706a191ee7ee0dc9df1185fb5da3'}, 'date': {'date': '2021-07-09'}, 'block': {'height': 12794991}}, {'smartContract': {'address': {'address': '0xcd79e9c3e5cb05b1c8a21f35b50468d45d34de9c'}}, 'caller': {'address': '0xded8217de022706a191ee7ee0dc9df1185fb5da3'}, 'date': {'date': '2021-07-09'}, 'block': {'height': 12794985}}, {'smartContract': {'address': {'address': '0x716819c44cce2a245fb9bec64eddacd91e1712ad'}}, 'caller': {'address': '0xded8217de022706a191ee7ee0dc9df1185fb5da3'}, 'date': {'date': '2021-07-09'}, 'block': {'height': 12794985}}, {'smartContract': {'address': {'address': '0xee3f5d274456df91d3aa0ff2343e023ec9d6a400'}}, 'caller': {'address': '0xded8217de022706a191ee7ee0dc9df1185fb5da3'}, 'date': {'date': '2021-07-09'}, 'block': {'height': 12794985}}, {'smartContract': {'address': {'address': '0x23140f76bcb844bc6256401dc01fb4816794db99'}}, 'caller': {'address': '0xb5abdabe50b5193d4db92a16011792b22ba3ef51'}, 'date': {'date': '2021-07-09'}, 'block': {'height': 12794985}}, {'smartContract': {'address': {'address': '0x804f330f9f55623a50befdf4a18812a532c82ea3'}}, 'caller': {'address': '0xb5abdabe50b5193d4db92a16011792b22ba3ef51'}, 'date': {'date': '2021-07-09'}, 'block': {'height': 12794915}}, {'smartContract': {'address': {'address': '0xfb7fa759fb93e56e1dcd2f0cd7098369c624eb44'}}, 'caller': {'address': '0xb5abdabe50b5193d4db92a16011792b22ba3ef51'}, 'date': {'date': '2021-07-09'}, 'block': {'height': 12794907}}, {'smartContract': {'address': {'address': '0x6cb3b9de2b68f97181773119aaa9cee9fa727fff'}}, 'caller': {'address': '0xb5abdabe50b5193d4db92a16011792b22ba3ef51'}, 'date': {'date': '2021-07-09'}, 'block': {'height': 12794678}}, {'smartContract': {'address': {'address': '0xec8c448e025ef3819957b90a29c75ba00d6f0505'}}, 'caller': {'address': '0xb5abdabe50b5193d4db92a16011792b22ba3ef51'}, 'date': {'date': '2021-07-09'}, 'block': {'height': 12794637}}, {'smartContract': {'address': {'address': '0x804cd69439608985439fbb559d1b5109907bc7ed'}}, 'caller': {'address': '0xb5abdabe50b5193d4db92a16011792b22ba3ef51'}, 'date': {'date': '2021-07-08'}, 'block': {'height': 12787612}}, {'smartContract': {'address': {'address': '0x861db15d8f414e48f3f3a40234de0edc0471a0d4'}}, 'caller': {'address': '0xb5abdabe50b5193d4db92a16011792b22ba3ef51'}, 'date': {'date': '2021-07-08'}, 'block': {'height': 12787364}}, {'smartContract': {'address': {'address': '0x4279cc1ace3c89eea54fa49df11ee46e34c01106'}}, 'caller': {'address': '0xb5abdabe50b5193d4db92a16011792b22ba3ef51'}, 'date': {'date': '2021-07-07'}, 'block': {'height': 12782884}}, {'smartContract': {'address': {'address': '0xe82cec55c0ad923195a523a6953a0dad432e7a9f'}}, 'caller': {'address': '0xb5abdabe50b5193d4db92a16011792b22ba3ef51'}, 'date': {'date': '2021-07-07'}, 'block': {'height': 12782881}}, {'smartContract': {'address': {'address': '0x15c7045454075d506302a47d53105b401ca0c4e6'}}, 'caller': {'address': '0xded8217de022706a191ee7ee0dc9df1185fb5da3'}, 'date': {'date': '2021-07-07'}, 'block': {'height': 12782859}}, {'smartContract': {'address': {'address': '0x656636a157f29ba5008f398fa83a350f1be1db6f'}}, 'caller': {'address': '0xb5abdabe50b5193d4db92a16011792b22ba3ef51'}, 'date': {'date': '2021-07-07'}, 'block': {'height': 12782854}}]",2021-02-11
98,98,0xa0246c9032bC3A600820415aE600c6388619A14D,FARM Reward Token,https://github.com/harvest-finance,0xf00dD244228F51547f0563e60bCa65a30FBF5f7f,14961423.93,"[{'smartContract': {'address': {'address': '0xb98862d7d9eee75e21a00b9394637635b3fb71f0'}}, 'caller': {'address': '0xf00dd244228f51547f0563e60bca65a30fbf5f7f'}, 'date': {'date': '2022-07-13'}, 'block': {'height': 15134596}}, {'smartContract': {'address': {'address': '0x7f1857761b4a3a99ba52328a9e1288b2a6c929b6'}}, 'caller': {'address': '0xf00dd244228f51547f0563e60bca65a30fbf5f7f'}, 'date': {'date': '2022-07-11'}, 'block': {'height': 15122909}}, {'smartContract': {'address': {'address': '0x694a3ab31241d2c49f93eac5a4f3b05c6fb7964b'}}, 'caller': {'address': '0xf00dd244228f51547f0563e60bca65a30fbf5f7f'}, 'date': {'date': '2022-04-05'}, 'block': {'height': 14526822}}, {'smartContract': {'address': {'address': '0x6cf5a86713b245623216faea3fcec3915a02ff18'}}, 'caller': {'address': '0xf00dd244228f51547f0563e60bca65a30fbf5f7f'}, 'date': {'date': '2022-04-05'}, 'block': {'height': 14526792}}, {'smartContract': {'address': {'address': '0x1d52be284e88d6e3b5fbd9145a3ee133169d0c7b'}}, 'caller': {'address': '0xf00dd244228f51547f0563e60bca65a30fbf5f7f'}, 'date': {'date': '2022-04-05'}, 'block': {'height': 14526761}}, {'smartContract': {'address': {'address': '0xa38b4fe27ad53d0be9c3e9d74fbb031c7df5ac67'}}, 'caller': {'address': '0x5eaab98ce0ca4ee3e0df52edb8f0ea02fc86038c'}, 'date': {'date': '2022-03-21'}, 'block': {'height': 14432098}}, {'smartContract': {'address': {'address': '0x73a93fa634056a5eddce5e1c7a0e33b4702fae0f'}}, 'caller': {'address': '0x5eaab98ce0ca4ee3e0df52edb8f0ea02fc86038c'}, 'date': {'date': '2022-03-21'}, 'block': {'height': 14432098}}, {'smartContract': {'address': {'address': '0x68ba510114088096e516c29ac84e3471ca2f1102'}}, 'caller': {'address': '0xf00dd244228f51547f0563e60bca65a30fbf5f7f'}, 'date': {'date': '2022-03-21'}, 'block': {'height': 14432008}}, {'smartContract': {'address': {'address': '0xa8558d9460bb13e50542359974e67a59dbe3b15e'}}, 'caller': {'address': '0xf00dd244228f51547f0563e60bca65a30fbf5f7f'}, 'date': {'date': '2022-03-19'}, 'block': {'height': 14418211}}, {'smartContract': {'address': {'address': '0xccf30bbef97b375bbd6c6afd4aac91b46023e7f9'}}, 'caller': {'address': '0x5eaab98ce0ca4ee3e0df52edb8f0ea02fc86038c'}, 'date': {'date': '2022-03-09'}, 'block': {'height': 14353161}}, {'smartContract': {'address': {'address': '0xe0d8951d08cfdad0f22518c92bfc913a724815a6'}}, 'caller': {'address': '0x5eaab98ce0ca4ee3e0df52edb8f0ea02fc86038c'}, 'date': {'date': '2022-03-09'}, 'block': {'height': 14353161}}, {'smartContract': {'address': {'address': '0xb64b6f4173db1c124ebd0d647a0935597882b652'}}, 'caller': {'address': '0xf00dd244228f51547f0563e60bca65a30fbf5f7f'}, 'date': {'date': '2022-03-09'}, 'block': {'height': 14353049}}, {'smartContract': {'address': {'address': '0xa057df6770559526647b07dc203866f11ac3ccbc'}}, 'caller': {'address': '0xf00dd244228f51547f0563e60bca65a30fbf5f7f'}, 'date': {'date': '2022-03-09'}, 'block': {'height': 14353048}}, {'smartContract': {'address': {'address': '0x5eaab98ce0ca4ee3e0df52edb8f0ea02fc86038c'}}, 'caller': {'address': '0xf00dd244228f51547f0563e60bca65a30fbf5f7f'}, 'date': {'date': '2022-03-08'}, 'block': {'height': 14344914}}, {'smartContract': {'address': {'address': '0xdc26224466b36be16d37e98744fa1bca82ecc0f0'}}, 'caller': {'address': '0xf00dd244228f51547f0563e60bca65a30fbf5f7f'}, 'date': {'date': '2022-03-07'}, 'block': {'height': 14341827}}, {'smartContract': {'address': {'address': '0x0f28f4b438b7a7ff3726d565d6a344e80e060e7c'}}, 'caller': {'address': '0xf00dd244228f51547f0563e60bca65a30fbf5f7f'}, 'date': {'date': '2022-03-07'}, 'block': {'height': 14341740}}, {'smartContract': {'address': {'address': '0xc77147e3e29ef540ac9d95db9895748a12cd019b'}}, 'caller': {'address': '0xf00dd244228f51547f0563e60bca65a30fbf5f7f'}, 'date': {'date': '2022-02-22'}, 'block': {'height': 14257672}}, {'smartContract': {'address': {'address': '0x108dbb31b3b5926994aeb3779225adf44503c58e'}}, 'caller': {'address': '0xf00dd244228f51547f0563e60bca65a30fbf5f7f'}, 'date': {'date': '2022-02-14'}, 'block': {'height': 14206516}}, {'smartContract': {'address': {'address': '0xbfa26f1354c991386125c5d9827880a6ddf67dde'}}, 'caller': {'address': '0xf00dd244228f51547f0563e60bca65a30fbf5f7f'}, 'date': {'date': '2022-02-14'}, 'block': {'height': 14206403}}, {'smartContract': {'address': {'address': '0xdb43c07d0abcad106d1ef60cb56d8fc0cf4afbfb'}}, 'caller': {'address': '0xf00dd244228f51547f0563e60bca65a30fbf5f7f'}, 'date': {'date': '2022-01-24'}, 'block': {'height': 14069181}}, {'smartContract': {'address': {'address': '0x648c7b8882dd79a6d36cba3164c0160b84ec7e1e'}}, 'caller': {'address': '0xf00dd244228f51547f0563e60bca65a30fbf5f7f'}, 'date': {'date': '2022-01-24'}, 'block': {'height': 14069157}}, {'smartContract': {'address': {'address': '0xc2bd4596a2c44cb728e81676d862f3deac749808'}}, 'caller': {'address': '0xf00dd244228f51547f0563e60bca65a30fbf5f7f'}, 'date': {'date': '2022-01-18'}, 'block': {'height': 14030644}}, {'smartContract': {'address': {'address': '0xc3583ad9ccf16c5c00790b4187b69f9c4c1c3397'}}, 'caller': {'address': '0xf00dd244228f51547f0563e60bca65a30fbf5f7f'}, 'date': {'date': '2022-01-18'}, 'block': {'height': 14030254}}, {'smartContract': {'address': {'address': '0xd6eec2e46451b136fa332e56f728421fd160aa87'}}, 'caller': {'address': '0xf00dd244228f51547f0563e60bca65a30fbf5f7f'}, 'date': {'date': '2021-12-21'}, 'block': {'height': 13851125}}, {'smartContract': {'address': {'address': '0x9933682d7c7c03a4752ad26fcf07a0ed32203d62'}}, 'caller': {'address': '0xf00dd244228f51547f0563e60bca65a30fbf5f7f'}, 'date': {'date': '2021-12-21'}, 'block': {'height': 13850715}}, {'smartContract': {'address': {'address': '0xc01fd7b96a6a02735e2eb50659d9eb8aca77712e'}}, 'caller': {'address': '0xf00dd244228f51547f0563e60bca65a30fbf5f7f'}, 'date': {'date': '2021-12-21'}, 'block': {'height': 13850705}}, {'smartContract': {'address': {'address': '0x973d0408dee278203c8613178c1732fd60182916'}}, 'caller': {'address': '0xf00dd244228f51547f0563e60bca65a30fbf5f7f'}, 'date': {'date': '2021-12-21'}, 'block': {'height': 13850698}}, {'smartContract': {'address': {'address': '0x71316a3465e0fbcd08e665d6675caa8f7b1dd40a'}}, 'caller': {'address': '0xf00dd244228f51547f0563e60bca65a30fbf5f7f'}, 'date': {'date': '2021-12-21'}, 'block': {'height': 13850697}}, {'smartContract': {'address': {'address': '0x8085407a8b5cc475cc5c02f872b39b57e4ee3bcf'}}, 'caller': {'address': '0xf00dd244228f51547f0563e60bca65a30fbf5f7f'}, 'date': {'date': '2021-12-18'}, 'block': {'height': 13831643}}, {'smartContract': {'address': {'address': '0xe04d1aba8d5bf3d507f7dd5ede76e4bad331598a'}}, 'caller': {'address': '0xf00dd244228f51547f0563e60bca65a30fbf5f7f'}, 'date': {'date': '2021-12-18'}, 'block': {'height': 13831626}}, {'smartContract': {'address': {'address': '0xe5c6be56401986f8ae7e031bfad5e07c13467fd4'}}, 'caller': {'address': '0xf00dd244228f51547f0563e60bca65a30fbf5f7f'}, 'date': {'date': '2021-12-18'}, 'block': {'height': 13831621}}, {'smartContract': {'address': {'address': '0xbf025ca78dc18e8646b706a49dc194d04537a14d'}}, 'caller': {'address': '0xf00dd244228f51547f0563e60bca65a30fbf5f7f'}, 'date': {'date': '2021-12-18'}, 'block': {'height': 13831617}}, {'smartContract': {'address': {'address': '0xbb7239f73e68301a0140cf8aa971c9edb4aca752'}}, 'caller': {'address': '0xf00dd244228f51547f0563e60bca65a30fbf5f7f'}, 'date': {'date': '2021-11-23'}, 'block': {'height': 13672396}}, {'smartContract': {'address': {'address': '0x1aab18ef934bdb906b46673a59d698048742ec32'}}, 'caller': {'address': '0xff38184ff51ef92eefedfa6e993c2add40d41b68'}, 'date': {'date': '2021-11-21'}, 'block': {'height': 13658835}}, {'smartContract': {'address': {'address': '0xdf9db1ecdbcd590ecc5155998c14de35666eec8f'}}, 'caller': {'address': '0xf8b8a0b94c7e9e6ed12dce16af268cc16818f83e'}, 'date': {'date': '2021-11-21'}, 'block': {'height': 13658835}}, {'smartContract': {'address': {'address': '0x780e6b1055315a45770117a69999a8e262996e24'}}, 'caller': {'address': '0xff38184ff51ef92eefedfa6e993c2add40d41b68'}, 'date': {'date': '2021-11-21'}, 'block': {'height': 13658835}}, {'smartContract': {'address': {'address': '0xd1c9ce4c3d87b2b9ddc500f6f47e65fb7d426ac2'}}, 'caller': {'address': '0x3bb28f8e936c48499a4bebbe906e05e8eae2bef8'}, 'date': {'date': '2021-11-21'}, 'block': {'height': 13658677}}, {'smartContract': {'address': {'address': '0x9b2c5a51adac687867c19bd76656702b47a24e16'}}, 'caller': {'address': '0xf8b8a0b94c7e9e6ed12dce16af268cc16818f83e'}, 'date': {'date': '2021-11-21'}, 'block': {'height': 13658677}}, {'smartContract': {'address': {'address': '0x908b743a405f23ea5877c14e32d76b1b7a97369d'}}, 'caller': {'address': '0x9cf5ab89f48194c9eeaacbb47cdecee0e96110b7'}, 'date': {'date': '2021-11-21'}, 'block': {'height': 13658677}}, {'smartContract': {'address': {'address': '0x9cf5ab89f48194c9eeaacbb47cdecee0e96110b7'}}, 'caller': {'address': '0xf00dd244228f51547f0563e60bca65a30fbf5f7f'}, 'date': {'date': '2021-11-21'}, 'block': {'height': 13658263}}, {'smartContract': {'address': {'address': '0xe1ec9151eb8d9a3451b8f623ce8b62632a6d4f4d'}}, 'caller': {'address': '0xf00dd244228f51547f0563e60bca65a30fbf5f7f'}, 'date': {'date': '2021-11-21'}, 'block': {'height': 13658254}}, {'smartContract': {'address': {'address': '0xf8b8a0b94c7e9e6ed12dce16af268cc16818f83e'}}, 'caller': {'address': '0xf00dd244228f51547f0563e60bca65a30fbf5f7f'}, 'date': {'date': '2021-11-21'}, 'block': {'height': 13658246}}, {'smartContract': {'address': {'address': '0x3bb28f8e936c48499a4bebbe906e05e8eae2bef8'}}, 'caller': {'address': '0xf00dd244228f51547f0563e60bca65a30fbf5f7f'}, 'date': {'date': '2021-11-21'}, 'block': {'height': 13658239}}, {'smartContract': {'address': {'address': '0x3d3df540620ba6a60fdc6ee33331e46525856172'}}, 'caller': {'address': '0xf00dd244228f51547f0563e60bca65a30fbf5f7f'}, 'date': {'date': '2021-11-19'}, 'block': {'height': 13645604}}, {'smartContract': {'address': {'address': '0xff38184ff51ef92eefedfa6e993c2add40d41b68'}}, 'caller': {'address': '0xf00dd244228f51547f0563e60bca65a30fbf5f7f'}, 'date': {'date': '2021-11-18'}, 'block': {'height': 13639522}}, {'smartContract': {'address': {'address': '0x5258a2be7c16215175faf28486d248af5d4ff5f8'}}, 'caller': {'address': '0xf00dd244228f51547f0563e60bca65a30fbf5f7f'}, 'date': {'date': '2021-11-15'}, 'block': {'height': 13622508}}, {'smartContract': {'address': {'address': '0xba6b43ae8ea74a5d7f4e65904aaf80bfb1bc59cb'}}, 'caller': {'address': '0xf00dd244228f51547f0563e60bca65a30fbf5f7f'}, 'date': {'date': '2021-11-15'}, 'block': {'height': 13622491}}, {'smartContract': {'address': {'address': '0x406370cefa004a3cb5d4f2730b679d488f4e7568'}}, 'caller': {'address': '0xf00dd244228f51547f0563e60bca65a30fbf5f7f'}, 'date': {'date': '2021-11-15'}, 'block': {'height': 13621346}}, {'smartContract': {'address': {'address': '0x2ecb86bb78a6468f7612ec0c71d1ce97635549a4'}}, 'caller': {'address': '0xf00dd244228f51547f0563e60bca65a30fbf5f7f'}, 'date': {'date': '2021-11-05'}, 'block': {'height': 13556602}}, {'smartContract': {'address': {'address': '0xfd1121b2292ebd475791ee2d646ccc8451c9f7ae'}}, 'caller': {'address': '0xf00dd244228f51547f0563e60bca65a30fbf5f7f'}, 'date': {'date': '2021-11-04'}, 'block': {'height': 13551666}}, {'smartContract': {'address': {'address': '0x35de0d0f9448b35a09e1e884c7d23a00027fbd8f'}}, 'caller': {'address': '0xf00dd244228f51547f0563e60bca65a30fbf5f7f'}, 'date': {'date': '2021-11-04'}, 'block': {'height': 13551659}}, {'smartContract': {'address': {'address': '0xe9d5571a741af8201e6ca11241af4d2d635d6c85'}}, 'caller': {'address': '0xf00dd244228f51547f0563e60bca65a30fbf5f7f'}, 'date': {'date': '2021-11-04'}, 'block': {'height': 13551641}}, {'smartContract': {'address': {'address': '0x1073cab7daab7a7002a17e5aa43a72be5f2abab8'}}, 'caller': {'address': '0xf00dd244228f51547f0563e60bca65a30fbf5f7f'}, 'date': {'date': '2021-11-04'}, 'block': {'height': 13551065}}, {'smartContract': {'address': {'address': '0xea46cfcb43d5274991344cf6f56765e39a7eae1a'}}, 'caller': {'address': '0xf00dd244228f51547f0563e60bca65a30fbf5f7f'}, 'date': {'date': '2021-11-04'}, 'block': {'height': 13551061}}, {'smartContract': {'address': {'address': '0x9221474ba87867af85681df08d6af7f8387e4380'}}, 'caller': {'address': '0xf00dd244228f51547f0563e60bca65a30fbf5f7f'}, 'date': {'date': '2021-11-04'}, 'block': {'height': 13551044}}, {'smartContract': {'address': {'address': '0x8137ac6df358fe2d0dfbb1b5aa87c110950a16cd'}}, 'caller': {'address': '0xf00dd244228f51547f0563e60bca65a30fbf5f7f'}, 'date': {'date': '2021-11-04'}, 'block': {'height': 13551041}}, {'smartContract': {'address': {'address': '0xc388352c326d6b53a9ac872d6ed54c5c763da504'}}, 'caller': {'address': '0xf00dd244228f51547f0563e60bca65a30fbf5f7f'}, 'date': {'date': '2021-11-04'}, 'block': {'height': 13550974}}, {'smartContract': {'address': {'address': '0xc74075f5c9ad58c655a6160ba955b4acd5de8d0b'}}, 'caller': {'address': '0xf00dd244228f51547f0563e60bca65a30fbf5f7f'}, 'date': {'date': '2021-11-04'}, 'block': {'height': 13550955}}, {'smartContract': {'address': {'address': '0x94529ee7eb499015652908eb2745cea2d4460a53'}}, 'caller': {'address': '0xf00dd244228f51547f0563e60bca65a30fbf5f7f'}, 'date': {'date': '2021-10-25'}, 'block': {'height': 13489225}}, {'smartContract': {'address': {'address': '0xa35e4b82ffc7ce38438380f6f06bed819496fba2'}}, 'caller': {'address': '0xf00dd244228f51547f0563e60bca65a30fbf5f7f'}, 'date': {'date': '2021-10-21'}, 'block': {'height': 13462353}}, {'smartContract': {'address': {'address': '0x1a0e125ba607714d83260b8e28a68cab97db8e52'}}, 'caller': {'address': '0xf00dd244228f51547f0563e60bca65a30fbf5f7f'}, 'date': {'date': '2021-10-21'}, 'block': {'height': 13462227}}, {'smartContract': {'address': {'address': '0x7a535f44a86d20076dde031a28e4f3500d00d628'}}, 'caller': {'address': '0xf00dd244228f51547f0563e60bca65a30fbf5f7f'}, 'date': {'date': '2021-10-21'}, 'block': {'height': 13462183}}, {'smartContract': {'address': {'address': '0xc3426599ec933fbf657ee44b53e7f01d83be1f63'}}, 'caller': {'address': '0xf00dd244228f51547f0563e60bca65a30fbf5f7f'}, 'date': {'date': '2021-10-21'}, 'block': {'height': 13462182}}, {'smartContract': {'address': {'address': '0x1ffebbc55e2b85dab87cf7d11558180dbe25d3bf'}}, 'caller': {'address': '0xf00dd244228f51547f0563e60bca65a30fbf5f7f'}, 'date': {'date': '2021-10-19'}, 'block': {'height': 13449622}}, {'smartContract': {'address': {'address': '0x6055d7f2e84e334176889f6d8c3f84580ca4f507'}}, 'caller': {'address': '0xf00dd244228f51547f0563e60bca65a30fbf5f7f'}, 'date': {'date': '2021-10-12'}, 'block': {'height': 13405071}}, {'smartContract': {'address': {'address': '0xefb78d1e3ba4272e7d806b9dc88e239e08e4082d'}}, 'caller': {'address': '0xf00dd244228f51547f0563e60bca65a30fbf5f7f'}, 'date': {'date': '2021-10-12'}, 'block': {'height': 13405069}}, {'smartContract': {'address': {'address': '0x7931d6263798f99a082caf1416b2457605628e2d'}}, 'caller': {'address': '0xf00dd244228f51547f0563e60bca65a30fbf5f7f'}, 'date': {'date': '2021-10-12'}, 'block': {'height': 13405053}}, {'smartContract': {'address': {'address': '0x4e73454a1dc53dacd7cc98f124e4d459dea0dd1b'}}, 'caller': {'address': '0xf00dd244228f51547f0563e60bca65a30fbf5f7f'}, 'date': {'date': '2021-10-12'}, 'block': {'height': 13404996}}, {'smartContract': {'address': {'address': '0xc53dab6fdd18af6cd5cf37fde7c941d368f8664f'}}, 'caller': {'address': '0xf00dd244228f51547f0563e60bca65a30fbf5f7f'}, 'date': {'date': '2021-10-12'}, 'block': {'height': 13404990}}, {'smartContract': {'address': {'address': '0x99b54e1ccb28137c382796b7b7b5ed61eda98695'}}, 'caller': {'address': '0xf00dd244228f51547f0563e60bca65a30fbf5f7f'}, 'date': {'date': '2021-10-12'}, 'block': {'height': 13404947}}, {'smartContract': {'address': {'address': '0x503ea79b73995cf0c8d323c17782047ed5cc72b2'}}, 'caller': {'address': '0xf00dd244228f51547f0563e60bca65a30fbf5f7f'}, 'date': {'date': '2021-10-12'}, 'block': {'height': 13404946}}, {'smartContract': {'address': {'address': '0x7d2574bd588f24e554321d7edf4bbe8fb9057df1'}}, 'caller': {'address': '0xf00dd244228f51547f0563e60bca65a30fbf5f7f'}, 'date': {'date': '2021-10-07'}, 'block': {'height': 13373490}}, {'smartContract': {'address': {'address': '0x3b2ed6013f961404aba5a030e20a2aceb486832d'}}, 'caller': {'address': '0xf00dd244228f51547f0563e60bca65a30fbf5f7f'}, 'date': {'date': '2021-10-07'}, 'block': {'height': 13373327}}, {'smartContract': {'address': {'address': '0xe227a8fcfe8738d2e560baac26be203a2311413c'}}, 'caller': {'address': '0xf00dd244228f51547f0563e60bca65a30fbf5f7f'}, 'date': {'date': '2021-10-04'}, 'block': {'height': 13354183}}, {'smartContract': {'address': {'address': '0x14e7c30c939302c13a6dac5fe71835c3d4932f2a'}}, 'caller': {'address': '0xf00dd244228f51547f0563e60bca65a30fbf5f7f'}, 'date': {'date': '2021-10-04'}, 'block': {'height': 13353424}}, {'smartContract': {'address': {'address': '0xb08fcb4c6eee50a60a1bb77a690e637acde5b951'}}, 'caller': {'address': '0xf00dd244228f51547f0563e60bca65a30fbf5f7f'}, 'date': {'date': '2021-10-04'}, 'block': {'height': 13353419}}, {'smartContract': {'address': {'address': '0xa6f85bb21ff71ac0a5890f76fd2514d76e0035ef'}}, 'caller': {'address': '0xf00dd244228f51547f0563e60bca65a30fbf5f7f'}, 'date': {'date': '2021-09-29'}, 'block': {'height': 13321866}}, {'smartContract': {'address': {'address': '0x01579527d5734c03b8220e96dd5754346bfdfd63'}}, 'caller': {'address': '0xf00dd244228f51547f0563e60bca65a30fbf5f7f'}, 'date': {'date': '2021-09-29'}, 'block': {'height': 13321852}}, {'smartContract': {'address': {'address': '0x48ca4a34374b628dd21e28c988ce287c49fd63ea'}}, 'caller': {'address': '0xf00dd244228f51547f0563e60bca65a30fbf5f7f'}, 'date': {'date': '2021-09-29'}, 'block': {'height': 13321844}}, {'smartContract': {'address': {'address': '0x8aa055990f9ea583f4f5c86fa4ad57898c18ff21'}}, 'caller': {'address': '0xf00dd244228f51547f0563e60bca65a30fbf5f7f'}, 'date': {'date': '2021-09-29'}, 'block': {'height': 13321842}}, {'smartContract': {'address': {'address': '0xb33a40857fad73760730a7543e79dac1b25858c3'}}, 'caller': {'address': '0xf00dd244228f51547f0563e60bca65a30fbf5f7f'}, 'date': {'date': '2021-09-27'}, 'block': {'height': 13307976}}, {'smartContract': {'address': {'address': '0x8d6171f8463b223b733fcedd6eaf275ac0a2711d'}}, 'caller': {'address': '0xf00dd244228f51547f0563e60bca65a30fbf5f7f'}, 'date': {'date': '2021-09-27'}, 'block': {'height': 13307954}}, {'smartContract': {'address': {'address': '0x25642078c595a7078f150e5e0486364077ae9ebb'}}, 'caller': {'address': '0xf00dd244228f51547f0563e60bca65a30fbf5f7f'}, 'date': {'date': '2021-09-27'}, 'block': {'height': 13307953}}, {'smartContract': {'address': {'address': '0xa2b62acaa3aaf79444ddace7bc7f196425e7da57'}}, 'caller': {'address': '0xf00dd244228f51547f0563e60bca65a30fbf5f7f'}, 'date': {'date': '2021-09-27'}, 'block': {'height': 13307936}}, {'smartContract': {'address': {'address': '0x965060fd4bd2dd8568d206bedf3ddb76628d3456'}}, 'caller': {'address': '0xf00dd244228f51547f0563e60bca65a30fbf5f7f'}, 'date': {'date': '2021-09-25'}, 'block': {'height': 13292709}}, {'smartContract': {'address': {'address': '0x199effc20793197d6c5100b32aaae880d1061004'}}, 'caller': {'address': '0xf00dd244228f51547f0563e60bca65a30fbf5f7f'}, 'date': {'date': '2021-09-23'}, 'block': {'height': 13282994}}, {'smartContract': {'address': {'address': '0x56cfc57bc1c5b40dc739b88fbebcc96b05056bb6'}}, 'caller': {'address': '0xf00dd244228f51547f0563e60bca65a30fbf5f7f'}, 'date': {'date': '2021-09-23'}, 'block': {'height': 13282767}}, {'smartContract': {'address': {'address': '0xa86ecd4e246ee4e7f7299d5a7e23e3996a4e3fd5'}}, 'caller': {'address': '0xf00dd244228f51547f0563e60bca65a30fbf5f7f'}, 'date': {'date': '2021-09-23'}, 'block': {'height': 13282722}}, {'smartContract': {'address': {'address': '0xb59edcb651ef54b9e960f8ca35c36ef7904459db'}}, 'caller': {'address': '0xf00dd244228f51547f0563e60bca65a30fbf5f7f'}, 'date': {'date': '2021-09-23'}, 'block': {'height': 13282706}}, {'smartContract': {'address': {'address': '0x0b44335aa5b0d5e4df85d4abf81683f892310a5c'}}, 'caller': {'address': '0xf00dd244228f51547f0563e60bca65a30fbf5f7f'}, 'date': {'date': '2021-09-23'}, 'block': {'height': 13282697}}, {'smartContract': {'address': {'address': '0x596355e19910dd683c294906df14ed212f76411c'}}, 'caller': {'address': '0xf00dd244228f51547f0563e60bca65a30fbf5f7f'}, 'date': {'date': '2021-09-23'}, 'block': {'height': 13282674}}, {'smartContract': {'address': {'address': '0x1d8dc1ba0ac7c2768de61301b2050bea227750e3'}}, 'caller': {'address': '0xf00dd244228f51547f0563e60bca65a30fbf5f7f'}, 'date': {'date': '2021-09-23'}, 'block': {'height': 13282670}}, {'smartContract': {'address': {'address': '0x604925ad5b715f32f6ed4b3edc8de89d764dc583'}}, 'caller': {'address': '0xf00dd244228f51547f0563e60bca65a30fbf5f7f'}, 'date': {'date': '2021-09-23'}, 'block': {'height': 13282664}}, {'smartContract': {'address': {'address': '0x0b3cfee9c428091a8bf616ff158989ef15b085a6'}}, 'caller': {'address': '0xf00dd244228f51547f0563e60bca65a30fbf5f7f'}, 'date': {'date': '2021-09-21'}, 'block': {'height': 13270346}}, {'smartContract': {'address': {'address': '0x9b47d39cb1b02bb77a517fea39963534a6243df3'}}, 'caller': {'address': '0xf00dd244228f51547f0563e60bca65a30fbf5f7f'}, 'date': {'date': '2021-09-21'}, 'block': {'height': 13270273}}, {'smartContract': {'address': {'address': '0xea2ec079345e559cbd4b06e477370d51f4ef3b10'}}, 'caller': {'address': '0xf00dd244228f51547f0563e60bca65a30fbf5f7f'}, 'date': {'date': '2021-09-16'}, 'block': {'height': 13238737}}, {'smartContract': {'address': {'address': '0x15417a101cb7db7c85b82a4ecc9910ce6f45d9df'}}, 'caller': {'address': '0xf00dd244228f51547f0563e60bca65a30fbf5f7f'}, 'date': {'date': '2021-09-16'}, 'block': {'height': 13238714}}, {'smartContract': {'address': {'address': '0x98e730be6da53642c09a7d2f8d7d3d75e165c15d'}}, 'caller': {'address': '0xf00dd244228f51547f0563e60bca65a30fbf5f7f'}, 'date': {'date': '2021-09-16'}, 'block': {'height': 13237380}}, {'smartContract': {'address': {'address': '0x6b0858f431316a2f43ecd40e38b47e52cf6ca038'}}, 'caller': {'address': '0xf00dd244228f51547f0563e60bca65a30fbf5f7f'}, 'date': {'date': '2021-09-16'}, 'block': {'height': 13237332}}, {'smartContract': {'address': {'address': '0x56db0fbaea64d776b64a4a5824e47f6465a5433c'}}, 'caller': {'address': '0xf00dd244228f51547f0563e60bca65a30fbf5f7f'}, 'date': {'date': '2021-09-15'}, 'block': {'height': 13231685}}]",2020-08-31
99,99,0x2791BfD60D232150Bff86b39B7146c0eaAA2BA81,BiFi (BiFi),https://github.com/bifrost-platform/BIFI,0x46D7c44636D158fEDb1aE9533fd3B4022c7b6288,14593042.67,"[{'smartContract': {'address': {'address': '0xf21dd227c2ccbdca725b3101250c62f8ea836180'}}, 'caller': {'address': '0x46d7c44636d158fedb1ae9533fd3b4022c7b6288'}, 'date': {'date': '2021-01-05'}, 'block': {'height': 11592044}}, {'smartContract': {'address': {'address': '0x2791bfd60d232150bff86b39b7146c0eaaa2ba81'}}, 'caller': {'address': '0x46d7c44636d158fedb1ae9533fd3b4022c7b6288'}, 'date': {'date': '2021-01-04'}, 'block': {'height': 11588809}}]",2021-01-04
100,100,0x8762db106B2c2A0bccB3A80d1Ed41273552616E8,Reserve Rights,,0xBb20467EcccB3F60F8dbEca09a61879893e44069,14041273.77,[],2019-05-17
101,101,0x808507121B80c02388fAd14726482e061B8da827,Pendle (PENDLE),https://github.com/pendle-finance,0x196e6d50df6289e1F82838E84774b2B0c8f4aF62,13700220.57,"[{'smartContract': {'address': {'address': '0xa081bf40a06a5885fe5d70521249e8d253dfc2f3'}}, 'caller': {'address': '0x196e6d50df6289e1f82838e84774b2b0c8f4af62'}, 'date': {'date': '2021-11-03'}, 'block': {'height': 13543331}}, {'smartContract': {'address': {'address': '0xc956845c51c83b41d2705b5c9f31e86746d9af5b'}}, 'caller': {'address': '0x196e6d50df6289e1f82838e84774b2b0c8f4af62'}, 'date': {'date': '2021-09-23'}, 'block': {'height': 13281016}}, {'smartContract': {'address': {'address': '0x7549b6b7e067f0c79e1f40c5f7465e7161391532'}}, 'caller': {'address': '0x196e6d50df6289e1f82838e84774b2b0c8f4af62'}, 'date': {'date': '2021-09-21'}, 'block': {'height': 13266335}}, {'smartContract': {'address': {'address': '0x2274610d125cbd712b01fadbcdbd4b5561829a32'}}, 'caller': {'address': '0x196e6d50df6289e1f82838e84774b2b0c8f4af62'}, 'date': {'date': '2021-09-08'}, 'block': {'height': 13184417}}, {'smartContract': {'address': {'address': '0x6231986eed646d24152f3529d815fd85c295f06c'}}, 'caller': {'address': '0x196e6d50df6289e1f82838e84774b2b0c8f4af62'}, 'date': {'date': '2021-09-03'}, 'block': {'height': 13154078}}, {'smartContract': {'address': {'address': '0x2c09fd74e80ce12bebbc8f56fab8633ea41c2bcc'}}, 'caller': {'address': '0x196e6d50df6289e1f82838e84774b2b0c8f4af62'}, 'date': {'date': '2021-09-03'}, 'block': {'height': 13150562}}, {'smartContract': {'address': {'address': '0x9efdb1d70184627277a408098ec4880b9b99e3be'}}, 'caller': {'address': '0x196e6d50df6289e1f82838e84774b2b0c8f4af62'}, 'date': {'date': '2021-09-02'}, 'block': {'height': 13147608}}, {'smartContract': {'address': {'address': '0xfb0e378b3ed6d7f8b73230644d945e28fd7f7b03'}}, 'caller': {'address': '0x196e6d50df6289e1f82838e84774b2b0c8f4af62'}, 'date': {'date': '2021-08-24'}, 'block': {'height': 13087164}}, {'smartContract': {'address': {'address': '0x07c87cfe096c417212eab4152d365f0f7dc6fce4'}}, 'caller': {'address': '0x196e6d50df6289e1f82838e84774b2b0c8f4af62'}, 'date': {'date': '2021-08-24'}, 'block': {'height': 13087154}}, {'smartContract': {'address': {'address': '0xa660c9aaa46b696df01768e1d2d88ce2d5293778'}}, 'caller': {'address': '0x196e6d50df6289e1f82838e84774b2b0c8f4af62'}, 'date': {'date': '2021-08-24'}, 'block': {'height': 13087138}}, {'smartContract': {'address': {'address': '0x071dc669be57c1b3053f746db20cb3bf54383aea'}}, 'caller': {'address': '0x196e6d50df6289e1f82838e84774b2b0c8f4af62'}, 'date': {'date': '2021-08-24'}, 'block': {'height': 13087122}}, {'smartContract': {'address': {'address': '0x309d8cf8f7c3340b50ff0ef457075a3c5792203f'}}, 'caller': {'address': '0x196e6d50df6289e1f82838e84774b2b0c8f4af62'}, 'date': {'date': '2021-08-17'}, 'block': {'height': 13043830}}, {'smartContract': {'address': {'address': '0x529c513dde7968e19e79e38ff94d36e4c3c21eb7'}}, 'caller': {'address': '0x196e6d50df6289e1f82838e84774b2b0c8f4af62'}, 'date': {'date': '2021-08-17'}, 'block': {'height': 13043819}}, {'smartContract': {'address': {'address': '0xeb9e68204684324eb4177d239df90293818024d9'}}, 'caller': {'address': '0x196e6d50df6289e1f82838e84774b2b0c8f4af62'}, 'date': {'date': '2021-08-17'}, 'block': {'height': 13043804}}, {'smartContract': {'address': {'address': '0xa78029ab5235b9a83ec45ed036042db26c6e4300'}}, 'caller': {'address': '0x196e6d50df6289e1f82838e84774b2b0c8f4af62'}, 'date': {'date': '2021-08-17'}, 'block': {'height': 13043055}}, {'smartContract': {'address': {'address': '0x0f3bccbfef1dc227f33a11d7a51cd02dead208c8'}}, 'caller': {'address': '0x196e6d50df6289e1f82838e84774b2b0c8f4af62'}, 'date': {'date': '2021-08-17'}, 'block': {'height': 13042914}}, {'smartContract': {'address': {'address': '0x79c05da47dc20ff9376b2f7dbf8ae0c994c3a0d0'}}, 'caller': {'address': '0xc02f1c34cdde6d5b940a31b286a987e905ec5e8d'}, 'date': {'date': '2021-08-17'}, 'block': {'height': 13042895}}, {'smartContract': {'address': {'address': '0x685d32f394a5f03e78a1a0f6a91b4e2bf6f52cfe'}}, 'caller': {'address': '0xc02f1c34cdde6d5b940a31b286a987e905ec5e8d'}, 'date': {'date': '2021-08-17'}, 'block': {'height': 13042873}}, {'smartContract': {'address': {'address': '0x49c8ac20de6409c7e0b8f9867cffd1481d8206c6'}}, 'caller': {'address': '0x3714e5d5a32fdc16e3e6fee6788afc3ac9eb5762'}, 'date': {'date': '2021-08-17'}, 'block': {'height': 13042856}}, {'smartContract': {'address': {'address': '0xbfd6b497dca3e5d1fa4bbd52996d400980c29eb7'}}, 'caller': {'address': '0x3714e5d5a32fdc16e3e6fee6788afc3ac9eb5762'}, 'date': {'date': '2021-08-17'}, 'block': {'height': 13042856}}, {'smartContract': {'address': {'address': '0xbf682bd31a615123d28d611b38b0ae3d2b675c2c'}}, 'caller': {'address': '0x3714e5d5a32fdc16e3e6fee6788afc3ac9eb5762'}, 'date': {'date': '2021-08-17'}, 'block': {'height': 13042856}}, {'smartContract': {'address': {'address': '0x311fcb5db45a3a5876975f8108237f20525fa7e0'}}, 'caller': {'address': '0x2ab81e127c8f4df9f39ee639d09a35ded94171f0'}, 'date': {'date': '2021-08-17'}, 'block': {'height': 13042844}}, {'smartContract': {'address': {'address': '0xa06634be609153b77355bfd09f9d59345939c59b'}}, 'caller': {'address': '0x2ab81e127c8f4df9f39ee639d09a35ded94171f0'}, 'date': {'date': '2021-08-17'}, 'block': {'height': 13042844}}, {'smartContract': {'address': {'address': '0x322d6c69048330247165231eb7848a5c80a48878'}}, 'caller': {'address': '0x2ab81e127c8f4df9f39ee639d09a35ded94171f0'}, 'date': {'date': '2021-08-17'}, 'block': {'height': 13042844}}, {'smartContract': {'address': {'address': '0xc02f1c34cdde6d5b940a31b286a987e905ec5e8d'}}, 'caller': {'address': '0x196e6d50df6289e1f82838e84774b2b0c8f4af62'}, 'date': {'date': '2021-08-16'}, 'block': {'height': 13037707}}, {'smartContract': {'address': {'address': '0x65c97ddca593da3df529798b2fa6865c9ccd0035'}}, 'caller': {'address': '0x196e6d50df6289e1f82838e84774b2b0c8f4af62'}, 'date': {'date': '2021-08-16'}, 'block': {'height': 13037687}}, {'smartContract': {'address': {'address': '0xf6943b98e69b59ccb3e18bc261493af3e901b2ab'}}, 'caller': {'address': '0x196e6d50df6289e1f82838e84774b2b0c8f4af62'}, 'date': {'date': '2021-08-16'}, 'block': {'height': 13037686}}, {'smartContract': {'address': {'address': '0xbbef00df1d8800877fa27d9726e5cf0d27b2a99a'}}, 'caller': {'address': '0x196e6d50df6289e1f82838e84774b2b0c8f4af62'}, 'date': {'date': '2021-08-16'}, 'block': {'height': 13037680}}, {'smartContract': {'address': {'address': '0xa71bdadd4aabee6c5005aaabac0ddd27a6657251'}}, 'caller': {'address': '0x196e6d50df6289e1f82838e84774b2b0c8f4af62'}, 'date': {'date': '2021-08-16'}, 'block': {'height': 13037661}}, {'smartContract': {'address': {'address': '0x2ab81e127c8f4df9f39ee639d09a35ded94171f0'}}, 'caller': {'address': '0x196e6d50df6289e1f82838e84774b2b0c8f4af62'}, 'date': {'date': '2021-08-16'}, 'block': {'height': 13037658}}, {'smartContract': {'address': {'address': '0x831ab3253170eced5c4eef67606cca1f6699fd68'}}, 'caller': {'address': '0x196e6d50df6289e1f82838e84774b2b0c8f4af62'}, 'date': {'date': '2021-08-16'}, 'block': {'height': 13037641}}, {'smartContract': {'address': {'address': '0x6b0e6b4c0ee4b6460e5cd35a3625a172fe9d3930'}}, 'caller': {'address': '0x196e6d50df6289e1f82838e84774b2b0c8f4af62'}, 'date': {'date': '2021-08-16'}, 'block': {'height': 13037619}}, {'smartContract': {'address': {'address': '0x3714e5d5a32fdc16e3e6fee6788afc3ac9eb5762'}}, 'caller': {'address': '0x196e6d50df6289e1f82838e84774b2b0c8f4af62'}, 'date': {'date': '2021-08-16'}, 'block': {'height': 13037613}}, {'smartContract': {'address': {'address': '0x5f183210d58eba0812a2c33888786e7028b4e687'}}, 'caller': {'address': '0x196e6d50df6289e1f82838e84774b2b0c8f4af62'}, 'date': {'date': '2021-08-16'}, 'block': {'height': 13037606}}, {'smartContract': {'address': {'address': '0x94a7432b811e29128964fba993f159928744e7c7'}}, 'caller': {'address': '0x196e6d50df6289e1f82838e84774b2b0c8f4af62'}, 'date': {'date': '2021-08-08'}, 'block': {'height': 12984148}}, {'smartContract': {'address': {'address': '0xa26da78fe6c8d4ba2f1779fd36aed994a8a50bee'}}, 'caller': {'address': '0x196e6d50df6289e1f82838e84774b2b0c8f4af62'}, 'date': {'date': '2021-08-08'}, 'block': {'height': 12984129}}, {'smartContract': {'address': {'address': '0xfc3468da89cb5bdf893242ece0324b51ea6482c6'}}, 'caller': {'address': '0x196e6d50df6289e1f82838e84774b2b0c8f4af62'}, 'date': {'date': '2021-08-08'}, 'block': {'height': 12984109}}, {'smartContract': {'address': {'address': '0x31fc01529419ee9623afc5b65d7d72102d116e90'}}, 'caller': {'address': '0x196e6d50df6289e1f82838e84774b2b0c8f4af62'}, 'date': {'date': '2021-08-08'}, 'block': {'height': 12984055}}, {'smartContract': {'address': {'address': '0x4dc6b6374e812e029937129a156eec6344cde8d1'}}, 'caller': {'address': '0x196e6d50df6289e1f82838e84774b2b0c8f4af62'}, 'date': {'date': '2021-08-08'}, 'block': {'height': 12984016}}, {'smartContract': {'address': {'address': '0xd89832fbbe58727cfbd29cfff9cd0bc0f4eeedfc'}}, 'caller': {'address': '0x196e6d50df6289e1f82838e84774b2b0c8f4af62'}, 'date': {'date': '2021-08-08'}, 'block': {'height': 12983925}}, {'smartContract': {'address': {'address': '0xf4dcdfc5ca35bea5013c058122c1a230396eb4b2'}}, 'caller': {'address': '0x196e6d50df6289e1f82838e84774b2b0c8f4af62'}, 'date': {'date': '2021-08-08'}, 'block': {'height': 12983711}}, {'smartContract': {'address': {'address': '0x702a893f712a59be72722e4078513a1fba5caf2d'}}, 'caller': {'address': '0x196e6d50df6289e1f82838e84774b2b0c8f4af62'}, 'date': {'date': '2021-08-08'}, 'block': {'height': 12983704}}, {'smartContract': {'address': {'address': '0x70e649eb230dbaee72303ac14fa817b81dedcf0b'}}, 'caller': {'address': '0x196e6d50df6289e1f82838e84774b2b0c8f4af62'}, 'date': {'date': '2021-07-30'}, 'block': {'height': 12925093}}, {'smartContract': {'address': {'address': '0xeafedac4d569ec91fa1e6e53d6fedc6dc9c60db5'}}, 'caller': {'address': '0x196e6d50df6289e1f82838e84774b2b0c8f4af62'}, 'date': {'date': '2021-07-30'}, 'block': {'height': 12925093}}, {'smartContract': {'address': {'address': '0x9890065a3a83c0c6d55610571a396071b68dcb8c'}}, 'caller': {'address': '0x196e6d50df6289e1f82838e84774b2b0c8f4af62'}, 'date': {'date': '2021-07-15'}, 'block': {'height': 12830828}}, {'smartContract': {'address': {'address': '0x1c6b1ee23dd0de24cc22b8d5de50afe58a6b0a0b'}}, 'caller': {'address': '0x196e6d50df6289e1f82838e84774b2b0c8f4af62'}, 'date': {'date': '2021-07-08'}, 'block': {'height': 12786118}}, {'smartContract': {'address': {'address': '0x944d1727d0b656f497e74044ff589871c330334f'}}, 'caller': {'address': '0x0f8e3237d074ce8a59af5d0d476bcd5b85aefe09'}, 'date': {'date': '2021-07-06'}, 'block': {'height': 12774364}}, {'smartContract': {'address': {'address': '0x9e382e5f78b06631e4109b5d48151f2b3f326df0'}}, 'caller': {'address': '0x753ae83c85dac24a91ef31d60b8400ddbcd53d62'}, 'date': {'date': '2021-07-06'}, 'block': {'height': 12773870}}, {'smartContract': {'address': {'address': '0x75db58793f3943d84716fcac1ac3258169e8d319'}}, 'caller': {'address': '0xa023ffa56e5672fdb87499144c96d481e6aa55ce'}, 'date': {'date': '2021-07-06'}, 'block': {'height': 12773477}}, {'smartContract': {'address': {'address': '0xe55e3b62005a2035d48ac0c41a5a9c799f04892c'}}, 'caller': {'address': '0xa023ffa56e5672fdb87499144c96d481e6aa55ce'}, 'date': {'date': '2021-07-06'}, 'block': {'height': 12773477}}, {'smartContract': {'address': {'address': '0x31654eb46a3a450265c6dfc4fc4fbbfe371e26fe'}}, 'caller': {'address': '0xa023ffa56e5672fdb87499144c96d481e6aa55ce'}, 'date': {'date': '2021-07-06'}, 'block': {'height': 12773477}}, {'smartContract': {'address': {'address': '0xffaf22db1ff7e4983b57ca9632f796f68ededef9'}}, 'caller': {'address': '0x2ae9bcdf80871f5ba4bd591bb07eb690951b3b93'}, 'date': {'date': '2021-07-06'}, 'block': {'height': 12772887}}, {'smartContract': {'address': {'address': '0x1ef8d200e0b4127c5e1183670eab37676fedf579'}}, 'caller': {'address': '0x2ae9bcdf80871f5ba4bd591bb07eb690951b3b93'}, 'date': {'date': '2021-07-06'}, 'block': {'height': 12772887}}, {'smartContract': {'address': {'address': '0x010a0288af52ed61e32674d82bbc7ddbfa9a1324'}}, 'caller': {'address': '0x2ae9bcdf80871f5ba4bd591bb07eb690951b3b93'}, 'date': {'date': '2021-07-06'}, 'block': {'height': 12772887}}, {'smartContract': {'address': {'address': '0x7d68b6ab094301b4b635353718b2460f2d9a5859'}}, 'caller': {'address': '0x196e6d50df6289e1f82838e84774b2b0c8f4af62'}, 'date': {'date': '2021-07-02'}, 'block': {'height': 12749284}}, {'smartContract': {'address': {'address': '0x246bc457768b96003349c367e42021ef47df1640'}}, 'caller': {'address': '0x196e6d50df6289e1f82838e84774b2b0c8f4af62'}, 'date': {'date': '2021-06-21'}, 'block': {'height': 12678760}}, {'smartContract': {'address': {'address': '0x5b1c59eb6872f88a92469751a034b9b5ada9a73f'}}, 'caller': {'address': '0x196e6d50df6289e1f82838e84774b2b0c8f4af62'}, 'date': {'date': '2021-06-16'}, 'block': {'height': 12648383}}, {'smartContract': {'address': {'address': '0x8ff4633bf701e5fda99eedd91b90b526b23abfa9'}}, 'caller': {'address': '0x196e6d50df6289e1f82838e84774b2b0c8f4af62'}, 'date': {'date': '2021-06-16'}, 'block': {'height': 12648353}}, {'smartContract': {'address': {'address': '0xb26c86330fc7f97533051f2f8cd0a90c2e82b5ee'}}, 'caller': {'address': '0x0f8e3237d074ce8a59af5d0d476bcd5b85aefe09'}, 'date': {'date': '2021-06-16'}, 'block': {'height': 12648351}}, {'smartContract': {'address': {'address': '0x3d4e7f52efafb9e0c70179b688fc3965a75bcfea'}}, 'caller': {'address': '0xa023ffa56e5672fdb87499144c96d481e6aa55ce'}, 'date': {'date': '2021-06-16'}, 'block': {'height': 12648344}}, {'smartContract': {'address': {'address': '0xb7defe73528942793649c0a950ec528f66159047'}}, 'caller': {'address': '0xa023ffa56e5672fdb87499144c96d481e6aa55ce'}, 'date': {'date': '2021-06-16'}, 'block': {'height': 12648344}}, {'smartContract': {'address': {'address': '0xb0aa68d8a0d56ae7276ab9e0e017965a67320c60'}}, 'caller': {'address': '0xa023ffa56e5672fdb87499144c96d481e6aa55ce'}, 'date': {'date': '2021-06-16'}, 'block': {'height': 12648344}}, {'smartContract': {'address': {'address': '0xb5e0320ceba07640e3591e14b08d4d5c18bc4dfc'}}, 'caller': {'address': '0x196e6d50df6289e1f82838e84774b2b0c8f4af62'}, 'date': {'date': '2021-06-16'}, 'block': {'height': 12648223}}, {'smartContract': {'address': {'address': '0x615de1ae8fca2dc84b1d0a4751a4768119a7c55a'}}, 'caller': {'address': '0x196e6d50df6289e1f82838e84774b2b0c8f4af62'}, 'date': {'date': '2021-06-16'}, 'block': {'height': 12648219}}, {'smartContract': {'address': {'address': '0x1e647e81c70c3313bc2b838c1610edc014a0d272'}}, 'caller': {'address': '0x196e6d50df6289e1f82838e84774b2b0c8f4af62'}, 'date': {'date': '2021-06-16'}, 'block': {'height': 12648217}}, {'smartContract': {'address': {'address': '0x85f337ebc646a8952d2e4f178e6f64cd7e0e7630'}}, 'caller': {'address': '0x196e6d50df6289e1f82838e84774b2b0c8f4af62'}, 'date': {'date': '2021-06-16'}, 'block': {'height': 12648215}}, {'smartContract': {'address': {'address': '0xab371ab70a498a8833170227a41ed228fa97671f'}}, 'caller': {'address': '0x196e6d50df6289e1f82838e84774b2b0c8f4af62'}, 'date': {'date': '2021-06-16'}, 'block': {'height': 12648182}}, {'smartContract': {'address': {'address': '0xbd5dfaa2ebd70bc54bac25c9205cc4cadb036449'}}, 'caller': {'address': '0x196e6d50df6289e1f82838e84774b2b0c8f4af62'}, 'date': {'date': '2021-06-16'}, 'block': {'height': 12648145}}, {'smartContract': {'address': {'address': '0x5583cd1ddfe6e1112b34dbb206a4d2196a1ed299'}}, 'caller': {'address': '0x196e6d50df6289e1f82838e84774b2b0c8f4af62'}, 'date': {'date': '2021-06-16'}, 'block': {'height': 12648077}}, {'smartContract': {'address': {'address': '0xe7c0f51637a35feb13275a46c33b24c5f23aaed5'}}, 'caller': {'address': '0x196e6d50df6289e1f82838e84774b2b0c8f4af62'}, 'date': {'date': '2021-06-16'}, 'block': {'height': 12647903}}, {'smartContract': {'address': {'address': '0xc02ac197a4d32d93d473779fbea2dca1fb313ed5'}}, 'caller': {'address': '0x196e6d50df6289e1f82838e84774b2b0c8f4af62'}, 'date': {'date': '2021-06-16'}, 'block': {'height': 12647898}}, {'smartContract': {'address': {'address': '0xa023ffa56e5672fdb87499144c96d481e6aa55ce'}}, 'caller': {'address': '0x196e6d50df6289e1f82838e84774b2b0c8f4af62'}, 'date': {'date': '2021-06-16'}, 'block': {'height': 12647891}}, {'smartContract': {'address': {'address': '0x17df69a3a30dae5ad0f3734c93ddf94dbdc898de'}}, 'caller': {'address': '0x196e6d50df6289e1f82838e84774b2b0c8f4af62'}, 'date': {'date': '2021-06-16'}, 'block': {'height': 12647889}}, {'smartContract': {'address': {'address': '0x52f7c88daa8b0611bff9b3867bea2f5949b7923d'}}, 'caller': {'address': '0x196e6d50df6289e1f82838e84774b2b0c8f4af62'}, 'date': {'date': '2021-06-16'}, 'block': {'height': 12647483}}, {'smartContract': {'address': {'address': '0x6f40a68e99645c60f14b497e75ae024777d61726'}}, 'caller': {'address': '0x196e6d50df6289e1f82838e84774b2b0c8f4af62'}, 'date': {'date': '2021-06-16'}, 'block': {'height': 12647454}}, {'smartContract': {'address': {'address': '0xebd2f1f1536c76334ba49a5d3b86f9bebd0ac28f'}}, 'caller': {'address': '0x196e6d50df6289e1f82838e84774b2b0c8f4af62'}, 'date': {'date': '2021-06-16'}, 'block': {'height': 12647230}}, {'smartContract': {'address': {'address': '0xfe1fdbe8ec218ab89e28d5caf435d2075baf8c8a'}}, 'caller': {'address': '0x196e6d50df6289e1f82838e84774b2b0c8f4af62'}, 'date': {'date': '2021-06-16'}, 'block': {'height': 12647185}}, {'smartContract': {'address': {'address': '0x6557a9d0b3c2c23b82a826a4e21b77a6d514a6a2'}}, 'caller': {'address': '0x196e6d50df6289e1f82838e84774b2b0c8f4af62'}, 'date': {'date': '2021-06-16'}, 'block': {'height': 12647100}}, {'smartContract': {'address': {'address': '0x7ccd8260faf81bf402bf3162736a31f3ca27f2d5'}}, 'caller': {'address': '0x196e6d50df6289e1f82838e84774b2b0c8f4af62'}, 'date': {'date': '2021-06-15'}, 'block': {'height': 12638230}}, {'smartContract': {'address': {'address': '0xa133fe86202e5da288ee0748fc68ca1faf69d062'}}, 'caller': {'address': '0x196e6d50df6289e1f82838e84774b2b0c8f4af62'}, 'date': {'date': '2021-06-15'}, 'block': {'height': 12638207}}, {'smartContract': {'address': {'address': '0x73a62de3b35126ae8f6a4547b9cbc170bc852001'}}, 'caller': {'address': '0x0f8e3237d074ce8a59af5d0d476bcd5b85aefe09'}, 'date': {'date': '2021-06-15'}, 'block': {'height': 12638198}}, {'smartContract': {'address': {'address': '0x8315bcbc2c5c1ef09b71731ab3827b0808a2d6bd'}}, 'caller': {'address': '0x753ae83c85dac24a91ef31d60b8400ddbcd53d62'}, 'date': {'date': '2021-06-15'}, 'block': {'height': 12638196}}, {'smartContract': {'address': {'address': '0x8f0a6cebcc41b4d101071e7b00a2028e86c5c297'}}, 'caller': {'address': '0x619e82186273f1f81d172972e964fbd2ad0ec8bb'}, 'date': {'date': '2021-06-15'}, 'block': {'height': 12638191}}, {'smartContract': {'address': {'address': '0x4ff131d2e5808a413da7057690c20761343349bd'}}, 'caller': {'address': '0x619e82186273f1f81d172972e964fbd2ad0ec8bb'}, 'date': {'date': '2021-06-15'}, 'block': {'height': 12638191}}, {'smartContract': {'address': {'address': '0x15791bb995d44482a39ba846f725d9653d7dfbf4'}}, 'caller': {'address': '0x619e82186273f1f81d172972e964fbd2ad0ec8bb'}, 'date': {'date': '2021-06-15'}, 'block': {'height': 12638191}}, {'smartContract': {'address': {'address': '0x8fcb1783bf4b71a51f702af0c266729c4592204a'}}, 'caller': {'address': '0x2ae9bcdf80871f5ba4bd591bb07eb690951b3b93'}, 'date': {'date': '2021-06-15'}, 'block': {'height': 12638167}}, {'smartContract': {'address': {'address': '0xcdb5b940e95c8632decdc806b90dd3fc44e699fe'}}, 'caller': {'address': '0x2ae9bcdf80871f5ba4bd591bb07eb690951b3b93'}, 'date': {'date': '2021-06-15'}, 'block': {'height': 12638167}}, {'smartContract': {'address': {'address': '0x33d3071cfa7404a406edb5826a11620282021745'}}, 'caller': {'address': '0x2ae9bcdf80871f5ba4bd591bb07eb690951b3b93'}, 'date': {'date': '2021-06-15'}, 'block': {'height': 12638167}}, {'smartContract': {'address': {'address': '0x753ae83c85dac24a91ef31d60b8400ddbcd53d62'}}, 'caller': {'address': '0x196e6d50df6289e1f82838e84774b2b0c8f4af62'}, 'date': {'date': '2021-06-15'}, 'block': {'height': 12638117}}, {'smartContract': {'address': {'address': '0x9902475a6ffc0377b034bf469ee0879f3bd273fb'}}, 'caller': {'address': '0x196e6d50df6289e1f82838e84774b2b0c8f4af62'}, 'date': {'date': '2021-06-15'}, 'block': {'height': 12638099}}, {'smartContract': {'address': {'address': '0x2ae9bcdf80871f5ba4bd591bb07eb690951b3b93'}}, 'caller': {'address': '0x196e6d50df6289e1f82838e84774b2b0c8f4af62'}, 'date': {'date': '2021-06-15'}, 'block': {'height': 12638097}}, {'smartContract': {'address': {'address': '0xc93471fbc686bc0aa5fd102ad706ec180061461a'}}, 'caller': {'address': '0x196e6d50df6289e1f82838e84774b2b0c8f4af62'}, 'date': {'date': '2021-06-15'}, 'block': {'height': 12638094}}, {'smartContract': {'address': {'address': '0x0f8e3237d074ce8a59af5d0d476bcd5b85aefe09'}}, 'caller': {'address': '0x196e6d50df6289e1f82838e84774b2b0c8f4af62'}, 'date': {'date': '2021-06-15'}, 'block': {'height': 12638088}}, {'smartContract': {'address': {'address': '0x149001fed7edc44c5a7ae7e4281ad64af7a02f01'}}, 'caller': {'address': '0x196e6d50df6289e1f82838e84774b2b0c8f4af62'}, 'date': {'date': '2021-06-15'}, 'block': {'height': 12638069}}, {'smartContract': {'address': {'address': '0x619e82186273f1f81d172972e964fbd2ad0ec8bb'}}, 'caller': {'address': '0x196e6d50df6289e1f82838e84774b2b0c8f4af62'}, 'date': {'date': '2021-06-15'}, 'block': {'height': 12638060}}, {'smartContract': {'address': {'address': '0x8ee287ff230c979be9d829f74d6d42b5a47ca3f8'}}, 'caller': {'address': '0x196e6d50df6289e1f82838e84774b2b0c8f4af62'}, 'date': {'date': '2021-06-15'}, 'block': {'height': 12638059}}, {'smartContract': {'address': {'address': '0x6fa13469428e85e6ac12c84b73a19aef7c53332a'}}, 'caller': {'address': '0x196e6d50df6289e1f82838e84774b2b0c8f4af62'}, 'date': {'date': '2021-06-15'}, 'block': {'height': 12638053}}, {'smartContract': {'address': {'address': '0x3f83805d7d2a6b7bf35e5c3131d684d914b98472'}}, 'caller': {'address': '0x196e6d50df6289e1f82838e84774b2b0c8f4af62'}, 'date': {'date': '2021-06-15'}, 'block': {'height': 12638051}}, {'smartContract': {'address': {'address': '0x1b6d3e5da9004668e14ca39d1553e9a46fe842b3'}}, 'caller': {'address': '0x196e6d50df6289e1f82838e84774b2b0c8f4af62'}, 'date': {'date': '2021-06-15'}, 'block': {'height': 12638048}}, {'smartContract': {'address': {'address': '0x16b4ad69d414a197f9cb98d06db224646dc7cdc7'}}, 'caller': {'address': '0x196e6d50df6289e1f82838e84774b2b0c8f4af62'}, 'date': {'date': '2021-06-15'}, 'block': {'height': 12638045}}]",2021-04-27
102,102,0xD291E7a03283640FDc51b121aC401383A46cC623,(Proxy contract) Rari Governance Token (RGT),https://github.com/Rari-Capital,0xB8f02248d53F7EdfA38E79263e743e9390f81942,13692048.26,"[{'smartContract': {'address': {'address': '0x7a2bbae82bd08196d64ff01c53788d942cf5f7b2'}}, 'caller': {'address': '0xb8f02248d53f7edfa38e79263e743e9390f81942'}, 'date': {'date': '2022-04-19'}, 'block': {'height': 14612379}}, {'smartContract': {'address': {'address': '0x4650a83520be4f1e4cee726fdd169d37cea80525'}}, 'caller': {'address': '0xb8f02248d53f7edfa38e79263e743e9390f81942'}, 'date': {'date': '2022-03-07'}, 'block': {'height': 14342724}}, {'smartContract': {'address': {'address': '0x400f346c3e345bf2f5f1191702dddbaeaafa1a84'}}, 'caller': {'address': '0xa731585ab05fc9f83555cf9bff8f58ee94e18f85'}, 'date': {'date': '2022-02-18'}, 'block': {'height': 14232906}}, {'smartContract': {'address': {'address': '0x939447b9f329c772472e4e18b8159311364b5081'}}, 'caller': {'address': '0xa731585ab05fc9f83555cf9bff8f58ee94e18f85'}, 'date': {'date': '2022-02-18'}, 'block': {'height': 14232828}}, {'smartContract': {'address': {'address': '0x60f7d10ad562153ea0ed91a7ce2c1f98006f8295'}}, 'caller': {'address': '0xc743c9d1801ad9169be176761e8bb95c1298d817'}, 'date': {'date': '2022-02-07'}, 'block': {'height': 14161341}}, {'smartContract': {'address': {'address': '0xc743c9d1801ad9169be176761e8bb95c1298d817'}}, 'caller': {'address': '0xb8f02248d53f7edfa38e79263e743e9390f81942'}, 'date': {'date': '2022-02-07'}, 'block': {'height': 14161341}}, {'smartContract': {'address': {'address': '0xf3c10a283baf9fccf354ac544b81fd72487dbf17'}}, 'caller': {'address': '0xb8f02248d53f7edfa38e79263e743e9390f81942'}, 'date': {'date': '2022-02-01'}, 'block': {'height': 14116816}}, {'smartContract': {'address': {'address': '0x0b43d7372e49ad2b04c7ab04bddd7f724480aaed'}}, 'caller': {'address': '0xb8f02248d53f7edfa38e79263e743e9390f81942'}, 'date': {'date': '2022-01-31'}, 'block': {'height': 14116618}}, {'smartContract': {'address': {'address': '0xbbd1b9f985c7b811a1ff778598f3b946fefd4571'}}, 'caller': {'address': '0xb8f02248d53f7edfa38e79263e743e9390f81942'}, 'date': {'date': '2022-01-27'}, 'block': {'height': 14090065}}, {'smartContract': {'address': {'address': '0x2ba5f816fb2c219ae1c621c69a263899c1914da4'}}, 'caller': {'address': '0xb8f02248d53f7edfa38e79263e743e9390f81942'}, 'date': {'date': '2022-01-25'}, 'block': {'height': 14077767}}, {'smartContract': {'address': {'address': '0x3472f7e0179fe15cd7450c9c5269c876fac64b73'}}, 'caller': {'address': '0xb8f02248d53f7edfa38e79263e743e9390f81942'}, 'date': {'date': '2022-01-21'}, 'block': {'height': 14046157}}, {'smartContract': {'address': {'address': '0x55448f02e3bd7b19a0585876d301043a91426b29'}}, 'caller': {'address': '0xb8f02248d53f7edfa38e79263e743e9390f81942'}, 'date': {'date': '2022-01-21'}, 'block': {'height': 14046156}}, {'smartContract': {'address': {'address': '0x46f196f21f420e3ea159b706d249046e80f05f7e'}}, 'caller': {'address': '0xb8f02248d53f7edfa38e79263e743e9390f81942'}, 'date': {'date': '2022-01-21'}, 'block': {'height': 14045777}}, {'smartContract': {'address': {'address': '0x4ef29407a8dbca2f37b7107eab54d6f2a3f2ad60'}}, 'caller': {'address': '0xb8f02248d53f7edfa38e79263e743e9390f81942'}, 'date': {'date': '2022-01-20'}, 'block': {'height': 14044473}}, {'smartContract': {'address': {'address': '0xc8acad405ff67eaee2aca374764883cecbd490ad'}}, 'caller': {'address': '0xb8f02248d53f7edfa38e79263e743e9390f81942'}, 'date': {'date': '2022-01-12'}, 'block': {'height': 13987497}}, {'smartContract': {'address': {'address': '0xc9ad18928b1d9f61105d43ecc33c670838d1c853'}}, 'caller': {'address': '0xb8f02248d53f7edfa38e79263e743e9390f81942'}, 'date': {'date': '2022-01-11'}, 'block': {'height': 13987321}}, {'smartContract': {'address': {'address': '0x49a4af90cfc103a71e893a0302dd25940a8baf18'}}, 'caller': {'address': '0xb8f02248d53f7edfa38e79263e743e9390f81942'}, 'date': {'date': '2022-01-11'}, 'block': {'height': 13982185}}, {'smartContract': {'address': {'address': '0x1a1e7b69348b22b304428a07a7ffa1c6347f8ef6'}}, 'caller': {'address': '0xb8f02248d53f7edfa38e79263e743e9390f81942'}, 'date': {'date': '2022-01-11'}, 'block': {'height': 13982185}}, {'smartContract': {'address': {'address': '0x92cf2299680c063ccaf18f62a60c500a625e08e2'}}, 'caller': {'address': '0xb8f02248d53f7edfa38e79263e743e9390f81942'}, 'date': {'date': '2022-01-11'}, 'block': {'height': 13982156}}, {'smartContract': {'address': {'address': '0x480bae4d1389889c7e0600399234e1d39d4fe79f'}}, 'caller': {'address': '0xb8f02248d53f7edfa38e79263e743e9390f81942'}, 'date': {'date': '2022-01-07'}, 'block': {'height': 13956226}}, {'smartContract': {'address': {'address': '0x66159b1250f7ec2e335176643c25a0a3deae7b1f'}}, 'caller': {'address': '0xb8f02248d53f7edfa38e79263e743e9390f81942'}, 'date': {'date': '2022-01-06'}, 'block': {'height': 13954944}}, {'smartContract': {'address': {'address': '0xae7c2169f3b5179ba56e471623bc47bee06e4aa7'}}, 'caller': {'address': '0xb8f02248d53f7edfa38e79263e743e9390f81942'}, 'date': {'date': '2022-01-06'}, 'block': {'height': 13952641}}, {'smartContract': {'address': {'address': '0x619de905be35aa5bb05f2bd5ab0b8d425065557d'}}, 'caller': {'address': '0xb8f02248d53f7edfa38e79263e743e9390f81942'}, 'date': {'date': '2021-12-17'}, 'block': {'height': 13825586}}, {'smartContract': {'address': {'address': '0x057ecda7f61c73c3adcc36899d2626c7b79c3249'}}, 'caller': {'address': '0xb8f02248d53f7edfa38e79263e743e9390f81942'}, 'date': {'date': '2021-12-16'}, 'block': {'height': 13817815}}, {'smartContract': {'address': {'address': '0x3a8a76b8c18ad093a0832ca1574422740d08eae6'}}, 'caller': {'address': '0xb8f02248d53f7edfa38e79263e743e9390f81942'}, 'date': {'date': '2021-12-16'}, 'block': {'height': 13817753}}, {'smartContract': {'address': {'address': '0xef3035775e3c3d5710a2c374f883215d45165ad3'}}, 'caller': {'address': '0xb8f02248d53f7edfa38e79263e743e9390f81942'}, 'date': {'date': '2021-12-16'}, 'block': {'height': 13817753}}, {'smartContract': {'address': {'address': '0xd4219c15b9cfc40090181ab934a08bed14017372'}}, 'caller': {'address': '0xb8f02248d53f7edfa38e79263e743e9390f81942'}, 'date': {'date': '2021-11-24'}, 'block': {'height': 13678776}}, {'smartContract': {'address': {'address': '0x54bd48678fdc1ec2ef832c2d80030e94118ccb4b'}}, 'caller': {'address': '0x91ce5566dc3170898c5aee4ae4dd314654b47415'}, 'date': {'date': '2021-11-18'}, 'block': {'height': 13640772}}, {'smartContract': {'address': {'address': '0x896dfbccea70aa77bd6391a0c198dd8ca73594a1'}}, 'caller': {'address': '0xb8f02248d53f7edfa38e79263e743e9390f81942'}, 'date': {'date': '2021-11-09'}, 'block': {'height': 13584996}}, {'smartContract': {'address': {'address': '0x5fdcb640b181e19ef7f77491d8d26e5ff6b7a4df'}}, 'caller': {'address': '0xb8f02248d53f7edfa38e79263e743e9390f81942'}, 'date': {'date': '2021-11-09'}, 'block': {'height': 13584979}}, {'smartContract': {'address': {'address': '0x02beff6668a0c8b7b16c978de8807527d9342ad4'}}, 'caller': {'address': '0xb8f02248d53f7edfa38e79263e743e9390f81942'}, 'date': {'date': '2021-11-09'}, 'block': {'height': 13584819}}, {'smartContract': {'address': {'address': '0xb5e8e42639e20285c9e58a317c28d9a4d7cb7000'}}, 'caller': {'address': '0xb8f02248d53f7edfa38e79263e743e9390f81942'}, 'date': {'date': '2021-10-26'}, 'block': {'height': 13495468}}, {'smartContract': {'address': {'address': '0x0fa7ec9454b2b8940eca0afaececf2ae341e8ba3'}}, 'caller': {'address': '0x91ce5566dc3170898c5aee4ae4dd314654b47415'}, 'date': {'date': '2021-10-26'}, 'block': {'height': 13495439}}, {'smartContract': {'address': {'address': '0x43e4c9e679a42b7ecd7fcc542517a3ab027692fb'}}, 'caller': {'address': '0x91ce5566dc3170898c5aee4ae4dd314654b47415'}, 'date': {'date': '2021-10-25'}, 'block': {'height': 13488536}}, {'smartContract': {'address': {'address': '0x014b220912f6a9fce68e82fa6c2e603a7a78f436'}}, 'caller': {'address': '0xb8f02248d53f7edfa38e79263e743e9390f81942'}, 'date': {'date': '2021-10-22'}, 'block': {'height': 13465005}}, {'smartContract': {'address': {'address': '0xdee8708c7ac420607dfcb572d69bab603a566d79'}}, 'caller': {'address': '0xb8f02248d53f7edfa38e79263e743e9390f81942'}, 'date': {'date': '2021-10-22'}, 'block': {'height': 13464454}}, {'smartContract': {'address': {'address': '0x390dd800364275b508f586632e6c75a54ab03ac7'}}, 'caller': {'address': '0x91ce5566dc3170898c5aee4ae4dd314654b47415'}, 'date': {'date': '2021-10-22'}, 'block': {'height': 13464383}}, {'smartContract': {'address': {'address': '0x03239b9d08ddc7c3939028182a4e0ad121362c2a'}}, 'caller': {'address': '0x8eed20f31e7d434648ff51114446b3cffd1ff9f1'}, 'date': {'date': '2021-10-22'}, 'block': {'height': 13464313}}, {'smartContract': {'address': {'address': '0xb2d16916d520d585ee49f08db1436b961b48fe60'}}, 'caller': {'address': '0xb8f02248d53f7edfa38e79263e743e9390f81942'}, 'date': {'date': '2021-10-20'}, 'block': {'height': 13451824}}, {'smartContract': {'address': {'address': '0xb544f62045b96a60b398abb5a5c23bf04cb4ed9c'}}, 'caller': {'address': '0xb8f02248d53f7edfa38e79263e743e9390f81942'}, 'date': {'date': '2021-10-20'}, 'block': {'height': 13451805}}, {'smartContract': {'address': {'address': '0x6141d9353bb1fb8131d07d358c112b372aa92514'}}, 'caller': {'address': '0xb8f02248d53f7edfa38e79263e743e9390f81942'}, 'date': {'date': '2021-10-20'}, 'block': {'height': 13451794}}, {'smartContract': {'address': {'address': '0x8796e08d8a4d79489690b4a80fe398e860df54e0'}}, 'caller': {'address': '0x91ce5566dc3170898c5aee4ae4dd314654b47415'}, 'date': {'date': '2021-10-17'}, 'block': {'height': 13438109}}, {'smartContract': {'address': {'address': '0x165341966fc5eb596b6579a190a97bd93b1c2e26'}}, 'caller': {'address': '0x91ce5566dc3170898c5aee4ae4dd314654b47415'}, 'date': {'date': '2021-10-17'}, 'block': {'height': 13438109}}, {'smartContract': {'address': {'address': '0xbfead89a3291cebf29e157c858e7187e45139ce4'}}, 'caller': {'address': '0x91ce5566dc3170898c5aee4ae4dd314654b47415'}, 'date': {'date': '2021-10-07'}, 'block': {'height': 13374575}}, {'smartContract': {'address': {'address': '0xe86139eb26db4fc4607934928aa4878464807e55'}}, 'caller': {'address': '0x91ce5566dc3170898c5aee4ae4dd314654b47415'}, 'date': {'date': '2021-10-07'}, 'block': {'height': 13374563}}, {'smartContract': {'address': {'address': '0xe42b0df19550d2172450b514c58e692ba8d61551'}}, 'caller': {'address': '0x91ce5566dc3170898c5aee4ae4dd314654b47415'}, 'date': {'date': '2021-10-07'}, 'block': {'height': 13374561}}, {'smartContract': {'address': {'address': '0x75fe420df465ffe3fb4120234d4c562f950ac69d'}}, 'caller': {'address': '0x91ce5566dc3170898c5aee4ae4dd314654b47415'}, 'date': {'date': '2021-10-07'}, 'block': {'height': 13374559}}, {'smartContract': {'address': {'address': '0x1e71967cae8906300908dd1a5b5c344097575361'}}, 'caller': {'address': '0x91ce5566dc3170898c5aee4ae4dd314654b47415'}, 'date': {'date': '2021-10-07'}, 'block': {'height': 13374542}}, {'smartContract': {'address': {'address': '0x53da162927a67c47a02301b62169df33abaf23ad'}}, 'caller': {'address': '0x91ce5566dc3170898c5aee4ae4dd314654b47415'}, 'date': {'date': '2021-10-07'}, 'block': {'height': 13374541}}, {'smartContract': {'address': {'address': '0xb3c8ee7309be658c186f986388c2377da436d8fb'}}, 'caller': {'address': '0xb8f02248d53f7edfa38e79263e743e9390f81942'}, 'date': {'date': '2021-10-07'}, 'block': {'height': 13374524}}, {'smartContract': {'address': {'address': '0x0e1ca8420cb3301f7f800730a98e2c601ea940ce'}}, 'caller': {'address': '0x91ce5566dc3170898c5aee4ae4dd314654b47415'}, 'date': {'date': '2021-10-07'}, 'block': {'height': 13374472}}, {'smartContract': {'address': {'address': '0x4557dcdcb24fdea5ca91c69a70875b68b3b6574e'}}, 'caller': {'address': '0x91ce5566dc3170898c5aee4ae4dd314654b47415'}, 'date': {'date': '2021-10-07'}, 'block': {'height': 13374459}}, {'smartContract': {'address': {'address': '0x92b8a7f33993c668785a5938d9b75838d6eafaf9'}}, 'caller': {'address': '0x91ce5566dc3170898c5aee4ae4dd314654b47415'}, 'date': {'date': '2021-10-07'}, 'block': {'height': 13374451}}, {'smartContract': {'address': {'address': '0xf12c4d6d1034890e12e7facae052038bbb6ba0f1'}}, 'caller': {'address': '0x91ce5566dc3170898c5aee4ae4dd314654b47415'}, 'date': {'date': '2021-10-07'}, 'block': {'height': 13374448}}, {'smartContract': {'address': {'address': '0x5ceebd32302f4d6311b315294715413c729bd0a3'}}, 'caller': {'address': '0x91ce5566dc3170898c5aee4ae4dd314654b47415'}, 'date': {'date': '2021-10-07'}, 'block': {'height': 13374439}}, {'smartContract': {'address': {'address': '0x9a83c73b66b6086f17d415c597f6822439c46605'}}, 'caller': {'address': '0x91ce5566dc3170898c5aee4ae4dd314654b47415'}, 'date': {'date': '2021-10-07'}, 'block': {'height': 13374427}}, {'smartContract': {'address': {'address': '0x91ce5566dc3170898c5aee4ae4dd314654b47415'}}, 'caller': {'address': '0xb8f02248d53f7edfa38e79263e743e9390f81942'}, 'date': {'date': '2021-10-07'}, 'block': {'height': 13374049}}, {'smartContract': {'address': {'address': '0x77157556cd422e369c35f914fd8ddcd35e59ea9c'}}, 'caller': {'address': '0xb8f02248d53f7edfa38e79263e743e9390f81942'}, 'date': {'date': '2021-10-07'}, 'block': {'height': 13374035}}, {'smartContract': {'address': {'address': '0x934c2b32b71d9d21c6423a4092be517f5a3e7d81'}}, 'caller': {'address': '0xb8f02248d53f7edfa38e79263e743e9390f81942'}, 'date': {'date': '2021-10-04'}, 'block': {'height': 13355101}}, {'smartContract': {'address': {'address': '0xddcbad54d536d9c5829492353b2967bfae4010d7'}}, 'caller': {'address': '0xb8f02248d53f7edfa38e79263e743e9390f81942'}, 'date': {'date': '2021-10-04'}, 'block': {'height': 13355052}}, {'smartContract': {'address': {'address': '0x50ce132ebe395d35b8cf6df6ce5f817107707583'}}, 'caller': {'address': '0xb8f02248d53f7edfa38e79263e743e9390f81942'}, 'date': {'date': '2021-10-03'}, 'block': {'height': 13344563}}, {'smartContract': {'address': {'address': '0x949186a2eaae0b70e75b1319cb7d017d63261dda'}}, 'caller': {'address': '0xb8f02248d53f7edfa38e79263e743e9390f81942'}, 'date': {'date': '2021-10-01'}, 'block': {'height': 13335746}}, {'smartContract': {'address': {'address': '0x8eed20f31e7d434648ff51114446b3cffd1ff9f1'}}, 'caller': {'address': '0xb8f02248d53f7edfa38e79263e743e9390f81942'}, 'date': {'date': '2021-10-01'}, 'block': {'height': 13335614}}, {'smartContract': {'address': {'address': '0xb7678d6350f9d07e027224962a905c4013b0f906'}}, 'caller': {'address': '0xb8f02248d53f7edfa38e79263e743e9390f81942'}, 'date': {'date': '2021-10-01'}, 'block': {'height': 13335598}}, {'smartContract': {'address': {'address': '0x058c345d3240001088b6280e008f9e78b3b2112d'}}, 'caller': {'address': '0xb8f02248d53f7edfa38e79263e743e9390f81942'}, 'date': {'date': '2021-10-01'}, 'block': {'height': 13335597}}, {'smartContract': {'address': {'address': '0xc76190e04012f26a364228cfc41690429c44165d'}}, 'caller': {'address': '0xb8f02248d53f7edfa38e79263e743e9390f81942'}, 'date': {'date': '2021-10-01'}, 'block': {'height': 13335453}}, {'smartContract': {'address': {'address': '0xec929dfe6c95a8fbcb8ad5a91e14975a79ad7117'}}, 'caller': {'address': '0xb8f02248d53f7edfa38e79263e743e9390f81942'}, 'date': {'date': '2021-10-01'}, 'block': {'height': 13335451}}, {'smartContract': {'address': {'address': '0x6dc585ad66a10214ef0502492b0cc02f0e836eec'}}, 'caller': {'address': '0xb8f02248d53f7edfa38e79263e743e9390f81942'}, 'date': {'date': '2021-10-01'}, 'block': {'height': 13335449}}, {'smartContract': {'address': {'address': '0x6bcc070637a6eb4a13df47b906e4017530fd125d'}}, 'caller': {'address': '0xb8f02248d53f7edfa38e79263e743e9390f81942'}, 'date': {'date': '2021-10-01'}, 'block': {'height': 13335447}}, {'smartContract': {'address': {'address': '0x83728b5ba733b849bc35b4aa8544cfbfb814b814'}}, 'caller': {'address': '0xb8f02248d53f7edfa38e79263e743e9390f81942'}, 'date': {'date': '2021-10-01'}, 'block': {'height': 13334793}}, {'smartContract': {'address': {'address': '0xd662efb05e8cafe35d1558b8b5323c73e2919abd'}}, 'caller': {'address': '0xb8f02248d53f7edfa38e79263e743e9390f81942'}, 'date': {'date': '2021-10-01'}, 'block': {'height': 13334660}}, {'smartContract': {'address': {'address': '0xd77e28a1b9a9cfe1fc2eee70e391c05d25853cbf'}}, 'caller': {'address': '0xb8f02248d53f7edfa38e79263e743e9390f81942'}, 'date': {'date': '2021-10-01'}, 'block': {'height': 13331982}}, {'smartContract': {'address': {'address': '0x67db14e73c2dce786b5bbbfa4d010deab4bbfcf9'}}, 'caller': {'address': '0xb8f02248d53f7edfa38e79263e743e9390f81942'}, 'date': {'date': '2021-10-01'}, 'block': {'height': 13331982}}, {'smartContract': {'address': {'address': '0x2d853a7f658839affe936fad61f583131543aa90'}}, 'caller': {'address': '0xb8f02248d53f7edfa38e79263e743e9390f81942'}, 'date': {'date': '2021-09-30'}, 'block': {'height': 13329267}}, {'smartContract': {'address': {'address': '0xe16db319d9da7ce40b666dd2e365a4b8b3c18217'}}, 'caller': {'address': '0xb8f02248d53f7edfa38e79263e743e9390f81942'}, 'date': {'date': '2021-09-30'}, 'block': {'height': 13324034}}, {'smartContract': {'address': {'address': '0xf411cd7c9bc70d37f194828ce71be00d9aec9edf'}}, 'caller': {'address': '0xb8f02248d53f7edfa38e79263e743e9390f81942'}, 'date': {'date': '2021-09-17'}, 'block': {'height': 13244723}}, {'smartContract': {'address': {'address': '0x82eecf1f719eed527efab332fe84b91b91b91c60'}}, 'caller': {'address': '0xb8f02248d53f7edfa38e79263e743e9390f81942'}, 'date': {'date': '2021-09-15'}, 'block': {'height': 13232259}}, {'smartContract': {'address': {'address': '0xeb37ce0db663a742df93e23ea7ba78016e82be39'}}, 'caller': {'address': '0xb8f02248d53f7edfa38e79263e743e9390f81942'}, 'date': {'date': '2021-09-15'}, 'block': {'height': 13232259}}, {'smartContract': {'address': {'address': '0xe33928b720799127a052b65498b322a206351441'}}, 'caller': {'address': '0xb8f02248d53f7edfa38e79263e743e9390f81942'}, 'date': {'date': '2021-09-15'}, 'block': {'height': 13232053}}, {'smartContract': {'address': {'address': '0x4a9e325bf0c46e15b12f3cf69bc0b16b19ede2f6'}}, 'caller': {'address': '0xb8f02248d53f7edfa38e79263e743e9390f81942'}, 'date': {'date': '2021-09-15'}, 'block': {'height': 13232039}}, {'smartContract': {'address': {'address': '0x2c0cd506669259157474897484b10f2097b0fe63'}}, 'caller': {'address': '0xb8f02248d53f7edfa38e79263e743e9390f81942'}, 'date': {'date': '2021-09-14'}, 'block': {'height': 13225993}}, {'smartContract': {'address': {'address': '0xea3633b38c747cea231adb74b511dc2ed3992b43'}}, 'caller': {'address': '0xb8f02248d53f7edfa38e79263e743e9390f81942'}, 'date': {'date': '2021-09-14'}, 'block': {'height': 13225986}}, {'smartContract': {'address': {'address': '0xb528e8bb2dcb99cfdea4c28bf44925ef58ab1520'}}, 'caller': {'address': '0xb8f02248d53f7edfa38e79263e743e9390f81942'}, 'date': {'date': '2021-09-09'}, 'block': {'height': 13194329}}, {'smartContract': {'address': {'address': '0xd09bf42afbe853e8e4da8ca3512b09e96f369595'}}, 'caller': {'address': '0xb8f02248d53f7edfa38e79263e743e9390f81942'}, 'date': {'date': '2021-09-09'}, 'block': {'height': 13188260}}, {'smartContract': {'address': {'address': '0xd66922274243d41b0a5c84ab46567530e7a97d09'}}, 'caller': {'address': '0xb8f02248d53f7edfa38e79263e743e9390f81942'}, 'date': {'date': '2021-09-09'}, 'block': {'height': 13188260}}, {'smartContract': {'address': {'address': '0xd9c1109bed723ea8b78d0ac1757586955666bb00'}}, 'caller': {'address': '0xb8f02248d53f7edfa38e79263e743e9390f81942'}, 'date': {'date': '2021-09-09'}, 'block': {'height': 13188248}}, {'smartContract': {'address': {'address': '0xff859f9a808a78833f9661310101c853a1dfe6c6'}}, 'caller': {'address': '0xb8f02248d53f7edfa38e79263e743e9390f81942'}, 'date': {'date': '2021-09-09'}, 'block': {'height': 13188248}}, {'smartContract': {'address': {'address': '0x6f28b8237c3c2233235f8991069dba45abdb6ced'}}, 'caller': {'address': '0xb8f02248d53f7edfa38e79263e743e9390f81942'}, 'date': {'date': '2021-09-09'}, 'block': {'height': 13188239}}, {'smartContract': {'address': {'address': '0xf317379b10d370fec6b8103ef2da5007d1890def'}}, 'caller': {'address': '0xb8f02248d53f7edfa38e79263e743e9390f81942'}, 'date': {'date': '2021-09-08'}, 'block': {'height': 13187947}}, {'smartContract': {'address': {'address': '0xc12b58d31b97dbd7f092db5cc69ad321a0ad747e'}}, 'caller': {'address': '0xb8f02248d53f7edfa38e79263e743e9390f81942'}, 'date': {'date': '2021-09-08'}, 'block': {'height': 13187940}}, {'smartContract': {'address': {'address': '0xf9f0effe60f56e6846505501903ad047b8011c3e'}}, 'caller': {'address': '0xb8f02248d53f7edfa38e79263e743e9390f81942'}, 'date': {'date': '2021-09-01'}, 'block': {'height': 13140807}}, {'smartContract': {'address': {'address': '0x679680ae60c008eae23e18e143aea4a0d75b2f0a'}}, 'caller': {'address': '0xb8f02248d53f7edfa38e79263e743e9390f81942'}, 'date': {'date': '2021-08-31'}, 'block': {'height': 13134938}}, {'smartContract': {'address': {'address': '0xeb988f5492c86584f8d8f1b8662188d5a9bfe357'}}, 'caller': {'address': '0xb8f02248d53f7edfa38e79263e743e9390f81942'}, 'date': {'date': '2021-08-31'}, 'block': {'height': 13134932}}, {'smartContract': {'address': {'address': '0xd806782b31ec52fcb7f2a009d7d045bb732431fb'}}, 'caller': {'address': '0xb8f02248d53f7edfa38e79263e743e9390f81942'}, 'date': {'date': '2021-08-30'}, 'block': {'height': 13128128}}, {'smartContract': {'address': {'address': '0x6127e381756796fb978bc872556bf790f14cde98'}}, 'caller': {'address': '0xb8f02248d53f7edfa38e79263e743e9390f81942'}, 'date': {'date': '2021-08-27'}, 'block': {'height': 13104614}}, {'smartContract': {'address': {'address': '0xc7a8424040321e43f413396ba4c8d319524af3b9'}}, 'caller': {'address': '0xb8f02248d53f7edfa38e79263e743e9390f81942'}, 'date': {'date': '2021-08-26'}, 'block': {'height': 13103301}}, {'smartContract': {'address': {'address': '0xe1d35fae219e4d74fe11cb4246990784a4fe6680'}}, 'caller': {'address': '0xb8f02248d53f7edfa38e79263e743e9390f81942'}, 'date': {'date': '2021-08-19'}, 'block': {'height': 13056235}}, {'smartContract': {'address': {'address': '0x86afd7112e28dcb7530c8da1d1784cef7e6b6ff5'}}, 'caller': {'address': '0xb8f02248d53f7edfa38e79263e743e9390f81942'}, 'date': {'date': '2021-08-18'}, 'block': {'height': 13051766}}, {'smartContract': {'address': {'address': '0x7fd9da386f01f83cef3ebc01e13c040428c47ada'}}, 'caller': {'address': '0xb8f02248d53f7edfa38e79263e743e9390f81942'}, 'date': {'date': '2021-08-18'}, 'block': {'height': 13051524}}, {'smartContract': {'address': {'address': '0xc0ce1ee9931711c94ef623807a6288d0245a2708'}}, 'caller': {'address': '0xb8f02248d53f7edfa38e79263e743e9390f81942'}, 'date': {'date': '2021-08-18'}, 'block': {'height': 13051517}}]",2020-10-20
103,103,0xc55126051B22eBb829D00368f4B12Bde432de5Da,BTRFLY,,0xb5e84d6d97021124F29c4947cd05E57cd24C8249,13088656.13,"[{'smartContract': {'address': {'address': '0x17b5a77d6e7cde0e8d1f59bd1edb26d9badf6e9e'}}, 'caller': {'address': '0xb5e84d6d97021124f29c4947cd05e57cd24c8249'}, 'date': {'date': '2022-09-23'}, 'block': {'height': 15598190}}, {'smartContract': {'address': {'address': '0x2de32a7c98c3ef6ec79e703500e8ca5b2ec819aa'}}, 'caller': {'address': '0x8e9aa87e45e92bad84d5f8dd1bff34fb92637de9'}, 'date': {'date': '2022-08-11'}, 'block': {'height': 15320789}}, {'smartContract': {'address': {'address': '0x6e314039f4c56000f4ebb3a7854a84cc6225fb92'}}, 'caller': {'address': '0xf18056bbd320e96a48e3fbf8bc061322531aac99'}, 'date': {'date': '2022-08-08'}, 'block': {'height': 15302815}}, {'smartContract': {'address': {'address': '0x7483dd57f6488b0e194a151c57df6ec85c00ace9'}}, 'caller': {'address': '0xf18056bbd320e96a48e3fbf8bc061322531aac99'}, 'date': {'date': '2022-08-08'}, 'block': {'height': 15302815}}, {'smartContract': {'address': {'address': '0xd7807e5752b368a6a64b76828aaff0750522a76e'}}, 'caller': {'address': '0xb5e84d6d97021124f29c4947cd05e57cd24c8249'}, 'date': {'date': '2022-08-08'}, 'block': {'height': 15302371}}, {'smartContract': {'address': {'address': '0xe8b3c26aa82b21a10237f1d3eebee40b54c925e4'}}, 'caller': {'address': '0xb5e84d6d97021124f29c4947cd05e57cd24c8249'}, 'date': {'date': '2022-08-08'}, 'block': {'height': 15302368}}, {'smartContract': {'address': {'address': '0xca0f30b51963c4532d95016098d74f0df9e4518b'}}, 'caller': {'address': '0xb5e84d6d97021124f29c4947cd05e57cd24c8249'}, 'date': {'date': '2022-08-08'}, 'block': {'height': 15302366}}, {'smartContract': {'address': {'address': '0x742b70151cd3bc7ab598aaff1d54b90c3ebc6027'}}, 'caller': {'address': '0xb5e84d6d97021124f29c4947cd05e57cd24c8249'}, 'date': {'date': '2022-08-08'}, 'block': {'height': 15302365}}, {'smartContract': {'address': {'address': '0xc55126051b22ebb829d00368f4b12bde432de5da'}}, 'caller': {'address': '0xb5e84d6d97021124f29c4947cd05e57cd24c8249'}, 'date': {'date': '2022-08-08'}, 'block': {'height': 15302362}}]",2022-08-08
104,104,0xca1207647Ff814039530D7d35df0e1Dd2e91Fa84,(Proxy contract) dHedge DAO Token (DHT),,0xF53B44df6d16273A9E6299465404aDd7b90fb70a,12319469.46,"[{'smartContract': {'address': {'address': '0x03d20ef9bdc19736f5e8baf92d02c8661a5941f7'}}, 'caller': {'address': '0xf53b44df6d16273a9e6299465404add7b90fb70a'}, 'date': {'date': '2020-10-22'}, 'block': {'height': 11106315}}, {'smartContract': {'address': {'address': '0xd7a83ff8c5f29a4c590bf00eea825abbd41abdef'}}, 'caller': {'address': '0xf53b44df6d16273a9e6299465404add7b90fb70a'}, 'date': {'date': '2020-10-22'}, 'block': {'height': 11106311}}, {'smartContract': {'address': {'address': '0x139f404594875f9e46eea1a14cfdfcc9b4341ddf'}}, 'caller': {'address': '0xf53b44df6d16273a9e6299465404add7b90fb70a'}, 'date': {'date': '2020-10-22'}, 'block': {'height': 11106306}}, {'smartContract': {'address': {'address': '0xf9972a70d2261b862b54c7e0563d2a7089d009e5'}}, 'caller': {'address': '0xf53b44df6d16273a9e6299465404add7b90fb70a'}, 'date': {'date': '2020-10-22'}, 'block': {'height': 11106300}}, {'smartContract': {'address': {'address': '0x979852a9fee39adecf34464f0af316258fde98fc'}}, 'caller': {'address': '0xf53b44df6d16273a9e6299465404add7b90fb70a'}, 'date': {'date': '2020-10-22'}, 'block': {'height': 11106291}}, {'smartContract': {'address': {'address': '0xb8b451a07134e633d7df3adb4e9802a87acf37e7'}}, 'caller': {'address': '0xf53b44df6d16273a9e6299465404add7b90fb70a'}, 'date': {'date': '2020-10-22'}, 'block': {'height': 11105960}}, {'smartContract': {'address': {'address': '0x976ee70b1b1ba58d7c77e3f3dc8367b239572b7a'}}, 'caller': {'address': '0xf53b44df6d16273a9e6299465404add7b90fb70a'}, 'date': {'date': '2020-10-22'}, 'block': {'height': 11105926}}, {'smartContract': {'address': {'address': '0x448f16ca6e1706c7d492c4e3418865a45e42cd21'}}, 'caller': {'address': '0xf53b44df6d16273a9e6299465404add7b90fb70a'}, 'date': {'date': '2020-10-22'}, 'block': {'height': 11105918}}, {'smartContract': {'address': {'address': '0x703cdc4fbc231121dcad23ac3a9ccd3febf7069f'}}, 'caller': {'address': '0xf53b44df6d16273a9e6299465404add7b90fb70a'}, 'date': {'date': '2020-10-22'}, 'block': {'height': 11105709}}, {'smartContract': {'address': {'address': '0xc64ded45469f58f8c6e825e0675392f4832bbd4c'}}, 'caller': {'address': '0xf53b44df6d16273a9e6299465404add7b90fb70a'}, 'date': {'date': '2020-10-22'}, 'block': {'height': 11105688}}, {'smartContract': {'address': {'address': '0x5a9dc9363c56cf34d489c87baddc464fa8e2f4f7'}}, 'caller': {'address': '0xf53b44df6d16273a9e6299465404add7b90fb70a'}, 'date': {'date': '2020-10-22'}, 'block': {'height': 11105677}}, {'smartContract': {'address': {'address': '0xa860aa2a43ab0235e6a73ed303aa530964a4930e'}}, 'caller': {'address': '0xf53b44df6d16273a9e6299465404add7b90fb70a'}, 'date': {'date': '2020-10-22'}, 'block': {'height': 11105654}}, {'smartContract': {'address': {'address': '0x08254dba405cd0c5c1007d32c5fbeeb4dc0104d0'}}, 'caller': {'address': '0xf53b44df6d16273a9e6299465404add7b90fb70a'}, 'date': {'date': '2020-10-22'}, 'block': {'height': 11105625}}, {'smartContract': {'address': {'address': '0xca1207647ff814039530d7d35df0e1dd2e91fa84'}}, 'caller': {'address': '0xf53b44df6d16273a9e6299465404add7b90fb70a'}, 'date': {'date': '2020-09-10'}, 'block': {'height': 10833180}}, {'smartContract': {'address': {'address': '0x50a6b25101173b41e41c1a30a5bae42f213b2687'}}, 'caller': {'address': '0xf53b44df6d16273a9e6299465404add7b90fb70a'}, 'date': {'date': '2020-09-10'}, 'block': {'height': 10833176}}, {'smartContract': {'address': {'address': '0xbc68a6c9b2194fa69d7449c7ecc1873eb2144d78'}}, 'caller': {'address': '0xf53b44df6d16273a9e6299465404add7b90fb70a'}, 'date': {'date': '2020-09-10'}, 'block': {'height': 10833171}}]",2020-09-10
105,105,0x903bEF1736CDdf2A537176cf3C64579C3867A881,ichi.farm,https://github.com/ichidao,0x11111D16485aa71D2f2BfFBD294DCACbaE79c1d4,12034498.61,"[{'smartContract': {'address': {'address': '0xfb5c18ff12224313fec3b90fe7166d32153ddb2a'}}, 'caller': {'address': '0x11111d16485aa71d2f2bffbd294dcacbae79c1d4'}, 'date': {'date': '2022-08-03'}, 'block': {'height': 15271416}}, {'smartContract': {'address': {'address': '0x6195fe3c13746862deac6139c4e8be5e80b96c6c'}}, 'caller': {'address': '0x1f98431c8ad98523631ae4a59f267346ea31f984'}, 'date': {'date': '2022-03-07'}, 'block': {'height': 14341624}}, {'smartContract': {'address': {'address': '0x4ed128f3087db2d9f6ea0f1dca3b7fc716ec256c'}}, 'caller': {'address': '0x11111d16485aa71d2f2bffbd294dcacbae79c1d4'}, 'date': {'date': '2022-01-21'}, 'block': {'height': 14046587}}, {'smartContract': {'address': {'address': '0xbdf32c838e1b5d927b9ecb099b1f01f81d677a30'}}, 'caller': {'address': '0x11111d16485aa71d2f2bffbd294dcacbae79c1d4'}, 'date': {'date': '2021-12-27'}, 'block': {'height': 13887470}}, {'smartContract': {'address': {'address': '0xa87c231a2311b9484bfc9bf90c51c3181161ecb0'}}, 'caller': {'address': '0x11111d16485aa71d2f2bffbd294dcacbae79c1d4'}, 'date': {'date': '2021-12-27'}, 'block': {'height': 13887406}}, {'smartContract': {'address': {'address': '0x75d0b5025ef5bb96d7c9c4ff54a254a20790ec9d'}}, 'caller': {'address': '0x11111d16485aa71d2f2bffbd294dcacbae79c1d4'}, 'date': {'date': '2021-12-26'}, 'block': {'height': 13881328}}, {'smartContract': {'address': {'address': '0xf9c16df27a54c0c0cb4e1f00200c815d0fa5869b'}}, 'caller': {'address': '0x11111d16485aa71d2f2bffbd294dcacbae79c1d4'}, 'date': {'date': '2021-12-24'}, 'block': {'height': 13868603}}, {'smartContract': {'address': {'address': '0xc5f957496d0d2a4331405270d1ea3ae78dac5838'}}, 'caller': {'address': '0x11111d16485aa71d2f2bffbd294dcacbae79c1d4'}, 'date': {'date': '2021-12-24'}, 'block': {'height': 13867852}}, {'smartContract': {'address': {'address': '0x43bc9d1f5e8a078be140cc1b1be8754132d4516a'}}, 'caller': {'address': '0x11111d16485aa71d2f2bffbd294dcacbae79c1d4'}, 'date': {'date': '2021-12-22'}, 'block': {'height': 13855160}}, {'smartContract': {'address': {'address': '0x4a8452ab3d85a5a55ad9c0747142645d98cb03aa'}}, 'caller': {'address': '0x444cd42baeddeb707eed823f7177b9abcc779c04'}, 'date': {'date': '2021-12-16'}, 'block': {'height': 13818714}}, {'smartContract': {'address': {'address': '0xac20007a5cbda40d8e16df26bad89e8738404691'}}, 'caller': {'address': '0x11111d16485aa71d2f2bffbd294dcacbae79c1d4'}, 'date': {'date': '2021-12-03'}, 'block': {'height': 13734011}}, {'smartContract': {'address': {'address': '0x5a40dfaf8c1115196a1cdf529f97122030f26112'}}, 'caller': {'address': '0x11111d16485aa71d2f2bffbd294dcacbae79c1d4'}, 'date': {'date': '2021-11-23'}, 'block': {'height': 13671610}}, {'smartContract': {'address': {'address': '0xa7ceb20891c357abbcec4c87c8a0f1a6f942c35c'}}, 'caller': {'address': '0x11111d16485aa71d2f2bffbd294dcacbae79c1d4'}, 'date': {'date': '2021-11-23'}, 'block': {'height': 13671597}}, {'smartContract': {'address': {'address': '0x75f54021909da35d519aa5868c9e81bab6f99726'}}, 'caller': {'address': '0x11111d16485aa71d2f2bffbd294dcacbae79c1d4'}, 'date': {'date': '2021-11-23'}, 'block': {'height': 13671550}}, {'smartContract': {'address': {'address': '0xea2bcbf64b046cc1af11605e28b6fa02abd38505'}}, 'caller': {'address': '0x11111d16485aa71d2f2bffbd294dcacbae79c1d4'}, 'date': {'date': '2021-11-18'}, 'block': {'height': 13640336}}, {'smartContract': {'address': {'address': '0x6b9afc9832a51ab0c5c1bdbce8c2dbe2eb0848ff'}}, 'caller': {'address': '0x11111d16485aa71d2f2bffbd294dcacbae79c1d4'}, 'date': {'date': '2021-11-11'}, 'block': {'height': 13594980}}, {'smartContract': {'address': {'address': '0x7c0557627e4521a4c754bfcbde0a25dcb413f73c'}}, 'caller': {'address': '0x11111d16485aa71d2f2bffbd294dcacbae79c1d4'}, 'date': {'date': '2021-11-11'}, 'block': {'height': 13594944}}, {'smartContract': {'address': {'address': '0x0718cd20c7f7482cf776ee15364d1ef7051bf015'}}, 'caller': {'address': '0x11111d16485aa71d2f2bffbd294dcacbae79c1d4'}, 'date': {'date': '2021-11-11'}, 'block': {'height': 13594867}}, {'smartContract': {'address': {'address': '0x55922fa5084f9367b73fc0df9163b089d8ac4cb7'}}, 'caller': {'address': '0x11111d16485aa71d2f2bffbd294dcacbae79c1d4'}, 'date': {'date': '2021-10-27'}, 'block': {'height': 13496272}}, {'smartContract': {'address': {'address': '0x1faac4842054f2db2dddfc8152d7c259d5102c13'}}, 'caller': {'address': '0x11111d16485aa71d2f2bffbd294dcacbae79c1d4'}, 'date': {'date': '2021-10-21'}, 'block': {'height': 13462698}}, {'smartContract': {'address': {'address': '0xeb370ee6927e4655a463f898fff30479b34708f6'}}, 'caller': {'address': '0x11111d16485aa71d2f2bffbd294dcacbae79c1d4'}, 'date': {'date': '2021-09-13'}, 'block': {'height': 13217513}}, {'smartContract': {'address': {'address': '0x4b8ee384d444a0bd455f43672104aec4104089ad'}}, 'caller': {'address': '0x11111d16485aa71d2f2bffbd294dcacbae79c1d4'}, 'date': {'date': '2021-09-09'}, 'block': {'height': 13191448}}, {'smartContract': {'address': {'address': '0x699f0635379c5026f8ef921ec4a1b05fb1694876'}}, 'caller': {'address': '0x11111d16485aa71d2f2bffbd294dcacbae79c1d4'}, 'date': {'date': '2021-09-02'}, 'block': {'height': 13148758}}, {'smartContract': {'address': {'address': '0x6287d56e246eee33bead2d7dd3a99db693f4554c'}}, 'caller': {'address': '0x11111d16485aa71d2f2bffbd294dcacbae79c1d4'}, 'date': {'date': '2021-08-20'}, 'block': {'height': 13059765}}, {'smartContract': {'address': {'address': '0x61f2ea3ddabcb9f0b7bd73adba4ec24479247a86'}}, 'caller': {'address': '0x1f98431c8ad98523631ae4a59f267346ea31f984'}, 'date': {'date': '2021-08-12'}, 'block': {'height': 13010129}}, {'smartContract': {'address': {'address': '0x2dfb5348cc20218426e566c1bd7b8b3789cba9d5'}}, 'caller': {'address': '0x11111d16485aa71d2f2bffbd294dcacbae79c1d4'}, 'date': {'date': '2021-08-10'}, 'block': {'height': 12997391}}, {'smartContract': {'address': {'address': '0x3134cb69297c965caf2ac5c4fdb46b4a77352439'}}, 'caller': {'address': '0x11111d16485aa71d2f2bffbd294dcacbae79c1d4'}, 'date': {'date': '2021-08-10'}, 'block': {'height': 12997246}}, {'smartContract': {'address': {'address': '0xf1587cb51349cdf5bb408845249de36466c35f41'}}, 'caller': {'address': '0x11111d16485aa71d2f2bffbd294dcacbae79c1d4'}, 'date': {'date': '2021-07-20'}, 'block': {'height': 12865504}}, {'smartContract': {'address': {'address': '0x0220864a5c899b0848a5797ca84b34cc494293ca'}}, 'caller': {'address': '0x11111d16485aa71d2f2bffbd294dcacbae79c1d4'}, 'date': {'date': '2021-07-20'}, 'block': {'height': 12864090}}, {'smartContract': {'address': {'address': '0x1d22acb5d544f62be7e94202dac0474bbfd5bdde'}}, 'caller': {'address': '0x11111d16485aa71d2f2bffbd294dcacbae79c1d4'}, 'date': {'date': '2021-07-20'}, 'block': {'height': 12864006}}, {'smartContract': {'address': {'address': '0x2930e2a64986f8cb265c25da4df723d1b79fb18a'}}, 'caller': {'address': '0x11111d16485aa71d2f2bffbd294dcacbae79c1d4'}, 'date': {'date': '2021-07-18'}, 'block': {'height': 12851215}}, {'smartContract': {'address': {'address': '0x3893020db760007e47b21700cdcfd1576d939daf'}}, 'caller': {'address': '0x11111d16485aa71d2f2bffbd294dcacbae79c1d4'}, 'date': {'date': '2021-07-18'}, 'block': {'height': 12851104}}, {'smartContract': {'address': {'address': '0x8740c9f316241f905323920f4f4fa8a4d6ab100b'}}, 'caller': {'address': '0x11111d16485aa71d2f2bffbd294dcacbae79c1d4'}, 'date': {'date': '2021-07-15'}, 'block': {'height': 12829409}}, {'smartContract': {'address': {'address': '0x372d7b2baa26157c66118055cdc0da49e2c3f8e4'}}, 'caller': {'address': '0x11111d16485aa71d2f2bffbd294dcacbae79c1d4'}, 'date': {'date': '2021-07-15'}, 'block': {'height': 12828907}}, {'smartContract': {'address': {'address': '0x0c07115e9cb4761b7e1246d42a2a6c0a8edaa859'}}, 'caller': {'address': '0x11111d16485aa71d2f2bffbd294dcacbae79c1d4'}, 'date': {'date': '2021-07-15'}, 'block': {'height': 12828896}}, {'smartContract': {'address': {'address': '0x6c5bb773550aa20ceab5c1a44d625c6c44939980'}}, 'caller': {'address': '0x11111d16485aa71d2f2bffbd294dcacbae79c1d4'}, 'date': {'date': '2021-07-15'}, 'block': {'height': 12828344}}, {'smartContract': {'address': {'address': '0x4d9b79ed563593bac8bd874d00a562dd27c0f034'}}, 'caller': {'address': '0x11111d16485aa71d2f2bffbd294dcacbae79c1d4'}, 'date': {'date': '2021-07-15'}, 'block': {'height': 12828324}}, {'smartContract': {'address': {'address': '0x9422f6bfc25b42b56f109593aea252cf79fb305a'}}, 'caller': {'address': '0x11111d16485aa71d2f2bffbd294dcacbae79c1d4'}, 'date': {'date': '2021-07-14'}, 'block': {'height': 12826146}}, {'smartContract': {'address': {'address': '0xef3300e442a5d6340938cfa4f6c62e38337b594b'}}, 'caller': {'address': '0x11111d16485aa71d2f2bffbd294dcacbae79c1d4'}, 'date': {'date': '2021-07-14'}, 'block': {'height': 12826085}}, {'smartContract': {'address': {'address': '0xa5dec9155960c278773bae4aef071379ca0a890b'}}, 'caller': {'address': '0x11111d16485aa71d2f2bffbd294dcacbae79c1d4'}, 'date': {'date': '2021-07-14'}, 'block': {'height': 12822335}}, {'smartContract': {'address': {'address': '0x6486548df147764da6eb09b822915efbf3343522'}}, 'caller': {'address': '0x1f98431c8ad98523631ae4a59f267346ea31f984'}, 'date': {'date': '2021-07-07'}, 'block': {'height': 12780115}}, {'smartContract': {'address': {'address': '0x1f8340aef6b33d12c89e901dde312467c2f146e2'}}, 'caller': {'address': '0x11111d16485aa71d2f2bffbd294dcacbae79c1d4'}, 'date': {'date': '2021-07-02'}, 'block': {'height': 12749523}}, {'smartContract': {'address': {'address': '0xe0191c950b2c19d7a470b00c59969c17fcd9a150'}}, 'caller': {'address': '0x11111d16485aa71d2f2bffbd294dcacbae79c1d4'}, 'date': {'date': '2021-07-02'}, 'block': {'height': 12749506}}, {'smartContract': {'address': {'address': '0xd41ea28e17bd06136c416ca942fb997122138139'}}, 'caller': {'address': '0x11111d16485aa71d2f2bffbd294dcacbae79c1d4'}, 'date': {'date': '2021-07-02'}, 'block': {'height': 12749497}}, {'smartContract': {'address': {'address': '0x97b380ae50160e400d68c92abeaf24402c9caa62'}}, 'caller': {'address': '0x11111d16485aa71d2f2bffbd294dcacbae79c1d4'}, 'date': {'date': '2021-06-30'}, 'block': {'height': 12732074}}, {'smartContract': {'address': {'address': '0x2a3a0409c31db62f229973a521771c1de24d86ad'}}, 'caller': {'address': '0x11111d16485aa71d2f2bffbd294dcacbae79c1d4'}, 'date': {'date': '2021-06-29'}, 'block': {'height': 12731922}}, {'smartContract': {'address': {'address': '0xc9682298cd1c39145eb34614a0b4356c7f29c92e'}}, 'caller': {'address': '0x11111d16485aa71d2f2bffbd294dcacbae79c1d4'}, 'date': {'date': '2021-06-26'}, 'block': {'height': 12709385}}, {'smartContract': {'address': {'address': '0x9d136a1733b152bd8b1f87d267ca23525c42a22a'}}, 'caller': {'address': '0x11111d16485aa71d2f2bffbd294dcacbae79c1d4'}, 'date': {'date': '2021-06-17'}, 'block': {'height': 12653445}}, {'smartContract': {'address': {'address': '0xeb72170f2d01c779217109cabacd1d59bb8973c2'}}, 'caller': {'address': '0x11111d16485aa71d2f2bffbd294dcacbae79c1d4'}, 'date': {'date': '2021-06-17'}, 'block': {'height': 12653330}}, {'smartContract': {'address': {'address': '0x43f1cacdacd3fa65dbcbd56604b90e077fffbb83'}}, 'caller': {'address': '0x11111d16485aa71d2f2bffbd294dcacbae79c1d4'}, 'date': {'date': '2021-06-15'}, 'block': {'height': 12635952}}, {'smartContract': {'address': {'address': '0x7c49fc7110ef49d080f1d0cfc57fad5f21515014'}}, 'caller': {'address': '0x11111d16485aa71d2f2bffbd294dcacbae79c1d4'}, 'date': {'date': '2021-06-15'}, 'block': {'height': 12635916}}, {'smartContract': {'address': {'address': '0x822b94df15fe9c60b35796be7b1e5e15ee225dd3'}}, 'caller': {'address': '0x11111d16485aa71d2f2bffbd294dcacbae79c1d4'}, 'date': {'date': '2021-06-15'}, 'block': {'height': 12635901}}, {'smartContract': {'address': {'address': '0x9f493813d4ea0328d263bdcd8d486e914ec5ebc8'}}, 'caller': {'address': '0x11111d16485aa71d2f2bffbd294dcacbae79c1d4'}, 'date': {'date': '2021-06-15'}, 'block': {'height': 12635862}}, {'smartContract': {'address': {'address': '0x65e1a3555f2c544f84c97a385cc1dbe69da5ee6c'}}, 'caller': {'address': '0x11111d16485aa71d2f2bffbd294dcacbae79c1d4'}, 'date': {'date': '2021-06-14'}, 'block': {'height': 12635214}}, {'smartContract': {'address': {'address': '0x873902a3c0731ecc1f2075435fe035acceed5459'}}, 'caller': {'address': '0x11111d16485aa71d2f2bffbd294dcacbae79c1d4'}, 'date': {'date': '2021-06-14'}, 'block': {'height': 12635192}}, {'smartContract': {'address': {'address': '0x74a53159a3e73df5ee024a4af9bf1cfa2f4c1cc1'}}, 'caller': {'address': '0x11111d16485aa71d2f2bffbd294dcacbae79c1d4'}, 'date': {'date': '2021-06-13'}, 'block': {'height': 12626990}}, {'smartContract': {'address': {'address': '0x5897e2121183404a225f80647a1bc11a362208ed'}}, 'caller': {'address': '0x11111d16485aa71d2f2bffbd294dcacbae79c1d4'}, 'date': {'date': '2021-06-13'}, 'block': {'height': 12626940}}, {'smartContract': {'address': {'address': '0xa1d90a83ee1920e47acbf5be08aa753284b1e575'}}, 'caller': {'address': '0x11111d16485aa71d2f2bffbd294dcacbae79c1d4'}, 'date': {'date': '2021-06-13'}, 'block': {'height': 12626923}}, {'smartContract': {'address': {'address': '0x81c9932bd9a87e454710ef83551ac32dd808630e'}}, 'caller': {'address': '0x11111d16485aa71d2f2bffbd294dcacbae79c1d4'}, 'date': {'date': '2021-05-25'}, 'block': {'height': 12505672}}, {'smartContract': {'address': {'address': '0x58254b405e85359fc7eb3b8856ba82a4dd7c82e2'}}, 'caller': {'address': '0x11111d16485aa71d2f2bffbd294dcacbae79c1d4'}, 'date': {'date': '2021-05-25'}, 'block': {'height': 12505665}}, {'smartContract': {'address': {'address': '0x14356bf935d6a62f3b87ab89f729217599bc108d'}}, 'caller': {'address': '0x11111d16485aa71d2f2bffbd294dcacbae79c1d4'}, 'date': {'date': '2021-05-25'}, 'block': {'height': 12505198}}, {'smartContract': {'address': {'address': '0xd0092632b9ac5a7856664eec1abb6e3403a6a36a'}}, 'caller': {'address': '0x11111d16485aa71d2f2bffbd294dcacbae79c1d4'}, 'date': {'date': '2021-05-25'}, 'block': {'height': 12505189}}, {'smartContract': {'address': {'address': '0x960c437e2a9a9a25e0fedc0c8a5899827b10f63c'}}, 'caller': {'address': '0x9424b1412450d0f8fc2255faf6046b98213b76bd'}, 'date': {'date': '2021-05-04'}, 'block': {'height': 12369907}}, {'smartContract': {'address': {'address': '0xa6fe7112f0e710763046cd9af2e4365571f85bbd'}}, 'caller': {'address': '0x11111d16485aa71d2f2bffbd294dcacbae79c1d4'}, 'date': {'date': '2021-05-03'}, 'block': {'height': 12363871}}, {'smartContract': {'address': {'address': '0x4dfa3d1d3af8078759d2126e92f385e5681ab100'}}, 'caller': {'address': '0x11111d16485aa71d2f2bffbd294dcacbae79c1d4'}, 'date': {'date': '2021-04-27'}, 'block': {'height': 12324712}}, {'smartContract': {'address': {'address': '0x9419148ba2352cfc9d4f104509262529eafa4a11'}}, 'caller': {'address': '0x11111d16485aa71d2f2bffbd294dcacbae79c1d4'}, 'date': {'date': '2021-04-26'}, 'block': {'height': 12313225}}, {'smartContract': {'address': {'address': '0x0474790b580242d0439eaeac58c51cca3451fc5e'}}, 'caller': {'address': '0x11111d16485aa71d2f2bffbd294dcacbae79c1d4'}, 'date': {'date': '2021-04-26'}, 'block': {'height': 12313073}}, {'smartContract': {'address': {'address': '0x0511f555ff9908ab325bb97333c0170607413e89'}}, 'caller': {'address': '0x11111d16485aa71d2f2bffbd294dcacbae79c1d4'}, 'date': {'date': '2021-04-26'}, 'block': {'height': 12312999}}, {'smartContract': {'address': {'address': '0x96855edefc3ad2d9efd0421f301d1324e1e93a52'}}, 'caller': {'address': '0xed52d8e202401645edad1c0aa21e872498ce47d0'}, 'date': {'date': '2021-04-20'}, 'block': {'height': 12279941}}, {'smartContract': {'address': {'address': '0x5f78b2b5fc84a9a4f4111e0881d483ca92693f92'}}, 'caller': {'address': '0x9424b1412450d0f8fc2255faf6046b98213b76bd'}, 'date': {'date': '2021-04-20'}, 'block': {'height': 12279941}}, {'smartContract': {'address': {'address': '0x49d2cc47ca8d70c19d2ed1deb295574d11981500'}}, 'caller': {'address': '0xa26e15c895efc0616177b7c1e7270a4c7d51c997'}, 'date': {'date': '2021-04-17'}, 'block': {'height': 12259767}}, {'smartContract': {'address': {'address': '0x480dab56f09a7f79a825b23bd2bfe0035a0e1b55'}}, 'caller': {'address': '0x11111d16485aa71d2f2bffbd294dcacbae79c1d4'}, 'date': {'date': '2021-04-06'}, 'block': {'height': 12188096}}, {'smartContract': {'address': {'address': '0x275dfe03bc036257cd0a713ee819dbd4529739c8'}}, 'caller': {'address': '0x11111d16485aa71d2f2bffbd294dcacbae79c1d4'}, 'date': {'date': '2021-04-01'}, 'block': {'height': 12156276}}, {'smartContract': {'address': {'address': '0xa7d7145fa208d92ee47fd909a694b8c2ef14e56d'}}, 'caller': {'address': '0x11111d16485aa71d2f2bffbd294dcacbae79c1d4'}, 'date': {'date': '2021-03-05'}, 'block': {'height': 11980179}}, {'smartContract': {'address': {'address': '0x9f54f8249baedad9000a33c0143a6f3f0d41fda9'}}, 'caller': {'address': '0x11111d16485aa71d2f2bffbd294dcacbae79c1d4'}, 'date': {'date': '2021-03-05'}, 'block': {'height': 11980139}}, {'smartContract': {'address': {'address': '0x0dfeefaa191e7e440209cbc5bf60e345ca583405'}}, 'caller': {'address': '0x11111d16485aa71d2f2bffbd294dcacbae79c1d4'}, 'date': {'date': '2021-03-05'}, 'block': {'height': 11980111}}, {'smartContract': {'address': {'address': '0x7bd198b9107496fd5cc3d7655af52f43a8edbc4c'}}, 'caller': {'address': '0x11111d16485aa71d2f2bffbd294dcacbae79c1d4'}, 'date': {'date': '2021-03-05'}, 'block': {'height': 11979332}}, {'smartContract': {'address': {'address': '0x378879089a5e7b6640c38be486bc66ba7a65a926'}}, 'caller': {'address': '0x11111d16485aa71d2f2bffbd294dcacbae79c1d4'}, 'date': {'date': '2021-02-09'}, 'block': {'height': 11819528}}, {'smartContract': {'address': {'address': '0x3d469bcb945d0c58759fa3bb4b8ddca23a021930'}}, 'caller': {'address': '0x11111d16485aa71d2f2bffbd294dcacbae79c1d4'}, 'date': {'date': '2021-02-02'}, 'block': {'height': 11778659}}, {'smartContract': {'address': {'address': '0xe60ec4e49dd46dbe45ee79308b00405897310227'}}, 'caller': {'address': '0xc0aee478e3658e2610c5f7a4a2e1777ce9e4f2ac'}, 'date': {'date': '2021-02-02'}, 'block': {'height': 11778649}}, {'smartContract': {'address': {'address': '0xf64f2afffe4f1dae3e250ba86a333172fce92c3b'}}, 'caller': {'address': '0x11111d16485aa71d2f2bffbd294dcacbae79c1d4'}, 'date': {'date': '2021-02-02'}, 'block': {'height': 11778506}}, {'smartContract': {'address': {'address': '0x8f041a3940a5e6fb580075c3774e15fcfa0e1618'}}, 'caller': {'address': '0x11111d16485aa71d2f2bffbd294dcacbae79c1d4'}, 'date': {'date': '2021-02-02'}, 'block': {'height': 11778477}}, {'smartContract': {'address': {'address': '0x8236ddc00bce5f8069aa8b665abae8db3f6ad9b3'}}, 'caller': {'address': '0x11111d16485aa71d2f2bffbd294dcacbae79c1d4'}, 'date': {'date': '2021-02-01'}, 'block': {'height': 11773057}}, {'smartContract': {'address': {'address': '0x3783184b1b80b9edbdc5d4e81b68db4b7da28296'}}, 'caller': {'address': '0xc0aee478e3658e2610c5f7a4a2e1777ce9e4f2ac'}, 'date': {'date': '2021-02-01'}, 'block': {'height': 11773037}}, {'smartContract': {'address': {'address': '0x340ff6c01b1bf5a52bc7a587f598e4a038b3fc35'}}, 'caller': {'address': '0x11111d16485aa71d2f2bffbd294dcacbae79c1d4'}, 'date': {'date': '2021-02-01'}, 'block': {'height': 11772967}}, {'smartContract': {'address': {'address': '0xc6cf29e778b3de48e4f2b610e91301527b4363f7'}}, 'caller': {'address': '0x11111d16485aa71d2f2bffbd294dcacbae79c1d4'}, 'date': {'date': '2021-02-01'}, 'block': {'height': 11772939}}, {'smartContract': {'address': {'address': '0xc58596d7c48bcff23541a31251f09802ba597657'}}, 'caller': {'address': '0x11111d16485aa71d2f2bffbd294dcacbae79c1d4'}, 'date': {'date': '2021-02-01'}, 'block': {'height': 11772916}}, {'smartContract': {'address': {'address': '0xa04052f27bd8a0ff0376a1cd0eeed681c68a1d04'}}, 'caller': {'address': '0x11111d16485aa71d2f2bffbd294dcacbae79c1d4'}, 'date': {'date': '2021-01-22'}, 'block': {'height': 11706440}}, {'smartContract': {'address': {'address': '0x97d845bd646ae626f01c69a5ada56e6dfb7de7e2'}}, 'caller': {'address': '0xc0aee478e3658e2610c5f7a4a2e1777ce9e4f2ac'}, 'date': {'date': '2021-01-22'}, 'block': {'height': 11706424}}, {'smartContract': {'address': {'address': '0xc7ee9a338c8d4f4224d743c3565edeac70d4d3d8'}}, 'caller': {'address': '0x11111d16485aa71d2f2bffbd294dcacbae79c1d4'}, 'date': {'date': '2021-01-22'}, 'block': {'height': 11706239}}, {'smartContract': {'address': {'address': '0xed87056204a062fe64b42d4293f8dd657df93976'}}, 'caller': {'address': '0x11111d16485aa71d2f2bffbd294dcacbae79c1d4'}, 'date': {'date': '2021-01-22'}, 'block': {'height': 11706117}}, {'smartContract': {'address': {'address': '0xec0d77a58528a218cbf41fa6e1585c8d7a085868'}}, 'caller': {'address': '0x11111d16485aa71d2f2bffbd294dcacbae79c1d4'}, 'date': {'date': '2021-01-22'}, 'block': {'height': 11706104}}, {'smartContract': {'address': {'address': '0x21a13bcd87e0089de557226a51418c9f98773e5b'}}, 'caller': {'address': '0x11111d16485aa71d2f2bffbd294dcacbae79c1d4'}, 'date': {'date': '2021-01-16'}, 'block': {'height': 11663441}}, {'smartContract': {'address': {'address': '0xb883d2af071d9e3a3ea6b06c94b9ec9b71a2234a'}}, 'caller': {'address': '0x11111d16485aa71d2f2bffbd294dcacbae79c1d4'}, 'date': {'date': '2021-01-16'}, 'block': {'height': 11663383}}, {'smartContract': {'address': {'address': '0x3324b3e07082be41048c2421863c4d5b25c91f0f'}}, 'caller': {'address': '0x11111d16485aa71d2f2bffbd294dcacbae79c1d4'}, 'date': {'date': '2021-01-15'}, 'block': {'height': 11662622}}, {'smartContract': {'address': {'address': '0x22fe8aa903f9c4b18168b5931f10fc0c4abd7220'}}, 'caller': {'address': '0x11111d16485aa71d2f2bffbd294dcacbae79c1d4'}, 'date': {'date': '2021-01-15'}, 'block': {'height': 11661974}}, {'smartContract': {'address': {'address': '0x1c2deaf8ac1c65e7cf8ef98e409d20a30370f87b'}}, 'caller': {'address': '0x11111d16485aa71d2f2bffbd294dcacbae79c1d4'}, 'date': {'date': '2021-01-15'}, 'block': {'height': 11661898}}, {'smartContract': {'address': {'address': '0x4d6895f78d1c7bfe0a34b32b4b95a9b8b9f00b26'}}, 'caller': {'address': '0xc0aee478e3658e2610c5f7a4a2e1777ce9e4f2ac'}, 'date': {'date': '2021-01-15'}, 'block': {'height': 11661879}}, {'smartContract': {'address': {'address': '0x9fd4df9dc332d029f5b80c2be1ad47bb592d3ed8'}}, 'caller': {'address': '0x11111d16485aa71d2f2bffbd294dcacbae79c1d4'}, 'date': {'date': '2021-01-15'}, 'block': {'height': 11657046}}, {'smartContract': {'address': {'address': '0xeebbd38ca358db5345977f29f3d3eb3d71562c17'}}, 'caller': {'address': '0x11111d16485aa71d2f2bffbd294dcacbae79c1d4'}, 'date': {'date': '2021-01-14'}, 'block': {'height': 11651261}}]",2020-11-13
106,106,0x544c42fBB96B39B21DF61cf322b5EDC285EE7429,(Proxy contract) InsurAce (INSUR),https://github.com/InsurAce-Protocol,0x345C9AE61Ff6e68B319D61082a017ba854892488,11589996.51,"[{'smartContract': {'address': {'address': '0x2cfc10be8123d77f2b7791de72cdfef9ee986e40'}}, 'caller': {'address': '0x345c9ae61ff6e68b319d61082a017ba854892488'}, 'date': {'date': '2022-08-17'}, 'block': {'height': 15357108}}, {'smartContract': {'address': {'address': '0x68d349b65126977705c6e98126751a3b7a4f279c'}}, 'caller': {'address': '0x345c9ae61ff6e68b319d61082a017ba854892488'}, 'date': {'date': '2022-08-17'}, 'block': {'height': 15357103}}, {'smartContract': {'address': {'address': '0xe70ff248cc0820c17ee6602719ff53f58f3bdb97'}}, 'caller': {'address': '0x345c9ae61ff6e68b319d61082a017ba854892488'}, 'date': {'date': '2022-07-29'}, 'block': {'height': 15236247}}, {'smartContract': {'address': {'address': '0xdde427270035b916845f18fb453d6e5f3cc88427'}}, 'caller': {'address': '0x345c9ae61ff6e68b319d61082a017ba854892488'}, 'date': {'date': '2022-07-29'}, 'block': {'height': 15236240}}, {'smartContract': {'address': {'address': '0x2b04c914536631188bde64bdedbb841c154cdccd'}}, 'caller': {'address': '0x345c9ae61ff6e68b319d61082a017ba854892488'}, 'date': {'date': '2022-07-29'}, 'block': {'height': 15236234}}, {'smartContract': {'address': {'address': '0x84f24b1e730d04962f44a14ffd2accd3f7c5f885'}}, 'caller': {'address': '0x345c9ae61ff6e68b319d61082a017ba854892488'}, 'date': {'date': '2022-07-29'}, 'block': {'height': 15236203}}, {'smartContract': {'address': {'address': '0x42c09edd43c82057f9eb337827edda2d64a8f639'}}, 'caller': {'address': '0x345c9ae61ff6e68b319d61082a017ba854892488'}, 'date': {'date': '2022-06-12'}, 'block': {'height': 14949773}}, {'smartContract': {'address': {'address': '0x2aa269cac59ddeaa136c4af99d3919d86e8c3aee'}}, 'caller': {'address': '0x345c9ae61ff6e68b319d61082a017ba854892488'}, 'date': {'date': '2022-06-11'}, 'block': {'height': 14942079}}, {'smartContract': {'address': {'address': '0x82c11c0a38aa1f960cbbd98f8153812e0bf40fef'}}, 'caller': {'address': '0x345c9ae61ff6e68b319d61082a017ba854892488'}, 'date': {'date': '2022-06-10'}, 'block': {'height': 14937363}}, {'smartContract': {'address': {'address': '0xcd0415c384f5cbb2685c7d4fb219d44938ced598'}}, 'caller': {'address': '0x345c9ae61ff6e68b319d61082a017ba854892488'}, 'date': {'date': '2022-06-10'}, 'block': {'height': 14937361}}, {'smartContract': {'address': {'address': '0x3e602e174ff173b5d3a78bec3f0bf90ffe8bf1a1'}}, 'caller': {'address': '0x345c9ae61ff6e68b319d61082a017ba854892488'}, 'date': {'date': '2022-06-10'}, 'block': {'height': 14937355}}, {'smartContract': {'address': {'address': '0x7fce38a965342241188c40e8892563d5268004a9'}}, 'caller': {'address': '0x345c9ae61ff6e68b319d61082a017ba854892488'}, 'date': {'date': '2022-06-10'}, 'block': {'height': 14937351}}, {'smartContract': {'address': {'address': '0xab74f01078b232713a76cff934ead8efb94b28fd'}}, 'caller': {'address': '0x345c9ae61ff6e68b319d61082a017ba854892488'}, 'date': {'date': '2022-06-10'}, 'block': {'height': 14937345}}, {'smartContract': {'address': {'address': '0xc9a16aa494e94ec04179255ff90be383f33b4649'}}, 'caller': {'address': '0x345c9ae61ff6e68b319d61082a017ba854892488'}, 'date': {'date': '2022-05-20'}, 'block': {'height': 14810783}}, {'smartContract': {'address': {'address': '0x4b1cf4a3eb81d2956e071c288c0e47d882b17883'}}, 'caller': {'address': '0x345c9ae61ff6e68b319d61082a017ba854892488'}, 'date': {'date': '2022-05-20'}, 'block': {'height': 14810773}}, {'smartContract': {'address': {'address': '0x41122cc956585fd8da79488a592cdba37275e38f'}}, 'caller': {'address': '0x345c9ae61ff6e68b319d61082a017ba854892488'}, 'date': {'date': '2022-05-06'}, 'block': {'height': 14721938}}, {'smartContract': {'address': {'address': '0x9723ab4fd0126bbabc03a19146e5798eb1320bc9'}}, 'caller': {'address': '0x345c9ae61ff6e68b319d61082a017ba854892488'}, 'date': {'date': '2022-04-25'}, 'block': {'height': 14652575}}, {'smartContract': {'address': {'address': '0xff9706a1dbd6dda8aea41a9e7433b195468d1e46'}}, 'caller': {'address': '0x345c9ae61ff6e68b319d61082a017ba854892488'}, 'date': {'date': '2022-04-25'}, 'block': {'height': 14652573}}, {'smartContract': {'address': {'address': '0xe16685dc2b5589aeab5779de77b0e5b3ac15e9c6'}}, 'caller': {'address': '0x345c9ae61ff6e68b319d61082a017ba854892488'}, 'date': {'date': '2022-04-25'}, 'block': {'height': 14652566}}, {'smartContract': {'address': {'address': '0x1c50c36c6bcba0c44af9dcf47d9e728b486270aa'}}, 'caller': {'address': '0x345c9ae61ff6e68b319d61082a017ba854892488'}, 'date': {'date': '2022-03-30'}, 'block': {'height': 14485771}}, {'smartContract': {'address': {'address': '0x44c483822d6ddabb66d9bd6ea63224e0cdd38747'}}, 'caller': {'address': '0x345c9ae61ff6e68b319d61082a017ba854892488'}, 'date': {'date': '2022-03-29'}, 'block': {'height': 14479886}}, {'smartContract': {'address': {'address': '0x87c07b48c8f656e43542e93009495c4daab24e5e'}}, 'caller': {'address': '0x345c9ae61ff6e68b319d61082a017ba854892488'}, 'date': {'date': '2022-03-29'}, 'block': {'height': 14478270}}, {'smartContract': {'address': {'address': '0xa03d480cd2e10ad36ed098898357dbe4c349fb02'}}, 'caller': {'address': '0x345c9ae61ff6e68b319d61082a017ba854892488'}, 'date': {'date': '2022-03-29'}, 'block': {'height': 14478264}}, {'smartContract': {'address': {'address': '0x0e91c61692af6e948139a9780380f8e75daada8e'}}, 'caller': {'address': '0x345c9ae61ff6e68b319d61082a017ba854892488'}, 'date': {'date': '2022-03-29'}, 'block': {'height': 14478260}}, {'smartContract': {'address': {'address': '0xca84e10ec57299cd2cb057b41e25c4bbaf8de4ba'}}, 'caller': {'address': '0x345c9ae61ff6e68b319d61082a017ba854892488'}, 'date': {'date': '2022-03-29'}, 'block': {'height': 14478254}}, {'smartContract': {'address': {'address': '0x28cc6c5a3c3f2981cb36d547efd580a82fd52285'}}, 'caller': {'address': '0x345c9ae61ff6e68b319d61082a017ba854892488'}, 'date': {'date': '2022-03-29'}, 'block': {'height': 14478252}}, {'smartContract': {'address': {'address': '0x0d5ab74e397fc36e5a4604be5d7bd22276f4e203'}}, 'caller': {'address': '0x345c9ae61ff6e68b319d61082a017ba854892488'}, 'date': {'date': '2022-03-29'}, 'block': {'height': 14478250}}, {'smartContract': {'address': {'address': '0x00d0bc3144583b0c41ae023b4bbc70dc189ac86f'}}, 'caller': {'address': '0x345c9ae61ff6e68b319d61082a017ba854892488'}, 'date': {'date': '2022-03-29'}, 'block': {'height': 14478247}}, {'smartContract': {'address': {'address': '0x7728ce4fa9ba9f67a837f88ee9ad8294cf1d3a15'}}, 'caller': {'address': '0x345c9ae61ff6e68b319d61082a017ba854892488'}, 'date': {'date': '2022-03-29'}, 'block': {'height': 14478243}}, {'smartContract': {'address': {'address': '0xf1131de7333aba9276ad3ed50466fdba50e03a24'}}, 'caller': {'address': '0x345c9ae61ff6e68b319d61082a017ba854892488'}, 'date': {'date': '2022-03-29'}, 'block': {'height': 14478235}}, {'smartContract': {'address': {'address': '0xb5bcae6425a5ce0992181a6bb19992ae82bddafb'}}, 'caller': {'address': '0x345c9ae61ff6e68b319d61082a017ba854892488'}, 'date': {'date': '2022-03-29'}, 'block': {'height': 14478212}}, {'smartContract': {'address': {'address': '0xcd17dba771ae9c8ad63d069eb9c973c842a7618f'}}, 'caller': {'address': '0x345c9ae61ff6e68b319d61082a017ba854892488'}, 'date': {'date': '2022-03-29'}, 'block': {'height': 14478206}}, {'smartContract': {'address': {'address': '0x0ab5f0456074795e37fec8934e3e79578179fb96'}}, 'caller': {'address': '0x345c9ae61ff6e68b319d61082a017ba854892488'}, 'date': {'date': '2022-03-29'}, 'block': {'height': 14478204}}, {'smartContract': {'address': {'address': '0x1d22085990b7571034afd936d31786ed68a2aa5d'}}, 'caller': {'address': '0x345c9ae61ff6e68b319d61082a017ba854892488'}, 'date': {'date': '2022-03-29'}, 'block': {'height': 14478202}}, {'smartContract': {'address': {'address': '0x86143f6d4aed2f5c983d1232e3432ac8f1b03332'}}, 'caller': {'address': '0x345c9ae61ff6e68b319d61082a017ba854892488'}, 'date': {'date': '2022-03-29'}, 'block': {'height': 14478201}}, {'smartContract': {'address': {'address': '0xfc340cc66e2838752bb538e1491756e03f7cf4bf'}}, 'caller': {'address': '0x345c9ae61ff6e68b319d61082a017ba854892488'}, 'date': {'date': '2022-03-29'}, 'block': {'height': 14478189}}, {'smartContract': {'address': {'address': '0x6b077a1c24a2bc92e0b731fb6bcc85db3649a170'}}, 'caller': {'address': '0x345c9ae61ff6e68b319d61082a017ba854892488'}, 'date': {'date': '2022-03-29'}, 'block': {'height': 14478182}}, {'smartContract': {'address': {'address': '0xfdacfb08dcc0ab0057089eb046069b44aa8db087'}}, 'caller': {'address': '0x345c9ae61ff6e68b319d61082a017ba854892488'}, 'date': {'date': '2022-03-29'}, 'block': {'height': 14478172}}, {'smartContract': {'address': {'address': '0x8061834d6fe1da862d2caed6ccfa430faf52d1f1'}}, 'caller': {'address': '0x345c9ae61ff6e68b319d61082a017ba854892488'}, 'date': {'date': '2022-03-29'}, 'block': {'height': 14478163}}, {'smartContract': {'address': {'address': '0xa58c7bf832a385c55a7e512b032a9dfa4659df5d'}}, 'caller': {'address': '0x345c9ae61ff6e68b319d61082a017ba854892488'}, 'date': {'date': '2021-11-02'}, 'block': {'height': 13536555}}, {'smartContract': {'address': {'address': '0xb22cee85a602bde27f0f980bb59d9836b17578e6'}}, 'caller': {'address': '0x345c9ae61ff6e68b319d61082a017ba854892488'}, 'date': {'date': '2021-10-01'}, 'block': {'height': 13332223}}, {'smartContract': {'address': {'address': '0x700c0de94affcf71d692d78ff986df2d40cafd55'}}, 'caller': {'address': '0x345c9ae61ff6e68b319d61082a017ba854892488'}, 'date': {'date': '2021-10-01'}, 'block': {'height': 13332218}}, {'smartContract': {'address': {'address': '0xcc29034ce3f4b14c4125cc370bb098a76322ce33'}}, 'caller': {'address': '0x345c9ae61ff6e68b319d61082a017ba854892488'}, 'date': {'date': '2021-10-01'}, 'block': {'height': 13332204}}, {'smartContract': {'address': {'address': '0x55f3678395f1c3508df7f01af57e672a4c3c6acc'}}, 'caller': {'address': '0x345c9ae61ff6e68b319d61082a017ba854892488'}, 'date': {'date': '2021-10-01'}, 'block': {'height': 13332090}}, {'smartContract': {'address': {'address': '0x0b14930ca8d6cc1576c06e145fda0dc2673e501d'}}, 'caller': {'address': '0x345c9ae61ff6e68b319d61082a017ba854892488'}, 'date': {'date': '2021-10-01'}, 'block': {'height': 13331994}}, {'smartContract': {'address': {'address': '0x6af4fb696c31c3bffb1d9d5fc92c641846144e4e'}}, 'caller': {'address': '0x345c9ae61ff6e68b319d61082a017ba854892488'}, 'date': {'date': '2021-09-21'}, 'block': {'height': 13268243}}, {'smartContract': {'address': {'address': '0xa60c8834966e0cc5a0fd8db7da1a60b970a8334f'}}, 'caller': {'address': '0x345c9ae61ff6e68b319d61082a017ba854892488'}, 'date': {'date': '2021-09-21'}, 'block': {'height': 13268222}}, {'smartContract': {'address': {'address': '0xfb75c4bc0f1d6d410cb2eed848d7125aaf5ab7ac'}}, 'caller': {'address': '0x345c9ae61ff6e68b319d61082a017ba854892488'}, 'date': {'date': '2021-09-21'}, 'block': {'height': 13268214}}, {'smartContract': {'address': {'address': '0x31c115f03626eef2530b8f4f3292b0c743c43172'}}, 'caller': {'address': '0x345c9ae61ff6e68b319d61082a017ba854892488'}, 'date': {'date': '2021-09-21'}, 'block': {'height': 13268105}}, {'smartContract': {'address': {'address': '0x14a3a7b6b44f87ceea085aec08f07e5205e8b073'}}, 'caller': {'address': '0x345c9ae61ff6e68b319d61082a017ba854892488'}, 'date': {'date': '2021-09-21'}, 'block': {'height': 13268020}}, {'smartContract': {'address': {'address': '0x05dc45b1c03657d141696aae0211c84818f520b3'}}, 'caller': {'address': '0x345c9ae61ff6e68b319d61082a017ba854892488'}, 'date': {'date': '2021-09-01'}, 'block': {'height': 13138661}}, {'smartContract': {'address': {'address': '0x49f8796be06fff4db4987b050ec389198c16abb0'}}, 'caller': {'address': '0x345c9ae61ff6e68b319d61082a017ba854892488'}, 'date': {'date': '2021-09-01'}, 'block': {'height': 13138643}}, {'smartContract': {'address': {'address': '0xcad3b800df57db14f615fc7d8fb0a6002dc9d1b8'}}, 'caller': {'address': '0x345c9ae61ff6e68b319d61082a017ba854892488'}, 'date': {'date': '2021-09-01'}, 'block': {'height': 13138627}}, {'smartContract': {'address': {'address': '0xa2d0a59bc1df3ab3c96377246ae47a6eb559c0aa'}}, 'caller': {'address': '0x345c9ae61ff6e68b319d61082a017ba854892488'}, 'date': {'date': '2021-09-01'}, 'block': {'height': 13138596}}, {'smartContract': {'address': {'address': '0x6db75a7095a1c8914c356e1b0cdb836fc3a917bc'}}, 'caller': {'address': '0x345c9ae61ff6e68b319d61082a017ba854892488'}, 'date': {'date': '2021-08-20'}, 'block': {'height': 13061833}}, {'smartContract': {'address': {'address': '0x744f3af0a8b0b79b1d5d480f828f8912e8a26b7d'}}, 'caller': {'address': '0x345c9ae61ff6e68b319d61082a017ba854892488'}, 'date': {'date': '2021-08-19'}, 'block': {'height': 13053728}}, {'smartContract': {'address': {'address': '0x4f2593dbeb0a1d24162880af17c0aa682e5d6ce4'}}, 'caller': {'address': '0x345c9ae61ff6e68b319d61082a017ba854892488'}, 'date': {'date': '2021-08-13'}, 'block': {'height': 13016685}}, {'smartContract': {'address': {'address': '0x7d143076b451164bd91206a92eb374882caf0817'}}, 'caller': {'address': '0x345c9ae61ff6e68b319d61082a017ba854892488'}, 'date': {'date': '2021-08-10'}, 'block': {'height': 12996578}}, {'smartContract': {'address': {'address': '0x21ce6fdbb2ff55b83ddfa92a7ded1a07198ccdac'}}, 'caller': {'address': '0x345c9ae61ff6e68b319d61082a017ba854892488'}, 'date': {'date': '2021-08-10'}, 'block': {'height': 12996566}}, {'smartContract': {'address': {'address': '0x93087a9bdb420f446e3c798ccb926ad3a2a11085'}}, 'caller': {'address': '0x345c9ae61ff6e68b319d61082a017ba854892488'}, 'date': {'date': '2021-08-07'}, 'block': {'height': 12978337}}, {'smartContract': {'address': {'address': '0xa8e34c91510d61e3a309b6a2f662d3f35137a11a'}}, 'caller': {'address': '0x345c9ae61ff6e68b319d61082a017ba854892488'}, 'date': {'date': '2021-08-04'}, 'block': {'height': 12957294}}, {'smartContract': {'address': {'address': '0x622d504fb93170c4c42cc77cb7cb37e3e467b509'}}, 'caller': {'address': '0x345c9ae61ff6e68b319d61082a017ba854892488'}, 'date': {'date': '2021-08-04'}, 'block': {'height': 12957271}}, {'smartContract': {'address': {'address': '0x71291031a2af1426619245b07704123be5d1edd0'}}, 'caller': {'address': '0x345c9ae61ff6e68b319d61082a017ba854892488'}, 'date': {'date': '2021-08-04'}, 'block': {'height': 12957258}}, {'smartContract': {'address': {'address': '0x0570d8f9fa154b182a537798a2f5cd14c728c07d'}}, 'caller': {'address': '0x345c9ae61ff6e68b319d61082a017ba854892488'}, 'date': {'date': '2021-08-04'}, 'block': {'height': 12957235}}, {'smartContract': {'address': {'address': '0xb3004150dbe0f45d3a2df4948002df02e6c3d1ea'}}, 'caller': {'address': '0x345c9ae61ff6e68b319d61082a017ba854892488'}, 'date': {'date': '2021-08-04'}, 'block': {'height': 12957232}}, {'smartContract': {'address': {'address': '0x96b91e0db7e558029ad77ab7f90480a665f389fd'}}, 'caller': {'address': '0x345c9ae61ff6e68b319d61082a017ba854892488'}, 'date': {'date': '2021-08-04'}, 'block': {'height': 12957218}}, {'smartContract': {'address': {'address': '0xffcf07ef5275384fe55d7f2011ca2d9abab6da7b'}}, 'caller': {'address': '0x345c9ae61ff6e68b319d61082a017ba854892488'}, 'date': {'date': '2021-07-14'}, 'block': {'height': 12824270}}, {'smartContract': {'address': {'address': '0x230648b346f96986712e81646fb8033432edb988'}}, 'caller': {'address': '0x345c9ae61ff6e68b319d61082a017ba854892488'}, 'date': {'date': '2021-07-07'}, 'block': {'height': 12778926}}, {'smartContract': {'address': {'address': '0xd9aae8f651f323cbb39e328b8fda741d11a231e0'}}, 'caller': {'address': '0x345c9ae61ff6e68b319d61082a017ba854892488'}, 'date': {'date': '2021-06-28'}, 'block': {'height': 12721713}}, {'smartContract': {'address': {'address': '0x92eb344570df0f95f736a0baa769e5f598078f5b'}}, 'caller': {'address': '0x345c9ae61ff6e68b319d61082a017ba854892488'}, 'date': {'date': '2021-06-25'}, 'block': {'height': 12703503}}, {'smartContract': {'address': {'address': '0x4b45b1bb4959fc34675ecff39e8fe6dc9c46fb94'}}, 'caller': {'address': '0x345c9ae61ff6e68b319d61082a017ba854892488'}, 'date': {'date': '2021-06-20'}, 'block': {'height': 12670241}}, {'smartContract': {'address': {'address': '0x2c298e37bb283097b5f414e1e8f58f4c969558be'}}, 'caller': {'address': '0x345c9ae61ff6e68b319d61082a017ba854892488'}, 'date': {'date': '2021-06-15'}, 'block': {'height': 12637641}}, {'smartContract': {'address': {'address': '0x624cd27576cde1176003403b9972f56ff102f959'}}, 'caller': {'address': '0x345c9ae61ff6e68b319d61082a017ba854892488'}, 'date': {'date': '2021-06-15'}, 'block': {'height': 12637634}}, {'smartContract': {'address': {'address': '0xf906bba711ef0eb7940f41a649a6a7baaca22d40'}}, 'caller': {'address': '0x345c9ae61ff6e68b319d61082a017ba854892488'}, 'date': {'date': '2021-06-14'}, 'block': {'height': 12632993}}, {'smartContract': {'address': {'address': '0x2ac063d975e292c1c67f4d68080253e1cfbb185b'}}, 'caller': {'address': '0x345c9ae61ff6e68b319d61082a017ba854892488'}, 'date': {'date': '2021-06-14'}, 'block': {'height': 12632848}}, {'smartContract': {'address': {'address': '0x05f787b1147b0a9eae5acdcdb2ae905ac0577119'}}, 'caller': {'address': '0x345c9ae61ff6e68b319d61082a017ba854892488'}, 'date': {'date': '2021-06-10'}, 'block': {'height': 12604612}}, {'smartContract': {'address': {'address': '0x2a716d2655fa892dd41aa3ccbbd96a284fbb35d0'}}, 'caller': {'address': '0x345c9ae61ff6e68b319d61082a017ba854892488'}, 'date': {'date': '2021-06-10'}, 'block': {'height': 12604585}}, {'smartContract': {'address': {'address': '0xac89b9ace2b8e4368a3a6d2f7acab9c897073412'}}, 'caller': {'address': '0x345c9ae61ff6e68b319d61082a017ba854892488'}, 'date': {'date': '2021-06-10'}, 'block': {'height': 12604549}}, {'smartContract': {'address': {'address': '0xe76c5d71275b6ae87aea256496bde10d2fdd9863'}}, 'caller': {'address': '0x345c9ae61ff6e68b319d61082a017ba854892488'}, 'date': {'date': '2021-06-03'}, 'block': {'height': 12560644}}, {'smartContract': {'address': {'address': '0x9e4921bdbaa0839f6eba67927ab629b0a41c8c5b'}}, 'caller': {'address': '0x345c9ae61ff6e68b319d61082a017ba854892488'}, 'date': {'date': '2021-06-03'}, 'block': {'height': 12560625}}, {'smartContract': {'address': {'address': '0x48e5045325f7da94f5794d033b67346943b5f6a6'}}, 'caller': {'address': '0x345c9ae61ff6e68b319d61082a017ba854892488'}, 'date': {'date': '2021-05-24'}, 'block': {'height': 12494205}}, {'smartContract': {'address': {'address': '0x077eb6ccc4d42e4d9adec63fa103c7a528ab4ae4'}}, 'caller': {'address': '0x345c9ae61ff6e68b319d61082a017ba854892488'}, 'date': {'date': '2021-05-15'}, 'block': {'height': 12437120}}, {'smartContract': {'address': {'address': '0xcdd7dcf66916a19c64d519765b67947d3d8e944c'}}, 'caller': {'address': '0x345c9ae61ff6e68b319d61082a017ba854892488'}, 'date': {'date': '2021-05-15'}, 'block': {'height': 12437118}}, {'smartContract': {'address': {'address': '0x95f2a2f84bf8951f26b871475ace08cadea502ee'}}, 'caller': {'address': '0x345c9ae61ff6e68b319d61082a017ba854892488'}, 'date': {'date': '2021-05-11'}, 'block': {'height': 12413253}}, {'smartContract': {'address': {'address': '0x07d8d49c5751566962a5169a9c8efdf64d1ca00b'}}, 'caller': {'address': '0x345c9ae61ff6e68b319d61082a017ba854892488'}, 'date': {'date': '2021-05-11'}, 'block': {'height': 12413067}}, {'smartContract': {'address': {'address': '0x830b795ce53543e4c29c823f109a024a614dbcdc'}}, 'caller': {'address': '0x345c9ae61ff6e68b319d61082a017ba854892488'}, 'date': {'date': '2021-05-07'}, 'block': {'height': 12386386}}, {'smartContract': {'address': {'address': '0x2fdba65488b40541f02126ddc700994506a2903d'}}, 'caller': {'address': '0x345c9ae61ff6e68b319d61082a017ba854892488'}, 'date': {'date': '2021-04-30'}, 'block': {'height': 12341421}}, {'smartContract': {'address': {'address': '0xc21378d256696c9e325e04bff0ded73d2e5e50a1'}}, 'caller': {'address': '0x345c9ae61ff6e68b319d61082a017ba854892488'}, 'date': {'date': '2021-04-28'}, 'block': {'height': 12329906}}, {'smartContract': {'address': {'address': '0x0b832d84c4a89337a9f9950ed797c9ccf07ac40b'}}, 'caller': {'address': '0x345c9ae61ff6e68b319d61082a017ba854892488'}, 'date': {'date': '2021-04-28'}, 'block': {'height': 12328566}}, {'smartContract': {'address': {'address': '0xd589c81bd6db66fa1a0853d4bdd452fa91aee0ec'}}, 'caller': {'address': '0x345c9ae61ff6e68b319d61082a017ba854892488'}, 'date': {'date': '2021-04-27'}, 'block': {'height': 12323245}}, {'smartContract': {'address': {'address': '0x25faf2cebacfa43607d6835fb72016f6be15840a'}}, 'caller': {'address': '0x345c9ae61ff6e68b319d61082a017ba854892488'}, 'date': {'date': '2021-04-26'}, 'block': {'height': 12317332}}, {'smartContract': {'address': {'address': '0x32c0d0657db074e83898c8bcbb38e88e0e0e3e3d'}}, 'caller': {'address': '0x345c9ae61ff6e68b319d61082a017ba854892488'}, 'date': {'date': '2021-04-26'}, 'block': {'height': 12317225}}, {'smartContract': {'address': {'address': '0xa237a4e37c90e87c41b534a03ccd8daaf85bd14e'}}, 'caller': {'address': '0x345c9ae61ff6e68b319d61082a017ba854892488'}, 'date': {'date': '2021-04-25'}, 'block': {'height': 12309478}}, {'smartContract': {'address': {'address': '0x7e73ec0ae787926cafade95c78eebb1da9217a86'}}, 'caller': {'address': '0x345c9ae61ff6e68b319d61082a017ba854892488'}, 'date': {'date': '2021-04-24'}, 'block': {'height': 12303036}}, {'smartContract': {'address': {'address': '0x3d279268dfa3ccf2233ef3c89b0e2ce40008af06'}}, 'caller': {'address': '0x345c9ae61ff6e68b319d61082a017ba854892488'}, 'date': {'date': '2021-04-24'}, 'block': {'height': 12303033}}, {'smartContract': {'address': {'address': '0x4ee6f1266b55c9f3857fb2cbe322b2ba1f5856bd'}}, 'caller': {'address': '0x345c9ae61ff6e68b319d61082a017ba854892488'}, 'date': {'date': '2021-04-24'}, 'block': {'height': 12303028}}, {'smartContract': {'address': {'address': '0xf0b3d052075f49cb216f1ed46b4ddff5d06d4b90'}}, 'caller': {'address': '0x345c9ae61ff6e68b319d61082a017ba854892488'}, 'date': {'date': '2021-04-24'}, 'block': {'height': 12303015}}, {'smartContract': {'address': {'address': '0xecfec90e3a6e38f91d9ac2fba3fc78bef4131823'}}, 'caller': {'address': '0x345c9ae61ff6e68b319d61082a017ba854892488'}, 'date': {'date': '2021-04-24'}, 'block': {'height': 12302988}}, {'smartContract': {'address': {'address': '0x6b94feebf8864de0bf434182bc9936601eff3fed'}}, 'caller': {'address': '0x345c9ae61ff6e68b319d61082a017ba854892488'}, 'date': {'date': '2021-04-24'}, 'block': {'height': 12302980}}, {'smartContract': {'address': {'address': '0x88ef6f235a4790292068646e79ee563339c796a0'}}, 'caller': {'address': '0x345c9ae61ff6e68b319d61082a017ba854892488'}, 'date': {'date': '2021-04-24'}, 'block': {'height': 12302937}}]",2021-03-04
107,107,0x74232704659ef37c08995e386A2E26cc27a8d7B1,Strike Token,https://github.com/StrikeFinance,0x135F03F89C6b2D8D1bD0181526ef18258B5e5516,11571533.32,"[{'smartContract': {'address': {'address': '0x74232704659ef37c08995e386a2e26cc27a8d7b1'}}, 'caller': {'address': '0x135f03f89c6b2d8d1bd0181526ef18258b5e5516'}, 'date': {'date': '2021-03-11'}, 'block': {'height': 12015022}}]",2021-03-11
108,108,0xDe52a16C6DB7914e6953E27A7df4Ce6A315f8b45,OUCHI Token,,0x49BD7063dD3dD30b3a7A84B3Ae5350c4de5e3EE1,11537176.34,"[{'smartContract': {'address': {'address': '0xf415ed5bf83ae3d6fb8acc827e99250a7cd064cc'}}, 'caller': {'address': '0x49bd7063dd3dd30b3a7a84b3ae5350c4de5e3ee1'}, 'date': {'date': '2022-10-27'}, 'block': {'height': 15837541}}, {'smartContract': {'address': {'address': '0xc587bc89a381884eec3a3d2cf3844764156c1500'}}, 'caller': {'address': '0x49bd7063dd3dd30b3a7a84b3ae5350c4de5e3ee1'}, 'date': {'date': '2022-09-13'}, 'block': {'height': 15523907}}, {'smartContract': {'address': {'address': '0xaebddfdbe0ec87494d4e966c31e877b8d0010b55'}}, 'caller': {'address': '0x49bd7063dd3dd30b3a7a84b3ae5350c4de5e3ee1'}, 'date': {'date': '2022-07-15'}, 'block': {'height': 15145871}}, {'smartContract': {'address': {'address': '0xd64bf491ecdb9916ee3b134c4c9510a89ea8e149'}}, 'caller': {'address': '0x49bd7063dd3dd30b3a7a84b3ae5350c4de5e3ee1'}, 'date': {'date': '2022-07-15'}, 'block': {'height': 15144712}}, {'smartContract': {'address': {'address': '0xb5667233194805e6972b16e815047c9c086dae4c'}}, 'caller': {'address': '0x1f98431c8ad98523631ae4a59f267346ea31f984'}, 'date': {'date': '2021-06-13'}, 'block': {'height': 12625284}}, {'smartContract': {'address': {'address': '0xde52a16c6db7914e6953e27a7df4ce6a315f8b45'}}, 'caller': {'address': '0x49bd7063dd3dd30b3a7a84b3ae5350c4de5e3ee1'}, 'date': {'date': '2021-06-13'}, 'block': {'height': 12624318}}, {'smartContract': {'address': {'address': '0xc90af32fdd578ed4c980f2849952ff242e89c13c'}}, 'caller': {'address': '0x49bd7063dd3dd30b3a7a84b3ae5350c4de5e3ee1'}, 'date': {'date': '2021-06-12'}, 'block': {'height': 12616685}}, {'smartContract': {'address': {'address': '0x6e4788d56159e32591bbc6eca62bd78323f4f5e5'}}, 'caller': {'address': '0x49bd7063dd3dd30b3a7a84b3ae5350c4de5e3ee1'}, 'date': {'date': '2021-06-12'}, 'block': {'height': 12616672}}]",2021-06-13
109,109,0x4e352cF164E64ADCBad318C3a1e222E9EBa4Ce42,(Proxy contract) MCDEX Token (MCB),https://github.com/mcdexio,0x904b5993fC92979eeEdC19cCC58bED6B7216667c,11186438.08,"[{'smartContract': {'address': {'address': '0xb469549a1feff76e442659f0975a708209d5a48a'}}, 'caller': {'address': '0x904b5993fc92979eeedc19ccc58bed6b7216667c'}, 'date': {'date': '2021-10-22'}, 'block': {'height': 13467201}}, {'smartContract': {'address': {'address': '0x0a7f9ee48fb13f0dfae067e9301116f7c35bd7d2'}}, 'caller': {'address': '0x904b5993fc92979eeedc19ccc58bed6b7216667c'}, 'date': {'date': '2021-06-26'}, 'block': {'height': 12709124}}, {'smartContract': {'address': {'address': '0x0544b78760aab5db937d230a444da7ef9f7319c9'}}, 'caller': {'address': '0x904b5993fc92979eeedc19ccc58bed6b7216667c'}, 'date': {'date': '2021-06-26'}, 'block': {'height': 12709124}}, {'smartContract': {'address': {'address': '0x775ceca71307700a8b43063dcc15691db20773e8'}}, 'caller': {'address': '0x904b5993fc92979eeedc19ccc58bed6b7216667c'}, 'date': {'date': '2021-06-25'}, 'block': {'height': 12703518}}, {'smartContract': {'address': {'address': '0xafffa077b42aea1e4c94da21eab227eab2edc0c4'}}, 'caller': {'address': '0x904b5993fc92979eeedc19ccc58bed6b7216667c'}, 'date': {'date': '2021-04-19'}, 'block': {'height': 12268314}}, {'smartContract': {'address': {'address': '0x6ee936bdbd329063e8ce1d13f42efef912e85221'}}, 'caller': {'address': '0x904b5993fc92979eeedc19ccc58bed6b7216667c'}, 'date': {'date': '2021-04-19'}, 'block': {'height': 12268018}}, {'smartContract': {'address': {'address': '0x1021b725c8c10dc6240c9f1f151095d798906d3c'}}, 'caller': {'address': '0x904b5993fc92979eeedc19ccc58bed6b7216667c'}, 'date': {'date': '2021-01-29'}, 'block': {'height': 11751537}}, {'smartContract': {'address': {'address': '0x69f8ade05e2e506be800db7c61b19bfba8fe2633'}}, 'caller': {'address': '0x904b5993fc92979eeedc19ccc58bed6b7216667c'}, 'date': {'date': '2020-09-19'}, 'block': {'height': 10889689}}, {'smartContract': {'address': {'address': '0x978d98661a6782d058a183e5f46e825928efd9ba'}}, 'caller': {'address': '0x904b5993fc92979eeedc19ccc58bed6b7216667c'}, 'date': {'date': '2020-09-12'}, 'block': {'height': 10846976}}, {'smartContract': {'address': {'address': '0xdca445b99ea5e9bde70169fc9977032535b1ee02'}}, 'caller': {'address': '0x904b5993fc92979eeedc19ccc58bed6b7216667c'}, 'date': {'date': '2020-08-28'}, 'block': {'height': 10748283}}, {'smartContract': {'address': {'address': '0x5910a985197cedccfba0c3a27bd37a46cb0f8011'}}, 'caller': {'address': '0x904b5993fc92979eeedc19ccc58bed6b7216667c'}, 'date': {'date': '2020-08-28'}, 'block': {'height': 10748267}}, {'smartContract': {'address': {'address': '0xa5ff91816cebd3878f9b7c3161b08f7213a37347'}}, 'caller': {'address': '0x904b5993fc92979eeedc19ccc58bed6b7216667c'}, 'date': {'date': '2020-08-28'}, 'block': {'height': 10748263}}, {'smartContract': {'address': {'address': '0x6ecc9da2698870db2c1792369a6fc520b5de6461'}}, 'caller': {'address': '0x904b5993fc92979eeedc19ccc58bed6b7216667c'}, 'date': {'date': '2020-08-28'}, 'block': {'height': 10748262}}, {'smartContract': {'address': {'address': '0x57469550b9a42d2fd964e67a9dd1de3d9169b291'}}, 'caller': {'address': '0x904b5993fc92979eeedc19ccc58bed6b7216667c'}, 'date': {'date': '2020-08-28'}, 'block': {'height': 10747753}}, {'smartContract': {'address': {'address': '0x205285d6eef9055779650f6556c3704a5b514271'}}, 'caller': {'address': '0x904b5993fc92979eeedc19ccc58bed6b7216667c'}, 'date': {'date': '2020-08-28'}, 'block': {'height': 10747748}}, {'smartContract': {'address': {'address': '0x942df696cd1995ba2eab710d168b2d9cee53b52c'}}, 'caller': {'address': '0x904b5993fc92979eeedc19ccc58bed6b7216667c'}, 'date': {'date': '2020-08-27'}, 'block': {'height': 10740760}}, {'smartContract': {'address': {'address': '0x298badda419eece0abe86fedc2f0677a7e8e35a2'}}, 'caller': {'address': '0x904b5993fc92979eeedc19ccc58bed6b7216667c'}, 'date': {'date': '2020-08-27'}, 'block': {'height': 10740757}}, {'smartContract': {'address': {'address': '0x4cc89906db523af7c3bb240a959be21cb812b434'}}, 'caller': {'address': '0x904b5993fc92979eeedc19ccc58bed6b7216667c'}, 'date': {'date': '2020-08-27'}, 'block': {'height': 10740754}}, {'smartContract': {'address': {'address': '0xf377810bffc83df177d7f992a8807943ea0a286f'}}, 'caller': {'address': '0x904b5993fc92979eeedc19ccc58bed6b7216667c'}, 'date': {'date': '2020-08-27'}, 'block': {'height': 10740752}}, {'smartContract': {'address': {'address': '0xa2fe15e40f5ccc480b545eb8ffabdcdb84a3d3dc'}}, 'caller': {'address': '0x904b5993fc92979eeedc19ccc58bed6b7216667c'}, 'date': {'date': '2020-08-27'}, 'block': {'height': 10740749}}, {'smartContract': {'address': {'address': '0xa95a724772e34ddc1f4e68db0938d6329e33385a'}}, 'caller': {'address': '0x904b5993fc92979eeedc19ccc58bed6b7216667c'}, 'date': {'date': '2020-08-27'}, 'block': {'height': 10740743}}, {'smartContract': {'address': {'address': '0xbe83943d5ca2d66fb7ba3a8d4a983782f31a42dc'}}, 'caller': {'address': '0x904b5993fc92979eeedc19ccc58bed6b7216667c'}, 'date': {'date': '2020-08-27'}, 'block': {'height': 10740721}}, {'smartContract': {'address': {'address': '0xd8642327b919295fe2733a73de1d2355b589cb04'}}, 'caller': {'address': '0x904b5993fc92979eeedc19ccc58bed6b7216667c'}, 'date': {'date': '2020-08-27'}, 'block': {'height': 10740705}}, {'smartContract': {'address': {'address': '0xd48c88a18bfa81486862c6d1d172a39f1365e8ac'}}, 'caller': {'address': '0x904b5993fc92979eeedc19ccc58bed6b7216667c'}, 'date': {'date': '2020-08-27'}, 'block': {'height': 10740693}}, {'smartContract': {'address': {'address': '0x3d4b40ca0f98fcce38aa1704cbdf134496c261e8'}}, 'caller': {'address': '0x904b5993fc92979eeedc19ccc58bed6b7216667c'}, 'date': {'date': '2020-08-27'}, 'block': {'height': 10740671}}, {'smartContract': {'address': {'address': '0x784819cba91ed87c296565274fc150eaa11ebc04'}}, 'caller': {'address': '0x904b5993fc92979eeedc19ccc58bed6b7216667c'}, 'date': {'date': '2020-08-27'}, 'block': {'height': 10740642}}, {'smartContract': {'address': {'address': '0xb9d264467f5e5c73b9f1d0db2507323684a6e114'}}, 'caller': {'address': '0x904b5993fc92979eeedc19ccc58bed6b7216667c'}, 'date': {'date': '2020-08-27'}, 'block': {'height': 10740638}}, {'smartContract': {'address': {'address': '0x5378b0388ef594f0c2eb194504aee2b48d1eac18'}}, 'caller': {'address': '0x904b5993fc92979eeedc19ccc58bed6b7216667c'}, 'date': {'date': '2020-08-27'}, 'block': {'height': 10740493}}, {'smartContract': {'address': {'address': '0x69f3ebb9f14f7048e675443fb6375f9d48d8a9d6'}}, 'caller': {'address': '0x904b5993fc92979eeedc19ccc58bed6b7216667c'}, 'date': {'date': '2020-08-27'}, 'block': {'height': 10740487}}, {'smartContract': {'address': {'address': '0xfa203e643d1fddc5d8b91253ea23b3bd826cae9e'}}, 'caller': {'address': '0x904b5993fc92979eeedc19ccc58bed6b7216667c'}, 'date': {'date': '2020-08-27'}, 'block': {'height': 10740467}}, {'smartContract': {'address': {'address': '0x9ec63850650bc7aec297ba023f0c1650cbbd6958'}}, 'caller': {'address': '0x904b5993fc92979eeedc19ccc58bed6b7216667c'}, 'date': {'date': '2020-08-27'}, 'block': {'height': 10740440}}, {'smartContract': {'address': {'address': '0x78963e7cb9454ccf8412cd0b5bc4c69ad5cdbbd3'}}, 'caller': {'address': '0x904b5993fc92979eeedc19ccc58bed6b7216667c'}, 'date': {'date': '2020-08-27'}, 'block': {'height': 10740433}}, {'smartContract': {'address': {'address': '0x9ffb2bff46971aeb6f415e921d65fb7fe686db42'}}, 'caller': {'address': '0x904b5993fc92979eeedc19ccc58bed6b7216667c'}, 'date': {'date': '2020-08-27'}, 'block': {'height': 10740430}}, {'smartContract': {'address': {'address': '0x786455985c1bd722b0b7e00ce3152b45183c5df4'}}, 'caller': {'address': '0x904b5993fc92979eeedc19ccc58bed6b7216667c'}, 'date': {'date': '2020-08-25'}, 'block': {'height': 10727429}}, {'smartContract': {'address': {'address': '0x97bc5385530066b87ead0ba0e927b8512c0b2aa7'}}, 'caller': {'address': '0x904b5993fc92979eeedc19ccc58bed6b7216667c'}, 'date': {'date': '2020-08-25'}, 'block': {'height': 10727407}}, {'smartContract': {'address': {'address': '0x072fbb7232bf368899827011c51df03a1d59ce45'}}, 'caller': {'address': '0x904b5993fc92979eeedc19ccc58bed6b7216667c'}, 'date': {'date': '2020-08-25'}, 'block': {'height': 10727402}}, {'smartContract': {'address': {'address': '0xb44a29b5fb1f6dc5730d721a2c12898e1e6c6c31'}}, 'caller': {'address': '0x904b5993fc92979eeedc19ccc58bed6b7216667c'}, 'date': {'date': '2020-08-18'}, 'block': {'height': 10683796}}, {'smartContract': {'address': {'address': '0xcfa46e1b666fd91bf39028055d506c1e4ca5ad6e'}}, 'caller': {'address': '0x904b5993fc92979eeedc19ccc58bed6b7216667c'}, 'date': {'date': '2020-08-17'}, 'block': {'height': 10675492}}, {'smartContract': {'address': {'address': '0x028fb01ffafe25e278ebb467f69bd79a928cf25e'}}, 'caller': {'address': '0x904b5993fc92979eeedc19ccc58bed6b7216667c'}, 'date': {'date': '2020-08-11'}, 'block': {'height': 10637174}}, {'smartContract': {'address': {'address': '0xc32e180d105034c1abaf6604d74efcce6578e3f2'}}, 'caller': {'address': '0x904b5993fc92979eeedc19ccc58bed6b7216667c'}, 'date': {'date': '2020-08-11'}, 'block': {'height': 10637171}}, {'smartContract': {'address': {'address': '0xe3c29ce0c36863fd682f1afe464781df6bebaa0a'}}, 'caller': {'address': '0x904b5993fc92979eeedc19ccc58bed6b7216667c'}, 'date': {'date': '2020-08-11'}, 'block': {'height': 10637168}}, {'smartContract': {'address': {'address': '0xdcd1aa80661756c9d92317115e356f5bde26977b'}}, 'caller': {'address': '0x904b5993fc92979eeedc19ccc58bed6b7216667c'}, 'date': {'date': '2020-08-11'}, 'block': {'height': 10637166}}, {'smartContract': {'address': {'address': '0xc98fb51b787ef998b4ceade0d9229a96a3cdb69e'}}, 'caller': {'address': '0x904b5993fc92979eeedc19ccc58bed6b7216667c'}, 'date': {'date': '2020-08-11'}, 'block': {'height': 10637163}}, {'smartContract': {'address': {'address': '0x3397cc4621d1de2d3e96f5d4c01e72c6812b5473'}}, 'caller': {'address': '0x904b5993fc92979eeedc19ccc58bed6b7216667c'}, 'date': {'date': '2020-08-11'}, 'block': {'height': 10637160}}, {'smartContract': {'address': {'address': '0x7230d622d067d9c30154a750dbd29c035ba7605a'}}, 'caller': {'address': '0x904b5993fc92979eeedc19ccc58bed6b7216667c'}, 'date': {'date': '2020-08-11'}, 'block': {'height': 10637107}}, {'smartContract': {'address': {'address': '0x694baa24d46530e46bcd39b1f07943a2bddb01e6'}}, 'caller': {'address': '0x904b5993fc92979eeedc19ccc58bed6b7216667c'}, 'date': {'date': '2020-08-11'}, 'block': {'height': 10637099}}, {'smartContract': {'address': {'address': '0xa04197e5f7971e7aef78cf5ad2bc65aac1a967aa'}}, 'caller': {'address': '0x904b5993fc92979eeedc19ccc58bed6b7216667c'}, 'date': {'date': '2020-08-11'}, 'block': {'height': 10637097}}, {'smartContract': {'address': {'address': '0xd78ba1d99dbbc4eba3b206c9c67a08879b6ec79b'}}, 'caller': {'address': '0x904b5993fc92979eeedc19ccc58bed6b7216667c'}, 'date': {'date': '2020-08-11'}, 'block': {'height': 10637093}}, {'smartContract': {'address': {'address': '0x8597eb9e005f39f8f70a17aea914b20450abfe60'}}, 'caller': {'address': '0x904b5993fc92979eeedc19ccc58bed6b7216667c'}, 'date': {'date': '2020-08-11'}, 'block': {'height': 10637091}}, {'smartContract': {'address': {'address': '0xc1d816ad4ee531994d940c6c3ecedb948dc2735e'}}, 'caller': {'address': '0x904b5993fc92979eeedc19ccc58bed6b7216667c'}, 'date': {'date': '2020-08-11'}, 'block': {'height': 10637088}}, {'smartContract': {'address': {'address': '0x4e352cf164e64adcbad318c3a1e222e9eba4ce42'}}, 'caller': {'address': '0x904b5993fc92979eeedc19ccc58bed6b7216667c'}, 'date': {'date': '2020-07-04'}, 'block': {'height': 10391739}}, {'smartContract': {'address': {'address': '0xd18019dbd648f9c2794dd3f130ad7490f7f3c173'}}, 'caller': {'address': '0x904b5993fc92979eeedc19ccc58bed6b7216667c'}, 'date': {'date': '2020-07-04'}, 'block': {'height': 10391737}}, {'smartContract': {'address': {'address': '0xc9f6db2d12c3ad65570e09cb98190330d20cabc3'}}, 'caller': {'address': '0x904b5993fc92979eeedc19ccc58bed6b7216667c'}, 'date': {'date': '2020-07-04'}, 'block': {'height': 10391725}}, {'smartContract': {'address': {'address': '0xd72a41aa286f045e9a4d55f589edae141cfc4952'}}, 'caller': {'address': '0x904b5993fc92979eeedc19ccc58bed6b7216667c'}, 'date': {'date': '2020-07-04'}, 'block': {'height': 10390653}}, {'smartContract': {'address': {'address': '0x5bbbaf040a017966c9e966edbb9221b37b2c2923'}}, 'caller': {'address': '0x904b5993fc92979eeedc19ccc58bed6b7216667c'}, 'date': {'date': '2020-07-04'}, 'block': {'height': 10390650}}, {'smartContract': {'address': {'address': '0x21c09c55af2643023efe8775ae20dd23a53585ab'}}, 'caller': {'address': '0x904b5993fc92979eeedc19ccc58bed6b7216667c'}, 'date': {'date': '2020-07-04'}, 'block': {'height': 10390647}}, {'smartContract': {'address': {'address': '0x278d33a37c206966cb6447963cca9246c137a036'}}, 'caller': {'address': '0x904b5993fc92979eeedc19ccc58bed6b7216667c'}, 'date': {'date': '2020-07-04'}, 'block': {'height': 10390644}}, {'smartContract': {'address': {'address': '0x17ec352286d1a8117d39674b6fd20f1e06969408'}}, 'caller': {'address': '0x904b5993fc92979eeedc19ccc58bed6b7216667c'}, 'date': {'date': '2020-07-04'}, 'block': {'height': 10390642}}, {'smartContract': {'address': {'address': '0x6ae6be7b8e48f8ad3ebcccedac31841bc1516239'}}, 'caller': {'address': '0x904b5993fc92979eeedc19ccc58bed6b7216667c'}, 'date': {'date': '2020-07-04'}, 'block': {'height': 10390641}}, {'smartContract': {'address': {'address': '0xf6e88d5aca2d9fbed26de198d2f78dee1c97a369'}}, 'caller': {'address': '0x904b5993fc92979eeedc19ccc58bed6b7216667c'}, 'date': {'date': '2020-07-04'}, 'block': {'height': 10390636}}, {'smartContract': {'address': {'address': '0x21c6e6b19ad4011a5bd270214d98382319de1bcb'}}, 'caller': {'address': '0x904b5993fc92979eeedc19ccc58bed6b7216667c'}, 'date': {'date': '2020-07-04'}, 'block': {'height': 10390635}}, {'smartContract': {'address': {'address': '0xb0f0e4c0615e1905ed08905bf4486f73e7eddd63'}}, 'caller': {'address': '0x904b5993fc92979eeedc19ccc58bed6b7216667c'}, 'date': {'date': '2020-07-04'}, 'block': {'height': 10390634}}, {'smartContract': {'address': {'address': '0x532fe523a638b714ddfbd820d41c68f9e2c6e1db'}}, 'caller': {'address': '0x904b5993fc92979eeedc19ccc58bed6b7216667c'}, 'date': {'date': '2020-07-04'}, 'block': {'height': 10390632}}, {'smartContract': {'address': {'address': '0x4add71348f750b038869ab0ce6c3309a922d1892'}}, 'caller': {'address': '0x904b5993fc92979eeedc19ccc58bed6b7216667c'}, 'date': {'date': '2020-07-04'}, 'block': {'height': 10390630}}, {'smartContract': {'address': {'address': '0x7dbcc4335ccadc2993279052ea070bd2c0786d85'}}, 'caller': {'address': '0x904b5993fc92979eeedc19ccc58bed6b7216667c'}, 'date': {'date': '2020-07-04'}, 'block': {'height': 10390628}}, {'smartContract': {'address': {'address': '0x9cc56b52387ed71c8c29ffad7416f973f0555902'}}, 'caller': {'address': '0x904b5993fc92979eeedc19ccc58bed6b7216667c'}, 'date': {'date': '2020-07-04'}, 'block': {'height': 10389913}}, {'smartContract': {'address': {'address': '0xa9e23857cd6eb5c7ed2159edd68ab5b24285f977'}}, 'caller': {'address': '0x904b5993fc92979eeedc19ccc58bed6b7216667c'}, 'date': {'date': '2020-07-04'}, 'block': {'height': 10389892}}, {'smartContract': {'address': {'address': '0xb7f09da3e0e75d7342d3ec01649903857f0b5075'}}, 'caller': {'address': '0x904b5993fc92979eeedc19ccc58bed6b7216667c'}, 'date': {'date': '2020-07-04'}, 'block': {'height': 10389815}}, {'smartContract': {'address': {'address': '0xba9a70a5dd74343c0dfaa3826d14e96297da171c'}}, 'caller': {'address': '0x904b5993fc92979eeedc19ccc58bed6b7216667c'}, 'date': {'date': '2020-07-04'}, 'block': {'height': 10389807}}, {'smartContract': {'address': {'address': '0x92d8736ce002e9ca4b864377a2ff65b74340d04c'}}, 'caller': {'address': '0x904b5993fc92979eeedc19ccc58bed6b7216667c'}, 'date': {'date': '2020-07-04'}, 'block': {'height': 10389805}}, {'smartContract': {'address': {'address': '0xdd35bd8a76c711783ae2ef5ed0d6bb3fee18fdc3'}}, 'caller': {'address': '0x904b5993fc92979eeedc19ccc58bed6b7216667c'}, 'date': {'date': '2020-07-04'}, 'block': {'height': 10389803}}, {'smartContract': {'address': {'address': '0xe87352f80cf096584d473d7821ffb220ffcceedd'}}, 'caller': {'address': '0x904b5993fc92979eeedc19ccc58bed6b7216667c'}, 'date': {'date': '2020-07-04'}, 'block': {'height': 10389800}}, {'smartContract': {'address': {'address': '0x490a11e5195bb6f1c9c555e744f6bc1b35a3eaea'}}, 'caller': {'address': '0x904b5993fc92979eeedc19ccc58bed6b7216667c'}, 'date': {'date': '2020-07-04'}, 'block': {'height': 10389798}}, {'smartContract': {'address': {'address': '0xe078be6acc9c1e23474d23e2ab2aa0c528c1494e'}}, 'caller': {'address': '0x904b5993fc92979eeedc19ccc58bed6b7216667c'}, 'date': {'date': '2020-07-04'}, 'block': {'height': 10389794}}, {'smartContract': {'address': {'address': '0x89108a54d94152db363318f8085dc8b7abf03323'}}, 'caller': {'address': '0x904b5993fc92979eeedc19ccc58bed6b7216667c'}, 'date': {'date': '2020-07-04'}, 'block': {'height': 10389751}}, {'smartContract': {'address': {'address': '0x42ff3d43979f083c8aa3166298789261b66dc926'}}, 'caller': {'address': '0x904b5993fc92979eeedc19ccc58bed6b7216667c'}, 'date': {'date': '2020-07-04'}, 'block': {'height': 10389743}}, {'smartContract': {'address': {'address': '0x34a99cb066777495ad8ff3def0c39bdec72adae3'}}, 'caller': {'address': '0x904b5993fc92979eeedc19ccc58bed6b7216667c'}, 'date': {'date': '2020-07-04'}, 'block': {'height': 10389719}}, {'smartContract': {'address': {'address': '0xe26b8a84028fe92a2f473b7c114ec95cef73927e'}}, 'caller': {'address': '0x904b5993fc92979eeedc19ccc58bed6b7216667c'}, 'date': {'date': '2020-07-04'}, 'block': {'height': 10389718}}, {'smartContract': {'address': {'address': '0xa8f13a7e97a624e6d0b88d0a4fe7080be7b6ca21'}}, 'caller': {'address': '0x904b5993fc92979eeedc19ccc58bed6b7216667c'}, 'date': {'date': '2020-07-04'}, 'block': {'height': 10389656}}, {'smartContract': {'address': {'address': '0xaaac8434217575643b2d2ab6f12ce8600c625520'}}, 'caller': {'address': '0x904b5993fc92979eeedc19ccc58bed6b7216667c'}, 'date': {'date': '2020-06-18'}, 'block': {'height': 10289335}}, {'smartContract': {'address': {'address': '0x05c363d2b9afc36b070fe2c61711280edc214678'}}, 'caller': {'address': '0x904b5993fc92979eeedc19ccc58bed6b7216667c'}, 'date': {'date': '2020-06-18'}, 'block': {'height': 10289332}}, {'smartContract': {'address': {'address': '0x220a9f0dd581cbc58fcfb907de0454cbf3777f76'}}, 'caller': {'address': '0x904b5993fc92979eeedc19ccc58bed6b7216667c'}, 'date': {'date': '2020-06-18'}, 'block': {'height': 10289326}}, {'smartContract': {'address': {'address': '0xae694fb9dcd1e6195519c0056b2ab19380b26ff2'}}, 'caller': {'address': '0x904b5993fc92979eeedc19ccc58bed6b7216667c'}, 'date': {'date': '2020-06-18'}, 'block': {'height': 10289319}}, {'smartContract': {'address': {'address': '0xcecfd8f50258a38d17c18bd80b8e2c190255f93d'}}, 'caller': {'address': '0x904b5993fc92979eeedc19ccc58bed6b7216667c'}, 'date': {'date': '2020-06-18'}, 'block': {'height': 10289316}}, {'smartContract': {'address': {'address': '0xa3893424d2ba386ddb8f2e35b2c136e66b00dae6'}}, 'caller': {'address': '0x904b5993fc92979eeedc19ccc58bed6b7216667c'}, 'date': {'date': '2020-06-18'}, 'block': {'height': 10288796}}, {'smartContract': {'address': {'address': '0x870643d08ffa7af7f97db74e5bb4b7d934531758'}}, 'caller': {'address': '0x904b5993fc92979eeedc19ccc58bed6b7216667c'}, 'date': {'date': '2020-06-18'}, 'block': {'height': 10288780}}, {'smartContract': {'address': {'address': '0x5365d657663ec94f7999d8389dfbf6c736427ec2'}}, 'caller': {'address': '0x904b5993fc92979eeedc19ccc58bed6b7216667c'}, 'date': {'date': '2020-06-18'}, 'block': {'height': 10288777}}, {'smartContract': {'address': {'address': '0x887c8760c4aa208d6cb0a4af33ed2e8bd2720b4d'}}, 'caller': {'address': '0x904b5993fc92979eeedc19ccc58bed6b7216667c'}, 'date': {'date': '2020-06-18'}, 'block': {'height': 10288753}}, {'smartContract': {'address': {'address': '0x9b2d7d7f7b2810ef2be979fc2acebe6097d9563a'}}, 'caller': {'address': '0x904b5993fc92979eeedc19ccc58bed6b7216667c'}, 'date': {'date': '2020-06-18'}, 'block': {'height': 10288746}}, {'smartContract': {'address': {'address': '0xbf5c98a4ed00c28957b6e15a01102dc2568d2650'}}, 'caller': {'address': '0x904b5993fc92979eeedc19ccc58bed6b7216667c'}, 'date': {'date': '2020-06-18'}, 'block': {'height': 10288738}}, {'smartContract': {'address': {'address': '0x71e77ffbbfd4418ed47981927738b5425c187f64'}}, 'caller': {'address': '0x904b5993fc92979eeedc19ccc58bed6b7216667c'}, 'date': {'date': '2020-06-18'}, 'block': {'height': 10288733}}, {'smartContract': {'address': {'address': '0x53c9df248150ad849bd1badd3c83b0f6cb735052'}}, 'caller': {'address': '0x904b5993fc92979eeedc19ccc58bed6b7216667c'}, 'date': {'date': '2020-06-18'}, 'block': {'height': 10288722}}, {'smartContract': {'address': {'address': '0x7a2177cf45829149446c512a166cdef1df098c1d'}}, 'caller': {'address': '0x904b5993fc92979eeedc19ccc58bed6b7216667c'}, 'date': {'date': '2020-06-18'}, 'block': {'height': 10288719}}, {'smartContract': {'address': {'address': '0x33afb8f833949902eb750ac4a840a1b1f4f64964'}}, 'caller': {'address': '0x904b5993fc92979eeedc19ccc58bed6b7216667c'}, 'date': {'date': '2020-06-15'}, 'block': {'height': 10269492}}, {'smartContract': {'address': {'address': '0x7597d94963ac1e2fd81d8a3f201824164579091d'}}, 'caller': {'address': '0x904b5993fc92979eeedc19ccc58bed6b7216667c'}, 'date': {'date': '2020-06-15'}, 'block': {'height': 10269490}}, {'smartContract': {'address': {'address': '0x255ab183ff9d7cd92195146dfe8d690b6b986b64'}}, 'caller': {'address': '0x904b5993fc92979eeedc19ccc58bed6b7216667c'}, 'date': {'date': '2020-06-15'}, 'block': {'height': 10269487}}, {'smartContract': {'address': {'address': '0xed1c444eedb1254926823a7429afd3e1d3c459be'}}, 'caller': {'address': '0x904b5993fc92979eeedc19ccc58bed6b7216667c'}, 'date': {'date': '2020-06-15'}, 'block': {'height': 10269477}}, {'smartContract': {'address': {'address': '0xf4ce6d5e9cdcd6c91e303b87e27688f01b9bb7bf'}}, 'caller': {'address': '0x904b5993fc92979eeedc19ccc58bed6b7216667c'}, 'date': {'date': '2020-04-17'}, 'block': {'height': 9889008}}, {'smartContract': {'address': {'address': '0xda9f6fb1ef188e081cfbea74ec820a3718e91f21'}}, 'caller': {'address': '0x904b5993fc92979eeedc19ccc58bed6b7216667c'}, 'date': {'date': '2020-04-17'}, 'block': {'height': 9889005}}, {'smartContract': {'address': {'address': '0x92c506d3dd51a37650cc8e352a7551c26e2c607d'}}, 'caller': {'address': '0x904b5993fc92979eeedc19ccc58bed6b7216667c'}, 'date': {'date': '2020-04-17'}, 'block': {'height': 9889001}}]",2020-07-04
110,110,0xf1Dc500FdE233A4055e25e5BbF516372BC4F6871,Saddle DAO,https://github.com/saddle-finance,0x5BDb37d0Ddea3A90F233c7B7F6b9394B6b2eef34,10633256.46,"[{'smartContract': {'address': {'address': '0x3bd4130b83de1215df8611e2fbbe17187c823aa0'}}, 'caller': {'address': '0x5bdb37d0ddea3a90f233c7b7f6b9394b6b2eef34'}, 'date': {'date': '2022-12-13'}, 'block': {'height': 16172910}}, {'smartContract': {'address': {'address': '0x83f87e73148ee05f669293c2f90163b6d0d261ed'}}, 'caller': {'address': '0x5bdb37d0ddea3a90f233c7b7f6b9394b6b2eef34'}, 'date': {'date': '2022-12-13'}, 'block': {'height': 16172900}}, {'smartContract': {'address': {'address': '0x99601e38066d43233e05bbd428ce3cf9e56fa7bd'}}, 'caller': {'address': '0x8b2db87142da4d5ecfa9b416e592df9155a38c2d'}, 'date': {'date': '2022-12-13'}, 'block': {'height': 16172888}}, {'smartContract': {'address': {'address': '0x8b2db87142da4d5ecfa9b416e592df9155a38c2d'}}, 'caller': {'address': '0x5bdb37d0ddea3a90f233c7b7f6b9394b6b2eef34'}, 'date': {'date': '2022-12-13'}, 'block': {'height': 16172877}}, {'smartContract': {'address': {'address': '0xab47edfc33ba5d5bc19fc7d2bcd093f99530bb3d'}}, 'caller': {'address': '0x5bdb37d0ddea3a90f233c7b7f6b9394b6b2eef34'}, 'date': {'date': '2022-12-13'}, 'block': {'height': 16172718}}, {'smartContract': {'address': {'address': '0xce76bb9093d23b006428e463b38b0f8917e457c2'}}, 'caller': {'address': '0xccbe39ffc56915fd88e1aab58010d305441bab26'}, 'date': {'date': '2022-12-13'}, 'block': {'height': 16172716}}, {'smartContract': {'address': {'address': '0xccbe39ffc56915fd88e1aab58010d305441bab26'}}, 'caller': {'address': '0x5bdb37d0ddea3a90f233c7b7f6b9394b6b2eef34'}, 'date': {'date': '2022-12-13'}, 'block': {'height': 16172715}}, {'smartContract': {'address': {'address': '0x4802cedbdf865382dbaed8d5e41a65c8ab840676'}}, 'caller': {'address': '0xa6b71e26c5e0845f74c812102ca7114b6a896ab2'}, 'date': {'date': '2022-11-16'}, 'block': {'height': 15985550}}, {'smartContract': {'address': {'address': '0x44f38ee9df2a051477da758eafadbfd5731bba82'}}, 'caller': {'address': '0x19a5ec09ee74f64573ac53f48a48616ce943c047'}, 'date': {'date': '2022-11-09'}, 'block': {'height': 15930736}}, {'smartContract': {'address': {'address': '0xda7655c90231a6a5720ef6108de3426d7e870fd9'}}, 'caller': {'address': '0x19a5ec09ee74f64573ac53f48a48616ce943c047'}, 'date': {'date': '2022-11-09'}, 'block': {'height': 15930712}}, {'smartContract': {'address': {'address': '0x69dcbef8c34e41684d3c6d44464f394846c03728'}}, 'caller': {'address': '0x19a5ec09ee74f64573ac53f48a48616ce943c047'}, 'date': {'date': '2022-11-09'}, 'block': {'height': 15930706}}, {'smartContract': {'address': {'address': '0x05d0b419c0186d31584ceb352df6e860277f86ae'}}, 'caller': {'address': '0x19a5ec09ee74f64573ac53f48a48616ce943c047'}, 'date': {'date': '2022-11-09'}, 'block': {'height': 15930696}}, {'smartContract': {'address': {'address': '0xf0a24069027cb278bfca485216d79a50f7a18d37'}}, 'caller': {'address': '0x19a5ec09ee74f64573ac53f48a48616ce943c047'}, 'date': {'date': '2022-11-09'}, 'block': {'height': 15930576}}, {'smartContract': {'address': {'address': '0x342c6d31494ece56d9cabd783ab004593eea1961'}}, 'caller': {'address': '0x19a5ec09ee74f64573ac53f48a48616ce943c047'}, 'date': {'date': '2022-11-09'}, 'block': {'height': 15930574}}, {'smartContract': {'address': {'address': '0x0a18d5679c5c8b56da0d87e308db9ee2db701bac'}}, 'caller': {'address': '0x19a5ec09ee74f64573ac53f48a48616ce943c047'}, 'date': {'date': '2022-11-09'}, 'block': {'height': 15930546}}, {'smartContract': {'address': {'address': '0x289532ca1dcce36d05e19af468ec46fc9cb1390e'}}, 'caller': {'address': '0x19a5ec09ee74f64573ac53f48a48616ce943c047'}, 'date': {'date': '2022-11-09'}, 'block': {'height': 15930545}}, {'smartContract': {'address': {'address': '0xb306b7e9d895748a2779586c83112035d8223c7f'}}, 'caller': {'address': '0x19a5ec09ee74f64573ac53f48a48616ce943c047'}, 'date': {'date': '2022-11-09'}, 'block': {'height': 15930543}}, {'smartContract': {'address': {'address': '0xbbcaea4e732173c0de28397421c17a595372c9cf'}}, 'caller': {'address': '0x19a5ec09ee74f64573ac53f48a48616ce943c047'}, 'date': {'date': '2022-11-09'}, 'block': {'height': 15930538}}, {'smartContract': {'address': {'address': '0xcd15b091cd14e9fd9607e829ce0f7167e7ba53d3'}}, 'caller': {'address': '0x19a5ec09ee74f64573ac53f48a48616ce943c047'}, 'date': {'date': '2022-11-09'}, 'block': {'height': 15930532}}, {'smartContract': {'address': {'address': '0x6e1af6fb2b4006603c65dd8fc7796ccff09c86a1'}}, 'caller': {'address': '0x19a5ec09ee74f64573ac53f48a48616ce943c047'}, 'date': {'date': '2022-11-09'}, 'block': {'height': 15930454}}, {'smartContract': {'address': {'address': '0x989bf12fda21c85860075aece903761d8edc8434'}}, 'caller': {'address': '0x19a5ec09ee74f64573ac53f48a48616ce943c047'}, 'date': {'date': '2022-11-09'}, 'block': {'height': 15930452}}, {'smartContract': {'address': {'address': '0xccfd60589f4e15a23ad326a5e2c2d871ed310152'}}, 'caller': {'address': '0x5bdb37d0ddea3a90f233c7b7f6b9394b6b2eef34'}, 'date': {'date': '2022-11-07'}, 'block': {'height': 15916679}}, {'smartContract': {'address': {'address': '0xc1f426d2b5151b139c0895b08c2310f7c804f1ad'}}, 'caller': {'address': '0x5bdb37d0ddea3a90f233c7b7f6b9394b6b2eef34'}, 'date': {'date': '2022-11-07'}, 'block': {'height': 15916678}}, {'smartContract': {'address': {'address': '0x811b699c69ff0abff98091919e637fedcd5dffac'}}, 'caller': {'address': '0x5bdb37d0ddea3a90f233c7b7f6b9394b6b2eef34'}, 'date': {'date': '2022-10-17'}, 'block': {'height': 15769342}}, {'smartContract': {'address': {'address': '0x1933b1d4a372ecbc3713d92f875b330846ae6a2b'}}, 'caller': {'address': '0x8f43fbddc10b822afa26812fb9058ca1fc22078f'}, 'date': {'date': '2022-10-04'}, 'block': {'height': 15677223}}, {'smartContract': {'address': {'address': '0x316afebc535817d3c58cbe68e24ca1c024be7775'}}, 'caller': {'address': '0x1933b1d4a372ecbc3713d92f875b330846ae6a2b'}, 'date': {'date': '2022-10-04'}, 'block': {'height': 15677223}}, {'smartContract': {'address': {'address': '0xdd0e2d8f8e463dd7d54e26b3c38bb26d849eb662'}}, 'caller': {'address': '0xe41389921cc14e2159232bd6debc78924307e5a9'}, 'date': {'date': '2022-10-04'}, 'block': {'height': 15677173}}, {'smartContract': {'address': {'address': '0xc03cd69acb402aac7f6d84bf1a70ce1dd2d7683b'}}, 'caller': {'address': '0x8f43fbddc10b822afa26812fb9058ca1fc22078f'}, 'date': {'date': '2022-10-04'}, 'block': {'height': 15677173}}, {'smartContract': {'address': {'address': '0xe41389921cc14e2159232bd6debc78924307e5a9'}}, 'caller': {'address': '0x8f43fbddc10b822afa26812fb9058ca1fc22078f'}, 'date': {'date': '2022-10-04'}, 'block': {'height': 15677173}}, {'smartContract': {'address': {'address': '0x9980c9b35844946cf3451cc0b43d9b6501f4a96e'}}, 'caller': {'address': '0x5bdb37d0ddea3a90f233c7b7f6b9394b6b2eef34'}, 'date': {'date': '2022-09-29'}, 'block': {'height': 15641690}}, {'smartContract': {'address': {'address': '0x500d0b10a85d9e03f87a5d2e59a681a6631dd6d0'}}, 'caller': {'address': '0x5bdb37d0ddea3a90f233c7b7f6b9394b6b2eef34'}, 'date': {'date': '2022-09-29'}, 'block': {'height': 15641683}}, {'smartContract': {'address': {'address': '0xa3beca25bd2bdd67272556666a7791d772c36571'}}, 'caller': {'address': '0x9ac17f026f0599f77b3513a0a35f0258b0ec77f3'}, 'date': {'date': '2022-09-29'}, 'block': {'height': 15641680}}, {'smartContract': {'address': {'address': '0x9ac17f026f0599f77b3513a0a35f0258b0ec77f3'}}, 'caller': {'address': '0x5bdb37d0ddea3a90f233c7b7f6b9394b6b2eef34'}, 'date': {'date': '2022-09-29'}, 'block': {'height': 15641677}}, {'smartContract': {'address': {'address': '0xfb08672a5d4a302acb5830894a2f9ae804864570'}}, 'caller': {'address': '0x5bdb37d0ddea3a90f233c7b7f6b9394b6b2eef34'}, 'date': {'date': '2022-08-23'}, 'block': {'height': 15396527}}, {'smartContract': {'address': {'address': '0x04b58dc190da2e9b46a3f1ac94f6eca3b683c765'}}, 'caller': {'address': '0x5bdb37d0ddea3a90f233c7b7f6b9394b6b2eef34'}, 'date': {'date': '2022-08-23'}, 'block': {'height': 15396525}}, {'smartContract': {'address': {'address': '0x8b88685b3314cf6503aa835260355dc4c34cfb48'}}, 'caller': {'address': '0x5bdb37d0ddea3a90f233c7b7f6b9394b6b2eef34'}, 'date': {'date': '2022-08-03'}, 'block': {'height': 15266290}}, {'smartContract': {'address': {'address': '0x10170a550d2865b9a23caa6c53a030d54233b972'}}, 'caller': {'address': '0x5bdb37d0ddea3a90f233c7b7f6b9394b6b2eef34'}, 'date': {'date': '2022-08-03'}, 'block': {'height': 15266288}}, {'smartContract': {'address': {'address': '0x9585a54297beaa83f044866678b13d388d0180bf'}}, 'caller': {'address': '0x5bdb37d0ddea3a90f233c7b7f6b9394b6b2eef34'}, 'date': {'date': '2022-07-29'}, 'block': {'height': 15239375}}, {'smartContract': {'address': {'address': '0x4f0e41a37ce2ff1fa654cc93eb03f9d16e65fd11'}}, 'caller': {'address': '0x5bdb37d0ddea3a90f233c7b7f6b9394b6b2eef34'}, 'date': {'date': '2022-07-29'}, 'block': {'height': 15238773}}, {'smartContract': {'address': {'address': '0xaad59b28cc76ed4c9f7c83e697e5cc925fb0b920'}}, 'caller': {'address': '0x1dcb69a2b9148c641a43f731fcee123e2be30bab'}, 'date': {'date': '2022-07-29'}, 'block': {'height': 15238771}}, {'smartContract': {'address': {'address': '0x1dcb69a2b9148c641a43f731fcee123e2be30bab'}}, 'caller': {'address': '0x5bdb37d0ddea3a90f233c7b7f6b9394b6b2eef34'}, 'date': {'date': '2022-07-29'}, 'block': {'height': 15238769}}, {'smartContract': {'address': {'address': '0x50d745c2a2918a47a363a2d32becd6bbc1a53ece'}}, 'caller': {'address': '0x5bdb37d0ddea3a90f233c7b7f6b9394b6b2eef34'}, 'date': {'date': '2022-07-08'}, 'block': {'height': 15104219}}, {'smartContract': {'address': {'address': '0x1ae28a6aca177c29b5773e91fbf74afb0b7fe5c9'}}, 'caller': {'address': '0x2bff1b48cc01284416e681b099a0cddca0231d72'}, 'date': {'date': '2022-07-08'}, 'block': {'height': 15103093}}, {'smartContract': {'address': {'address': '0x2bff1b48cc01284416e681b099a0cddca0231d72'}}, 'caller': {'address': '0x5bdb37d0ddea3a90f233c7b7f6b9394b6b2eef34'}, 'date': {'date': '2022-07-08'}, 'block': {'height': 15103092}}, {'smartContract': {'address': {'address': '0x953693dcb2e9ddc0c1398c1b540b81b63cea5e16'}}, 'caller': {'address': '0x5bdb37d0ddea3a90f233c7b7f6b9394b6b2eef34'}, 'date': {'date': '2022-07-03'}, 'block': {'height': 15072422}}, {'smartContract': {'address': {'address': '0xe9154791883df07e1328b636bcedfccb80fefa38'}}, 'caller': {'address': '0x5bdb37d0ddea3a90f233c7b7f6b9394b6b2eef34'}, 'date': {'date': '2022-07-03'}, 'block': {'height': 15072395}}, {'smartContract': {'address': {'address': '0x3cf7b9479a01eeb3bbfc43581fa3bb21cd888e2a'}}, 'caller': {'address': '0xfb516cf3710fc6901f2266aaeb8834cf5e4e9558'}, 'date': {'date': '2022-07-03'}, 'block': {'height': 15072391}}, {'smartContract': {'address': {'address': '0xfb516cf3710fc6901f2266aaeb8834cf5e4e9558'}}, 'caller': {'address': '0x5bdb37d0ddea3a90f233c7b7f6b9394b6b2eef34'}, 'date': {'date': '2022-07-03'}, 'block': {'height': 15072390}}, {'smartContract': {'address': {'address': '0x4c6a2be3d64048a0624568f91720a8f3884ebfd8'}}, 'caller': {'address': '0x5bdb37d0ddea3a90f233c7b7f6b9394b6b2eef34'}, 'date': {'date': '2022-06-27'}, 'block': {'height': 15036444}}, {'smartContract': {'address': {'address': '0x1085e85a7384dd2f0d46d2918630a1cf174b5853'}}, 'caller': {'address': '0x5bdb37d0ddea3a90f233c7b7f6b9394b6b2eef34'}, 'date': {'date': '2022-06-27'}, 'block': {'height': 15036186}}, {'smartContract': {'address': {'address': '0x3b35a3f9163cf5733837c5b51b1df493c340f8e3'}}, 'caller': {'address': '0x5bdb37d0ddea3a90f233c7b7f6b9394b6b2eef34'}, 'date': {'date': '2022-06-27'}, 'block': {'height': 15035874}}, {'smartContract': {'address': {'address': '0x6ec5dd7d8e396973588f0defd79dca04f844d57c'}}, 'caller': {'address': '0x5bdb37d0ddea3a90f233c7b7f6b9394b6b2eef34'}, 'date': {'date': '2022-06-27'}, 'block': {'height': 15035873}}, {'smartContract': {'address': {'address': '0x104f44551386d603217450822443456229f73ae4'}}, 'caller': {'address': '0x5bdb37d0ddea3a90f233c7b7f6b9394b6b2eef34'}, 'date': {'date': '2022-06-27'}, 'block': {'height': 15035872}}, {'smartContract': {'address': {'address': '0xb2ac3382da625eb41fc803b57743f941a484e2a6'}}, 'caller': {'address': '0x5bdb37d0ddea3a90f233c7b7f6b9394b6b2eef34'}, 'date': {'date': '2022-06-27'}, 'block': {'height': 15035870}}, {'smartContract': {'address': {'address': '0x04d8adaa0563e3c1cfe8295fed1f9c5e6ac9dba1'}}, 'caller': {'address': '0x5bdb37d0ddea3a90f233c7b7f6b9394b6b2eef34'}, 'date': {'date': '2022-06-27'}, 'block': {'height': 15035866}}, {'smartContract': {'address': {'address': '0x253a68c96d6f7b44082a96a8d74c88b1838f304b'}}, 'caller': {'address': '0xa50f208efc277d5a03c991069939beacccda80d9'}, 'date': {'date': '2022-06-27'}, 'block': {'height': 15035863}}, {'smartContract': {'address': {'address': '0xa50f208efc277d5a03c991069939beacccda80d9'}}, 'caller': {'address': '0x5bdb37d0ddea3a90f233c7b7f6b9394b6b2eef34'}, 'date': {'date': '2022-06-27'}, 'block': {'height': 15035862}}, {'smartContract': {'address': {'address': '0xabf69cde7b3725c12b8703005342eb5dd8a95d61'}}, 'caller': {'address': '0x5bdb37d0ddea3a90f233c7b7f6b9394b6b2eef34'}, 'date': {'date': '2022-06-27'}, 'block': {'height': 15035859}}, {'smartContract': {'address': {'address': '0x486dfcfdbf9025c062110e8c0344a15279ad0a85'}}, 'caller': {'address': '0xc765cd3d015626244ad63b5fb63a97c5634643b9'}, 'date': {'date': '2022-06-27'}, 'block': {'height': 15035856}}, {'smartContract': {'address': {'address': '0xc765cd3d015626244ad63b5fb63a97c5634643b9'}}, 'caller': {'address': '0x5bdb37d0ddea3a90f233c7b7f6b9394b6b2eef34'}, 'date': {'date': '2022-06-27'}, 'block': {'height': 15035854}}, {'smartContract': {'address': {'address': '0x7d6c760cbde5a9ad47510a86b9dcc58f9473cdd8'}}, 'caller': {'address': '0x5bdb37d0ddea3a90f233c7b7f6b9394b6b2eef34'}, 'date': {'date': '2022-06-27'}, 'block': {'height': 15035851}}, {'smartContract': {'address': {'address': '0x6ac7a4cb3bfa90dc651cd53eb098e23c88d04e77'}}, 'caller': {'address': '0x69baa0d7c2e864b74173922ca069ac79d3be1556'}, 'date': {'date': '2022-06-27'}, 'block': {'height': 15035848}}, {'smartContract': {'address': {'address': '0x69baa0d7c2e864b74173922ca069ac79d3be1556'}}, 'caller': {'address': '0x5bdb37d0ddea3a90f233c7b7f6b9394b6b2eef34'}, 'date': {'date': '2022-06-27'}, 'block': {'height': 15035847}}, {'smartContract': {'address': {'address': '0x927e6f04609a45b107c789af34ba90ebbf479f7f'}}, 'caller': {'address': '0x13cc34aa8037f722405285ad2c82fe570bfa2bdc'}, 'date': {'date': '2022-06-27'}, 'block': {'height': 15035845}}, {'smartContract': {'address': {'address': '0x13cc34aa8037f722405285ad2c82fe570bfa2bdc'}}, 'caller': {'address': '0x5bdb37d0ddea3a90f233c7b7f6b9394b6b2eef34'}, 'date': {'date': '2022-06-27'}, 'block': {'height': 15035844}}, {'smartContract': {'address': {'address': '0x8020e4134ad6a694adbe9521a12c751e67ce9861'}}, 'caller': {'address': '0x5bdb37d0ddea3a90f233c7b7f6b9394b6b2eef34'}, 'date': {'date': '2022-06-20'}, 'block': {'height': 14998698}}, {'smartContract': {'address': {'address': '0xc64f8a9fe7babeca66d3997c9d15558bf4817be3'}}, 'caller': {'address': '0x5bdb37d0ddea3a90f233c7b7f6b9394b6b2eef34'}, 'date': {'date': '2022-06-20'}, 'block': {'height': 14998695}}, {'smartContract': {'address': {'address': '0x13ba45c2b686c6db7c2e28bd3a9e8edd24b894ed'}}, 'caller': {'address': '0x5bdb37d0ddea3a90f233c7b7f6b9394b6b2eef34'}, 'date': {'date': '2022-06-20'}, 'block': {'height': 14998693}}, {'smartContract': {'address': {'address': '0x3dc88ee38db8c7b6dceb447e4348e51bd87ced93'}}, 'caller': {'address': '0x5bdb37d0ddea3a90f233c7b7f6b9394b6b2eef34'}, 'date': {'date': '2022-06-20'}, 'block': {'height': 14998691}}, {'smartContract': {'address': {'address': '0x2683190e31e8ce47467c98ff1dbc018acdd43c2f'}}, 'caller': {'address': '0x5bdb37d0ddea3a90f233c7b7f6b9394b6b2eef34'}, 'date': {'date': '2022-06-20'}, 'block': {'height': 14998689}}, {'smartContract': {'address': {'address': '0xb79b4fcf7cb4a1c4064ff5b48f71a331880ab53a'}}, 'caller': {'address': '0x5bdb37d0ddea3a90f233c7b7f6b9394b6b2eef34'}, 'date': {'date': '2022-06-20'}, 'block': {'height': 14998686}}, {'smartContract': {'address': {'address': '0x7b2025bf8c5ee8baad9da8c3e3ee45e96ed8b8ea'}}, 'caller': {'address': '0x5bdb37d0ddea3a90f233c7b7f6b9394b6b2eef34'}, 'date': {'date': '2022-06-20'}, 'block': {'height': 14998683}}, {'smartContract': {'address': {'address': '0x702c1b8ec3a77009d5898e18da8f8959b6df2093'}}, 'caller': {'address': '0x5bdb37d0ddea3a90f233c7b7f6b9394b6b2eef34'}, 'date': {'date': '2022-06-20'}, 'block': {'height': 14998679}}, {'smartContract': {'address': {'address': '0x17bde8ebf1e9fda85b9bd1a104266b394e9db33e'}}, 'caller': {'address': '0x5bdb37d0ddea3a90f233c7b7f6b9394b6b2eef34'}, 'date': {'date': '2022-06-20'}, 'block': {'height': 14998676}}, {'smartContract': {'address': {'address': '0x8b701e9b3a1887fe9b0c7936a8233b39408e69f6'}}, 'caller': {'address': '0x5bdb37d0ddea3a90f233c7b7f6b9394b6b2eef34'}, 'date': {'date': '2022-06-20'}, 'block': {'height': 14998674}}, {'smartContract': {'address': {'address': '0xabd040a92d29cdc59837e79651bb2979ea66ce04'}}, 'caller': {'address': '0x5bdb37d0ddea3a90f233c7b7f6b9394b6b2eef34'}, 'date': {'date': '2022-06-20'}, 'block': {'height': 14998670}}, {'smartContract': {'address': {'address': '0xc7b10d3b08ceb05d8ff58a3c781225d9a72078ae'}}, 'caller': {'address': '0x5bdb37d0ddea3a90f233c7b7f6b9394b6b2eef34'}, 'date': {'date': '2022-06-20'}, 'block': {'height': 14998668}}, {'smartContract': {'address': {'address': '0x358fe82370a1b9adae2e3ad69d6cf9e503c96018'}}, 'caller': {'address': '0x5bdb37d0ddea3a90f233c7b7f6b9394b6b2eef34'}, 'date': {'date': '2022-06-20'}, 'block': {'height': 14998667}}, {'smartContract': {'address': {'address': '0x99cb6c36816de2131ef2626bb5def7e5cc8b9b14'}}, 'caller': {'address': '0x5bdb37d0ddea3a90f233c7b7f6b9394b6b2eef34'}, 'date': {'date': '2022-06-20'}, 'block': {'height': 14998666}}, {'smartContract': {'address': {'address': '0x99d99a4aaa2f012d61369242ec581a1682d615de'}}, 'caller': {'address': '0x5bdb37d0ddea3a90f233c7b7f6b9394b6b2eef34'}, 'date': {'date': '2022-06-20'}, 'block': {'height': 14998665}}, {'smartContract': {'address': {'address': '0xc7a0e3a5952d4e8a45ebf5e7464c8fbc43f7d081'}}, 'caller': {'address': '0x5bdb37d0ddea3a90f233c7b7f6b9394b6b2eef34'}, 'date': {'date': '2022-06-20'}, 'block': {'height': 14998664}}, {'smartContract': {'address': {'address': '0xd2751cdbed54b87777e805be36670d7aeae73bb2'}}, 'caller': {'address': '0x5bdb37d0ddea3a90f233c7b7f6b9394b6b2eef34'}, 'date': {'date': '2022-06-20'}, 'block': {'height': 14998663}}, {'smartContract': {'address': {'address': '0x0c6f06b32e6ae0c110861b8607e67da594781961'}}, 'caller': {'address': '0xc0aee478e3658e2610c5f7a4a2e1777ce9e4f2ac'}, 'date': {'date': '2022-06-17'}, 'block': {'height': 14979742}}, {'smartContract': {'address': {'address': '0x65a094427dee5067782739870f92527e27501bcb'}}, 'caller': {'address': '0xc0aee478e3658e2610c5f7a4a2e1777ce9e4f2ac'}, 'date': {'date': '2022-06-02'}, 'block': {'height': 14889889}}, {'smartContract': {'address': {'address': '0xc09d3bb5c87e8a8b239cda9551279801a92c317f'}}, 'caller': {'address': '0x5bdb37d0ddea3a90f233c7b7f6b9394b6b2eef34'}, 'date': {'date': '2022-06-02'}, 'block': {'height': 14889221}}, {'smartContract': {'address': {'address': '0x0785addf5f7334adb7ec40cd785ebf39bfd91520'}}, 'caller': {'address': '0x8caea59f3bf1f341f89c51607e4919841131e47a'}, 'date': {'date': '2022-05-26'}, 'block': {'height': 14849494}}, {'smartContract': {'address': {'address': '0x8caea59f3bf1f341f89c51607e4919841131e47a'}}, 'caller': {'address': '0xf6c2e0adc659007ba7c48446f5a4e4e94dfe08b5'}, 'date': {'date': '2022-05-26'}, 'block': {'height': 14849494}}, {'smartContract': {'address': {'address': '0x1b4ab394327fdf9524632ddf2f0f04f9fa1fe2ec'}}, 'caller': {'address': '0x101cd330d088634b6f64c2eb4276e63bf1bbfde3'}, 'date': {'date': '2022-05-19'}, 'block': {'height': 14806915}}, {'smartContract': {'address': {'address': '0x101cd330d088634b6f64c2eb4276e63bf1bbfde3'}}, 'caller': {'address': '0xf6c2e0adc659007ba7c48446f5a4e4e94dfe08b5'}, 'date': {'date': '2022-05-19'}, 'block': {'height': 14806915}}, {'smartContract': {'address': {'address': '0x671d5942f901f5c60e4ebad1c3bf284a4d28c675'}}, 'caller': {'address': '0xf6c2e0adc659007ba7c48446f5a4e4e94dfe08b5'}, 'date': {'date': '2022-05-13'}, 'block': {'height': 14769542}}, {'smartContract': {'address': {'address': '0x0db8b09c13fe21913faf463274ce8e0a51719f16'}}, 'caller': {'address': '0xb62222b941e9b652be3632eea062cb0ff66b1d1c'}, 'date': {'date': '2022-05-13'}, 'block': {'height': 14769540}}, {'smartContract': {'address': {'address': '0xb62222b941e9b652be3632eea062cb0ff66b1d1c'}}, 'caller': {'address': '0xf6c2e0adc659007ba7c48446f5a4e4e94dfe08b5'}, 'date': {'date': '2022-05-13'}, 'block': {'height': 14769540}}, {'smartContract': {'address': {'address': '0x4946de721ce70d4b7aa226aa0fe869c935769388'}}, 'caller': {'address': '0xf6c2e0adc659007ba7c48446f5a4e4e94dfe08b5'}, 'date': {'date': '2022-05-13'}, 'block': {'height': 14769536}}, {'smartContract': {'address': {'address': '0xa2e81eb93f0f9814ae9a3bea2d2a63408f2709c1'}}, 'caller': {'address': '0xfa9ed0309bf79eb84c847819f0b3cb84f6d351af'}, 'date': {'date': '2022-05-13'}, 'block': {'height': 14769535}}, {'smartContract': {'address': {'address': '0xfa9ed0309bf79eb84c847819f0b3cb84f6d351af'}}, 'caller': {'address': '0xf6c2e0adc659007ba7c48446f5a4e4e94dfe08b5'}, 'date': {'date': '2022-05-13'}, 'block': {'height': 14769535}}, {'smartContract': {'address': {'address': '0xb98fd1f66884cd5786b37cde040b9f0cf763866f'}}, 'caller': {'address': '0xf6c2e0adc659007ba7c48446f5a4e4e94dfe08b5'}, 'date': {'date': '2022-05-13'}, 'block': {'height': 14769531}}, {'smartContract': {'address': {'address': '0x444f94460a641429cda4e38e02e51642cc38276a'}}, 'caller': {'address': '0x4568727f50c7246ded8c39214ed6ff3c157f080d'}, 'date': {'date': '2022-05-13'}, 'block': {'height': 14769528}}, {'smartContract': {'address': {'address': '0x4568727f50c7246ded8c39214ed6ff3c157f080d'}}, 'caller': {'address': '0x5bdb37d0ddea3a90f233c7b7f6b9394b6b2eef34'}, 'date': {'date': '2022-05-13'}, 'block': {'height': 14769527}}, {'smartContract': {'address': {'address': '0x505736d427c313cdecdbf72049eb944e53b3065b'}}, 'caller': {'address': '0x5bdb37d0ddea3a90f233c7b7f6b9394b6b2eef34'}, 'date': {'date': '2022-05-12'}, 'block': {'height': 14763402}}, {'smartContract': {'address': {'address': '0x8f43fbddc10b822afa26812fb9058ca1fc22078f'}}, 'caller': {'address': '0x5bdb37d0ddea3a90f233c7b7f6b9394b6b2eef34'}, 'date': {'date': '2022-04-26'}, 'block': {'height': 14658615}}]",2021-11-16
111,111,0x04Fa0d235C4abf4BcF4787aF4CF447DE572eF828,UMA Voting Token v1 (UMA),https://github.com/UMAprotocol/protocol,0x2bAaA41d155ad8a4126184950B31F50A1513cE25,9767722.19,"[{'smartContract': {'address': {'address': '0xd18e2a433664f9459cccbd4bee0057a7bc57e707'}}, 'caller': {'address': '0x2baaa41d155ad8a4126184950b31f50a1513ce25'}, 'date': {'date': '2020-09-19'}, 'block': {'height': 10893081}}, {'smartContract': {'address': {'address': '0x1d847fb6e04437151736a53f09b6e49713a52aad'}}, 'caller': {'address': '0x2baaa41d155ad8a4126184950b31f50a1513ce25'}, 'date': {'date': '2020-09-19'}, 'block': {'height': 10893080}}, {'smartContract': {'address': {'address': '0xdbf90434df0b98219f87d112f37d74b1d90758c7'}}, 'caller': {'address': '0x2baaa41d155ad8a4126184950b31f50a1513ce25'}, 'date': {'date': '2020-07-18'}, 'block': {'height': 10484890}}, {'smartContract': {'address': {'address': '0xdebb91ab3e473025bb8ce278c02361a3c4f13124'}}, 'caller': {'address': '0x2baaa41d155ad8a4126184950b31f50a1513ce25'}, 'date': {'date': '2020-05-15'}, 'block': {'height': 10073466}}, {'smartContract': {'address': {'address': '0x730674363e2de4e30489dc37f0cd12abdcfc6e39'}}, 'caller': {'address': '0x2baaa41d155ad8a4126184950b31f50a1513ce25'}, 'date': {'date': '2020-04-24'}, 'block': {'height': 9937711}}, {'smartContract': {'address': {'address': '0xcf649d9da4d1362c4daea67573430bd6f945e570'}}, 'caller': {'address': '0x2baaa41d155ad8a4126184950b31f50a1513ce25'}, 'date': {'date': '2020-04-24'}, 'block': {'height': 9937679}}, {'smartContract': {'address': {'address': '0x4e6ccb1da3c7844887f9a5af4e8450d9fd90317a'}}, 'caller': {'address': '0x2baaa41d155ad8a4126184950b31f50a1513ce25'}, 'date': {'date': '2020-04-24'}, 'block': {'height': 9937664}}, {'smartContract': {'address': {'address': '0x3e532e6222afe9bcf02dcb87216802c75d5113ae'}}, 'caller': {'address': '0x2baaa41d155ad8a4126184950b31f50a1513ce25'}, 'date': {'date': '2020-04-24'}, 'block': {'height': 9937650}}, {'smartContract': {'address': {'address': '0x9921810c710e7c3f7a7c6831e30929f19537a545'}}, 'caller': {'address': '0x2baaa41d155ad8a4126184950b31f50a1513ce25'}, 'date': {'date': '2020-04-24'}, 'block': {'height': 9937588}}, {'smartContract': {'address': {'address': '0x54f44ea3d2e7aa0ac089c4d8f7c93c27844057bf'}}, 'caller': {'address': '0x2baaa41d155ad8a4126184950b31f50a1513ce25'}, 'date': {'date': '2020-04-24'}, 'block': {'height': 9937562}}, {'smartContract': {'address': {'address': '0x592349f7dedb2b75f9d4f194d4b7c16d82e507dc'}}, 'caller': {'address': '0x2baaa41d155ad8a4126184950b31f50a1513ce25'}, 'date': {'date': '2020-04-24'}, 'block': {'height': 9937467}}, {'smartContract': {'address': {'address': '0x815a168ad337f6e6edaa300e7b2cd3b0a3687bee'}}, 'caller': {'address': '0x2baaa41d155ad8a4126184950b31f50a1513ce25'}, 'date': {'date': '2020-04-23'}, 'block': {'height': 9931294}}, {'smartContract': {'address': {'address': '0x841416642293f075d3a1708e7afeb258b18e2dd4'}}, 'caller': {'address': '0x2baaa41d155ad8a4126184950b31f50a1513ce25'}, 'date': {'date': '2020-04-23'}, 'block': {'height': 9931238}}, {'smartContract': {'address': {'address': '0x0e808507e1692876ae6bebc35da3e13801e63bfa'}}, 'caller': {'address': '0x2baaa41d155ad8a4126184950b31f50a1513ce25'}, 'date': {'date': '2020-04-23'}, 'block': {'height': 9931231}}, {'smartContract': {'address': {'address': '0x7f4eef331348b99850f25dd4f2ab8336a7276311'}}, 'caller': {'address': '0x2baaa41d155ad8a4126184950b31f50a1513ce25'}, 'date': {'date': '2020-04-23'}, 'block': {'height': 9931225}}, {'smartContract': {'address': {'address': '0x878cfedb234c226ddefd33657937af74c17628bf'}}, 'caller': {'address': '0x2baaa41d155ad8a4126184950b31f50a1513ce25'}, 'date': {'date': '2020-04-23'}, 'block': {'height': 9931217}}, {'smartContract': {'address': {'address': '0x9e39424eab9161cc3399d886b1428cba71586cb8'}}, 'caller': {'address': '0x2baaa41d155ad8a4126184950b31f50a1513ce25'}, 'date': {'date': '2020-04-23'}, 'block': {'height': 9931213}}, {'smartContract': {'address': {'address': '0x3b99859be43d543960803c09a0247106e82e74ee'}}, 'caller': {'address': '0x2baaa41d155ad8a4126184950b31f50a1513ce25'}, 'date': {'date': '2020-04-23'}, 'block': {'height': 9931207}}, {'smartContract': {'address': {'address': '0x74d367e2207e52f05963479e8395cf44909f075b'}}, 'caller': {'address': '0x2baaa41d155ad8a4126184950b31f50a1513ce25'}, 'date': {'date': '2020-04-23'}, 'block': {'height': 9931131}}, {'smartContract': {'address': {'address': '0x46209e15a14f602897e6d72da858a6ad806403f1'}}, 'caller': {'address': '0x2baaa41d155ad8a4126184950b31f50a1513ce25'}, 'date': {'date': '2020-04-23'}, 'block': {'height': 9931129}}, {'smartContract': {'address': {'address': '0x7492cdbc126ffc05c32249a470982173870e95b0'}}, 'caller': {'address': '0x2baaa41d155ad8a4126184950b31f50a1513ce25'}, 'date': {'date': '2020-04-23'}, 'block': {'height': 9931128}}]",2020-01-09
112,112,0xa3d58c4E56fedCae3a7c43A725aeE9A71F0ece4e,Metronome (MET),,0x92Da8f5c7f4DC96a080B5d4E8183C1bF6510Ae18,9555558.799,[],2018-05-23
113,113,0x62359Ed7505Efc61FF1D56fEF82158CcaffA23D7,cVault.finance,https://github.com/cVault-finance,0x5A16552f59ea34E44ec81E58b3817833E9fD5436,8850140.44,"[{'smartContract': {'address': {'address': '0x1d9a94f43a7c6e452a45c0039dde717b8f089a5b'}}, 'caller': {'address': '0x5a16552f59ea34e44ec81e58b3817833e9fd5436'}, 'date': {'date': '2022-03-22'}, 'block': {'height': 14438063}}, {'smartContract': {'address': {'address': '0x9e20ec2933afe047a7854960ba6e81e02c54c38b'}}, 'caller': {'address': '0x5a16552f59ea34e44ec81e58b3817833e9fd5436'}, 'date': {'date': '2022-02-24'}, 'block': {'height': 14270593}}, {'smartContract': {'address': {'address': '0x3554fc4998f83967dcab5b2ef858e8e63fefbd26'}}, 'caller': {'address': '0x5a16552f59ea34e44ec81e58b3817833e9fd5436'}, 'date': {'date': '2022-02-23'}, 'block': {'height': 14264684}}, {'smartContract': {'address': {'address': '0x9d38902cd69a42441a98237d67ea257016dd1796'}}, 'caller': {'address': '0x5a16552f59ea34e44ec81e58b3817833e9fd5436'}, 'date': {'date': '2022-02-04'}, 'block': {'height': 14142090}}, {'smartContract': {'address': {'address': '0x98505e6ec84ce8d5da63eabee768e5a74c5e8d65'}}, 'caller': {'address': '0x5a16552f59ea34e44ec81e58b3817833e9fd5436'}, 'date': {'date': '2022-02-04'}, 'block': {'height': 14142051}}, {'smartContract': {'address': {'address': '0x4668150f005a53997794dade1ef495329ee47f49'}}, 'caller': {'address': '0x5a16552f59ea34e44ec81e58b3817833e9fd5436'}, 'date': {'date': '2022-02-04'}, 'block': {'height': 14141192}}, {'smartContract': {'address': {'address': '0x708722e26de791459e3faee0667d3e26a75059d2'}}, 'caller': {'address': '0x5a16552f59ea34e44ec81e58b3817833e9fd5436'}, 'date': {'date': '2022-01-20'}, 'block': {'height': 14044885}}, {'smartContract': {'address': {'address': '0xf66cd2f8755a21d3c8683a10269f795c0532dd58'}}, 'caller': {'address': '0x5a16552f59ea34e44ec81e58b3817833e9fd5436'}, 'date': {'date': '2022-01-20'}, 'block': {'height': 14044685}}, {'smartContract': {'address': {'address': '0xc3fb0b7a48b56ac5f2cf08ff07ea1878d63caad0'}}, 'caller': {'address': '0x5a16552f59ea34e44ec81e58b3817833e9fd5436'}, 'date': {'date': '2022-01-20'}, 'block': {'height': 14044118}}, {'smartContract': {'address': {'address': '0xe508a37101fce81ab412626ee5f1a648244380de'}}, 'caller': {'address': '0x5a16552f59ea34e44ec81e58b3817833e9fd5436'}, 'date': {'date': '2022-01-19'}, 'block': {'height': 14033238}}, {'smartContract': {'address': {'address': '0x54b276c8a484ebf2a244d933af5ffaf595ea58c5'}}, 'caller': {'address': '0x5a16552f59ea34e44ec81e58b3817833e9fd5436'}, 'date': {'date': '2022-01-19'}, 'block': {'height': 14033217}}, {'smartContract': {'address': {'address': '0x80af363fd2833c24a43d88b78f172b36c17c4cdd'}}, 'caller': {'address': '0x5a16552f59ea34e44ec81e58b3817833e9fd5436'}, 'date': {'date': '2022-01-19'}, 'block': {'height': 14033191}}, {'smartContract': {'address': {'address': '0x6e570dc0531e786a703f778a1d1c2b6ffba0b53d'}}, 'caller': {'address': '0x5a16552f59ea34e44ec81e58b3817833e9fd5436'}, 'date': {'date': '2021-05-05'}, 'block': {'height': 12374679}}, {'smartContract': {'address': {'address': '0xf6dd68031a22c8a3f1e7a424ce8f43a1e1a3be3e'}}, 'caller': {'address': '0x904cf9487312f1034814056f1f99be49e74bcc70'}, 'date': {'date': '2021-04-16'}, 'block': {'height': 12247873}}, {'smartContract': {'address': {'address': '0xb8ee07b5ed2ff9dae6c504c9dee84151f844a591'}}, 'caller': {'address': '0x904cf9487312f1034814056f1f99be49e74bcc70'}, 'date': {'date': '2021-04-16'}, 'block': {'height': 12247873}}, {'smartContract': {'address': {'address': '0xca00f8eef4ce1f9183e06fa25fe7872fedcf7456'}}, 'caller': {'address': '0x904cf9487312f1034814056f1f99be49e74bcc70'}, 'date': {'date': '2021-04-16'}, 'block': {'height': 12247873}}, {'smartContract': {'address': {'address': '0x7ca9b4bab4e16bebedcff403f7397935d905f0d3'}}, 'caller': {'address': '0x5a16552f59ea34e44ec81e58b3817833e9fd5436'}, 'date': {'date': '2021-04-14'}, 'block': {'height': 12240993}}, {'smartContract': {'address': {'address': '0xdaeca59d122b51c815ecb8719629ef1306a32118'}}, 'caller': {'address': '0x5a16552f59ea34e44ec81e58b3817833e9fd5436'}, 'date': {'date': '2021-04-14'}, 'block': {'height': 12240572}}, {'smartContract': {'address': {'address': '0x865834b597be14cb0fe5e1e86bf12ba01fec1d77'}}, 'caller': {'address': '0x5a16552f59ea34e44ec81e58b3817833e9fd5436'}, 'date': {'date': '2021-04-14'}, 'block': {'height': 12240565}}, {'smartContract': {'address': {'address': '0xd8a55f64835d6e9925b1fe69e5e942bc0accf506'}}, 'caller': {'address': '0x5a16552f59ea34e44ec81e58b3817833e9fd5436'}, 'date': {'date': '2021-04-14'}, 'block': {'height': 12240494}}, {'smartContract': {'address': {'address': '0xc0d019a4ffd6d1ba7fba6de77caa81af60586167'}}, 'caller': {'address': '0x5a16552f59ea34e44ec81e58b3817833e9fd5436'}, 'date': {'date': '2021-04-14'}, 'block': {'height': 12238915}}, {'smartContract': {'address': {'address': '0x9dbbfebf347758c5ef6b96fddcb0f6d0fa840220'}}, 'caller': {'address': '0x5a16552f59ea34e44ec81e58b3817833e9fd5436'}, 'date': {'date': '2021-04-14'}, 'block': {'height': 12238874}}, {'smartContract': {'address': {'address': '0x904cf9487312f1034814056f1f99be49e74bcc70'}}, 'caller': {'address': '0x5a16552f59ea34e44ec81e58b3817833e9fd5436'}, 'date': {'date': '2021-04-14'}, 'block': {'height': 12238830}}, {'smartContract': {'address': {'address': '0x75c50f4f9b0478fe6ad8481f44030247b0d8b2fc'}}, 'caller': {'address': '0x5a16552f59ea34e44ec81e58b3817833e9fd5436'}, 'date': {'date': '2021-04-14'}, 'block': {'height': 12238806}}, {'smartContract': {'address': {'address': '0x40874dd359743f9b230076f2fa2711fcfb3b93cb'}}, 'caller': {'address': '0x5a16552f59ea34e44ec81e58b3817833e9fd5436'}, 'date': {'date': '2021-04-14'}, 'block': {'height': 12238766}}, {'smartContract': {'address': {'address': '0xf249c5b422758d91d8f05e1cc5fc85cf4b667461'}}, 'caller': {'address': '0x5a16552f59ea34e44ec81e58b3817833e9fd5436'}, 'date': {'date': '2021-04-08'}, 'block': {'height': 12201660}}, {'smartContract': {'address': {'address': '0x9e349ff624e8872afaefd3d25c4e5666011a67a5'}}, 'caller': {'address': '0x5a16552f59ea34e44ec81e58b3817833e9fd5436'}, 'date': {'date': '2021-04-08'}, 'block': {'height': 12196023}}, {'smartContract': {'address': {'address': '0x25858ce5f5ff0c615942c97068f56eab49fe71da'}}, 'caller': {'address': '0x5a16552f59ea34e44ec81e58b3817833e9fd5436'}, 'date': {'date': '2021-04-08'}, 'block': {'height': 12195904}}, {'smartContract': {'address': {'address': '0xdad70b25fbbaba9613a18d9301987ccd896f9fe8'}}, 'caller': {'address': '0x5a16552f59ea34e44ec81e58b3817833e9fd5436'}, 'date': {'date': '2021-04-07'}, 'block': {'height': 12194040}}, {'smartContract': {'address': {'address': '0xa1a9571fc12f3ee2a750adfd9bd4720ea3de71d0'}}, 'caller': {'address': '0x5a16552f59ea34e44ec81e58b3817833e9fd5436'}, 'date': {'date': '2021-04-07'}, 'block': {'height': 12193971}}, {'smartContract': {'address': {'address': '0x7c0f5f9d36be65227a325e51f215172367d6e01a'}}, 'caller': {'address': '0x5a16552f59ea34e44ec81e58b3817833e9fd5436'}, 'date': {'date': '2021-04-07'}, 'block': {'height': 12193948}}, {'smartContract': {'address': {'address': '0x867dacc8bca7c6339cbdeb9a536507a7d7058634'}}, 'caller': {'address': '0x5a16552f59ea34e44ec81e58b3817833e9fd5436'}, 'date': {'date': '2021-04-07'}, 'block': {'height': 12193848}}, {'smartContract': {'address': {'address': '0xa0bb29c7b5af808bdbf020766113d864f9262a61'}}, 'caller': {'address': '0x5a16552f59ea34e44ec81e58b3817833e9fd5436'}, 'date': {'date': '2021-04-07'}, 'block': {'height': 12193834}}, {'smartContract': {'address': {'address': '0x6bf15a530314d80baa5560539d7f327f3dbe0eec'}}, 'caller': {'address': '0x5a16552f59ea34e44ec81e58b3817833e9fd5436'}, 'date': {'date': '2021-04-06'}, 'block': {'height': 12187341}}, {'smartContract': {'address': {'address': '0x7e7ac62d8d2873c4e9ff93d6f08bd03ff9bbe96c'}}, 'caller': {'address': '0x5a16552f59ea34e44ec81e58b3817833e9fd5436'}, 'date': {'date': '2021-04-02'}, 'block': {'height': 12157095}}, {'smartContract': {'address': {'address': '0x42716df6b1dbda9ac05526f18882cbeb6853387b'}}, 'caller': {'address': '0x5a16552f59ea34e44ec81e58b3817833e9fd5436'}, 'date': {'date': '2021-04-02'}, 'block': {'height': 12157079}}, {'smartContract': {'address': {'address': '0x969a34dea532cdb1340f4291a7bc606f188df248'}}, 'caller': {'address': '0x5a16552f59ea34e44ec81e58b3817833e9fd5436'}, 'date': {'date': '2021-04-02'}, 'block': {'height': 12157062}}, {'smartContract': {'address': {'address': '0x382a9a8927f97f7489af3f0c202b23ed1eb772b5'}}, 'caller': {'address': '0x5c69bee701ef814a2b6a3edd4b1652cb9cc5aa6f'}, 'date': {'date': '2021-03-31'}, 'block': {'height': 12147523}}, {'smartContract': {'address': {'address': '0x7296368fe9bcb25d3ecc19af13655b907818cc09'}}, 'caller': {'address': '0x0629056846681d820728653fe0916cb2e80ff4dd'}, 'date': {'date': '2021-03-31'}, 'block': {'height': 12147523}}, {'smartContract': {'address': {'address': '0xa8a9da203d9840793d86d3d12467aea6f042b8a4'}}, 'caller': {'address': '0x5a16552f59ea34e44ec81e58b3817833e9fd5436'}, 'date': {'date': '2021-03-29'}, 'block': {'height': 12136316}}, {'smartContract': {'address': {'address': '0x36e6b83bfb960f64218b82858ecd89a8351538fb'}}, 'caller': {'address': '0x5a16552f59ea34e44ec81e58b3817833e9fd5436'}, 'date': {'date': '2021-03-29'}, 'block': {'height': 12136302}}, {'smartContract': {'address': {'address': '0x9c92c7dc68c7ad09c6dc286319d206f32d88cac7'}}, 'caller': {'address': '0x5a16552f59ea34e44ec81e58b3817833e9fd5436'}, 'date': {'date': '2021-03-28'}, 'block': {'height': 12129916}}, {'smartContract': {'address': {'address': '0x9282d0831100a8b0d30b862929bd9238913cc7b0'}}, 'caller': {'address': '0x5a16552f59ea34e44ec81e58b3817833e9fd5436'}, 'date': {'date': '2021-03-28'}, 'block': {'height': 12129785}}, {'smartContract': {'address': {'address': '0xed686b17db3ae6fd2f614519b8b47ae1fef8fe15'}}, 'caller': {'address': '0x5a16552f59ea34e44ec81e58b3817833e9fd5436'}, 'date': {'date': '2021-03-28'}, 'block': {'height': 12129743}}, {'smartContract': {'address': {'address': '0x5bcada0d7f07ebe2677e11045644def7949aba1b'}}, 'caller': {'address': '0x5a16552f59ea34e44ec81e58b3817833e9fd5436'}, 'date': {'date': '2021-03-28'}, 'block': {'height': 12129236}}, {'smartContract': {'address': {'address': '0x0912f4ecabe8cbc076d37c248942b8721f169c8e'}}, 'caller': {'address': '0x5a16552f59ea34e44ec81e58b3817833e9fd5436'}, 'date': {'date': '2021-03-28'}, 'block': {'height': 12129224}}, {'smartContract': {'address': {'address': '0xbfa5b7b4b0e22700b49e4051ace0c2a2263629a2'}}, 'caller': {'address': '0x5a16552f59ea34e44ec81e58b3817833e9fd5436'}, 'date': {'date': '2021-03-28'}, 'block': {'height': 12129169}}, {'smartContract': {'address': {'address': '0x3d4eba67a81cda00ac6b4aa0ddb72eecdb612ee1'}}, 'caller': {'address': '0x5a16552f59ea34e44ec81e58b3817833e9fd5436'}, 'date': {'date': '2021-03-28'}, 'block': {'height': 12129088}}, {'smartContract': {'address': {'address': '0xb0a3f83e879c20bbd2187a773ceabf371e788654'}}, 'caller': {'address': '0x5a16552f59ea34e44ec81e58b3817833e9fd5436'}, 'date': {'date': '2021-03-28'}, 'block': {'height': 12129065}}, {'smartContract': {'address': {'address': '0x7b3e8f6f30163d22203d0d86c608ca1a056345bc'}}, 'caller': {'address': '0x5a16552f59ea34e44ec81e58b3817833e9fd5436'}, 'date': {'date': '2021-03-28'}, 'block': {'height': 12128394}}, {'smartContract': {'address': {'address': '0x7d7e813082ef6c143277c71786e5be626ec77b20'}}, 'caller': {'address': '0x5c69bee701ef814a2b6a3edd4b1652cb9cc5aa6f'}, 'date': {'date': '2021-03-28'}, 'block': {'height': 12128383}}, {'smartContract': {'address': {'address': '0xa4079d05467dc8b68f93dff1eb024ab1196f7cb0'}}, 'caller': {'address': '0x5a16552f59ea34e44ec81e58b3817833e9fd5436'}, 'date': {'date': '2021-03-28'}, 'block': {'height': 12128157}}, {'smartContract': {'address': {'address': '0x1b0b4754698aa98cd229f75a463de83242a4765a'}}, 'caller': {'address': '0x5a16552f59ea34e44ec81e58b3817833e9fd5436'}, 'date': {'date': '2021-03-28'}, 'block': {'height': 12128093}}, {'smartContract': {'address': {'address': '0x44d59c297949b49bc63372c13ce39d7aa9fb40a1'}}, 'caller': {'address': '0x5a16552f59ea34e44ec81e58b3817833e9fd5436'}, 'date': {'date': '2021-03-28'}, 'block': {'height': 12128063}}, {'smartContract': {'address': {'address': '0x021af35df295dcfbe769e0e08f22de7252a63c34'}}, 'caller': {'address': '0x5a16552f59ea34e44ec81e58b3817833e9fd5436'}, 'date': {'date': '2021-03-28'}, 'block': {'height': 12128037}}, {'smartContract': {'address': {'address': '0x370f101ad006b10f3050ed2621924e72d1d77436'}}, 'caller': {'address': '0x5a16552f59ea34e44ec81e58b3817833e9fd5436'}, 'date': {'date': '2021-03-28'}, 'block': {'height': 12128000}}, {'smartContract': {'address': {'address': '0x251bbe8c7abc2a1ca8d0b25fc1149abe6160a943'}}, 'caller': {'address': '0x5a16552f59ea34e44ec81e58b3817833e9fd5436'}, 'date': {'date': '2021-03-28'}, 'block': {'height': 12127969}}, {'smartContract': {'address': {'address': '0x5ee58d2c089e98d896f2ed74827135d3cbc4afeb'}}, 'caller': {'address': '0x9ea3b5b4ec044b70375236a281986106457b20ef'}, 'date': {'date': '2021-03-28'}, 'block': {'height': 12127830}}, {'smartContract': {'address': {'address': '0x9ea3b5b4ec044b70375236a281986106457b20ef'}}, 'caller': {'address': '0x5a16552f59ea34e44ec81e58b3817833e9fd5436'}, 'date': {'date': '2021-03-28'}, 'block': {'height': 12127830}}, {'smartContract': {'address': {'address': '0x7be061be6010a2616df43f4dc87d84dc3a3314fe'}}, 'caller': {'address': '0x9ea3b5b4ec044b70375236a281986106457b20ef'}, 'date': {'date': '2021-03-28'}, 'block': {'height': 12127830}}, {'smartContract': {'address': {'address': '0x4a2e6b0722c403af6cf7df7b7615b48be50fc752'}}, 'caller': {'address': '0x9ea3b5b4ec044b70375236a281986106457b20ef'}, 'date': {'date': '2021-03-28'}, 'block': {'height': 12127830}}, {'smartContract': {'address': {'address': '0xeb0ded92a7fb85bdbda0130057e1f562d2fb2718'}}, 'caller': {'address': '0x9ea3b5b4ec044b70375236a281986106457b20ef'}, 'date': {'date': '2021-03-28'}, 'block': {'height': 12127830}}, {'smartContract': {'address': {'address': '0x48f32cffd47a0150c72de7e48b3afe46c306e199'}}, 'caller': {'address': '0x5a16552f59ea34e44ec81e58b3817833e9fd5436'}, 'date': {'date': '2021-03-28'}, 'block': {'height': 12127776}}, {'smartContract': {'address': {'address': '0x3c3f96c761ce8fc34edf974ffd4175c2e433c7f0'}}, 'caller': {'address': '0x48f32cffd47a0150c72de7e48b3afe46c306e199'}, 'date': {'date': '2021-03-28'}, 'block': {'height': 12127776}}, {'smartContract': {'address': {'address': '0xeeeeb23d9e9b6890bebacc498dfcfd514573dba9'}}, 'caller': {'address': '0x48f32cffd47a0150c72de7e48b3afe46c306e199'}, 'date': {'date': '2021-03-28'}, 'block': {'height': 12127776}}, {'smartContract': {'address': {'address': '0xa9fecce91faa34cb08a4b35736d2698e09946149'}}, 'caller': {'address': '0x48f32cffd47a0150c72de7e48b3afe46c306e199'}, 'date': {'date': '2021-03-28'}, 'block': {'height': 12127776}}, {'smartContract': {'address': {'address': '0x463c2610844fa6d37320dd322928c3c3b12a5234'}}, 'caller': {'address': '0x48f32cffd47a0150c72de7e48b3afe46c306e199'}, 'date': {'date': '2021-03-28'}, 'block': {'height': 12127776}}, {'smartContract': {'address': {'address': '0x6b29a3f9a1e378a57410dc480c1b19f4f89de848'}}, 'caller': {'address': '0x5a16552f59ea34e44ec81e58b3817833e9fd5436'}, 'date': {'date': '2021-03-28'}, 'block': {'height': 12127613}}, {'smartContract': {'address': {'address': '0xfcfc434ee5bff924222e084a8876eee74ea7cfba'}}, 'caller': {'address': '0x5a16552f59ea34e44ec81e58b3817833e9fd5436'}, 'date': {'date': '2021-03-28'}, 'block': {'height': 12127610}}, {'smartContract': {'address': {'address': '0x9fe9bb6b66958f2271c4b0ad23f6e8dda8c221be'}}, 'caller': {'address': '0x5a16552f59ea34e44ec81e58b3817833e9fd5436'}, 'date': {'date': '2021-03-28'}, 'block': {'height': 12127540}}, {'smartContract': {'address': {'address': '0xe02c077baae03f1e3827a10088694a6939261d46'}}, 'caller': {'address': '0x5a16552f59ea34e44ec81e58b3817833e9fd5436'}, 'date': {'date': '2021-03-28'}, 'block': {'height': 12127367}}, {'smartContract': {'address': {'address': '0xf6f71504aa757bd12a1d4c41c0e948226c918783'}}, 'caller': {'address': '0x5a16552f59ea34e44ec81e58b3817833e9fd5436'}, 'date': {'date': '2021-03-28'}, 'block': {'height': 12127356}}, {'smartContract': {'address': {'address': '0xa244f14bed2e6cba7c0cc6489441e7aafbbe31af'}}, 'caller': {'address': '0x5a16552f59ea34e44ec81e58b3817833e9fd5436'}, 'date': {'date': '2021-03-25'}, 'block': {'height': 12110824}}, {'smartContract': {'address': {'address': '0xc3977a4acefb771cd7c28cb6229b5d19a3dc1b83'}}, 'caller': {'address': '0x5a16552f59ea34e44ec81e58b3817833e9fd5436'}, 'date': {'date': '2021-03-25'}, 'block': {'height': 12109227}}, {'smartContract': {'address': {'address': '0x98107c16bad83508d23f2933eca63fe5283f43f5'}}, 'caller': {'address': '0x5a16552f59ea34e44ec81e58b3817833e9fd5436'}, 'date': {'date': '2021-03-25'}, 'block': {'height': 12109210}}, {'smartContract': {'address': {'address': '0xe3ad20906d37873b1e082fd5b5134ffe020cd309'}}, 'caller': {'address': '0x5a16552f59ea34e44ec81e58b3817833e9fd5436'}, 'date': {'date': '2021-03-25'}, 'block': {'height': 12109148}}, {'smartContract': {'address': {'address': '0x0c53b4b0a343c70a9e610bde28a269610d7e363c'}}, 'caller': {'address': '0x5a16552f59ea34e44ec81e58b3817833e9fd5436'}, 'date': {'date': '2021-03-25'}, 'block': {'height': 12109082}}, {'smartContract': {'address': {'address': '0xdafce5670d3f67da9a3a44fe6bc36992e5e2beab'}}, 'caller': {'address': '0x5a16552f59ea34e44ec81e58b3817833e9fd5436'}, 'date': {'date': '2021-02-18'}, 'block': {'height': 11877926}}, {'smartContract': {'address': {'address': '0x01ac08e821185b6d87e68c67f9dc79a8988688eb'}}, 'caller': {'address': '0x5c69bee701ef814a2b6a3edd4b1652cb9cc5aa6f'}, 'date': {'date': '2020-12-09'}, 'block': {'height': 11421019}}, {'smartContract': {'address': {'address': '0x00a66189143279b6db9b77294688f47959f37642'}}, 'caller': {'address': '0x5a16552f59ea34e44ec81e58b3817833e9fd5436'}, 'date': {'date': '2020-12-09'}, 'block': {'height': 11418601}}, {'smartContract': {'address': {'address': '0x17b8c1a92b66b1cf3092c5d223cb3a129023b669'}}, 'caller': {'address': '0x5a16552f59ea34e44ec81e58b3817833e9fd5436'}, 'date': {'date': '2020-12-09'}, 'block': {'height': 11418556}}, {'smartContract': {'address': {'address': '0xbb791bc6106e4d949863e2ab76fc01ac0a9d7816'}}, 'caller': {'address': '0x5a16552f59ea34e44ec81e58b3817833e9fd5436'}, 'date': {'date': '2020-12-04'}, 'block': {'height': 11383847}}, {'smartContract': {'address': {'address': '0xaac50b95fbb13956d7c45511f24c3bf9e2a4a76b'}}, 'caller': {'address': '0x5a16552f59ea34e44ec81e58b3817833e9fd5436'}, 'date': {'date': '2020-11-28'}, 'block': {'height': 11343920}}, {'smartContract': {'address': {'address': '0x4b0124c40aa7df9b016b63afce5f0f8e00b5d917'}}, 'caller': {'address': '0x5dca4093bfe88d6fd5511fb78f6a777d47314d35'}, 'date': {'date': '2020-11-24'}, 'block': {'height': 11320749}}, {'smartContract': {'address': {'address': '0x4de45ce3fa6a320e3f28caba0b69fdeaf554566b'}}, 'caller': {'address': '0x7f4d5373f0221b01319713af6d9b42a081027c0e'}, 'date': {'date': '2020-11-24'}, 'block': {'height': 11320742}}, {'smartContract': {'address': {'address': '0xea69ef4516ed527c667d4fcd43ed09143749abed'}}, 'caller': {'address': '0x7f4d5373f0221b01319713af6d9b42a081027c0e'}, 'date': {'date': '2020-11-24'}, 'block': {'height': 11320742}}, {'smartContract': {'address': {'address': '0xf6ed5a4b6dfc907e44ae0e583eaaddcca4b14421'}}, 'caller': {'address': '0x7f4d5373f0221b01319713af6d9b42a081027c0e'}, 'date': {'date': '2020-11-24'}, 'block': {'height': 11320742}}, {'smartContract': {'address': {'address': '0x7f4d5373f0221b01319713af6d9b42a081027c0e'}}, 'caller': {'address': '0x8493a2707a664a3847929a1885ef290a53be6d96'}, 'date': {'date': '2020-11-24'}, 'block': {'height': 11320742}}, {'smartContract': {'address': {'address': '0xe247e058b6caafe30a9cd4973bd536f0592c0362'}}, 'caller': {'address': '0x5dca4093bfe88d6fd5511fb78f6a777d47314d35'}, 'date': {'date': '2020-11-24'}, 'block': {'height': 11320742}}, {'smartContract': {'address': {'address': '0x953a20ca20b66e71c45a48f91b14be4a4749b567'}}, 'caller': {'address': '0x6cae23ae506ea6cd88e203b7a520ea5285422f14'}, 'date': {'date': '2020-11-24'}, 'block': {'height': 11320734}}, {'smartContract': {'address': {'address': '0x76605ac00570934242761657c031ba042cf626ee'}}, 'caller': {'address': '0x6cae23ae506ea6cd88e203b7a520ea5285422f14'}, 'date': {'date': '2020-11-24'}, 'block': {'height': 11320734}}, {'smartContract': {'address': {'address': '0x6cae23ae506ea6cd88e203b7a520ea5285422f14'}}, 'caller': {'address': '0xcaa68f14d434d909783c547a337962c17eee9740'}, 'date': {'date': '2020-11-24'}, 'block': {'height': 11320734}}, {'smartContract': {'address': {'address': '0x5dca4093bfe88d6fd5511fb78f6a777d47314d35'}}, 'caller': {'address': '0x5a16552f59ea34e44ec81e58b3817833e9fd5436'}, 'date': {'date': '2020-11-20'}, 'block': {'height': 11292475}}, {'smartContract': {'address': {'address': '0xd6bd04bb4fddd7faaf6b21d94934f4823b1520af'}}, 'caller': {'address': '0x5a16552f59ea34e44ec81e58b3817833e9fd5436'}, 'date': {'date': '2020-11-19'}, 'block': {'height': 11291501}}, {'smartContract': {'address': {'address': '0x220564c9bd38aa1240c3507007970d9e30c0657d'}}, 'caller': {'address': '0x5a16552f59ea34e44ec81e58b3817833e9fd5436'}, 'date': {'date': '2020-11-12'}, 'block': {'height': 11239613}}, {'smartContract': {'address': {'address': '0x2929f4bbb47bc6b40e098c2d94f373209416c967'}}, 'caller': {'address': '0x5a16552f59ea34e44ec81e58b3817833e9fd5436'}, 'date': {'date': '2020-11-12'}, 'block': {'height': 11239568}}, {'smartContract': {'address': {'address': '0x6fad7d44640c5cd0120deec0301e8cf850becb68'}}, 'caller': {'address': '0x5c69bee701ef814a2b6a3edd4b1652cb9cc5aa6f'}, 'date': {'date': '2020-10-25'}, 'block': {'height': 11122379}}, {'smartContract': {'address': {'address': '0x87cde0888282084c4676fe973b62a10199297597'}}, 'caller': {'address': '0x5a16552f59ea34e44ec81e58b3817833e9fd5436'}, 'date': {'date': '2020-10-25'}, 'block': {'height': 11122290}}, {'smartContract': {'address': {'address': '0x2e2a33ceca9aef101d679ed058368ac994118e7a'}}, 'caller': {'address': '0x5a16552f59ea34e44ec81e58b3817833e9fd5436'}, 'date': {'date': '2020-10-24'}, 'block': {'height': 11121074}}, {'smartContract': {'address': {'address': '0x9e674ca13c796a827901d8612da80116502d54af'}}, 'caller': {'address': '0x5a16552f59ea34e44ec81e58b3817833e9fd5436'}, 'date': {'date': '2020-10-24'}, 'block': {'height': 11121046}}]",2020-09-19
114,114,0x3F382DbD960E3a9bbCeaE22651E88158d2791550,Aavegotchi GHST Token,https://github.com/aavegotchi,0x909d05F384D0663eD4BE59863815aB43b4f347Ec,8384879.862,[],2020-09-13
115,115,0x4C19596f5aAfF459fA38B0f7eD92F11AE6543784,(Proxy contract) TrueFi (TRU),https://github.com/trusttoken/truefi-spec,0xf6E2Da7D82ee49f76CE652bc0BeB546Cbe0Ea521,8340701.551,"[{'smartContract': {'address': {'address': '0x9d3c5d4c1f163d51bb08aa8b1dd141bdda870d65'}}, 'caller': {'address': '0xf6e2da7d82ee49f76ce652bc0beb546cbe0ea521'}, 'date': {'date': '2021-11-27'}, 'block': {'height': 13695632}}, {'smartContract': {'address': {'address': '0x3563ad516f5743d6d276b372bec7b4d44260273d'}}, 'caller': {'address': '0xf5bce5077908a1b7370b9ae04adc565ebd643966'}, 'date': {'date': '2021-11-22'}, 'block': {'height': 13665548}}, {'smartContract': {'address': {'address': '0x97ce06c3e3d027715b2d6c22e67d5096000072e5'}}, 'caller': {'address': '0x1391d9223e08845e536157995085fe0cef8bd393'}, 'date': {'date': '2021-08-17'}, 'block': {'height': 13043539}}, {'smartContract': {'address': {'address': '0x15ad8003680381d6072291c3ae5879745f1f3e49'}}, 'caller': {'address': '0xf6e2da7d82ee49f76ce652bc0beb546cbe0ea521'}, 'date': {'date': '2021-08-12'}, 'block': {'height': 13011343}}, {'smartContract': {'address': {'address': '0xfd4c9673105d46fa2e3cd74165d2ce3a4b0bde59'}}, 'caller': {'address': '0xf6e2da7d82ee49f76ce652bc0beb546cbe0ea521'}, 'date': {'date': '2021-08-12'}, 'block': {'height': 13011339}}, {'smartContract': {'address': {'address': '0xec702942609fad2afc1489277d918611f0e17ceb'}}, 'caller': {'address': '0xf6e2da7d82ee49f76ce652bc0beb546cbe0ea521'}, 'date': {'date': '2021-06-23'}, 'block': {'height': 12692996}}, {'smartContract': {'address': {'address': '0xd0d931d49f4ecf41cff5e082aca4feb4c511415a'}}, 'caller': {'address': '0xf6e2da7d82ee49f76ce652bc0beb546cbe0ea521'}, 'date': {'date': '2021-05-20'}, 'block': {'height': 12471896}}, {'smartContract': {'address': {'address': '0x6b6a4eaba8ba12765df51a859c0fa75894817f5a'}}, 'caller': {'address': '0xf6e2da7d82ee49f76ce652bc0beb546cbe0ea521'}, 'date': {'date': '2021-05-20'}, 'block': {'height': 12471702}}, {'smartContract': {'address': {'address': '0x2185b903867212539f6b744d08fa6fd26c4a9310'}}, 'caller': {'address': '0xf6e2da7d82ee49f76ce652bc0beb546cbe0ea521'}, 'date': {'date': '2021-05-20'}, 'block': {'height': 12471659}}, {'smartContract': {'address': {'address': '0xa991356d261fbaf194463af6df8f0464f8f1c742'}}, 'caller': {'address': '0x1391d9223e08845e536157995085fe0cef8bd393'}, 'date': {'date': '2021-05-20'}, 'block': {'height': 12471560}}, {'smartContract': {'address': {'address': '0x11df979b1019ecf4a51341e78660ce02b0f02a9a'}}, 'caller': {'address': '0xf6e2da7d82ee49f76ce652bc0beb546cbe0ea521'}, 'date': {'date': '2021-05-20'}, 'block': {'height': 12471092}}, {'smartContract': {'address': {'address': '0xce11fee4e0e52eab540d1d411567593810e1691e'}}, 'caller': {'address': '0xf6e2da7d82ee49f76ce652bc0beb546cbe0ea521'}, 'date': {'date': '2021-05-20'}, 'block': {'height': 12471089}}, {'smartContract': {'address': {'address': '0xfeef3c6ade9827b743f77346441bc8300a9cedcd'}}, 'caller': {'address': '0xf6e2da7d82ee49f76ce652bc0beb546cbe0ea521'}, 'date': {'date': '2021-05-20'}, 'block': {'height': 12471082}}, {'smartContract': {'address': {'address': '0xf0f9365517fcd1c28cc4ffaced1954816883a731'}}, 'caller': {'address': '0xf6e2da7d82ee49f76ce652bc0beb546cbe0ea521'}, 'date': {'date': '2021-05-20'}, 'block': {'height': 12471073}}, {'smartContract': {'address': {'address': '0xf71a2544a3358ab10109b79160aad10241ce3194'}}, 'caller': {'address': '0xf6e2da7d82ee49f76ce652bc0beb546cbe0ea521'}, 'date': {'date': '2021-05-20'}, 'block': {'height': 12471059}}, {'smartContract': {'address': {'address': '0xa47defa29a4df6a9243bdaeb4a4e5c592e17d930'}}, 'caller': {'address': '0xf6e2da7d82ee49f76ce652bc0beb546cbe0ea521'}, 'date': {'date': '2021-05-20'}, 'block': {'height': 12471056}}, {'smartContract': {'address': {'address': '0xb3d91b5e63da02c0587597df15436c2f056e33f2'}}, 'caller': {'address': '0xf6e2da7d82ee49f76ce652bc0beb546cbe0ea521'}, 'date': {'date': '2021-05-20'}, 'block': {'height': 12470984}}, {'smartContract': {'address': {'address': '0x27f461c698844ff51b33ecffa5dc2bd9721060b1'}}, 'caller': {'address': '0xf6e2da7d82ee49f76ce652bc0beb546cbe0ea521'}, 'date': {'date': '2021-05-20'}, 'block': {'height': 12468503}}, {'smartContract': {'address': {'address': '0x1391d9223e08845e536157995085fe0cef8bd393'}}, 'caller': {'address': '0xf6e2da7d82ee49f76ce652bc0beb546cbe0ea521'}, 'date': {'date': '2021-05-19'}, 'block': {'height': 12467597}}, {'smartContract': {'address': {'address': '0x69d844fb5928d0e7bc530cc6325a88e53d6685bc'}}, 'caller': {'address': '0xf6e2da7d82ee49f76ce652bc0beb546cbe0ea521'}, 'date': {'date': '2021-05-19'}, 'block': {'height': 12467595}}, {'smartContract': {'address': {'address': '0x27e15d51afb899104b69ff5969eaad29453947b9'}}, 'caller': {'address': '0xf6e2da7d82ee49f76ce652bc0beb546cbe0ea521'}, 'date': {'date': '2021-05-19'}, 'block': {'height': 12467593}}, {'smartContract': {'address': {'address': '0x7ac899754dd042024bb168fd5c9a07420f444bdf'}}, 'caller': {'address': '0xf6e2da7d82ee49f76ce652bc0beb546cbe0ea521'}, 'date': {'date': '2021-05-19'}, 'block': {'height': 12467590}}, {'smartContract': {'address': {'address': '0xa606dd423df7dfb65efe14ab66f5fdebf62ff583'}}, 'caller': {'address': '0xf6e2da7d82ee49f76ce652bc0beb546cbe0ea521'}, 'date': {'date': '2021-05-19'}, 'block': {'height': 12467588}}, {'smartContract': {'address': {'address': '0x1f2891069a0d5a01be558737e05b49611e82d7a3'}}, 'caller': {'address': '0xf6e2da7d82ee49f76ce652bc0beb546cbe0ea521'}, 'date': {'date': '2021-05-19'}, 'block': {'height': 12466436}}, {'smartContract': {'address': {'address': '0xa17cba6ab544e6f0c252fc93a2396a567d66f8b3'}}, 'caller': {'address': '0xf6e2da7d82ee49f76ce652bc0beb546cbe0ea521'}, 'date': {'date': '2021-05-19'}, 'block': {'height': 12466433}}, {'smartContract': {'address': {'address': '0xcf14abaaff220dd6059b54e5acf356f516189ab6'}}, 'caller': {'address': '0xf6e2da7d82ee49f76ce652bc0beb546cbe0ea521'}, 'date': {'date': '2021-05-19'}, 'block': {'height': 12466426}}, {'smartContract': {'address': {'address': '0x01bd87bc97e27cb11e3c45dab9b59bc44edc4fc6'}}, 'caller': {'address': '0xf6e2da7d82ee49f76ce652bc0beb546cbe0ea521'}, 'date': {'date': '2021-05-19'}, 'block': {'height': 12466422}}, {'smartContract': {'address': {'address': '0xc8cfba903acd376981aa39bfb8acf17a3cc7c81c'}}, 'caller': {'address': '0xf6e2da7d82ee49f76ce652bc0beb546cbe0ea521'}, 'date': {'date': '2021-05-19'}, 'block': {'height': 12466397}}, {'smartContract': {'address': {'address': '0x319aa2d6e282ab389df85fd7494d913c855ae4bf'}}, 'caller': {'address': '0xf6e2da7d82ee49f76ce652bc0beb546cbe0ea521'}, 'date': {'date': '2021-05-19'}, 'block': {'height': 12466322}}, {'smartContract': {'address': {'address': '0x23ade98fa576acbab49a67d2e6d4159b89ee26b9'}}, 'caller': {'address': '0xf6e2da7d82ee49f76ce652bc0beb546cbe0ea521'}, 'date': {'date': '2021-05-19'}, 'block': {'height': 12466313}}, {'smartContract': {'address': {'address': '0x57abfe6c9615cba3c346446723721d8ebf0b8b5e'}}, 'caller': {'address': '0xf6e2da7d82ee49f76ce652bc0beb546cbe0ea521'}, 'date': {'date': '2021-05-19'}, 'block': {'height': 12466286}}, {'smartContract': {'address': {'address': '0x0ecac5892824ee5db902f9a6c6ec6e1fb028c733'}}, 'caller': {'address': '0xf6e2da7d82ee49f76ce652bc0beb546cbe0ea521'}, 'date': {'date': '2021-05-19'}, 'block': {'height': 12465386}}, {'smartContract': {'address': {'address': '0x6da67ba323b3412cbf344e29613dcbe4a8d74285'}}, 'caller': {'address': '0xf6e2da7d82ee49f76ce652bc0beb546cbe0ea521'}, 'date': {'date': '2021-04-28'}, 'block': {'height': 12331496}}, {'smartContract': {'address': {'address': '0xda46c92c13d67a32b65c35720d3cd456e5d96128'}}, 'caller': {'address': '0xf6e2da7d82ee49f76ce652bc0beb546cbe0ea521'}, 'date': {'date': '2021-04-28'}, 'block': {'height': 12331495}}, {'smartContract': {'address': {'address': '0xedf406f9f8c43aead852f125e237a9c5c09a7cfd'}}, 'caller': {'address': '0xf6e2da7d82ee49f76ce652bc0beb546cbe0ea521'}, 'date': {'date': '2021-04-28'}, 'block': {'height': 12331494}}, {'smartContract': {'address': {'address': '0x12feb1cce013812b6a0046b1acdf100b485cd72b'}}, 'caller': {'address': '0xf6e2da7d82ee49f76ce652bc0beb546cbe0ea521'}, 'date': {'date': '2021-04-28'}, 'block': {'height': 12331398}}, {'smartContract': {'address': {'address': '0x164b222ef43e8302b8499ae3c8ba612b492ce4c0'}}, 'caller': {'address': '0xf6e2da7d82ee49f76ce652bc0beb546cbe0ea521'}, 'date': {'date': '2021-04-28'}, 'block': {'height': 12331392}}, {'smartContract': {'address': {'address': '0xd916d54026222a4dca7e0c7f1955b4906bdbf778'}}, 'caller': {'address': '0xf6e2da7d82ee49f76ce652bc0beb546cbe0ea521'}, 'date': {'date': '2021-04-28'}, 'block': {'height': 12331385}}, {'smartContract': {'address': {'address': '0x9064ac0025eba6c65275ea4c21903d1e2183fe5f'}}, 'caller': {'address': '0xf6e2da7d82ee49f76ce652bc0beb546cbe0ea521'}, 'date': {'date': '2021-04-28'}, 'block': {'height': 12331344}}, {'smartContract': {'address': {'address': '0x603929f7c438e1395284cebdcaab640bf078bde1'}}, 'caller': {'address': '0xf6e2da7d82ee49f76ce652bc0beb546cbe0ea521'}, 'date': {'date': '2021-04-28'}, 'block': {'height': 12331343}}, {'smartContract': {'address': {'address': '0x7ac3e53c2670059b78bd20796e0b67706737e631'}}, 'caller': {'address': '0xf6e2da7d82ee49f76ce652bc0beb546cbe0ea521'}, 'date': {'date': '2021-04-28'}, 'block': {'height': 12331341}}, {'smartContract': {'address': {'address': '0x87d1616b9b3a0fd756ef4b4abff29b30ab813f42'}}, 'caller': {'address': '0xf6e2da7d82ee49f76ce652bc0beb546cbe0ea521'}, 'date': {'date': '2021-02-22'}, 'block': {'height': 11905006}}, {'smartContract': {'address': {'address': '0x29835344458d95096fa59fe7141f3dc2bf0dcfc0'}}, 'caller': {'address': '0xf6e2da7d82ee49f76ce652bc0beb546cbe0ea521'}, 'date': {'date': '2021-02-19'}, 'block': {'height': 11887684}}, {'smartContract': {'address': {'address': '0x87dd76b23591eda15a7932977c70ebd5b4536d6f'}}, 'caller': {'address': '0xf6e2da7d82ee49f76ce652bc0beb546cbe0ea521'}, 'date': {'date': '2021-02-19'}, 'block': {'height': 11885065}}, {'smartContract': {'address': {'address': '0xc20500df4a76b671f5166f6a0e4f36a8f5cfc177'}}, 'caller': {'address': '0xf6e2da7d82ee49f76ce652bc0beb546cbe0ea521'}, 'date': {'date': '2021-02-19'}, 'block': {'height': 11885051}}, {'smartContract': {'address': {'address': '0x76dd4921c99ac6b61b3a98f9fa6f181ca6d70c77'}}, 'caller': {'address': '0xf6e2da7d82ee49f76ce652bc0beb546cbe0ea521'}, 'date': {'date': '2021-02-19'}, 'block': {'height': 11884659}}, {'smartContract': {'address': {'address': '0xc4ca6d752cd6997022dd9b9c5709690ca6a079d8'}}, 'caller': {'address': '0xf6e2da7d82ee49f76ce652bc0beb546cbe0ea521'}, 'date': {'date': '2021-02-19'}, 'block': {'height': 11884647}}, {'smartContract': {'address': {'address': '0x0236c16f06aafdbea5b5edc8c326a479db090eb2'}}, 'caller': {'address': '0xf6e2da7d82ee49f76ce652bc0beb546cbe0ea521'}, 'date': {'date': '2021-02-19'}, 'block': {'height': 11884645}}, {'smartContract': {'address': {'address': '0xd1c85e1be815d70ce75327fce944c183f265e4f0'}}, 'caller': {'address': '0xf6e2da7d82ee49f76ce652bc0beb546cbe0ea521'}, 'date': {'date': '2021-02-19'}, 'block': {'height': 11884573}}, {'smartContract': {'address': {'address': '0x23696914ca9737466d8553a2d619948f548ee424'}}, 'caller': {'address': '0xf6e2da7d82ee49f76ce652bc0beb546cbe0ea521'}, 'date': {'date': '2021-02-19'}, 'block': {'height': 11884565}}, {'smartContract': {'address': {'address': '0x05461334340568075be35438b221a3a0d261fb6b'}}, 'caller': {'address': '0xf6e2da7d82ee49f76ce652bc0beb546cbe0ea521'}, 'date': {'date': '2021-02-19'}, 'block': {'height': 11884564}}, {'smartContract': {'address': {'address': '0xecfd4f2c07eabdb7b592308732b59713728a957f'}}, 'caller': {'address': '0xf6e2da7d82ee49f76ce652bc0beb546cbe0ea521'}, 'date': {'date': '2021-02-19'}, 'block': {'height': 11884563}}, {'smartContract': {'address': {'address': '0x6151570934470214592aa051c28805cf4744bca7'}}, 'caller': {'address': '0xf6e2da7d82ee49f76ce652bc0beb546cbe0ea521'}, 'date': {'date': '2021-02-19'}, 'block': {'height': 11884561}}, {'smartContract': {'address': {'address': '0xa2f00615697ed32a45321486b5035820149f0ac1'}}, 'caller': {'address': '0xf6e2da7d82ee49f76ce652bc0beb546cbe0ea521'}, 'date': {'date': '2021-02-19'}, 'block': {'height': 11884478}}, {'smartContract': {'address': {'address': '0xd42b0620ffad20d79428ddfc8397d2b8884c9967'}}, 'caller': {'address': '0xf6e2da7d82ee49f76ce652bc0beb546cbe0ea521'}, 'date': {'date': '2021-02-19'}, 'block': {'height': 11884473}}, {'smartContract': {'address': {'address': '0xf7d7edec33a36a4d72eb1262d21d9a4444e4ea74'}}, 'caller': {'address': '0xf6e2da7d82ee49f76ce652bc0beb546cbe0ea521'}, 'date': {'date': '2021-02-19'}, 'block': {'height': 11884468}}, {'smartContract': {'address': {'address': '0xa5c6b8930373972c5b67cd8bf4f3dadbda82f772'}}, 'caller': {'address': '0xf6e2da7d82ee49f76ce652bc0beb546cbe0ea521'}, 'date': {'date': '2021-02-19'}, 'block': {'height': 11884463}}, {'smartContract': {'address': {'address': '0x7762bc14f475fd8ba8f994dd17bee91d2d280db7'}}, 'caller': {'address': '0xf6e2da7d82ee49f76ce652bc0beb546cbe0ea521'}, 'date': {'date': '2021-02-19'}, 'block': {'height': 11884462}}, {'smartContract': {'address': {'address': '0x8bef17e7e0f339ddce09842be757786e2fe35d32'}}, 'caller': {'address': '0xf6e2da7d82ee49f76ce652bc0beb546cbe0ea521'}, 'date': {'date': '2021-02-19'}, 'block': {'height': 11884461}}, {'smartContract': {'address': {'address': '0xa367647cfc0525cbbdee6ea036617e0884e3128b'}}, 'caller': {'address': '0xf6e2da7d82ee49f76ce652bc0beb546cbe0ea521'}, 'date': {'date': '2021-02-19'}, 'block': {'height': 11884456}}, {'smartContract': {'address': {'address': '0x353488058ba40b280b73c06feada42ca4d61f7fc'}}, 'caller': {'address': '0xf6e2da7d82ee49f76ce652bc0beb546cbe0ea521'}, 'date': {'date': '2021-02-19'}, 'block': {'height': 11884453}}, {'smartContract': {'address': {'address': '0x1bd6423320f8450a4bcd64e16f9cc228f589d1b9'}}, 'caller': {'address': '0xf6e2da7d82ee49f76ce652bc0beb546cbe0ea521'}, 'date': {'date': '2021-02-19'}, 'block': {'height': 11884452}}, {'smartContract': {'address': {'address': '0xf931f6c549f7fbbd41192ee13d6f2278493dd46b'}}, 'caller': {'address': '0xf6e2da7d82ee49f76ce652bc0beb546cbe0ea521'}, 'date': {'date': '2021-02-19'}, 'block': {'height': 11884447}}, {'smartContract': {'address': {'address': '0x5d43ea064f46bedd2550a3b795b7e4ad46eef430'}}, 'caller': {'address': '0xf6e2da7d82ee49f76ce652bc0beb546cbe0ea521'}, 'date': {'date': '2021-02-18'}, 'block': {'height': 11883878}}, {'smartContract': {'address': {'address': '0xb3c6fd9a58329172d043c987abfce211e9985613'}}, 'caller': {'address': '0xf6e2da7d82ee49f76ce652bc0beb546cbe0ea521'}, 'date': {'date': '2021-02-18'}, 'block': {'height': 11883876}}, {'smartContract': {'address': {'address': '0x271b02176a9bd1336019a21eda4ee79a5d32db5a'}}, 'caller': {'address': '0xf6e2da7d82ee49f76ce652bc0beb546cbe0ea521'}, 'date': {'date': '2021-02-18'}, 'block': {'height': 11883871}}, {'smartContract': {'address': {'address': '0xcfaa2bc02d1a23026a8719443e059215dcb41df1'}}, 'caller': {'address': '0xf6e2da7d82ee49f76ce652bc0beb546cbe0ea521'}, 'date': {'date': '2021-02-18'}, 'block': {'height': 11883866}}, {'smartContract': {'address': {'address': '0x095527f5bea113e9575b662c5ba01d990a280f2f'}}, 'caller': {'address': '0xf6e2da7d82ee49f76ce652bc0beb546cbe0ea521'}, 'date': {'date': '2021-02-07'}, 'block': {'height': 11806879}}, {'smartContract': {'address': {'address': '0xbf79cc7dbbc25cbd79138c0bd4819627229f3ab7'}}, 'caller': {'address': '0xf6e2da7d82ee49f76ce652bc0beb546cbe0ea521'}, 'date': {'date': '2021-01-26'}, 'block': {'height': 11728540}}, {'smartContract': {'address': {'address': '0xe67814e4d2abe5b00ddff20c501e425908a5fcaa'}}, 'caller': {'address': '0xf6e2da7d82ee49f76ce652bc0beb546cbe0ea521'}, 'date': {'date': '2021-01-18'}, 'block': {'height': 11682048}}, {'smartContract': {'address': {'address': '0xbf172be09325612392a41a0d8a5d8ee6ab895f95'}}, 'caller': {'address': '0xf6e2da7d82ee49f76ce652bc0beb546cbe0ea521'}, 'date': {'date': '2021-01-18'}, 'block': {'height': 11682047}}, {'smartContract': {'address': {'address': '0x57fea15015c8f0fd35b3a25f57a75a94656b1769'}}, 'caller': {'address': '0xf6e2da7d82ee49f76ce652bc0beb546cbe0ea521'}, 'date': {'date': '2021-01-18'}, 'block': {'height': 11682045}}, {'smartContract': {'address': {'address': '0x979d49c4813cd68005df1c97c05365bbae76550d'}}, 'caller': {'address': '0xf6e2da7d82ee49f76ce652bc0beb546cbe0ea521'}, 'date': {'date': '2021-01-18'}, 'block': {'height': 11682044}}, {'smartContract': {'address': {'address': '0x3fe853e7e5f78c00405fc80daf7f7bade2e53e46'}}, 'caller': {'address': '0xf6e2da7d82ee49f76ce652bc0beb546cbe0ea521'}, 'date': {'date': '2021-01-18'}, 'block': {'height': 11682043}}, {'smartContract': {'address': {'address': '0x93fe59edb10b87dd0458c577694ebd883083d6b1'}}, 'caller': {'address': '0xb5212a2fa63c1863b9e8670e2a6d420d0309c502'}, 'date': {'date': '2020-12-23'}, 'block': {'height': 11511033}}, {'smartContract': {'address': {'address': '0x4909aca8dd73c215c83ee08eba396c29b646194f'}}, 'caller': {'address': '0xf6e2da7d82ee49f76ce652bc0beb546cbe0ea521'}, 'date': {'date': '2020-12-17'}, 'block': {'height': 11468274}}, {'smartContract': {'address': {'address': '0x9091689455c9728632372c4c386451f400e726d9'}}, 'caller': {'address': '0xf6e2da7d82ee49f76ce652bc0beb546cbe0ea521'}, 'date': {'date': '2020-12-17'}, 'block': {'height': 11468267}}, {'smartContract': {'address': {'address': '0x38488ec4aec7cb41cad4e1e1fc206b1313c25c67'}}, 'caller': {'address': '0xf6e2da7d82ee49f76ce652bc0beb546cbe0ea521'}, 'date': {'date': '2020-12-17'}, 'block': {'height': 11468264}}, {'smartContract': {'address': {'address': '0xf2ee1c3a3151a4a9537a944f46e7a667b4de4fb3'}}, 'caller': {'address': '0xf6e2da7d82ee49f76ce652bc0beb546cbe0ea521'}, 'date': {'date': '2020-12-17'}, 'block': {'height': 11468261}}, {'smartContract': {'address': {'address': '0x35c556d2700ce48fc3d3c1736b28bd15dc5cfc59'}}, 'caller': {'address': '0xf6e2da7d82ee49f76ce652bc0beb546cbe0ea521'}, 'date': {'date': '2020-11-25'}, 'block': {'height': 11329951}}, {'smartContract': {'address': {'address': '0x5fa457d49b65313611b1a620a55274d01ec2fab0'}}, 'caller': {'address': '0xf6e2da7d82ee49f76ce652bc0beb546cbe0ea521'}, 'date': {'date': '2020-11-25'}, 'block': {'height': 11329949}}, {'smartContract': {'address': {'address': '0x782ba5465cb2480a2956932549dc178ec7dc751f'}}, 'caller': {'address': '0x5ef30b9986345249bc32d8928b7ee64de9435e39'}, 'date': {'date': '2020-11-23'}, 'block': {'height': 11316868}}, {'smartContract': {'address': {'address': '0x79cc39ab7ade9879f79fa430dd000cacfe83df86'}}, 'caller': {'address': '0xf6e2da7d82ee49f76ce652bc0beb546cbe0ea521'}, 'date': {'date': '2020-11-21'}, 'block': {'height': 11302013}}, {'smartContract': {'address': {'address': '0xf53d1f150cb91b698c442a4c9e8f88151c76cf0b'}}, 'caller': {'address': '0xf6e2da7d82ee49f76ce652bc0beb546cbe0ea521'}, 'date': {'date': '2020-11-21'}, 'block': {'height': 11300914}}, {'smartContract': {'address': {'address': '0x493945574d9d41c1b553a3e5b71090efc99bf929'}}, 'caller': {'address': '0xf6e2da7d82ee49f76ce652bc0beb546cbe0ea521'}, 'date': {'date': '2020-11-21'}, 'block': {'height': 11300790}}, {'smartContract': {'address': {'address': '0xe811d21bb9e84572742885a72a2d43b0d6e27979'}}, 'caller': {'address': '0xf6e2da7d82ee49f76ce652bc0beb546cbe0ea521'}, 'date': {'date': '2020-11-21'}, 'block': {'height': 11300789}}, {'smartContract': {'address': {'address': '0x4a90472cd446a1686fb6d7e86ace50af03e71073'}}, 'caller': {'address': '0xf6e2da7d82ee49f76ce652bc0beb546cbe0ea521'}, 'date': {'date': '2020-11-21'}, 'block': {'height': 11300786}}, {'smartContract': {'address': {'address': '0x6c23b06862afd777711cd57b9972958f94f9a014'}}, 'caller': {'address': '0xf6e2da7d82ee49f76ce652bc0beb546cbe0ea521'}, 'date': {'date': '2020-11-21'}, 'block': {'height': 11300784}}, {'smartContract': {'address': {'address': '0xed45cf4895c110f464ce857ebe5f270949ec2ff4'}}, 'caller': {'address': '0xf6e2da7d82ee49f76ce652bc0beb546cbe0ea521'}, 'date': {'date': '2020-11-21'}, 'block': {'height': 11300777}}, {'smartContract': {'address': {'address': '0xa7ddca17c9b6e7d16ecf82ce211d67442cb3df38'}}, 'caller': {'address': '0xf6e2da7d82ee49f76ce652bc0beb546cbe0ea521'}, 'date': {'date': '2020-11-21'}, 'block': {'height': 11300776}}, {'smartContract': {'address': {'address': '0x8eff7d12118fd599772d6448cdad11d5fb2568e0'}}, 'caller': {'address': '0xf6e2da7d82ee49f76ce652bc0beb546cbe0ea521'}, 'date': {'date': '2020-11-21'}, 'block': {'height': 11300773}}, {'smartContract': {'address': {'address': '0x8cc5d5ef4dedcd399a1721252f16b3d68277f777'}}, 'caller': {'address': '0xf6e2da7d82ee49f76ce652bc0beb546cbe0ea521'}, 'date': {'date': '2020-11-21'}, 'block': {'height': 11300770}}, {'smartContract': {'address': {'address': '0xf8f14fbb93fa0cefe35acf7e004fd4ef92d8315a'}}, 'caller': {'address': '0xf6e2da7d82ee49f76ce652bc0beb546cbe0ea521'}, 'date': {'date': '2020-11-21'}, 'block': {'height': 11300762}}, {'smartContract': {'address': {'address': '0xea522bc8c78e0e7657c30cce5ef897f887505fb8'}}, 'caller': {'address': '0xf6e2da7d82ee49f76ce652bc0beb546cbe0ea521'}, 'date': {'date': '2020-11-21'}, 'block': {'height': 11300760}}, {'smartContract': {'address': {'address': '0xcc527f4f8c76db1eba217d001ccc6f8bd9e0d86e'}}, 'caller': {'address': '0xf6e2da7d82ee49f76ce652bc0beb546cbe0ea521'}, 'date': {'date': '2020-11-21'}, 'block': {'height': 11300758}}, {'smartContract': {'address': {'address': '0x2ec3fecb3dc9541039e3d286dca910283d4d6e8e'}}, 'caller': {'address': '0xf6e2da7d82ee49f76ce652bc0beb546cbe0ea521'}, 'date': {'date': '2020-11-21'}, 'block': {'height': 11300757}}, {'smartContract': {'address': {'address': '0x8fd832757f58f71bac53196270a4a55c8e1a29d9'}}, 'caller': {'address': '0xf6e2da7d82ee49f76ce652bc0beb546cbe0ea521'}, 'date': {'date': '2020-11-21'}, 'block': {'height': 11300751}}, {'smartContract': {'address': {'address': '0x5810380cbc47e1f2ab42eeaa69a142cc6c419f27'}}, 'caller': {'address': '0xf6e2da7d82ee49f76ce652bc0beb546cbe0ea521'}, 'date': {'date': '2020-11-21'}, 'block': {'height': 11300750}}, {'smartContract': {'address': {'address': '0xfb8d918428373f766b352564b70d1dcc1e3b6383'}}, 'caller': {'address': '0xf6e2da7d82ee49f76ce652bc0beb546cbe0ea521'}, 'date': {'date': '2020-11-21'}, 'block': {'height': 11300748}}, {'smartContract': {'address': {'address': '0x75ef172ab4c0dde0751d695216619cc028cdbd2f'}}, 'caller': {'address': '0xf6e2da7d82ee49f76ce652bc0beb546cbe0ea521'}, 'date': {'date': '2020-11-21'}, 'block': {'height': 11300747}}]",2020-06-02
116,116,0xe28b3B32B6c345A34Ff64674606124Dd5Aceca30,Injective Token (INJ),https://github.com/InjectiveLabs,0x03e3bfB5634Bd62bc74423E77eaf16991076b4Ad,8272247.873,"[{'smartContract': {'address': {'address': '0xe28b3b32b6c345a34ff64674606124dd5aceca30'}}, 'caller': {'address': '0x03e3bfb5634bd62bc74423e77eaf16991076b4ad'}, 'date': {'date': '2020-10-17'}, 'block': {'height': 11072329}}, {'smartContract': {'address': {'address': '0x5869b6a864d1ea8ec08081d18002f6736cc7d155'}}, 'caller': {'address': '0x03e3bfb5634bd62bc74423e77eaf16991076b4ad'}, 'date': {'date': '2020-10-17'}, 'block': {'height': 11072324}}, {'smartContract': {'address': {'address': '0x10fdb1c9ef52a2c0829e3d0362c0a0def99b5d96'}}, 'caller': {'address': '0x03e3bfb5634bd62bc74423e77eaf16991076b4ad'}, 'date': {'date': '2020-10-17'}, 'block': {'height': 11072260}}, {'smartContract': {'address': {'address': '0xb6c2bc01fc96ef2a5f22931a1793963eb67039ab'}}, 'caller': {'address': '0x03e3bfb5634bd62bc74423e77eaf16991076b4ad'}, 'date': {'date': '2020-10-17'}, 'block': {'height': 11072224}}, {'smartContract': {'address': {'address': '0xbdf23004dbd24e3b2b6fa973aa4569b05d2fb10d'}}, 'caller': {'address': '0x03e3bfb5634bd62bc74423e77eaf16991076b4ad'}, 'date': {'date': '2020-10-17'}, 'block': {'height': 11072212}}, {'smartContract': {'address': {'address': '0x0380237cbf39af2102aebb1511c7ef76111bae08'}}, 'caller': {'address': '0x03e3bfb5634bd62bc74423e77eaf16991076b4ad'}, 'date': {'date': '2020-10-17'}, 'block': {'height': 11072193}}, {'smartContract': {'address': {'address': '0xafc407eefdebae714f516018d8e1d918ade5bb5a'}}, 'caller': {'address': '0x03e3bfb5634bd62bc74423e77eaf16991076b4ad'}, 'date': {'date': '2020-10-17'}, 'block': {'height': 11072193}}]",2020-10-17
117,117,0xC28E27870558cF22ADD83540d2126da2e4b464c2,SashimiToken,,0x0FaEF44d1373F6fdE75926E4564baB5B2d645944,7986289.73,"[{'smartContract': {'address': {'address': '0xd06f0780d8d7f1d3f6bd7d4e8c2f0d966e82f365'}}, 'caller': {'address': '0x0faef44d1373f6fde75926e4564bab5b2d645944'}, 'date': {'date': '2022-08-01'}, 'block': {'height': 15257181}}, {'smartContract': {'address': {'address': '0xe97f10c499b0e37438bb815608d4a2cc723a2841'}}, 'caller': {'address': '0xc03efb3e3ddfb0c0f3c148a2afe10ccfa1c5819e'}, 'date': {'date': '2022-01-27'}, 'block': {'height': 14087422}}, {'smartContract': {'address': {'address': '0x11d742b97d4de0a64740083fd9b68b0a268654ef'}}, 'caller': {'address': '0xc03efb3e3ddfb0c0f3c148a2afe10ccfa1c5819e'}, 'date': {'date': '2022-01-27'}, 'block': {'height': 14087256}}, {'smartContract': {'address': {'address': '0xf32c441ff6708cb6956109e4176737c406e90eaf'}}, 'caller': {'address': '0x0faef44d1373f6fde75926e4564bab5b2d645944'}, 'date': {'date': '2022-01-27'}, 'block': {'height': 14087056}}, {'smartContract': {'address': {'address': '0xc03efb3e3ddfb0c0f3c148a2afe10ccfa1c5819e'}}, 'caller': {'address': '0x0faef44d1373f6fde75926e4564bab5b2d645944'}, 'date': {'date': '2022-01-27'}, 'block': {'height': 14086931}}, {'smartContract': {'address': {'address': '0x7eaeba417967614c08cd1f406909cdcde65f10f5'}}, 'caller': {'address': '0x0faef44d1373f6fde75926e4564bab5b2d645944'}, 'date': {'date': '2022-01-27'}, 'block': {'height': 14086781}}, {'smartContract': {'address': {'address': '0x89ea01ba0240bc5f704711b5a97c092802136d04'}}, 'caller': {'address': '0x0faef44d1373f6fde75926e4564bab5b2d645944'}, 'date': {'date': '2022-01-27'}, 'block': {'height': 14086702}}, {'smartContract': {'address': {'address': '0xea97a7c6c078b57d5e7e21590037256d55e5b0ca'}}, 'caller': {'address': '0x0faef44d1373f6fde75926e4564bab5b2d645944'}, 'date': {'date': '2021-04-26'}, 'block': {'height': 12313900}}, {'smartContract': {'address': {'address': '0xf8c227fb0d2c94480e3b3548486f13d826b1c1d3'}}, 'caller': {'address': '0x0faef44d1373f6fde75926e4564bab5b2d645944'}, 'date': {'date': '2021-04-25'}, 'block': {'height': 12308584}}, {'smartContract': {'address': {'address': '0xdba694d5204064296247d1210dbfd2fc9b9d95a0'}}, 'caller': {'address': '0x0faef44d1373f6fde75926e4564bab5b2d645944'}, 'date': {'date': '2021-04-23'}, 'block': {'height': 12296732}}, {'smartContract': {'address': {'address': '0xa73f042dd65be0d0b01960c144bf89f355951a07'}}, 'caller': {'address': '0x0faef44d1373f6fde75926e4564bab5b2d645944'}, 'date': {'date': '2021-04-23'}, 'block': {'height': 12296464}}, {'smartContract': {'address': {'address': '0xb133ff62a7ad7bb7d9a57177ff2115e6f602e9d2'}}, 'caller': {'address': '0x0faef44d1373f6fde75926e4564bab5b2d645944'}, 'date': {'date': '2021-03-08'}, 'block': {'height': 11997082}}, {'smartContract': {'address': {'address': '0x2544d6d9e665c528a3f46f77e39a224c9888a287'}}, 'caller': {'address': '0x0faef44d1373f6fde75926e4564bab5b2d645944'}, 'date': {'date': '2021-03-08'}, 'block': {'height': 11997003}}, {'smartContract': {'address': {'address': '0x5c5cab005510f72eb23c332848b0c7d26e3078ea'}}, 'caller': {'address': '0xf028f723ed1d0fe01cc59973c49298aa95c57472'}, 'date': {'date': '2021-02-24'}, 'block': {'height': 11918730}}, {'smartContract': {'address': {'address': '0xb50c6c684305cec944d8bd4b7ce9e4a315aa4793'}}, 'caller': {'address': '0xf028f723ed1d0fe01cc59973c49298aa95c57472'}, 'date': {'date': '2021-02-24'}, 'block': {'height': 11918711}}, {'smartContract': {'address': {'address': '0x206d84982e032950e3f87d64f86c7c4c7cb60fcc'}}, 'caller': {'address': '0x0faef44d1373f6fde75926e4564bab5b2d645944'}, 'date': {'date': '2021-01-05'}, 'block': {'height': 11594281}}, {'smartContract': {'address': {'address': '0xd3d3fc25b836a8fd49026787c4406f5791f891be'}}, 'caller': {'address': '0x0faef44d1373f6fde75926e4564bab5b2d645944'}, 'date': {'date': '2021-01-05'}, 'block': {'height': 11594262}}, {'smartContract': {'address': {'address': '0x194402bc8adcc11a77873996361efe40e9dcdfcb'}}, 'caller': {'address': '0x0faef44d1373f6fde75926e4564bab5b2d645944'}, 'date': {'date': '2021-01-05'}, 'block': {'height': 11594230}}, {'smartContract': {'address': {'address': '0x33a057e6061e3849954578e3ae0ae15e615e72cf'}}, 'caller': {'address': '0x0faef44d1373f6fde75926e4564bab5b2d645944'}, 'date': {'date': '2021-01-05'}, 'block': {'height': 11594203}}, {'smartContract': {'address': {'address': '0x7cf0569a5d1602068f2c1425bfe8352fd6d8b942'}}, 'caller': {'address': '0x0faef44d1373f6fde75926e4564bab5b2d645944'}, 'date': {'date': '2021-01-05'}, 'block': {'height': 11594176}}, {'smartContract': {'address': {'address': '0xfdedb338c5e5a26ed5816091dfaf34b5616cf2f4'}}, 'caller': {'address': '0x0faef44d1373f6fde75926e4564bab5b2d645944'}, 'date': {'date': '2021-01-05'}, 'block': {'height': 11594154}}, {'smartContract': {'address': {'address': '0x7bc801a840a7c2c027f4e5e48bf618348b0bce2b'}}, 'caller': {'address': '0x0faef44d1373f6fde75926e4564bab5b2d645944'}, 'date': {'date': '2021-01-05'}, 'block': {'height': 11593946}}, {'smartContract': {'address': {'address': '0x5e199c36f9681a32c996e84c464824f6a868acbd'}}, 'caller': {'address': '0x0faef44d1373f6fde75926e4564bab5b2d645944'}, 'date': {'date': '2020-12-14'}, 'block': {'height': 11448972}}, {'smartContract': {'address': {'address': '0x62d19a92ed47258286d65b470e0d26fa49530f81'}}, 'caller': {'address': '0x0faef44d1373f6fde75926e4564bab5b2d645944'}, 'date': {'date': '2020-12-10'}, 'block': {'height': 11424799}}, {'smartContract': {'address': {'address': '0x9ff795a1fb46f869b9158ef0579a613177d68b26'}}, 'caller': {'address': '0x0faef44d1373f6fde75926e4564bab5b2d645944'}, 'date': {'date': '2020-12-10'}, 'block': {'height': 11424756}}, {'smartContract': {'address': {'address': '0x541200c72177366cc18b5903c1ee9f75a5cfa8d6'}}, 'caller': {'address': '0x0faef44d1373f6fde75926e4564bab5b2d645944'}, 'date': {'date': '2020-12-10'}, 'block': {'height': 11424532}}, {'smartContract': {'address': {'address': '0x8ce5aa7812fdd6799d4c2b284a6e9f9b186e3af3'}}, 'caller': {'address': '0x0faef44d1373f6fde75926e4564bab5b2d645944'}, 'date': {'date': '2020-12-10'}, 'block': {'height': 11424473}}, {'smartContract': {'address': {'address': '0xdddaf1a95e57f7a74d85f366936f8a2abbc86b45'}}, 'caller': {'address': '0x0faef44d1373f6fde75926e4564bab5b2d645944'}, 'date': {'date': '2020-12-10'}, 'block': {'height': 11424418}}, {'smartContract': {'address': {'address': '0x6ddbcbaa13bde44a406780e298721483d684f1b0'}}, 'caller': {'address': '0x0faef44d1373f6fde75926e4564bab5b2d645944'}, 'date': {'date': '2020-12-10'}, 'block': {'height': 11424367}}, {'smartContract': {'address': {'address': '0x09a7fb5e4499e61c7cf53acb8df7b2a8e4fb36f9'}}, 'caller': {'address': '0x0faef44d1373f6fde75926e4564bab5b2d645944'}, 'date': {'date': '2020-12-10'}, 'block': {'height': 11424332}}, {'smartContract': {'address': {'address': '0x2394de3827e233298fff0fdf6aa261070bfe013d'}}, 'caller': {'address': '0x0faef44d1373f6fde75926e4564bab5b2d645944'}, 'date': {'date': '2020-12-10'}, 'block': {'height': 11424270}}, {'smartContract': {'address': {'address': '0xbbcc16ab7937469bb1e72337427678e7e701b9ea'}}, 'caller': {'address': '0x0faef44d1373f6fde75926e4564bab5b2d645944'}, 'date': {'date': '2020-12-10'}, 'block': {'height': 11424230}}, {'smartContract': {'address': {'address': '0x2918231f262f764dbb5753a95bd7684fdb313ea4'}}, 'caller': {'address': '0x0faef44d1373f6fde75926e4564bab5b2d645944'}, 'date': {'date': '2020-12-10'}, 'block': {'height': 11424164}}, {'smartContract': {'address': {'address': '0xc597f86424eeb6599ea40f999dbb739e3aca5d82'}}, 'caller': {'address': '0x0faef44d1373f6fde75926e4564bab5b2d645944'}, 'date': {'date': '2020-12-10'}, 'block': {'height': 11424033}}, {'smartContract': {'address': {'address': '0x6d1d148330e2678b27d8cd6b4c82f7cb66234b19'}}, 'caller': {'address': '0x0faef44d1373f6fde75926e4564bab5b2d645944'}, 'date': {'date': '2020-12-10'}, 'block': {'height': 11423889}}, {'smartContract': {'address': {'address': '0x6ab160b2890c0da0f63dfb65739090372b132a08'}}, 'caller': {'address': '0x0faef44d1373f6fde75926e4564bab5b2d645944'}, 'date': {'date': '2020-12-10'}, 'block': {'height': 11423836}}, {'smartContract': {'address': {'address': '0x9c8b5d2f68cebe3ec36bb99da243063657940ab8'}}, 'caller': {'address': '0x0faef44d1373f6fde75926e4564bab5b2d645944'}, 'date': {'date': '2020-12-10'}, 'block': {'height': 11423818}}, {'smartContract': {'address': {'address': '0xc4e8faeb8d1d30265f8cddb50f10fcdcdcabc2ee'}}, 'caller': {'address': '0x0faef44d1373f6fde75926e4564bab5b2d645944'}, 'date': {'date': '2020-12-10'}, 'block': {'height': 11423739}}, {'smartContract': {'address': {'address': '0x8d7e38bce4363577bec63fd268557d3b08f4aa2b'}}, 'caller': {'address': '0x0faef44d1373f6fde75926e4564bab5b2d645944'}, 'date': {'date': '2020-12-10'}, 'block': {'height': 11423013}}, {'smartContract': {'address': {'address': '0x946eee2c398eb6d8eaa2cc47aba84f0c97936341'}}, 'caller': {'address': '0x0faef44d1373f6fde75926e4564bab5b2d645944'}, 'date': {'date': '2020-12-10'}, 'block': {'height': 11422918}}, {'smartContract': {'address': {'address': '0xd6ad22e4ad7215a2c2c4c3d3178f951e4c4f2671'}}, 'caller': {'address': '0x0faef44d1373f6fde75926e4564bab5b2d645944'}, 'date': {'date': '2020-12-10'}, 'block': {'height': 11422599}}, {'smartContract': {'address': {'address': '0x9e2806f98955f0d701c1f9385dd8439e02e43d7f'}}, 'caller': {'address': '0x0faef44d1373f6fde75926e4564bab5b2d645944'}, 'date': {'date': '2020-12-10'}, 'block': {'height': 11422277}}, {'smartContract': {'address': {'address': '0x693f49cfc4293257c280f7fd64395298b62c35c3'}}, 'caller': {'address': '0x0faef44d1373f6fde75926e4564bab5b2d645944'}, 'date': {'date': '2020-12-10'}, 'block': {'height': 11422240}}, {'smartContract': {'address': {'address': '0xb5d53ec97bed54fe4c2b77f275025c3fc132d770'}}, 'caller': {'address': '0x0faef44d1373f6fde75926e4564bab5b2d645944'}, 'date': {'date': '2020-12-09'}, 'block': {'height': 11419439}}, {'smartContract': {'address': {'address': '0xa1a7a95d7ad043b356d72b7c5fbe0ef053ba8c13'}}, 'caller': {'address': '0x0faef44d1373f6fde75926e4564bab5b2d645944'}, 'date': {'date': '2020-12-09'}, 'block': {'height': 11419237}}, {'smartContract': {'address': {'address': '0x13ef8c51bf82096ba7afa01a3c4c6fc74ad7aefb'}}, 'caller': {'address': '0xf028f723ed1d0fe01cc59973c49298aa95c57472'}, 'date': {'date': '2020-11-24'}, 'block': {'height': 11318954}}, {'smartContract': {'address': {'address': '0x60d6ccc51519b2f7c01a882cd18b81a64c5a1fbe'}}, 'caller': {'address': '0xf028f723ed1d0fe01cc59973c49298aa95c57472'}, 'date': {'date': '2020-11-24'}, 'block': {'height': 11318934}}, {'smartContract': {'address': {'address': '0xdba059c900308f66040c689d2597e5833f883b0c'}}, 'caller': {'address': '0xf028f723ed1d0fe01cc59973c49298aa95c57472'}, 'date': {'date': '2020-11-24'}, 'block': {'height': 11318919}}, {'smartContract': {'address': {'address': '0x864c85da885b7c80f95ebd3c0de606494e8ee7e7'}}, 'caller': {'address': '0xf028f723ed1d0fe01cc59973c49298aa95c57472'}, 'date': {'date': '2020-11-24'}, 'block': {'height': 11318905}}, {'smartContract': {'address': {'address': '0xc6e811c8538883cf971f3fb49c40b7b73ab06db7'}}, 'caller': {'address': '0xf028f723ed1d0fe01cc59973c49298aa95c57472'}, 'date': {'date': '2020-11-24'}, 'block': {'height': 11318895}}, {'smartContract': {'address': {'address': '0x267df9a4986a1cbf586c4d0d6f3b7ec48799f863'}}, 'caller': {'address': '0xf028f723ed1d0fe01cc59973c49298aa95c57472'}, 'date': {'date': '2020-11-24'}, 'block': {'height': 11318891}}, {'smartContract': {'address': {'address': '0x2c6a4f2f02a18782448c5b162ffae0907ac37e36'}}, 'caller': {'address': '0xf028f723ed1d0fe01cc59973c49298aa95c57472'}, 'date': {'date': '2020-11-24'}, 'block': {'height': 11318869}}, {'smartContract': {'address': {'address': '0xf2bdb6d1a7bc18666940adbca8931aa9166a8ab5'}}, 'caller': {'address': '0xf028f723ed1d0fe01cc59973c49298aa95c57472'}, 'date': {'date': '2020-11-24'}, 'block': {'height': 11318843}}, {'smartContract': {'address': {'address': '0x8767cc91765cb624777005cffebde6b2cf6481fb'}}, 'caller': {'address': '0xf028f723ed1d0fe01cc59973c49298aa95c57472'}, 'date': {'date': '2020-11-24'}, 'block': {'height': 11318498}}, {'smartContract': {'address': {'address': '0x20978e3ed5716d526732156067968363c473e7c4'}}, 'caller': {'address': '0xf028f723ed1d0fe01cc59973c49298aa95c57472'}, 'date': {'date': '2020-11-24'}, 'block': {'height': 11318469}}, {'smartContract': {'address': {'address': '0x19583a9ece888c5e84fcfc865e076aa7c10a45cb'}}, 'caller': {'address': '0xf028f723ed1d0fe01cc59973c49298aa95c57472'}, 'date': {'date': '2020-11-24'}, 'block': {'height': 11318335}}, {'smartContract': {'address': {'address': '0x419539e88081db92e34f26bc7308b9d85dd297e7'}}, 'caller': {'address': '0xf028f723ed1d0fe01cc59973c49298aa95c57472'}, 'date': {'date': '2020-11-24'}, 'block': {'height': 11318141}}, {'smartContract': {'address': {'address': '0x5915f96014a343f6a9bfb6863f3393b81e50a3b4'}}, 'caller': {'address': '0xf028f723ed1d0fe01cc59973c49298aa95c57472'}, 'date': {'date': '2020-11-24'}, 'block': {'height': 11318088}}, {'smartContract': {'address': {'address': '0x4c3909f3c254583f3e349db4b7bf954ce5c4b0d0'}}, 'caller': {'address': '0xf028f723ed1d0fe01cc59973c49298aa95c57472'}, 'date': {'date': '2020-11-24'}, 'block': {'height': 11318044}}, {'smartContract': {'address': {'address': '0x34cf6e94cb4d3f7f9679584753e4447244f7cbb9'}}, 'caller': {'address': '0x0faef44d1373f6fde75926e4564bab5b2d645944'}, 'date': {'date': '2020-10-23'}, 'block': {'height': 11113725}}, {'smartContract': {'address': {'address': '0x8010685eae3228886d2ce438c1c2c9066227da96'}}, 'caller': {'address': '0x0faef44d1373f6fde75926e4564bab5b2d645944'}, 'date': {'date': '2020-10-23'}, 'block': {'height': 11113703}}, {'smartContract': {'address': {'address': '0x30d75a1232c0d28aa53c43d47ef7d3441cfed1e3'}}, 'caller': {'address': '0x0faef44d1373f6fde75926e4564bab5b2d645944'}, 'date': {'date': '2020-10-23'}, 'block': {'height': 11113654}}, {'smartContract': {'address': {'address': '0xe9886bba3ba6a3c00144e1e068088ee879f560cd'}}, 'caller': {'address': '0x0faef44d1373f6fde75926e4564bab5b2d645944'}, 'date': {'date': '2020-10-23'}, 'block': {'height': 11113592}}, {'smartContract': {'address': {'address': '0x3f966fa1c0606e19047ed72068d2857677e07ef4'}}, 'caller': {'address': '0x0faef44d1373f6fde75926e4564bab5b2d645944'}, 'date': {'date': '2020-10-23'}, 'block': {'height': 11113225}}, {'smartContract': {'address': {'address': '0x421909ac7d8da8f05b26debe3b62ef589e899cef'}}, 'caller': {'address': '0x0faef44d1373f6fde75926e4564bab5b2d645944'}, 'date': {'date': '2020-10-23'}, 'block': {'height': 11113014}}, {'smartContract': {'address': {'address': '0x939cb7e3089802b395bdab0c791fb4c1e7af315b'}}, 'caller': {'address': '0x0faef44d1373f6fde75926e4564bab5b2d645944'}, 'date': {'date': '2020-10-23'}, 'block': {'height': 11112996}}, {'smartContract': {'address': {'address': '0x3857997e0203036cb5331ee62e6a7db50d67f5ab'}}, 'caller': {'address': '0x0faef44d1373f6fde75926e4564bab5b2d645944'}, 'date': {'date': '2020-10-22'}, 'block': {'height': 11106883}}, {'smartContract': {'address': {'address': '0xa6bcd244e51cb5edfcff55929e3ced62feb3f1bd'}}, 'caller': {'address': '0x0faef44d1373f6fde75926e4564bab5b2d645944'}, 'date': {'date': '2020-10-21'}, 'block': {'height': 11097870}}, {'smartContract': {'address': {'address': '0x1c486c577d980cb16f3eb05b0236fe40621e33dc'}}, 'caller': {'address': '0x0faef44d1373f6fde75926e4564bab5b2d645944'}, 'date': {'date': '2020-10-21'}, 'block': {'height': 11097127}}, {'smartContract': {'address': {'address': '0x4221330f24b26f20457f7c7c925cfc46b1541ca6'}}, 'caller': {'address': '0x0faef44d1373f6fde75926e4564bab5b2d645944'}, 'date': {'date': '2020-10-21'}, 'block': {'height': 11097061}}, {'smartContract': {'address': {'address': '0x722669a18852c659110d4a1e44f9647fc44edcc2'}}, 'caller': {'address': '0x0faef44d1373f6fde75926e4564bab5b2d645944'}, 'date': {'date': '2020-10-21'}, 'block': {'height': 11096995}}, {'smartContract': {'address': {'address': '0xe6cb949e11beb2a7b48f4cb5bfd8724501cfda91'}}, 'caller': {'address': '0x0faef44d1373f6fde75926e4564bab5b2d645944'}, 'date': {'date': '2020-10-20'}, 'block': {'height': 11093273}}, {'smartContract': {'address': {'address': '0xac8cd3090ca1478d2b1ff300da314f7460771b27'}}, 'caller': {'address': '0x0faef44d1373f6fde75926e4564bab5b2d645944'}, 'date': {'date': '2020-10-20'}, 'block': {'height': 11093258}}, {'smartContract': {'address': {'address': '0xeebef489fff79c4caedf520e7e65359c99d47ea7'}}, 'caller': {'address': '0x0faef44d1373f6fde75926e4564bab5b2d645944'}, 'date': {'date': '2020-10-15'}, 'block': {'height': 11059555}}, {'smartContract': {'address': {'address': '0x52632d06ea29614bb2574c462f280feb23d14f16'}}, 'caller': {'address': '0x0faef44d1373f6fde75926e4564bab5b2d645944'}, 'date': {'date': '2020-10-13'}, 'block': {'height': 11046949}}, {'smartContract': {'address': {'address': '0x74e4179d4eea6bea5f5924e6309b7990dc36f54e'}}, 'caller': {'address': '0x0faef44d1373f6fde75926e4564bab5b2d645944'}, 'date': {'date': '2020-10-13'}, 'block': {'height': 11046913}}, {'smartContract': {'address': {'address': '0xa7feeaa18ebbe7148adfa08832a84184f3500e61'}}, 'caller': {'address': '0x0faef44d1373f6fde75926e4564bab5b2d645944'}, 'date': {'date': '2020-10-13'}, 'block': {'height': 11046824}}, {'smartContract': {'address': {'address': '0x81885d776d2963941ec7434f30d61b851e9697fa'}}, 'caller': {'address': '0x0faef44d1373f6fde75926e4564bab5b2d645944'}, 'date': {'date': '2020-10-13'}, 'block': {'height': 11046794}}, {'smartContract': {'address': {'address': '0x8e95bc97b0c1b88aa8708206c85c06299f778648'}}, 'caller': {'address': '0x0faef44d1373f6fde75926e4564bab5b2d645944'}, 'date': {'date': '2020-10-13'}, 'block': {'height': 11046758}}, {'smartContract': {'address': {'address': '0xc5d00a4e730fc2e1c77764a74e5f1308a460de7f'}}, 'caller': {'address': '0x0faef44d1373f6fde75926e4564bab5b2d645944'}, 'date': {'date': '2020-10-13'}, 'block': {'height': 11046733}}, {'smartContract': {'address': {'address': '0x53fbf4a6ccffd2b038b28cefc99ef4e624df34c1'}}, 'caller': {'address': '0x0faef44d1373f6fde75926e4564bab5b2d645944'}, 'date': {'date': '2020-10-13'}, 'block': {'height': 11046392}}, {'smartContract': {'address': {'address': '0x56bb940d92ae9a45ebdc77e94c28b960cffd6168'}}, 'caller': {'address': '0x0faef44d1373f6fde75926e4564bab5b2d645944'}, 'date': {'date': '2020-10-13'}, 'block': {'height': 11046350}}, {'smartContract': {'address': {'address': '0x3884eab512bb0475100997271ec83163daa944ae'}}, 'caller': {'address': '0x0faef44d1373f6fde75926e4564bab5b2d645944'}, 'date': {'date': '2020-10-13'}, 'block': {'height': 11046285}}, {'smartContract': {'address': {'address': '0x65d34f76b6a34bafe0e03877c3ce68f79b18c394'}}, 'caller': {'address': '0x0faef44d1373f6fde75926e4564bab5b2d645944'}, 'date': {'date': '2020-09-30'}, 'block': {'height': 10964066}}, {'smartContract': {'address': {'address': '0x001e091d98ac592a13bf2ef4e727044e9824c1f5'}}, 'caller': {'address': '0xf028f723ed1d0fe01cc59973c49298aa95c57472'}, 'date': {'date': '2020-09-30'}, 'block': {'height': 10962766}}, {'smartContract': {'address': {'address': '0xe24b430952bdb793b0e6753d14c4fec9b8a41813'}}, 'caller': {'address': '0xf028f723ed1d0fe01cc59973c49298aa95c57472'}, 'date': {'date': '2020-09-28'}, 'block': {'height': 10951493}}, {'smartContract': {'address': {'address': '0xd16d65266a65f6b149de2849a1a36fe54693ad48'}}, 'caller': {'address': '0xf028f723ed1d0fe01cc59973c49298aa95c57472'}, 'date': {'date': '2020-09-28'}, 'block': {'height': 10951481}}, {'smartContract': {'address': {'address': '0x96559937e9c4475160ca040b16cda93e3efbd75a'}}, 'caller': {'address': '0xf028f723ed1d0fe01cc59973c49298aa95c57472'}, 'date': {'date': '2020-09-28'}, 'block': {'height': 10951464}}, {'smartContract': {'address': {'address': '0xc57d7265f0e5239afe37c4167acf027747efd752'}}, 'caller': {'address': '0xf028f723ed1d0fe01cc59973c49298aa95c57472'}, 'date': {'date': '2020-09-28'}, 'block': {'height': 10951422}}, {'smartContract': {'address': {'address': '0x51dee699d5a82020fd41f620f09d1247c3c840fc'}}, 'caller': {'address': '0x0faef44d1373f6fde75926e4564bab5b2d645944'}, 'date': {'date': '2020-09-28'}, 'block': {'height': 10950660}}, {'smartContract': {'address': {'address': '0xb382097af3d9a9a8ca8ba9e1c48eae9228ca7b47'}}, 'caller': {'address': '0x0faef44d1373f6fde75926e4564bab5b2d645944'}, 'date': {'date': '2020-09-28'}, 'block': {'height': 10950648}}, {'smartContract': {'address': {'address': '0xda26efdd87fa47eb24e0dbda145d7ba144f10b0d'}}, 'caller': {'address': '0x0faef44d1373f6fde75926e4564bab5b2d645944'}, 'date': {'date': '2020-09-28'}, 'block': {'height': 10950593}}, {'smartContract': {'address': {'address': '0xc34146bb5e208f711fa99ba9d1d2c90b935a65c2'}}, 'caller': {'address': '0x0faef44d1373f6fde75926e4564bab5b2d645944'}, 'date': {'date': '2020-09-28'}, 'block': {'height': 10950585}}, {'smartContract': {'address': {'address': '0x9492d7d2cb08eef7c825a8199a4704056c808518'}}, 'caller': {'address': '0x0faef44d1373f6fde75926e4564bab5b2d645944'}, 'date': {'date': '2020-09-28'}, 'block': {'height': 10948486}}, {'smartContract': {'address': {'address': '0xec0c65a04b985f1f162f13e7df667bbf4804b621'}}, 'caller': {'address': '0x0faef44d1373f6fde75926e4564bab5b2d645944'}, 'date': {'date': '2020-09-28'}, 'block': {'height': 10948474}}, {'smartContract': {'address': {'address': '0x4ce106235b6d876c66117fda1f6025e3fb87d3ec'}}, 'caller': {'address': '0x0faef44d1373f6fde75926e4564bab5b2d645944'}, 'date': {'date': '2020-09-28'}, 'block': {'height': 10948430}}, {'smartContract': {'address': {'address': '0xbd61299162735bc01c56ea295776bff4a03e4a46'}}, 'caller': {'address': '0xf028f723ed1d0fe01cc59973c49298aa95c57472'}, 'date': {'date': '2020-09-27'}, 'block': {'height': 10945139}}, {'smartContract': {'address': {'address': '0x81e23d17f07d4d95dcb9fd070b44332d2f34a874'}}, 'caller': {'address': '0xf028f723ed1d0fe01cc59973c49298aa95c57472'}, 'date': {'date': '2020-09-27'}, 'block': {'height': 10945130}}, {'smartContract': {'address': {'address': '0x5db60350383433f53147101e3e6ce1d5193c5671'}}, 'caller': {'address': '0xf028f723ed1d0fe01cc59973c49298aa95c57472'}, 'date': {'date': '2020-09-27'}, 'block': {'height': 10945122}}, {'smartContract': {'address': {'address': '0xceea282be8da0f3f4b2bc57bfd89f4b7dd4454b1'}}, 'caller': {'address': '0xf028f723ed1d0fe01cc59973c49298aa95c57472'}, 'date': {'date': '2020-09-27'}, 'block': {'height': 10945107}}]",2020-09-09
118,118,0x6F620EC89B8479e97A6985792d0c64F237566746,WePiggy Coin,https://github.com/WePiggy,0xF2caFB99992Ce6A49f948B452c783614808612d1,7888989.68,"[{'smartContract': {'address': {'address': '0x6f620ec89b8479e97a6985792d0c64f237566746'}}, 'caller': {'address': '0xf2cafb99992ce6a49f948b452c783614808612d1'}, 'date': {'date': '2021-11-22'}, 'block': {'height': 13663230}}]",2021-11-22
119,119,0x4691937a7508860F876c9c0a2a617E7d9E945D4B,Wootrade Network (WOO),,0xE64eB20471491956338eEdC0F98242Bc3aD0C91b,7412134.644,"[{'smartContract': {'address': {'address': '0xdcf08427aad1c0e7d31dfd5846aaacae5f711071'}}, 'caller': {'address': '0xe64eb20471491956338eedc0f98242bc3ad0c91b'}, 'date': {'date': '2021-06-08'}, 'block': {'height': 12593602}}, {'smartContract': {'address': {'address': '0xe72d933396228096679aaaccced8a7ce5eeb702d'}}, 'caller': {'address': '0xe64eb20471491956338eedc0f98242bc3ad0c91b'}, 'date': {'date': '2021-05-23'}, 'block': {'height': 12488533}}, {'smartContract': {'address': {'address': '0x5427a224e50a9af4d030aeecd2a686d41f348dfe'}}, 'caller': {'address': '0xbf515ff38d55737c56d62e8b6a8eea322ec38aa5'}, 'date': {'date': '2021-05-07'}, 'block': {'height': 12385816}}, {'smartContract': {'address': {'address': '0x4691937a7508860f876c9c0a2a617e7d9e945d4b'}}, 'caller': {'address': '0xe64eb20471491956338eedc0f98242bc3ad0c91b'}, 'date': {'date': '2020-10-16'}, 'block': {'height': 11067236}}]",2020-10-16
120,120,0x429881672B9AE42b8EbA0E26cD9C73711b891Ca5,PickleToken,,0x907D9B32654B8D43e8737E0291Ad9bfcce01DAD6,7353251.676,"[{'smartContract': {'address': {'address': '0x23f0cceeabeab58c3b547973409f4c1bcc3f2a3d'}}, 'caller': {'address': '0xa26e15c895efc0616177b7c1e7270a4c7d51c997'}, 'date': {'date': '2020-12-02'}, 'block': {'height': 11375249}}, {'smartContract': {'address': {'address': '0x16c4592e1cb2d9447734bcb6f6e56bd2f81ba0f6'}}, 'caller': {'address': '0xed52d8e202401645edad1c0aa21e872498ce47d0'}, 'date': {'date': '2020-12-02'}, 'block': {'height': 11374654}}, {'smartContract': {'address': {'address': '0x3c0bf8e626d4c6371c3d32593653b69e0a2ae263'}}, 'caller': {'address': '0x9424b1412450d0f8fc2255faf6046b98213b76bd'}, 'date': {'date': '2020-12-02'}, 'block': {'height': 11374654}}, {'smartContract': {'address': {'address': '0xb78421bbf3ca0295c8b49e65306e56e71e6ecd15'}}, 'caller': {'address': '0x9424b1412450d0f8fc2255faf6046b98213b76bd'}, 'date': {'date': '2020-12-02'}, 'block': {'height': 11374631}}, {'smartContract': {'address': {'address': '0xa2ac7e7107ed94d2f0db5cee9ac35105a3253bd4'}}, 'caller': {'address': '0xa26e15c895efc0616177b7c1e7270a4c7d51c997'}, 'date': {'date': '2020-12-02'}, 'block': {'height': 11374616}}, {'smartContract': {'address': {'address': '0x439923a086069d4171fdf1bbe12470cbbe5262ef'}}, 'caller': {'address': '0x907d9b32654b8d43e8737e0291ad9bfcce01dad6'}, 'date': {'date': '2020-10-01'}, 'block': {'height': 10972791}}, {'smartContract': {'address': {'address': '0xf64419de962b9e647204b8689e103dee6e63b5b3'}}, 'caller': {'address': '0x907d9b32654b8d43e8737e0291ad9bfcce01dad6'}, 'date': {'date': '2020-09-29'}, 'block': {'height': 10960184}}, {'smartContract': {'address': {'address': '0xf6d4633e2799c3d48ffd93afebeb1c53d8fef0d2'}}, 'caller': {'address': '0x907d9b32654b8d43e8737e0291ad9bfcce01dad6'}, 'date': {'date': '2020-09-29'}, 'block': {'height': 10960170}}, {'smartContract': {'address': {'address': '0xac08549396c2934694d3cb6d0bc7fe0db2bda154'}}, 'caller': {'address': '0x907d9b32654b8d43e8737e0291ad9bfcce01dad6'}, 'date': {'date': '2020-09-29'}, 'block': {'height': 10960156}}, {'smartContract': {'address': {'address': '0xd1dd7029d01a0a0966cc0e18acfe6f9be900d759'}}, 'caller': {'address': '0x907d9b32654b8d43e8737e0291ad9bfcce01dad6'}, 'date': {'date': '2020-09-29'}, 'block': {'height': 10960127}}, {'smartContract': {'address': {'address': '0xd7054d07e2bd5f0ed91dbd8d44f8a10a56afe355'}}, 'caller': {'address': '0x907d9b32654b8d43e8737e0291ad9bfcce01dad6'}, 'date': {'date': '2020-09-29'}, 'block': {'height': 10959668}}, {'smartContract': {'address': {'address': '0x066419eaef5de53cc5da0d8702b990c5bc7d1ab3'}}, 'caller': {'address': '0x76e2cfc1f5fa8f6a5b3fc4c8f4788f0116861f9b'}, 'date': {'date': '2020-09-28'}, 'block': {'height': 10953628}}, {'smartContract': {'address': {'address': '0x47b63741e040e73e9e953239e0f64338406f1996'}}, 'caller': {'address': '0x907d9b32654b8d43e8737e0291ad9bfcce01dad6'}, 'date': {'date': '2020-09-21'}, 'block': {'height': 10908658}}, {'smartContract': {'address': {'address': '0xd373f64afe4f38f2c02d602b3f19109c1a496a25'}}, 'caller': {'address': '0x907d9b32654b8d43e8737e0291ad9bfcce01dad6'}, 'date': {'date': '2020-09-21'}, 'block': {'height': 10908632}}, {'smartContract': {'address': {'address': '0x90e1adc31e299602a479f7343cf90b10d7f034db'}}, 'caller': {'address': '0x907d9b32654b8d43e8737e0291ad9bfcce01dad6'}, 'date': {'date': '2020-09-21'}, 'block': {'height': 10908622}}, {'smartContract': {'address': {'address': '0x74e46f84bf4fce96995ef50a83964668f9871224'}}, 'caller': {'address': '0x907d9b32654b8d43e8737e0291ad9bfcce01dad6'}, 'date': {'date': '2020-09-21'}, 'block': {'height': 10908236}}, {'smartContract': {'address': {'address': '0xcc489bde678096002a0246bccbc01f18eb841531'}}, 'caller': {'address': '0x907d9b32654b8d43e8737e0291ad9bfcce01dad6'}, 'date': {'date': '2020-09-21'}, 'block': {'height': 10908219}}, {'smartContract': {'address': {'address': '0x153d01e1e2d882eadfe884624623b3e7f88668af'}}, 'caller': {'address': '0x907d9b32654b8d43e8737e0291ad9bfcce01dad6'}, 'date': {'date': '2020-09-21'}, 'block': {'height': 10908185}}, {'smartContract': {'address': {'address': '0x88dfc02fcb034e7986b12173d0c852934f6c8c01'}}, 'caller': {'address': '0x907d9b32654b8d43e8737e0291ad9bfcce01dad6'}, 'date': {'date': '2020-09-21'}, 'block': {'height': 10908136}}, {'smartContract': {'address': {'address': '0xcbecd4d8c8ef80377f019addb8f071e9b034303c'}}, 'caller': {'address': '0x907d9b32654b8d43e8737e0291ad9bfcce01dad6'}, 'date': {'date': '2020-09-21'}, 'block': {'height': 10908115}}, {'smartContract': {'address': {'address': '0xe335400d7b046587989e47bd85ae1e43abadd453'}}, 'caller': {'address': '0x907d9b32654b8d43e8737e0291ad9bfcce01dad6'}, 'date': {'date': '2020-09-21'}, 'block': {'height': 10908017}}, {'smartContract': {'address': {'address': '0xe0f887aa435bcce11ba3836feaa82a05f860898e'}}, 'caller': {'address': '0x907d9b32654b8d43e8737e0291ad9bfcce01dad6'}, 'date': {'date': '2020-09-21'}, 'block': {'height': 10907994}}, {'smartContract': {'address': {'address': '0x74df2f42e45d6fd8a6cbfa480ad81d1178150e71'}}, 'caller': {'address': '0x907d9b32654b8d43e8737e0291ad9bfcce01dad6'}, 'date': {'date': '2020-09-21'}, 'block': {'height': 10907971}}, {'smartContract': {'address': {'address': '0xe106dbb9aeb3860f935f29f2b29826f53ed9f47e'}}, 'caller': {'address': '0x907d9b32654b8d43e8737e0291ad9bfcce01dad6'}, 'date': {'date': '2020-09-21'}, 'block': {'height': 10907920}}, {'smartContract': {'address': {'address': '0xd92c7faa0ca0e6ae4918f3a83d9832d9caeaa0d3'}}, 'caller': {'address': '0x907d9b32654b8d43e8737e0291ad9bfcce01dad6'}, 'date': {'date': '2020-09-21'}, 'block': {'height': 10907904}}, {'smartContract': {'address': {'address': '0x0040e05ce9a5fc9c0abf89889f7b60c2fc278416'}}, 'caller': {'address': '0x907d9b32654b8d43e8737e0291ad9bfcce01dad6'}, 'date': {'date': '2020-09-21'}, 'block': {'height': 10907888}}, {'smartContract': {'address': {'address': '0x6cb797f795bbef9381fc299e3d707c22e2559893'}}, 'caller': {'address': '0x907d9b32654b8d43e8737e0291ad9bfcce01dad6'}, 'date': {'date': '2020-09-20'}, 'block': {'height': 10895943}}, {'smartContract': {'address': {'address': '0xf92b0916d938ec57dea03de4806846eee7c0cabe'}}, 'caller': {'address': '0x907d9b32654b8d43e8737e0291ad9bfcce01dad6'}, 'date': {'date': '2020-09-20'}, 'block': {'height': 10895891}}, {'smartContract': {'address': {'address': '0xa39412c169d15dd1163b0f7d0d28ba696fac4520'}}, 'caller': {'address': '0x907d9b32654b8d43e8737e0291ad9bfcce01dad6'}, 'date': {'date': '2020-09-20'}, 'block': {'height': 10895850}}, {'smartContract': {'address': {'address': '0x3a41ab1e362169974132dea424fb8079fd0e94d8'}}, 'caller': {'address': '0x907d9b32654b8d43e8737e0291ad9bfcce01dad6'}, 'date': {'date': '2020-09-18'}, 'block': {'height': 10883753}}, {'smartContract': {'address': {'address': '0xa7edc2905ae0bbdbe24f24b0962df77dc64348f1'}}, 'caller': {'address': '0x907d9b32654b8d43e8737e0291ad9bfcce01dad6'}, 'date': {'date': '2020-09-18'}, 'block': {'height': 10883747}}, {'smartContract': {'address': {'address': '0x93bb0df4bf901e44e4c998543cd7284015694923'}}, 'caller': {'address': '0x907d9b32654b8d43e8737e0291ad9bfcce01dad6'}, 'date': {'date': '2020-09-18'}, 'block': {'height': 10883082}}, {'smartContract': {'address': {'address': '0x46206e9bdaf534d057be5ecf231dad2a1479258b'}}, 'caller': {'address': '0x907d9b32654b8d43e8737e0291ad9bfcce01dad6'}, 'date': {'date': '2020-09-18'}, 'block': {'height': 10882948}}, {'smartContract': {'address': {'address': '0xcb6c15c01232c679f3362b07eb958e91a617da36'}}, 'caller': {'address': '0x907d9b32654b8d43e8737e0291ad9bfcce01dad6'}, 'date': {'date': '2020-09-17'}, 'block': {'height': 10882829}}, {'smartContract': {'address': {'address': '0xc732a299684726a9feb2a72ff29f1af785940747'}}, 'caller': {'address': '0x907d9b32654b8d43e8737e0291ad9bfcce01dad6'}, 'date': {'date': '2020-09-17'}, 'block': {'height': 10882554}}, {'smartContract': {'address': {'address': '0xf79ae82dccb71ca3042485c85588a3e0c395d55b'}}, 'caller': {'address': '0x907d9b32654b8d43e8737e0291ad9bfcce01dad6'}, 'date': {'date': '2020-09-17'}, 'block': {'height': 10882533}}, {'smartContract': {'address': {'address': '0xf856e784b2083dd77f3caa4613896922f6e1ecff'}}, 'caller': {'address': '0x907d9b32654b8d43e8737e0291ad9bfcce01dad6'}, 'date': {'date': '2020-09-16'}, 'block': {'height': 10875491}}, {'smartContract': {'address': {'address': '0xf2064b7623ab5a7c6c4c3e726007c8355c59788f'}}, 'caller': {'address': '0x907d9b32654b8d43e8737e0291ad9bfcce01dad6'}, 'date': {'date': '2020-09-15'}, 'block': {'height': 10863887}}, {'smartContract': {'address': {'address': '0x2385d31f1eb3736be0c3629e6f03c4b3cd997ffd'}}, 'caller': {'address': '0x907d9b32654b8d43e8737e0291ad9bfcce01dad6'}, 'date': {'date': '2020-09-15'}, 'block': {'height': 10863877}}, {'smartContract': {'address': {'address': '0xff5c95a5cfeb6312c0139e99026b0c580c0d9277'}}, 'caller': {'address': '0x907d9b32654b8d43e8737e0291ad9bfcce01dad6'}, 'date': {'date': '2020-09-15'}, 'block': {'height': 10863854}}, {'smartContract': {'address': {'address': '0xc0cf2cbd0c6bb1da4c671fbb07d40e88676dbe82'}}, 'caller': {'address': '0x907d9b32654b8d43e8737e0291ad9bfcce01dad6'}, 'date': {'date': '2020-09-12'}, 'block': {'height': 10846368}}, {'smartContract': {'address': {'address': '0x47b7b0983bf3b1d8d5b773006809edcb208af191'}}, 'caller': {'address': '0x907d9b32654b8d43e8737e0291ad9bfcce01dad6'}, 'date': {'date': '2020-09-11'}, 'block': {'height': 10842798}}, {'smartContract': {'address': {'address': '0xc83d3a7e32467c453eb1ad99f2f5c6fce399df98'}}, 'caller': {'address': '0x907d9b32654b8d43e8737e0291ad9bfcce01dad6'}, 'date': {'date': '2020-09-11'}, 'block': {'height': 10838844}}, {'smartContract': {'address': {'address': '0xdc98556ce24f007a5ef6dc1ce96322d65832a819'}}, 'caller': {'address': '0x5c69bee701ef814a2b6a3edd4b1652cb9cc5aa6f'}, 'date': {'date': '2020-09-09'}, 'block': {'height': 10830545}}, {'smartContract': {'address': {'address': '0xbd17b1ce622d73bd438b9e658aca5996dc394b0d'}}, 'caller': {'address': '0x907d9b32654b8d43e8737e0291ad9bfcce01dad6'}, 'date': {'date': '2020-09-09'}, 'block': {'height': 10830536}}, {'smartContract': {'address': {'address': '0x429881672b9ae42b8eba0e26cd9c73711b891ca5'}}, 'caller': {'address': '0x907d9b32654b8d43e8737e0291ad9bfcce01dad6'}, 'date': {'date': '2020-09-09'}, 'block': {'height': 10830521}}, {'smartContract': {'address': {'address': '0x931f5e2a76cee70c9a8da00a206f086a76fd9180'}}, 'caller': {'address': '0x907d9b32654b8d43e8737e0291ad9bfcce01dad6'}, 'date': {'date': '2020-09-09'}, 'block': {'height': 10830310}}, {'smartContract': {'address': {'address': '0xbb401399de63cd38a09308446c346ad020a5abcb'}}, 'caller': {'address': '0x907d9b32654b8d43e8737e0291ad9bfcce01dad6'}, 'date': {'date': '2020-09-09'}, 'block': {'height': 10830292}}, {'smartContract': {'address': {'address': '0x9299c58d5bb83d1109c27bd3682c7f03eb42966a'}}, 'caller': {'address': '0x907d9b32654b8d43e8737e0291ad9bfcce01dad6'}, 'date': {'date': '2020-09-09'}, 'block': {'height': 10826570}}, {'smartContract': {'address': {'address': '0xadb9dfbb7ca2af7ca3b20c76af2fc310b480dbce'}}, 'caller': {'address': '0x5c69bee701ef814a2b6a3edd4b1652cb9cc5aa6f'}, 'date': {'date': '2020-09-09'}, 'block': {'height': 10825276}}, {'smartContract': {'address': {'address': '0xee61135f0584bad5a6c80f4457c78d4670dfcf50'}}, 'caller': {'address': '0x907d9b32654b8d43e8737e0291ad9bfcce01dad6'}, 'date': {'date': '2020-09-09'}, 'block': {'height': 10825248}}, {'smartContract': {'address': {'address': '0xc2d82a3e2bae0a50f4aeb438285804354b467bc0'}}, 'caller': {'address': '0x907d9b32654b8d43e8737e0291ad9bfcce01dad6'}, 'date': {'date': '2020-09-09'}, 'block': {'height': 10825235}}, {'smartContract': {'address': {'address': '0xcb9e106e86b3c2349ea7c6dda63cd8b8267135aa'}}, 'caller': {'address': '0x907d9b32654b8d43e8737e0291ad9bfcce01dad6'}, 'date': {'date': '2020-09-09'}, 'block': {'height': 10825228}}, {'smartContract': {'address': {'address': '0x6676104752d856ef55867299d7a057fb9d23a2f9'}}, 'caller': {'address': '0x907d9b32654b8d43e8737e0291ad9bfcce01dad6'}, 'date': {'date': '2020-09-09'}, 'block': {'height': 10825186}}, {'smartContract': {'address': {'address': '0x7985a7792a54e29d25d228d46edb5a1e085000a4'}}, 'caller': {'address': '0x907d9b32654b8d43e8737e0291ad9bfcce01dad6'}, 'date': {'date': '2020-09-09'}, 'block': {'height': 10825098}}, {'smartContract': {'address': {'address': '0x2a7ffb6909e15e608854bc2b96a23f4444beed4e'}}, 'caller': {'address': '0x907d9b32654b8d43e8737e0291ad9bfcce01dad6'}, 'date': {'date': '2020-09-09'}, 'block': {'height': 10825079}}, {'smartContract': {'address': {'address': '0x9d074e37d408542fd38be78848e8814afb38db17'}}, 'caller': {'address': '0x76e2cfc1f5fa8f6a5b3fc4c8f4788f0116861f9b'}, 'date': {'date': '2020-09-09'}, 'block': {'height': 10825015}}]",2020-09-10
121,121,0x3Ec8798B81485A254928B70CDA1cf0A2BB0B74D7,Gro DAO Token (GRO),,0xBA5EDF9dAd66D9D81341eEf8131160c439dbA91B,7236424.711,"[{'smartContract': {'address': {'address': '0xd370998b2e7941151e7bb9f6e337a12f337d0682'}}, 'caller': {'address': '0xba5edf9dad66d9d81341eef8131160c439dba91b'}, 'date': {'date': '2022-06-20'}, 'block': {'height': 14997769}}, {'smartContract': {'address': {'address': '0xdf1ebf04518d08812c899b72272c074e36b49020'}}, 'caller': {'address': '0xba5edf9dad66d9d81341eef8131160c439dba91b'}, 'date': {'date': '2022-05-11'}, 'block': {'height': 14757034}}, {'smartContract': {'address': {'address': '0x156d9aad5975ec9aa9e2c621f408c8469d0d6953'}}, 'caller': {'address': '0xba5edf9dad66d9d81341eef8131160c439dba91b'}, 'date': {'date': '2022-03-26'}, 'block': {'height': 14463997}}, {'smartContract': {'address': {'address': '0x88e82d0ada60a24b2607d51551448c64eb990b2d'}}, 'caller': {'address': '0xba5edf9dad66d9d81341eef8131160c439dba91b'}, 'date': {'date': '2022-03-26'}, 'block': {'height': 14462104}}, {'smartContract': {'address': {'address': '0xf43c6bdd2f9158b5a78dccf732d190c490e28644'}}, 'caller': {'address': '0xba5edf9dad66d9d81341eef8131160c439dba91b'}, 'date': {'date': '2022-03-26'}, 'block': {'height': 14462100}}, {'smartContract': {'address': {'address': '0x3c5ced8498ca1f8489ee3db32a86087a53e735d4'}}, 'caller': {'address': '0xba5edf9dad66d9d81341eef8131160c439dba91b'}, 'date': {'date': '2022-03-22'}, 'block': {'height': 14435270}}, {'smartContract': {'address': {'address': '0x82bbee051744299486da61e5914d04a862f0b85c'}}, 'caller': {'address': '0xba5edf9dad66d9d81341eef8131160c439dba91b'}, 'date': {'date': '2022-03-22'}, 'block': {'height': 14435264}}, {'smartContract': {'address': {'address': '0x4c648488e39668e7ae4227b8dfcb86735ce3bb4c'}}, 'caller': {'address': '0xba5edf9dad66d9d81341eef8131160c439dba91b'}, 'date': {'date': '2022-03-22'}, 'block': {'height': 14434914}}, {'smartContract': {'address': {'address': '0x452c21ed6fe22cd2dbff22a89d507cc6b16cb397'}}, 'caller': {'address': '0xba5edf9dad66d9d81341eef8131160c439dba91b'}, 'date': {'date': '2022-03-22'}, 'block': {'height': 14434871}}, {'smartContract': {'address': {'address': '0xde5a25415c637b52d59ef980b29a5fda8dc3c70b'}}, 'caller': {'address': '0xba5edf9dad66d9d81341eef8131160c439dba91b'}, 'date': {'date': '2022-03-01'}, 'block': {'height': 14300374}}, {'smartContract': {'address': {'address': '0x8b335d3e266389ae08a2f22b01d33813d40ed8fd'}}, 'caller': {'address': '0xba5edf9dad66d9d81341eef8131160c439dba91b'}, 'date': {'date': '2022-03-01'}, 'block': {'height': 14300371}}, {'smartContract': {'address': {'address': '0x4d5b5376cbcc001bb4f8930208828ab87d121da8'}}, 'caller': {'address': '0xba5edf9dad66d9d81341eef8131160c439dba91b'}, 'date': {'date': '2022-03-01'}, 'block': {'height': 14300367}}, {'smartContract': {'address': {'address': '0xdea436e15b40e7b707a7002a749f416dfe5b383f'}}, 'caller': {'address': '0xba5edf9dad66d9d81341eef8131160c439dba91b'}, 'date': {'date': '2022-03-01'}, 'block': {'height': 14300356}}, {'smartContract': {'address': {'address': '0x519a27636e13d177e5c50aaf758b72de9360651c'}}, 'caller': {'address': '0xba5edf9dad66d9d81341eef8131160c439dba91b'}, 'date': {'date': '2022-02-24'}, 'block': {'height': 14268740}}, {'smartContract': {'address': {'address': '0xf3d39a7feba9be0c1d18b355e7ed01070ee2c561'}}, 'caller': {'address': '0xba5edf9dad66d9d81341eef8131160c439dba91b'}, 'date': {'date': '2022-02-24'}, 'block': {'height': 14268734}}, {'smartContract': {'address': {'address': '0xe164714c85410aeec99f4d5dbf9300e59e4eb947'}}, 'caller': {'address': '0xba5edf9dad66d9d81341eef8131160c439dba91b'}, 'date': {'date': '2022-02-24'}, 'block': {'height': 14268711}}, {'smartContract': {'address': {'address': '0x0537d3da1ed1dd7350ff1f3b92b727dfdbab80f1'}}, 'caller': {'address': '0xba5edf9dad66d9d81341eef8131160c439dba91b'}, 'date': {'date': '2022-02-24'}, 'block': {'height': 14268709}}, {'smartContract': {'address': {'address': '0xd6c4559c129a8926459983e12ff79624276a91ce'}}, 'caller': {'address': '0xba5edf9dad66d9d81341eef8131160c439dba91b'}, 'date': {'date': '2022-02-24'}, 'block': {'height': 14268708}}, {'smartContract': {'address': {'address': '0x1f09e308bb18795f62ea7b114041e12b426b8880'}}, 'caller': {'address': '0xba5edf9dad66d9d81341eef8131160c439dba91b'}, 'date': {'date': '2022-02-24'}, 'block': {'height': 14268705}}, {'smartContract': {'address': {'address': '0x8b4a30c8884ca4aff1e4c82cce79802a63e61397'}}, 'caller': {'address': '0xba5edf9dad66d9d81341eef8131160c439dba91b'}, 'date': {'date': '2022-02-24'}, 'block': {'height': 14268703}}, {'smartContract': {'address': {'address': '0x748218256afe0a19a88ebeb2e0c5ce86d2178360'}}, 'caller': {'address': '0xba5edf9dad66d9d81341eef8131160c439dba91b'}, 'date': {'date': '2022-02-24'}, 'block': {'height': 14268701}}, {'smartContract': {'address': {'address': '0xc8f64799c1cdf2c40161b98df86e36ee6a8f1275'}}, 'caller': {'address': '0xba5edf9dad66d9d81341eef8131160c439dba91b'}, 'date': {'date': '2022-02-24'}, 'block': {'height': 14268672}}, {'smartContract': {'address': {'address': '0x10d415dc03ee189a8fae0cea176000b8db2465de'}}, 'caller': {'address': '0xba5edf9dad66d9d81341eef8131160c439dba91b'}, 'date': {'date': '2022-02-24'}, 'block': {'height': 14268671}}, {'smartContract': {'address': {'address': '0x83cfa7282ad906207d90324405cb6dfe1cfc3e3f'}}, 'caller': {'address': '0xba5edf9dad66d9d81341eef8131160c439dba91b'}, 'date': {'date': '2022-02-24'}, 'block': {'height': 14268670}}, {'smartContract': {'address': {'address': '0x9ff07c7e476829235021debe32d5db656a11ddf0'}}, 'caller': {'address': '0xba5edf9dad66d9d81341eef8131160c439dba91b'}, 'date': {'date': '2022-02-24'}, 'block': {'height': 14268669}}, {'smartContract': {'address': {'address': '0xce6e6ce4d30f51ae45d9dd0fef1b7e9d936e5866'}}, 'caller': {'address': '0xba5edf9dad66d9d81341eef8131160c439dba91b'}, 'date': {'date': '2022-02-24'}, 'block': {'height': 14268667}}, {'smartContract': {'address': {'address': '0x549e70c14e9bea60e4646264f0ff5992292498c6'}}, 'caller': {'address': '0xba5edf9dad66d9d81341eef8131160c439dba91b'}, 'date': {'date': '2022-02-24'}, 'block': {'height': 14268666}}, {'smartContract': {'address': {'address': '0xb6b16332d6105438d7573a603a9c26599f0f7dd2'}}, 'caller': {'address': '0xba5edf9dad66d9d81341eef8131160c439dba91b'}, 'date': {'date': '2022-02-24'}, 'block': {'height': 14268663}}, {'smartContract': {'address': {'address': '0x2e32bad45a1c29c1ea27cf4dd588df9e68ed376c'}}, 'caller': {'address': '0xba5edf9dad66d9d81341eef8131160c439dba91b'}, 'date': {'date': '2022-02-24'}, 'block': {'height': 14268645}}, {'smartContract': {'address': {'address': '0x33070c339f88cb29562ef9ca7d1e14a87d7451c0'}}, 'caller': {'address': '0xba5edf9dad66d9d81341eef8131160c439dba91b'}, 'date': {'date': '2022-02-17'}, 'block': {'height': 14225995}}, {'smartContract': {'address': {'address': '0xe2140f2af979c96966916d81e7c735ae858581cb'}}, 'caller': {'address': '0xba5edf9dad66d9d81341eef8131160c439dba91b'}, 'date': {'date': '2022-02-17'}, 'block': {'height': 14225979}}, {'smartContract': {'address': {'address': '0x870d9594cddddf39e049192e5c3135273f0f4c94'}}, 'caller': {'address': '0xba5edf9dad66d9d81341eef8131160c439dba91b'}, 'date': {'date': '2022-02-17'}, 'block': {'height': 14225972}}, {'smartContract': {'address': {'address': '0xc118f2eb1291f9bc0c2a4c2d61b59f1785b047b5'}}, 'caller': {'address': '0xba5edf9dad66d9d81341eef8131160c439dba91b'}, 'date': {'date': '2021-12-25'}, 'block': {'height': 13874034}}, {'smartContract': {'address': {'address': '0x7d17c9b9b154b1b31add5115f5f519ec50a59421'}}, 'caller': {'address': '0xba5edf9dad66d9d81341eef8131160c439dba91b'}, 'date': {'date': '2021-12-25'}, 'block': {'height': 13874027}}, {'smartContract': {'address': {'address': '0x7d39eeab3bf514b4896b520d3035ce034ed45380'}}, 'caller': {'address': '0xba5edf9dad66d9d81341eef8131160c439dba91b'}, 'date': {'date': '2021-11-19'}, 'block': {'height': 13647190}}, {'smartContract': {'address': {'address': '0x2c57f9067e50e819365df7c5958e2c4c14a91c2d'}}, 'caller': {'address': '0xba5edf9dad66d9d81341eef8131160c439dba91b'}, 'date': {'date': '2021-11-04'}, 'block': {'height': 13548959}}, {'smartContract': {'address': {'address': '0x96527d13b943b404fb1019e4767048f5a24b0c17'}}, 'caller': {'address': '0xba5edf9dad66d9d81341eef8131160c439dba91b'}, 'date': {'date': '2021-11-03'}, 'block': {'height': 13542664}}, {'smartContract': {'address': {'address': '0x6a834ad9fb01036fbf7846d1885850eb6f232430'}}, 'caller': {'address': '0xba5edf9dad66d9d81341eef8131160c439dba91b'}, 'date': {'date': '2021-10-28'}, 'block': {'height': 13505677}}, {'smartContract': {'address': {'address': '0x085388ad2e45097dc13ac4cea0532d4edc21fe13'}}, 'caller': {'address': '0xba5edf9dad66d9d81341eef8131160c439dba91b'}, 'date': {'date': '2021-10-28'}, 'block': {'height': 13505660}}, {'smartContract': {'address': {'address': '0x5b4042018b4e03cfe2892f27d84e07ac5cca4113'}}, 'caller': {'address': '0xba5edf9dad66d9d81341eef8131160c439dba91b'}, 'date': {'date': '2021-10-27'}, 'block': {'height': 13502194}}, {'smartContract': {'address': {'address': '0x1ebd09942e6a23190d21eda4445fd9babe501902'}}, 'caller': {'address': '0xba5edf9dad66d9d81341eef8131160c439dba91b'}, 'date': {'date': '2021-10-27'}, 'block': {'height': 13502063}}, {'smartContract': {'address': {'address': '0xb3c24b7f8eb0b391499086f1a341be7dec737020'}}, 'caller': {'address': '0xba5edf9dad66d9d81341eef8131160c439dba91b'}, 'date': {'date': '2021-10-27'}, 'block': {'height': 13502055}}, {'smartContract': {'address': {'address': '0x8b958d88ca8002c063d91db92ed061c273cd4f59'}}, 'caller': {'address': '0xba5edf9dad66d9d81341eef8131160c439dba91b'}, 'date': {'date': '2021-10-27'}, 'block': {'height': 13501970}}, {'smartContract': {'address': {'address': '0xf4d352d2e2fb8fd804dd2e8473d453edfb12c0d9'}}, 'caller': {'address': '0xba5edf9dad66d9d81341eef8131160c439dba91b'}, 'date': {'date': '2021-10-27'}, 'block': {'height': 13501964}}, {'smartContract': {'address': {'address': '0x3f90622f3df1fe37e6233a8446a835ab032bb941'}}, 'caller': {'address': '0xba5edf9dad66d9d81341eef8131160c439dba91b'}, 'date': {'date': '2021-10-27'}, 'block': {'height': 13499981}}, {'smartContract': {'address': {'address': '0xaffbd08b4754c3423f3583398c5749bc22f26ad7'}}, 'caller': {'address': '0xba5edf9dad66d9d81341eef8131160c439dba91b'}, 'date': {'date': '2021-10-26'}, 'block': {'height': 13492579}}, {'smartContract': {'address': {'address': '0xa646109d183f83225e861c0acb7fe53e78d21f90'}}, 'caller': {'address': '0xba5edf9dad66d9d81341eef8131160c439dba91b'}, 'date': {'date': '2021-10-21'}, 'block': {'height': 13459791}}, {'smartContract': {'address': {'address': '0x6b1bff72f00cc147b5dc7a5b156fe7a6fd206dda'}}, 'caller': {'address': '0xba5edf9dad66d9d81341eef8131160c439dba91b'}, 'date': {'date': '2021-10-14'}, 'block': {'height': 13417430}}, {'smartContract': {'address': {'address': '0xb2a54e5820683e48b2e255d66aedd02908fb544d'}}, 'caller': {'address': '0xba5edf9dad66d9d81341eef8131160c439dba91b'}, 'date': {'date': '2021-10-12'}, 'block': {'height': 13405990}}, {'smartContract': {'address': {'address': '0x63d96236fd0e1c395d3e464a38f46b1adca247de'}}, 'caller': {'address': '0xba5edf9dad66d9d81341eef8131160c439dba91b'}, 'date': {'date': '2021-10-12'}, 'block': {'height': 13405944}}, {'smartContract': {'address': {'address': '0x1aebe9147766936906ab56ec0693306da3539824'}}, 'caller': {'address': '0xba5edf9dad66d9d81341eef8131160c439dba91b'}, 'date': {'date': '2021-10-12'}, 'block': {'height': 13405929}}, {'smartContract': {'address': {'address': '0xca71e66866eb9ae67bd5f3ab50b06abd188f33c7'}}, 'caller': {'address': '0xba5edf9dad66d9d81341eef8131160c439dba91b'}, 'date': {'date': '2021-10-12'}, 'block': {'height': 13405575}}, {'smartContract': {'address': {'address': '0x90d58911e49e6db40db44b476e1ca268e1e2ad7b'}}, 'caller': {'address': '0xba5edf9dad66d9d81341eef8131160c439dba91b'}, 'date': {'date': '2021-10-12'}, 'block': {'height': 13405562}}, {'smartContract': {'address': {'address': '0x4b05a9ee3cc58a968d133b0e8f5bed9b96a8855a'}}, 'caller': {'address': '0xba5edf9dad66d9d81341eef8131160c439dba91b'}, 'date': {'date': '2021-10-12'}, 'block': {'height': 13405558}}, {'smartContract': {'address': {'address': '0x0aeee4c5ea2c7399af18f97e783fec6d3539fee0'}}, 'caller': {'address': '0xba5edf9dad66d9d81341eef8131160c439dba91b'}, 'date': {'date': '2021-10-12'}, 'block': {'height': 13405554}}, {'smartContract': {'address': {'address': '0x783c7565b0648b9c8032408dbbc47f6b7fa8babe'}}, 'caller': {'address': '0xba5edf9dad66d9d81341eef8131160c439dba91b'}, 'date': {'date': '2021-10-12'}, 'block': {'height': 13405207}}, {'smartContract': {'address': {'address': '0xef10eac205817a88c6d504d02481053e85a8f927'}}, 'caller': {'address': '0xba5edf9dad66d9d81341eef8131160c439dba91b'}, 'date': {'date': '2021-10-12'}, 'block': {'height': 13405194}}, {'smartContract': {'address': {'address': '0xa28693bf01dc261887b238646bb9636cb3a3730b'}}, 'caller': {'address': '0xba5edf9dad66d9d81341eef8131160c439dba91b'}, 'date': {'date': '2021-10-12'}, 'block': {'height': 13405101}}, {'smartContract': {'address': {'address': '0x5596eff8149136c02469ac1fdea9fa68f8f2a4eb'}}, 'caller': {'address': '0xba5edf9dad66d9d81341eef8131160c439dba91b'}, 'date': {'date': '2021-10-08'}, 'block': {'height': 13376982}}, {'smartContract': {'address': {'address': '0x7309b7d24aaf008c18d2872816d4510fd3242344'}}, 'caller': {'address': '0xba5edf9dad66d9d81341eef8131160c439dba91b'}, 'date': {'date': '2021-09-30'}, 'block': {'height': 13326888}}, {'smartContract': {'address': {'address': '0x001c249c09090d79dc350a286247479f08c7aad7'}}, 'caller': {'address': '0xba5edf9dad66d9d81341eef8131160c439dba91b'}, 'date': {'date': '2021-09-30'}, 'block': {'height': 13326459}}, {'smartContract': {'address': {'address': '0xf63c9d278f23ba9c5a3d781b53b63f4f039b8eb5'}}, 'caller': {'address': '0xba5edf9dad66d9d81341eef8131160c439dba91b'}, 'date': {'date': '2021-09-26'}, 'block': {'height': 13304463}}, {'smartContract': {'address': {'address': '0x5d3ab53b6b66f86bbfabc2a58c0f26ea7dfb8126'}}, 'caller': {'address': '0xba5edf9dad66d9d81341eef8131160c439dba91b'}, 'date': {'date': '2021-09-26'}, 'block': {'height': 13303495}}, {'smartContract': {'address': {'address': '0xbf8c81b2977b10f13a4ac542e72969a6e123f5fe'}}, 'caller': {'address': '0xba5edf9dad66d9d81341eef8131160c439dba91b'}, 'date': {'date': '2021-09-26'}, 'block': {'height': 13303492}}, {'smartContract': {'address': {'address': '0x39bf325c7895bfae171a5f93c8dc8a9a1cd4a2b6'}}, 'caller': {'address': '0xba5edf9dad66d9d81341eef8131160c439dba91b'}, 'date': {'date': '2021-09-26'}, 'block': {'height': 13302889}}, {'smartContract': {'address': {'address': '0xf58aa7ec0c182e8b84e4afedf4855fcbe9e711c3'}}, 'caller': {'address': '0xba5edf9dad66d9d81341eef8131160c439dba91b'}, 'date': {'date': '2021-09-26'}, 'block': {'height': 13302887}}, {'smartContract': {'address': {'address': '0xe664b73ce29ba81666a137ae577797a0de230682'}}, 'caller': {'address': '0xba5edf9dad66d9d81341eef8131160c439dba91b'}, 'date': {'date': '2021-09-22'}, 'block': {'height': 13275317}}, {'smartContract': {'address': {'address': '0x109c462ee2d818ac459e510bcc041f884494f752'}}, 'caller': {'address': '0xba5edf9dad66d9d81341eef8131160c439dba91b'}, 'date': {'date': '2021-09-22'}, 'block': {'height': 13275247}}, {'smartContract': {'address': {'address': '0xf6a028be84ca4cd70a210380084ed5571afb3da4'}}, 'caller': {'address': '0xba5edf9dad66d9d81341eef8131160c439dba91b'}, 'date': {'date': '2021-09-22'}, 'block': {'height': 13275008}}, {'smartContract': {'address': {'address': '0x4232e88e255de350a295434c73e5e19b61d165d7'}}, 'caller': {'address': '0xba5edf9dad66d9d81341eef8131160c439dba91b'}, 'date': {'date': '2021-09-21'}, 'block': {'height': 13272104}}, {'smartContract': {'address': {'address': '0xbd35356d494934f71cf39205853d152b3811477c'}}, 'caller': {'address': '0xba5edf9dad66d9d81341eef8131160c439dba91b'}, 'date': {'date': '2021-09-21'}, 'block': {'height': 13270862}}, {'smartContract': {'address': {'address': '0xfac5bbf09c7421a2dc7288163864f5d0bd708f03'}}, 'caller': {'address': '0xba5edf9dad66d9d81341eef8131160c439dba91b'}, 'date': {'date': '2021-09-21'}, 'block': {'height': 13270205}}, {'smartContract': {'address': {'address': '0xce5dc119c97541cdc969ef238689d5335bf285b0'}}, 'caller': {'address': '0xba5edf9dad66d9d81341eef8131160c439dba91b'}, 'date': {'date': '2021-09-21'}, 'block': {'height': 13270105}}, {'smartContract': {'address': {'address': '0x0f6788b45b282d7e77f1facdc69803e51440442d'}}, 'caller': {'address': '0xba5edf9dad66d9d81341eef8131160c439dba91b'}, 'date': {'date': '2021-09-21'}, 'block': {'height': 13269996}}, {'smartContract': {'address': {'address': '0x54acb7e67186f6b71a10c3b5102b16a6060877c3'}}, 'caller': {'address': '0xba5edf9dad66d9d81341eef8131160c439dba91b'}, 'date': {'date': '2021-09-20'}, 'block': {'height': 13265413}}, {'smartContract': {'address': {'address': '0x651cdc0863779a7d1a0655c168aca5403987a335'}}, 'caller': {'address': '0xba5edf9dad66d9d81341eef8131160c439dba91b'}, 'date': {'date': '2021-09-20'}, 'block': {'height': 13265328}}, {'smartContract': {'address': {'address': '0xd561d527c04c049afbdf900f8b0f23226a9c6646'}}, 'caller': {'address': '0xba5edf9dad66d9d81341eef8131160c439dba91b'}, 'date': {'date': '2021-09-20'}, 'block': {'height': 13265318}}, {'smartContract': {'address': {'address': '0x3ec8798b81485a254928b70cda1cf0a2bb0b74d7'}}, 'caller': {'address': '0xba5edf9dad66d9d81341eef8131160c439dba91b'}, 'date': {'date': '2021-09-20'}, 'block': {'height': 13265186}}, {'smartContract': {'address': {'address': '0x51e6cf7dc98828e1b188d2bcf3f63e294281fbed'}}, 'caller': {'address': '0xba5edf9dad66d9d81341eef8131160c439dba91b'}, 'date': {'date': '2021-09-15'}, 'block': {'height': 13230087}}, {'smartContract': {'address': {'address': '0x5ec72087e06cac89505ac30ee203745241d504e3'}}, 'caller': {'address': '0xba5edf9dad66d9d81341eef8131160c439dba91b'}, 'date': {'date': '2021-09-15'}, 'block': {'height': 13229894}}, {'smartContract': {'address': {'address': '0x44e9eda64da8f61c68c7322e8ee3f14c73dbfb29'}}, 'caller': {'address': '0xba5edf9dad66d9d81341eef8131160c439dba91b'}, 'date': {'date': '2021-08-29'}, 'block': {'height': 13122315}}, {'smartContract': {'address': {'address': '0xeed443d67eeaf59a29cc19871fd5af6476e18c04'}}, 'caller': {'address': '0xba5edf9dad66d9d81341eef8131160c439dba91b'}, 'date': {'date': '2021-08-26'}, 'block': {'height': 13103172}}, {'smartContract': {'address': {'address': '0x92472c99993ac32403f044ab26bb22121965094b'}}, 'caller': {'address': '0xba5edf9dad66d9d81341eef8131160c439dba91b'}, 'date': {'date': '2021-08-26'}, 'block': {'height': 13100233}}, {'smartContract': {'address': {'address': '0x400ea1f2dbd88a5ac10c142811967b1c968793d9'}}, 'caller': {'address': '0xba5edf9dad66d9d81341eef8131160c439dba91b'}, 'date': {'date': '2021-08-19'}, 'block': {'height': 13055734}}, {'smartContract': {'address': {'address': '0xdc954086cf07f3889f186118395bad186179ac77'}}, 'caller': {'address': '0xba5edf9dad66d9d81341eef8131160c439dba91b'}, 'date': {'date': '2021-08-03'}, 'block': {'height': 12951340}}, {'smartContract': {'address': {'address': '0x1571d870b0dc12129aba430e3bd5c09a770029f5'}}, 'caller': {'address': '0xba5edf9dad66d9d81341eef8131160c439dba91b'}, 'date': {'date': '2021-07-21'}, 'block': {'height': 12868340}}, {'smartContract': {'address': {'address': '0x6a23a7c1fa98728e7f57989a79ef555690f1426e'}}, 'caller': {'address': '0xba5edf9dad66d9d81341eef8131160c439dba91b'}, 'date': {'date': '2021-07-19'}, 'block': {'height': 12856496}}, {'smartContract': {'address': {'address': '0x63d3376aabddd618daafbb29d8f27ce47a28a952'}}, 'caller': {'address': '0xba5edf9dad66d9d81341eef8131160c439dba91b'}, 'date': {'date': '2021-07-19'}, 'block': {'height': 12856494}}, {'smartContract': {'address': {'address': '0xf67a426e110c74c566174a37c9269780fb48096d'}}, 'caller': {'address': '0xba5edf9dad66d9d81341eef8131160c439dba91b'}, 'date': {'date': '2021-07-16'}, 'block': {'height': 12836674}}, {'smartContract': {'address': {'address': '0x3c3d9228ef8d9750d9c43f9155315dede57ddee1'}}, 'caller': {'address': '0xba5edf9dad66d9d81341eef8131160c439dba91b'}, 'date': {'date': '2021-07-15'}, 'block': {'height': 12833596}}, {'smartContract': {'address': {'address': '0x0eee1ef4b178262b0c7e95400dc110e84871488d'}}, 'caller': {'address': '0xba5edf9dad66d9d81341eef8131160c439dba91b'}, 'date': {'date': '2021-07-15'}, 'block': {'height': 12833591}}, {'smartContract': {'address': {'address': '0xe274ecf4ab31363a1ad7dacb663cbb4fdeee49b9'}}, 'caller': {'address': '0xba5edf9dad66d9d81341eef8131160c439dba91b'}, 'date': {'date': '2021-07-15'}, 'block': {'height': 12833580}}, {'smartContract': {'address': {'address': '0xe0a57ec18c73938883a1fb2374488dd961dc0f9d'}}, 'caller': {'address': '0xba5edf9dad66d9d81341eef8131160c439dba91b'}, 'date': {'date': '2021-07-15'}, 'block': {'height': 12832711}}, {'smartContract': {'address': {'address': '0xb74baccdf70f6b8d009fd7a7fb4cc3755ad00921'}}, 'caller': {'address': '0xba5edf9dad66d9d81341eef8131160c439dba91b'}, 'date': {'date': '2021-07-15'}, 'block': {'height': 12832452}}, {'smartContract': {'address': {'address': '0xaf97a5313514a34b10eb67b50316c96df9ef1610'}}, 'caller': {'address': '0xba5edf9dad66d9d81341eef8131160c439dba91b'}, 'date': {'date': '2021-07-15'}, 'block': {'height': 12832449}}, {'smartContract': {'address': {'address': '0x9645cee8d720a70e2d79b7d7c7070dc7a580bb0f'}}, 'caller': {'address': '0xba5edf9dad66d9d81341eef8131160c439dba91b'}, 'date': {'date': '2021-07-15'}, 'block': {'height': 12832436}}, {'smartContract': {'address': {'address': '0x2782d2d206df0872136643fb40a713a9e8a177f3'}}, 'caller': {'address': '0xba5edf9dad66d9d81341eef8131160c439dba91b'}, 'date': {'date': '2021-07-15'}, 'block': {'height': 12832430}}, {'smartContract': {'address': {'address': '0xa699d9a4f9970bbf3fcf8a6100189f8acdbf18e8'}}, 'caller': {'address': '0xba5edf9dad66d9d81341eef8131160c439dba91b'}, 'date': {'date': '2021-07-15'}, 'block': {'height': 12832427}}, {'smartContract': {'address': {'address': '0xea5a6c635b19a4c27bdb2bca3d868bc6e2d3208c'}}, 'caller': {'address': '0xba5edf9dad66d9d81341eef8131160c439dba91b'}, 'date': {'date': '2021-07-15'}, 'block': {'height': 12832421}}, {'smartContract': {'address': {'address': '0x641befa4db601578a64f0fc1f4e89e9869268fe7'}}, 'caller': {'address': '0xba5edf9dad66d9d81341eef8131160c439dba91b'}, 'date': {'date': '2021-07-15'}, 'block': {'height': 12831575}}]",2021-09-21
122,122,0x6399C842dD2bE3dE30BF99Bc7D1bBF6Fa3650E70,Premia,https://github.com/Premian-Labs/premia-contracts,0x0d2B405211C68e9EBC2c86B71f41C9a293bBbE36,7152358.028,"[{'smartContract': {'address': {'address': '0x26bc47e2b076fc7ec68cb6d5824fac2047653246'}}, 'caller': {'address': '0x924c03aa63073108e15ea0f725f8c4b9eaafdd48'}, 'date': {'date': '2021-10-28'}, 'block': {'height': 13503737}}, {'smartContract': {'address': {'address': '0xc88ae38cc8df85da9de09f9c0f587249cc98ee23'}}, 'caller': {'address': '0x924c03aa63073108e15ea0f725f8c4b9eaafdd48'}, 'date': {'date': '2021-10-28'}, 'block': {'height': 13503735}}, {'smartContract': {'address': {'address': '0x398d1622b10fe01f5f90a7bda7a97ed4b54d6e28'}}, 'caller': {'address': '0x924c03aa63073108e15ea0f725f8c4b9eaafdd48'}, 'date': {'date': '2021-10-28'}, 'block': {'height': 13503729}}, {'smartContract': {'address': {'address': '0xb11fe61a50c9ca4aeec4e5ca6a288b70669d4eea'}}, 'caller': {'address': '0x0d2b405211c68e9ebc2c86b71f41c9a293bbbe36'}, 'date': {'date': '2021-10-28'}, 'block': {'height': 13503728}}, {'smartContract': {'address': {'address': '0x36d6d6ceaac47bf7f30bf88c827d936cf7ea609d'}}, 'caller': {'address': '0x0d2b405211c68e9ebc2c86b71f41c9a293bbbe36'}, 'date': {'date': '2021-10-28'}, 'block': {'height': 13503725}}, {'smartContract': {'address': {'address': '0x0443c677592d677ec212940c16a4802fc1ad9973'}}, 'caller': {'address': '0x0d2b405211c68e9ebc2c86b71f41c9a293bbbe36'}, 'date': {'date': '2021-10-28'}, 'block': {'height': 13503722}}, {'smartContract': {'address': {'address': '0xd52b1e1c06d4c9a4c3e2b76dcdda377b2c12724b'}}, 'caller': {'address': '0x0d2b405211c68e9ebc2c86b71f41c9a293bbbe36'}, 'date': {'date': '2021-10-28'}, 'block': {'height': 13503718}}, {'smartContract': {'address': {'address': '0x21738ea3bd27c265e78e504766bcfed59bc40df5'}}, 'caller': {'address': '0x0d2b405211c68e9ebc2c86b71f41c9a293bbbe36'}, 'date': {'date': '2021-10-28'}, 'block': {'height': 13503715}}, {'smartContract': {'address': {'address': '0x03018df356c1dee41e88f72d6789e4832f114e4c'}}, 'caller': {'address': '0x0d2b405211c68e9ebc2c86b71f41c9a293bbbe36'}, 'date': {'date': '2021-10-28'}, 'block': {'height': 13503709}}, {'smartContract': {'address': {'address': '0xa02a37e47af077cbbcd4a5dc03668ddaf6887fe9'}}, 'caller': {'address': '0x0d2b405211c68e9ebc2c86b71f41c9a293bbbe36'}, 'date': {'date': '2021-10-28'}, 'block': {'height': 13503706}}, {'smartContract': {'address': {'address': '0x141c1f6e3f8b771e8a304866badddccbf97bbe57'}}, 'caller': {'address': '0x0d2b405211c68e9ebc2c86b71f41c9a293bbbe36'}, 'date': {'date': '2021-10-28'}, 'block': {'height': 13503705}}, {'smartContract': {'address': {'address': '0xe38b5afd42c5a3fde6a47f4d69658f82311e799d'}}, 'caller': {'address': '0x0d2b405211c68e9ebc2c86b71f41c9a293bbbe36'}, 'date': {'date': '2021-10-28'}, 'block': {'height': 13503704}}, {'smartContract': {'address': {'address': '0x3c3277ff2818f7d2dd8bfdf370fb33e9becef493'}}, 'caller': {'address': '0x0d2b405211c68e9ebc2c86b71f41c9a293bbbe36'}, 'date': {'date': '2021-10-28'}, 'block': {'height': 13503704}}, {'smartContract': {'address': {'address': '0xd7bd6e3d22a11625bf314b43846fa53582ef7f66'}}, 'caller': {'address': '0x0d2b405211c68e9ebc2c86b71f41c9a293bbbe36'}, 'date': {'date': '2021-10-28'}, 'block': {'height': 13503704}}, {'smartContract': {'address': {'address': '0x6289e0a13ba188b75b2f722e182da0d127a44470'}}, 'caller': {'address': '0x0d2b405211c68e9ebc2c86b71f41c9a293bbbe36'}, 'date': {'date': '2021-10-28'}, 'block': {'height': 13503703}}, {'smartContract': {'address': {'address': '0xda78c00d6a2e640d1268c25ae29abb7668449ad4'}}, 'caller': {'address': '0x0d2b405211c68e9ebc2c86b71f41c9a293bbbe36'}, 'date': {'date': '2021-10-28'}, 'block': {'height': 13503702}}, {'smartContract': {'address': {'address': '0xfffba06ab408b19efaf150bdbb4f220eda8ba914'}}, 'caller': {'address': '0x0d2b405211c68e9ebc2c86b71f41c9a293bbbe36'}, 'date': {'date': '2021-10-28'}, 'block': {'height': 13503701}}, {'smartContract': {'address': {'address': '0x53d92975fd25e5245e999334a65c1e0156a3c582'}}, 'caller': {'address': '0x0d2b405211c68e9ebc2c86b71f41c9a293bbbe36'}, 'date': {'date': '2021-10-28'}, 'block': {'height': 13503701}}, {'smartContract': {'address': {'address': '0x924c03aa63073108e15ea0f725f8c4b9eaafdd48'}}, 'caller': {'address': '0x0d2b405211c68e9ebc2c86b71f41c9a293bbbe36'}, 'date': {'date': '2021-10-28'}, 'block': {'height': 13503700}}, {'smartContract': {'address': {'address': '0xfdd3fd19ed743ce0ac4751893b4b139aa07c41e1'}}, 'caller': {'address': '0x0d2b405211c68e9ebc2c86b71f41c9a293bbbe36'}, 'date': {'date': '2021-10-28'}, 'block': {'height': 13503699}}, {'smartContract': {'address': {'address': '0x80fb4bca54b5e653ccf1c0c8dcda477c6e68267c'}}, 'caller': {'address': '0x0d2b405211c68e9ebc2c86b71f41c9a293bbbe36'}, 'date': {'date': '2021-10-28'}, 'block': {'height': 13503645}}, {'smartContract': {'address': {'address': '0x31a000980e3516956e9418477a203b2da4ee6ed8'}}, 'caller': {'address': '0x0d2b405211c68e9ebc2c86b71f41c9a293bbbe36'}, 'date': {'date': '2021-10-28'}, 'block': {'height': 13503645}}, {'smartContract': {'address': {'address': '0xb170aeb574ecd63c7d71c567b81233add9e4118a'}}, 'caller': {'address': '0x0d2b405211c68e9ebc2c86b71f41c9a293bbbe36'}, 'date': {'date': '2021-09-05'}, 'block': {'height': 13162879}}, {'smartContract': {'address': {'address': '0x33a21ad027d28d7868a13f3bea40931cb02d5262'}}, 'caller': {'address': '0x0d2b405211c68e9ebc2c86b71f41c9a293bbbe36'}, 'date': {'date': '2021-05-15'}, 'block': {'height': 12440112}}, {'smartContract': {'address': {'address': '0xcc1a51757a147122c02e93e639ba17e5c140ae6c'}}, 'caller': {'address': '0x0d2b405211c68e9ebc2c86b71f41c9a293bbbe36'}, 'date': {'date': '2021-05-11'}, 'block': {'height': 12410320}}, {'smartContract': {'address': {'address': '0x35b0a9fa6deb2fd06d07f976b57164b082c2d8d4'}}, 'caller': {'address': '0x0d2b405211c68e9ebc2c86b71f41c9a293bbbe36'}, 'date': {'date': '2021-05-03'}, 'block': {'height': 12359379}}, {'smartContract': {'address': {'address': '0x121d14fa585585b2f6c638df131ccd90741a209e'}}, 'caller': {'address': '0x0d2b405211c68e9ebc2c86b71f41c9a293bbbe36'}, 'date': {'date': '2021-04-24'}, 'block': {'height': 12300868}}, {'smartContract': {'address': {'address': '0x3d3c4a5bb1a112a953fbb3d801eb71874a1645b1'}}, 'caller': {'address': '0x0d2b405211c68e9ebc2c86b71f41c9a293bbbe36'}, 'date': {'date': '2021-04-06'}, 'block': {'height': 12186968}}, {'smartContract': {'address': {'address': '0xbd3ba8e5905d29c2e381e412040d85d7c03d2a55'}}, 'caller': {'address': '0x0d2b405211c68e9ebc2c86b71f41c9a293bbbe36'}, 'date': {'date': '2021-02-22'}, 'block': {'height': 11904224}}, {'smartContract': {'address': {'address': '0x9135b5344d95c068bde787de6be9ded722b11762'}}, 'caller': {'address': '0x0d2b405211c68e9ebc2c86b71f41c9a293bbbe36'}, 'date': {'date': '2021-02-15'}, 'block': {'height': 11862938}}, {'smartContract': {'address': {'address': '0x4ba7c8b012b3edae910ddee79edf9e3f5b1ff68c'}}, 'caller': {'address': '0x0d2b405211c68e9ebc2c86b71f41c9a293bbbe36'}, 'date': {'date': '2021-02-15'}, 'block': {'height': 11859974}}, {'smartContract': {'address': {'address': '0x81efcecc932c04f583dadd495603cb43029167a3'}}, 'caller': {'address': '0x0d2b405211c68e9ebc2c86b71f41c9a293bbbe36'}, 'date': {'date': '2021-02-15'}, 'block': {'height': 11858653}}, {'smartContract': {'address': {'address': '0xf49e0fdbf4839afaeb825eb448aa24b1c43e946b'}}, 'caller': {'address': '0x0d2b405211c68e9ebc2c86b71f41c9a293bbbe36'}, 'date': {'date': '2021-02-15'}, 'block': {'height': 11858636}}, {'smartContract': {'address': {'address': '0x1ede971f31f7630bae9f14d349273621a5145381'}}, 'caller': {'address': '0x0d2b405211c68e9ebc2c86b71f41c9a293bbbe36'}, 'date': {'date': '2021-02-07'}, 'block': {'height': 11807595}}, {'smartContract': {'address': {'address': '0xd3c8ce2793c60c9e8464fc08ec7691613057c43c'}}, 'caller': {'address': '0x0d2b405211c68e9ebc2c86b71f41c9a293bbbe36'}, 'date': {'date': '2021-02-07'}, 'block': {'height': 11807592}}, {'smartContract': {'address': {'address': '0xdf69c895e7490d90b14a278add8aa4ec844a696a'}}, 'caller': {'address': '0x0d2b405211c68e9ebc2c86b71f41c9a293bbbe36'}, 'date': {'date': '2021-02-07'}, 'block': {'height': 11807584}}, {'smartContract': {'address': {'address': '0xe43147daa592c3f88402c6e2b932db9d97bc1c7f'}}, 'caller': {'address': '0x0d2b405211c68e9ebc2c86b71f41c9a293bbbe36'}, 'date': {'date': '2021-02-07'}, 'block': {'height': 11807580}}, {'smartContract': {'address': {'address': '0x3a00bc08f4ee12568231db85d077864275a495b3'}}, 'caller': {'address': '0x0d2b405211c68e9ebc2c86b71f41c9a293bbbe36'}, 'date': {'date': '2021-02-07'}, 'block': {'height': 11807580}}, {'smartContract': {'address': {'address': '0x81d6f46981b4fe4a6fafadda716ee561a17761ae'}}, 'caller': {'address': '0x0d2b405211c68e9ebc2c86b71f41c9a293bbbe36'}, 'date': {'date': '2021-02-07'}, 'block': {'height': 11807580}}, {'smartContract': {'address': {'address': '0x45ebd0fc72e2056adb5c864ea6f151ad943d94af'}}, 'caller': {'address': '0x0d2b405211c68e9ebc2c86b71f41c9a293bbbe36'}, 'date': {'date': '2021-02-07'}, 'block': {'height': 11807573}}, {'smartContract': {'address': {'address': '0x5920cb60b1c62dc69467bf7c6edfcfb3f98548c0'}}, 'caller': {'address': '0x0d2b405211c68e9ebc2c86b71f41c9a293bbbe36'}, 'date': {'date': '2021-02-07'}, 'block': {'height': 11807538}}, {'smartContract': {'address': {'address': '0xafcf4ca5826ed76189ea227bd863916abf43a6da'}}, 'caller': {'address': '0x0d2b405211c68e9ebc2c86b71f41c9a293bbbe36'}, 'date': {'date': '2021-02-07'}, 'block': {'height': 11807529}}, {'smartContract': {'address': {'address': '0xf386d276d648e84cbb7013db97d952fdd0092dbc'}}, 'caller': {'address': '0x0d2b405211c68e9ebc2c86b71f41c9a293bbbe36'}, 'date': {'date': '2021-02-07'}, 'block': {'height': 11807529}}, {'smartContract': {'address': {'address': '0x602b50091b0b351ca179e87ad6e006aeceb2a6ad'}}, 'caller': {'address': '0x0d2b405211c68e9ebc2c86b71f41c9a293bbbe36'}, 'date': {'date': '2021-02-07'}, 'block': {'height': 11807529}}, {'smartContract': {'address': {'address': '0xf5aae75d1ad6fdd62cce66137f2674c96feda854'}}, 'caller': {'address': '0x0d2b405211c68e9ebc2c86b71f41c9a293bbbe36'}, 'date': {'date': '2021-02-07'}, 'block': {'height': 11807528}}, {'smartContract': {'address': {'address': '0xf0f16b3460512554d4d821dd482dbfb78817ec43'}}, 'caller': {'address': '0x0d2b405211c68e9ebc2c86b71f41c9a293bbbe36'}, 'date': {'date': '2021-02-07'}, 'block': {'height': 11807528}}, {'smartContract': {'address': {'address': '0x67aee3454d5f82344d58021179830a3bb2245c11'}}, 'caller': {'address': '0x0d2b405211c68e9ebc2c86b71f41c9a293bbbe36'}, 'date': {'date': '2021-02-07'}, 'block': {'height': 11807527}}, {'smartContract': {'address': {'address': '0xcb81db76ae0a46c6e1e378e3ade61dab275ff96e'}}, 'caller': {'address': '0x0d2b405211c68e9ebc2c86b71f41c9a293bbbe36'}, 'date': {'date': '2021-02-07'}, 'block': {'height': 11807527}}, {'smartContract': {'address': {'address': '0x8406c6c1db4d224c8b0cf7859c0881ddd68d4761'}}, 'caller': {'address': '0x0d2b405211c68e9ebc2c86b71f41c9a293bbbe36'}, 'date': {'date': '2021-02-07'}, 'block': {'height': 11807487}}, {'smartContract': {'address': {'address': '0x16f9d564df80376c61ac914205d3fdff7057d610'}}, 'caller': {'address': '0x0d2b405211c68e9ebc2c86b71f41c9a293bbbe36'}, 'date': {'date': '2021-02-07'}, 'block': {'height': 11807487}}, {'smartContract': {'address': {'address': '0x64fe6d2279c09646bd6d265483a414d79b3d00b0'}}, 'caller': {'address': '0x0d2b405211c68e9ebc2c86b71f41c9a293bbbe36'}, 'date': {'date': '2021-02-07'}, 'block': {'height': 11807485}}, {'smartContract': {'address': {'address': '0x5555e3b6d2478038b9909fe53f2e19604f78c1c4'}}, 'caller': {'address': '0x0d2b405211c68e9ebc2c86b71f41c9a293bbbe36'}, 'date': {'date': '2021-02-07'}, 'block': {'height': 11806833}}, {'smartContract': {'address': {'address': '0x85a482824a599da674c9cc808a4b4a0baf3112ac'}}, 'caller': {'address': '0x0d2b405211c68e9ebc2c86b71f41c9a293bbbe36'}, 'date': {'date': '2021-02-07'}, 'block': {'height': 11806833}}, {'smartContract': {'address': {'address': '0x581d114c4058230504f862119d5bf01393e9e17e'}}, 'caller': {'address': '0x0d2b405211c68e9ebc2c86b71f41c9a293bbbe36'}, 'date': {'date': '2021-02-07'}, 'block': {'height': 11806831}}, {'smartContract': {'address': {'address': '0x8172aac30046f74907a6b77ff7fc867a6ad214e4'}}, 'caller': {'address': '0x0d2b405211c68e9ebc2c86b71f41c9a293bbbe36'}, 'date': {'date': '2021-02-07'}, 'block': {'height': 11806831}}, {'smartContract': {'address': {'address': '0x98cd1c8258dfc62d3fea1a5ad281a717a66b8ea6'}}, 'caller': {'address': '0x0d2b405211c68e9ebc2c86b71f41c9a293bbbe36'}, 'date': {'date': '2021-02-07'}, 'block': {'height': 11806831}}, {'smartContract': {'address': {'address': '0x420adc84ba52ea2bb78d2b0f009b3f57227296ee'}}, 'caller': {'address': '0x0d2b405211c68e9ebc2c86b71f41c9a293bbbe36'}, 'date': {'date': '2021-02-07'}, 'block': {'height': 11806831}}, {'smartContract': {'address': {'address': '0xead808ce263dd229c8f0dceb04f1c9894d67b8b1'}}, 'caller': {'address': '0x0d2b405211c68e9ebc2c86b71f41c9a293bbbe36'}, 'date': {'date': '2021-02-07'}, 'block': {'height': 11806831}}, {'smartContract': {'address': {'address': '0x877a3eb947ba290e50e5b104cca510e668da415c'}}, 'caller': {'address': '0x0d2b405211c68e9ebc2c86b71f41c9a293bbbe36'}, 'date': {'date': '2021-02-07'}, 'block': {'height': 11806831}}, {'smartContract': {'address': {'address': '0x315d4c36d478574305e7e4bc86b54c7367b38ab6'}}, 'caller': {'address': '0x0d2b405211c68e9ebc2c86b71f41c9a293bbbe36'}, 'date': {'date': '2021-02-07'}, 'block': {'height': 11806831}}, {'smartContract': {'address': {'address': '0xc88277a7dd8bd5ff47a1cb8f9918f0a1e697488a'}}, 'caller': {'address': '0x0d2b405211c68e9ebc2c86b71f41c9a293bbbe36'}, 'date': {'date': '2021-02-07'}, 'block': {'height': 11806830}}, {'smartContract': {'address': {'address': '0x3955189a7c561cee0be925f81c3beacef79e5361'}}, 'caller': {'address': '0x0d2b405211c68e9ebc2c86b71f41c9a293bbbe36'}, 'date': {'date': '2021-02-07'}, 'block': {'height': 11806830}}, {'smartContract': {'address': {'address': '0xb80880dbb0f55d2fec66d6bde5822e2941f51735'}}, 'caller': {'address': '0x0d2b405211c68e9ebc2c86b71f41c9a293bbbe36'}, 'date': {'date': '2021-02-07'}, 'block': {'height': 11806830}}, {'smartContract': {'address': {'address': '0x6399c842dd2be3de30bf99bc7d1bbf6fa3650e70'}}, 'caller': {'address': '0x0d2b405211c68e9ebc2c86b71f41c9a293bbbe36'}, 'date': {'date': '2021-02-02'}, 'block': {'height': 11775757}}, {'smartContract': {'address': {'address': '0xc22fae86443aeed038a4ed887bba8f5035fd12f0'}}, 'caller': {'address': '0x76e2cfc1f5fa8f6a5b3fc4c8f4788f0116861f9b'}, 'date': {'date': '2021-01-19'}, 'block': {'height': 11683594}}]",2021-02-02
123,123,0x5D843Fa9495d23dE997C394296ac7B4D721E841c,Relay Token,,0x4711ba56879606194A2DFF7692C7211717FfeE96,6622703.389,"[{'smartContract': {'address': {'address': '0x6cc62069eed6529382fafefc52cb89261bd95085'}}, 'caller': {'address': '0x4711ba56879606194a2dff7692c7211717ffee96'}, 'date': {'date': '2022-03-27'}, 'block': {'height': 14470489}}, {'smartContract': {'address': {'address': '0x561e1e1ebcfcb9b4f174436478287cafa930bd20'}}, 'caller': {'address': '0x4711ba56879606194a2dff7692c7211717ffee96'}, 'date': {'date': '2022-03-05'}, 'block': {'height': 14329829}}, {'smartContract': {'address': {'address': '0xd0ae16f35b087bb7c156579a441de46a8872c02c'}}, 'caller': {'address': '0x4711ba56879606194a2dff7692c7211717ffee96'}, 'date': {'date': '2021-11-15'}, 'block': {'height': 13622975}}, {'smartContract': {'address': {'address': '0xae87c3beb0bda5141962e70a4a6a0a0512d59e1e'}}, 'caller': {'address': '0x4711ba56879606194a2dff7692c7211717ffee96'}, 'date': {'date': '2021-11-02'}, 'block': {'height': 13540282}}, {'smartContract': {'address': {'address': '0x6fde45b643d2f21472ef42e81146b492b9e68b08'}}, 'caller': {'address': '0x4711ba56879606194a2dff7692c7211717ffee96'}, 'date': {'date': '2021-09-24'}, 'block': {'height': 13290484}}, {'smartContract': {'address': {'address': '0xd4a8d3a592c109d17ecce6f974d80249f9630c17'}}, 'caller': {'address': '0x4711ba56879606194a2dff7692c7211717ffee96'}, 'date': {'date': '2021-09-17'}, 'block': {'height': 13240781}}, {'smartContract': {'address': {'address': '0x6ac493f0a7b0ec7946fe026d67b492bb64710807'}}, 'caller': {'address': '0x4711ba56879606194a2dff7692c7211717ffee96'}, 'date': {'date': '2021-09-09'}, 'block': {'height': 13191596}}, {'smartContract': {'address': {'address': '0x0f7cd8fbe04bb4e294062e31d3d783107e3c700a'}}, 'caller': {'address': '0x4711ba56879606194a2dff7692c7211717ffee96'}, 'date': {'date': '2021-09-09'}, 'block': {'height': 13188427}}, {'smartContract': {'address': {'address': '0xf687e1481d85f8b9f4d1f4d4c15348cef8e5a762'}}, 'caller': {'address': '0x4711ba56879606194a2dff7692c7211717ffee96'}, 'date': {'date': '2021-08-28'}, 'block': {'height': 13113154}}, {'smartContract': {'address': {'address': '0x820bcd8dba1d4343e4c4aa071cea6450ee99a318'}}, 'caller': {'address': '0x4711ba56879606194a2dff7692c7211717ffee96'}, 'date': {'date': '2021-08-28'}, 'block': {'height': 13113151}}, {'smartContract': {'address': {'address': '0x700e5679684398b9b6fb545cf520c647c0a0066e'}}, 'caller': {'address': '0x4711ba56879606194a2dff7692c7211717ffee96'}, 'date': {'date': '2021-08-03'}, 'block': {'height': 12953709}}, {'smartContract': {'address': {'address': '0x265bd427974812123fc1489cb8b3192ad10791e6'}}, 'caller': {'address': '0x4711ba56879606194a2dff7692c7211717ffee96'}, 'date': {'date': '2021-08-03'}, 'block': {'height': 12953679}}, {'smartContract': {'address': {'address': '0x5d843fa9495d23de997c394296ac7b4d721e841c'}}, 'caller': {'address': '0x4711ba56879606194a2dff7692c7211717ffee96'}, 'date': {'date': '2021-08-02'}, 'block': {'height': 12947141}}, {'smartContract': {'address': {'address': '0x910bf04efce601eb01e9728bf2087e071246179f'}}, 'caller': {'address': '0x4711ba56879606194a2dff7692c7211717ffee96'}, 'date': {'date': '2021-07-27'}, 'block': {'height': 12905188}}, {'smartContract': {'address': {'address': '0xc3a33728bbe0407823e8d57657a40a79587ec6c5'}}, 'caller': {'address': '0x4711ba56879606194a2dff7692c7211717ffee96'}, 'date': {'date': '2021-07-27'}, 'block': {'height': 12905186}}, {'smartContract': {'address': {'address': '0x085816ec7b86dbe7639b6d7f266b331b202b6a6f'}}, 'caller': {'address': '0x4711ba56879606194a2dff7692c7211717ffee96'}, 'date': {'date': '2021-07-27'}, 'block': {'height': 12905184}}, {'smartContract': {'address': {'address': '0xb2aef6b83da61cf380b3ab63479034ac67a3f617'}}, 'caller': {'address': '0x4711ba56879606194a2dff7692c7211717ffee96'}, 'date': {'date': '2021-07-27'}, 'block': {'height': 12905183}}, {'smartContract': {'address': {'address': '0xbab3c860dc02ecf21c63416858abfe296448f5a6'}}, 'caller': {'address': '0x4711ba56879606194a2dff7692c7211717ffee96'}, 'date': {'date': '2021-07-10'}, 'block': {'height': 12800482}}, {'smartContract': {'address': {'address': '0x591d01efab5f96da72de29bda8fec0a80084d1a6'}}, 'caller': {'address': '0x4711ba56879606194a2dff7692c7211717ffee96'}, 'date': {'date': '2021-06-22'}, 'block': {'height': 12685940}}, {'smartContract': {'address': {'address': '0x7f0f2d35f09a3bfd98938a21370ae0b1677905d7'}}, 'caller': {'address': '0x4711ba56879606194a2dff7692c7211717ffee96'}, 'date': {'date': '2021-06-22'}, 'block': {'height': 12685939}}, {'smartContract': {'address': {'address': '0x823e89163ea28eec2be01c644399d6515995921d'}}, 'caller': {'address': '0x4711ba56879606194a2dff7692c7211717ffee96'}, 'date': {'date': '2021-06-18'}, 'block': {'height': 12660387}}, {'smartContract': {'address': {'address': '0x2d6d5bc58adeda28f62b0abc3f53f5eaef497fcc'}}, 'caller': {'address': '0x4711ba56879606194a2dff7692c7211717ffee96'}, 'date': {'date': '2021-06-14'}, 'block': {'height': 12634099}}, {'smartContract': {'address': {'address': '0x91bcecc4f7ae1f71ef485102bcabbf0f1d872e00'}}, 'caller': {'address': '0x4711ba56879606194a2dff7692c7211717ffee96'}, 'date': {'date': '2021-06-14'}, 'block': {'height': 12634067}}, {'smartContract': {'address': {'address': '0xc69cf0e0d00adbf1ab447340c31e39fcf9ef6cb5'}}, 'caller': {'address': '0x4711ba56879606194a2dff7692c7211717ffee96'}, 'date': {'date': '2021-06-04'}, 'block': {'height': 12568658}}, {'smartContract': {'address': {'address': '0x97abee33cd075c58bfdd174e0885e08e8f03556f'}}, 'caller': {'address': '0x4711ba56879606194a2dff7692c7211717ffee96'}, 'date': {'date': '2021-06-04'}, 'block': {'height': 12568267}}, {'smartContract': {'address': {'address': '0xf268fe3d6909508dda90dccf2bf69050d19f4cdd'}}, 'caller': {'address': '0x4711ba56879606194a2dff7692c7211717ffee96'}, 'date': {'date': '2021-06-01'}, 'block': {'height': 12545531}}, {'smartContract': {'address': {'address': '0x9894b0f28ccfa0f5c5f74eac88f161110c5f8027'}}, 'caller': {'address': '0x4711ba56879606194a2dff7692c7211717ffee96'}, 'date': {'date': '2021-05-07'}, 'block': {'height': 12388099}}, {'smartContract': {'address': {'address': '0x39ab694f23be49988cf55376143148890603e5d5'}}, 'caller': {'address': '0x4711ba56879606194a2dff7692c7211717ffee96'}, 'date': {'date': '2021-05-07'}, 'block': {'height': 12387974}}, {'smartContract': {'address': {'address': '0x21423a375153e17ff7f609239130979aad020d37'}}, 'caller': {'address': '0x4711ba56879606194a2dff7692c7211717ffee96'}, 'date': {'date': '2021-05-07'}, 'block': {'height': 12387856}}, {'smartContract': {'address': {'address': '0xea83fcee5875c8f09b0a9b999cbbb1ced26a462b'}}, 'caller': {'address': '0x4711ba56879606194a2dff7692c7211717ffee96'}, 'date': {'date': '2021-05-06'}, 'block': {'height': 12382187}}, {'smartContract': {'address': {'address': '0x823ce9cca0b9ee2bc4c2d764d304691d770dbbe9'}}, 'caller': {'address': '0x4711ba56879606194a2dff7692c7211717ffee96'}, 'date': {'date': '2021-04-28'}, 'block': {'height': 12329039}}, {'smartContract': {'address': {'address': '0xfa25795f7da372463ac90bed787f9437688c438c'}}, 'caller': {'address': '0x4711ba56879606194a2dff7692c7211717ffee96'}, 'date': {'date': '2021-04-15'}, 'block': {'height': 12245435}}, {'smartContract': {'address': {'address': '0x791fd27ef5ea8dee4746a1b2a1b95b6247f67b7d'}}, 'caller': {'address': '0x4711ba56879606194a2dff7692c7211717ffee96'}, 'date': {'date': '2021-03-30'}, 'block': {'height': 12142911}}, {'smartContract': {'address': {'address': '0xfda7939291b959a2336b20a789786c410bf33ab6'}}, 'caller': {'address': '0x4711ba56879606194a2dff7692c7211717ffee96'}, 'date': {'date': '2021-03-30'}, 'block': {'height': 12142910}}, {'smartContract': {'address': {'address': '0xca256a2739b7646fcd1c33bec148f2b1d9f37677'}}, 'caller': {'address': '0x4711ba56879606194a2dff7692c7211717ffee96'}, 'date': {'date': '2021-03-30'}, 'block': {'height': 12142803}}, {'smartContract': {'address': {'address': '0xaad259bd29e922f9ac976b92fda938455e89e4c8'}}, 'caller': {'address': '0x4711ba56879606194a2dff7692c7211717ffee96'}, 'date': {'date': '2021-03-30'}, 'block': {'height': 12142733}}]",2021-08-02
124,124,0x785c34312dfA6B74F6f1829f79ADe39042222168,(Proxy contract) BUMP,https://github.com/Bumper-Fi/,0x31bd8124C71ea1bB2B698fe8E2413Cd9DC71D4cC,6492279.132,"[{'smartContract': {'address': {'address': '0xbabee6d5f6edd301b5fae591a0d61ab702b359d0'}}, 'caller': {'address': '0x31bd8124c71ea1bb2b698fe8e2413cd9dc71d4cc'}, 'date': {'date': '2021-07-14'}, 'block': {'height': 12822556}}, {'smartContract': {'address': {'address': '0x35c52ac0d56de966755f3c8bc01020ede9114ae0'}}, 'caller': {'address': '0x31bd8124c71ea1bb2b698fe8e2413cd9dc71d4cc'}, 'date': {'date': '2021-07-14'}, 'block': {'height': 12822553}}, {'smartContract': {'address': {'address': '0xf64f8958d2d44eabae7517d013284c385a4cc2a3'}}, 'caller': {'address': '0x31bd8124c71ea1bb2b698fe8e2413cd9dc71d4cc'}, 'date': {'date': '2021-07-14'}, 'block': {'height': 12822537}}, {'smartContract': {'address': {'address': '0x785c34312dfa6b74f6f1829f79ade39042222168'}}, 'caller': {'address': '0x31bd8124c71ea1bb2b698fe8e2413cd9dc71d4cc'}, 'date': {'date': '2021-07-14'}, 'block': {'height': 12822535}}, {'smartContract': {'address': {'address': '0xda16d857f969f013016977b09b9892ea4f8bf108'}}, 'caller': {'address': '0x31bd8124c71ea1bb2b698fe8e2413cd9dc71d4cc'}, 'date': {'date': '2021-07-14'}, 'block': {'height': 12822384}}, {'smartContract': {'address': {'address': '0x1c0d52a4a8569143707255f8c77835a2c2fe442b'}}, 'caller': {'address': '0x31bd8124c71ea1bb2b698fe8e2413cd9dc71d4cc'}, 'date': {'date': '2021-07-14'}, 'block': {'height': 12822382}}, {'smartContract': {'address': {'address': '0x6ed95f17301ca0138f9bcdd54a9a919a57554977'}}, 'caller': {'address': '0x31bd8124c71ea1bb2b698fe8e2413cd9dc71d4cc'}, 'date': {'date': '2021-07-14'}, 'block': {'height': 12822381}}, {'smartContract': {'address': {'address': '0x46242e446aa798a62fb1e45bec1bf2c5e62ca0ea'}}, 'caller': {'address': '0x31bd8124c71ea1bb2b698fe8e2413cd9dc71d4cc'}, 'date': {'date': '2021-07-14'}, 'block': {'height': 12822378}}]",2021-07-14
125,125,0x41D5D79431A913C4aE7d69a668ecdfE5fF9DFB68,Inverse DAO,https://github.com/InverseFinance,0x3FcB35a1CbFB6007f9BC638D388958Bc4550cB28,6430878.121,"[{'smartContract': {'address': {'address': '0x63df5e23db45a2066508318f172ba45b9cd37035'}}, 'caller': {'address': '0x3fcb35a1cbfb6007f9bc638d388958bc4550cb28'}, 'date': {'date': '2022-12-11'}, 'block': {'height': 16159015}}, {'smartContract': {'address': {'address': '0xc06053fcad0a0df7cc32289a135bbea9030c010f'}}, 'caller': {'address': '0x3fcb35a1cbfb6007f9bc638d388958bc4550cb28'}, 'date': {'date': '2022-12-11'}, 'block': {'height': 16158985}}, {'smartContract': {'address': {'address': '0x20c7349f6d6a746a25e66f7c235e96dac880bc0d'}}, 'caller': {'address': '0x3fcb35a1cbfb6007f9bc638d388958bc4550cb28'}, 'date': {'date': '2022-12-11'}, 'block': {'height': 16158964}}, {'smartContract': {'address': {'address': '0x2b34548b865ad66a2b046cb82e59ee43f75b90fd'}}, 'caller': {'address': '0x3fcb35a1cbfb6007f9bc638d388958bc4550cb28'}, 'date': {'date': '2022-12-11'}, 'block': {'height': 16158945}}, {'smartContract': {'address': {'address': '0xabe146cf570fd27ddd985895ce9b138a7110cce8'}}, 'caller': {'address': '0x3fcb35a1cbfb6007f9bc638d388958bc4550cb28'}, 'date': {'date': '2022-12-11'}, 'block': {'height': 16158903}}, {'smartContract': {'address': {'address': '0xad038eb671c44b853887a7e32528fab35dc5d710'}}, 'caller': {'address': '0x3fcb35a1cbfb6007f9bc638d388958bc4550cb28'}, 'date': {'date': '2022-12-10'}, 'block': {'height': 16155758}}, {'smartContract': {'address': {'address': '0x55447385f1e1921d202dbb6ea4b99f86552f0bbb'}}, 'caller': {'address': '0x3fcb35a1cbfb6007f9bc638d388958bc4550cb28'}, 'date': {'date': '2022-08-17'}, 'block': {'height': 15361654}}, {'smartContract': {'address': {'address': '0x66048f186253123ac55258151dad10ee2efba9ce'}}, 'caller': {'address': '0x3fcb35a1cbfb6007f9bc638d388958bc4550cb28'}, 'date': {'date': '2022-08-17'}, 'block': {'height': 15361539}}, {'smartContract': {'address': {'address': '0xcc180262347f84544c3a4854b87c34117acadf94'}}, 'caller': {'address': '0x3fcb35a1cbfb6007f9bc638d388958bc4550cb28'}, 'date': {'date': '2022-04-16'}, 'block': {'height': 14598049}}, {'smartContract': {'address': {'address': '0xe1c67007d1074bcacc577dd946661f0cb9053a19'}}, 'caller': {'address': '0x3fcb35a1cbfb6007f9bc638d388958bc4550cb28'}, 'date': {'date': '2022-02-28'}, 'block': {'height': 14292551}}, {'smartContract': {'address': {'address': '0x07eb8fd853c847d6e25f29e566d605cff474909d'}}, 'caller': {'address': '0x3fcb35a1cbfb6007f9bc638d388958bc4550cb28'}, 'date': {'date': '2022-01-29'}, 'block': {'height': 14102593}}, {'smartContract': {'address': {'address': '0x4b6c63e6a94ef26e2df60b89372db2d8e211f1b7'}}, 'caller': {'address': '0xa6b71e26c5e0845f74c812102ca7114b6a896ab2'}, 'date': {'date': '2022-01-29'}, 'block': {'height': 14102493}}, {'smartContract': {'address': {'address': '0x1868e657122554750eb07b2fa45b4044af35c583'}}, 'caller': {'address': '0xf18056bbd320e96a48e3fbf8bc061322531aac99'}, 'date': {'date': '2022-01-19'}, 'block': {'height': 14039029}}, {'smartContract': {'address': {'address': '0x99af0326ab1c2a68c6712a5622c1aa8e4b35fd57'}}, 'caller': {'address': '0xf18056bbd320e96a48e3fbf8bc061322531aac99'}, 'date': {'date': '2022-01-19'}, 'block': {'height': 14039029}}, {'smartContract': {'address': {'address': '0xbe0c9650cf8ce5279b990e7a6634c63323adfeae'}}, 'caller': {'address': '0x3fcb35a1cbfb6007f9bc638d388958bc4550cb28'}, 'date': {'date': '2022-01-03'}, 'block': {'height': 13933666}}, {'smartContract': {'address': {'address': '0x0f0c30f294dc0ca8c315683fc036179e1d8d1fa9'}}, 'caller': {'address': '0x3fcb35a1cbfb6007f9bc638d388958bc4550cb28'}, 'date': {'date': '2022-01-03'}, 'block': {'height': 13933646}}, {'smartContract': {'address': {'address': '0x32eddd879b199503c6fc37df95b8920cd415358f'}}, 'caller': {'address': '0x3fcb35a1cbfb6007f9bc638d388958bc4550cb28'}, 'date': {'date': '2021-12-29'}, 'block': {'height': 13898194}}, {'smartContract': {'address': {'address': '0x0bc08f2433965ea88d977d7bfded0917f3a0f60b'}}, 'caller': {'address': '0x3fcb35a1cbfb6007f9bc638d388958bc4550cb28'}, 'date': {'date': '2021-12-13'}, 'block': {'height': 13794142}}, {'smartContract': {'address': {'address': '0x1ba87be4c20fa2d4cbd8e4ae9998649226207f76'}}, 'caller': {'address': '0x3fcb35a1cbfb6007f9bc638d388958bc4550cb28'}, 'date': {'date': '2021-11-17'}, 'block': {'height': 13632248}}, {'smartContract': {'address': {'address': '0xbeccb6bb0aa4ab551966a7e4b97cec74bb359bf6'}}, 'caller': {'address': '0x3fcb35a1cbfb6007f9bc638d388958bc4550cb28'}, 'date': {'date': '2021-11-04'}, 'block': {'height': 13549618}}, {'smartContract': {'address': {'address': '0x44814bf90ea659369a28633c3bd46ab52d8f73f7'}}, 'caller': {'address': '0x1637e4e9941d55703a7a5e7807d6ada3f7dcd61b'}, 'date': {'date': '2021-11-04'}, 'block': {'height': 13549472}}, {'smartContract': {'address': {'address': '0x1637e4e9941d55703a7a5e7807d6ada3f7dcd61b'}}, 'caller': {'address': '0x3fcb35a1cbfb6007f9bc638d388958bc4550cb28'}, 'date': {'date': '2021-11-04'}, 'block': {'height': 13549472}}, {'smartContract': {'address': {'address': '0xef3bd8ca3beac259d898b2c546f804b49d52e2fd'}}, 'caller': {'address': '0x3fcb35a1cbfb6007f9bc638d388958bc4550cb28'}, 'date': {'date': '2021-10-10'}, 'block': {'height': 13388990}}, {'smartContract': {'address': {'address': '0x4b228d99b9e5bed831b8d7d2bcc88882279a16bb'}}, 'caller': {'address': '0x3fcb35a1cbfb6007f9bc638d388958bc4550cb28'}, 'date': {'date': '2021-09-09'}, 'block': {'height': 13193902}}, {'smartContract': {'address': {'address': '0xc528b0571d0be4153aeb8ddb8cceee63c3dd7760'}}, 'caller': {'address': '0x3fcb35a1cbfb6007f9bc638d388958bc4550cb28'}, 'date': {'date': '2021-09-09'}, 'block': {'height': 13193164}}, {'smartContract': {'address': {'address': '0x7d6bd230a96334559d724f72b93a19cfc75e9d2a'}}, 'caller': {'address': '0x3fcb35a1cbfb6007f9bc638d388958bc4550cb28'}, 'date': {'date': '2021-09-09'}, 'block': {'height': 13193048}}, {'smartContract': {'address': {'address': '0xe3277f1102c1ca248ad859407ca0cbf128db0664'}}, 'caller': {'address': '0x3fcb35a1cbfb6007f9bc638d388958bc4550cb28'}, 'date': {'date': '2021-09-06'}, 'block': {'height': 13174020}}, {'smartContract': {'address': {'address': '0xf563f139c97b945e1306d3f5ea8bba2ac617adf7'}}, 'caller': {'address': '0x3fcb35a1cbfb6007f9bc638d388958bc4550cb28'}, 'date': {'date': '2021-09-06'}, 'block': {'height': 13173938}}, {'smartContract': {'address': {'address': '0xbb6afadfdd3e1b35d4e4855ccab315d5f3a21cd3'}}, 'caller': {'address': '0x3fcb35a1cbfb6007f9bc638d388958bc4550cb28'}, 'date': {'date': '2021-09-06'}, 'block': {'height': 13173658}}, {'smartContract': {'address': {'address': '0xf45c5ef54e1401569325e047f2fea7190e055a18'}}, 'caller': {'address': '0x3fcb35a1cbfb6007f9bc638d388958bc4550cb28'}, 'date': {'date': '2021-09-06'}, 'block': {'height': 13173543}}, {'smartContract': {'address': {'address': '0x8fa728f393588e8d8dd1ca397e9a710e53fa553a'}}, 'caller': {'address': '0xb9fc157394af804a3578134a6585c0dc9cc990d4'}, 'date': {'date': '2021-08-25'}, 'block': {'height': 13097137}}, {'smartContract': {'address': {'address': '0xaa5a67c256e27a5d80712c51971408db3370927d'}}, 'caller': {'address': '0xb9fc157394af804a3578134a6585c0dc9cc990d4'}, 'date': {'date': '2021-08-25'}, 'block': {'height': 13097116}}, {'smartContract': {'address': {'address': '0xff39fcdfde879410ba3e67945d0923cde338e414'}}, 'caller': {'address': '0x3fcb35a1cbfb6007f9bc638d388958bc4550cb28'}, 'date': {'date': '2021-08-20'}, 'block': {'height': 13062355}}, {'smartContract': {'address': {'address': '0x56775f083ac3015b8c869d9e089da251dcaa41ff'}}, 'caller': {'address': '0x3fcb35a1cbfb6007f9bc638d388958bc4550cb28'}, 'date': {'date': '2021-08-12'}, 'block': {'height': 13009800}}, {'smartContract': {'address': {'address': '0xa978d807614c3bfb0f90bc282019b2898c617880'}}, 'caller': {'address': '0x3fcb35a1cbfb6007f9bc638d388958bc4550cb28'}, 'date': {'date': '2021-06-14'}, 'block': {'height': 12631341}}, {'smartContract': {'address': {'address': '0x1b086779e47509bdc9f49f1ed31eefb1ef156deb'}}, 'caller': {'address': '0x3fcb35a1cbfb6007f9bc638d388958bc4550cb28'}, 'date': {'date': '2021-06-07'}, 'block': {'height': 12589701}}, {'smartContract': {'address': {'address': '0x591a75c287ce9cf553e8cbb77ef3b9d908976f5b'}}, 'caller': {'address': '0x3fcb35a1cbfb6007f9bc638d388958bc4550cb28'}, 'date': {'date': '2021-06-07'}, 'block': {'height': 12589654}}, {'smartContract': {'address': {'address': '0xd21cba93074fbe899338c2b6ec4ff711c865428c'}}, 'caller': {'address': '0x3fcb35a1cbfb6007f9bc638d388958bc4550cb28'}, 'date': {'date': '2021-06-07'}, 'block': {'height': 12589422}}, {'smartContract': {'address': {'address': '0x731b65a993c7a4ff10d304d5204afc51033cda4c'}}, 'caller': {'address': '0x3fcb35a1cbfb6007f9bc638d388958bc4550cb28'}, 'date': {'date': '2021-05-27'}, 'block': {'height': 12517135}}, {'smartContract': {'address': {'address': '0x65b35d6eb7006e0e607bc54eb2dfd459923476fe'}}, 'caller': {'address': '0x3fcb35a1cbfb6007f9bc638d388958bc4550cb28'}, 'date': {'date': '2021-05-15'}, 'block': {'height': 12437327}}, {'smartContract': {'address': {'address': '0xfd5eb01aeda9dd5449efde2cd6d978d15f5c15b6'}}, 'caller': {'address': '0x65b35d6eb7006e0e607bc54eb2dfd459923476fe'}, 'date': {'date': '2021-05-15'}, 'block': {'height': 12437327}}, {'smartContract': {'address': {'address': '0x780568f55941c12eaa86a79607855f349c48c9f9'}}, 'caller': {'address': '0x3fcb35a1cbfb6007f9bc638d388958bc4550cb28'}, 'date': {'date': '2021-05-15'}, 'block': {'height': 12437203}}, {'smartContract': {'address': {'address': '0xb310089ed379c3d307cb3d5046dea289e1babf66'}}, 'caller': {'address': '0x780568f55941c12eaa86a79607855f349c48c9f9'}, 'date': {'date': '2021-05-15'}, 'block': {'height': 12437203}}, {'smartContract': {'address': {'address': '0x210ac53b27f16e20a9aa7d16260f84693390258f'}}, 'caller': {'address': '0x3fcb35a1cbfb6007f9bc638d388958bc4550cb28'}, 'date': {'date': '2021-05-11'}, 'block': {'height': 12415560}}, {'smartContract': {'address': {'address': '0x39b1df026010b5aea781f90542ee19e900f2db15'}}, 'caller': {'address': '0xd14439b3a7245d8ea92e37b77347014ea7e4f809'}, 'date': {'date': '2021-05-11'}, 'block': {'height': 12415361}}, {'smartContract': {'address': {'address': '0x8ba08b156816e1fe6ab21b4bd8edf67e08b0281b'}}, 'caller': {'address': '0xfbab1b85a145cd648374acebf84cdd0247268587'}, 'date': {'date': '2021-05-04'}, 'block': {'height': 12370563}}, {'smartContract': {'address': {'address': '0xb8caac6897b7a69bef9741bdb2780bba86ce7ce2'}}, 'caller': {'address': '0xfbab1b85a145cd648374acebf84cdd0247268587'}, 'date': {'date': '2021-05-04'}, 'block': {'height': 12370563}}, {'smartContract': {'address': {'address': '0x67b70584c005ea14a629b25f1b0b9ae821e645f9'}}, 'caller': {'address': '0xfbab1b85a145cd648374acebf84cdd0247268587'}, 'date': {'date': '2021-05-04'}, 'block': {'height': 12370563}}, {'smartContract': {'address': {'address': '0x7d6e99e22e5618db4b94261963772dd4966623ad'}}, 'caller': {'address': '0x3fcb35a1cbfb6007f9bc638d388958bc4550cb28'}, 'date': {'date': '2021-04-21'}, 'block': {'height': 12285448}}, {'smartContract': {'address': {'address': '0xe14e206066a5d3525714a25255ef10b29ffa4efa'}}, 'caller': {'address': '0xd14439b3a7245d8ea92e37b77347014ea7e4f809'}, 'date': {'date': '2021-04-19'}, 'block': {'height': 12272800}}, {'smartContract': {'address': {'address': '0xd14439b3a7245d8ea92e37b77347014ea7e4f809'}}, 'caller': {'address': '0x3fcb35a1cbfb6007f9bc638d388958bc4550cb28'}, 'date': {'date': '2021-04-19'}, 'block': {'height': 12272795}}, {'smartContract': {'address': {'address': '0x20066c2577c53bb54591111fa707a252b9bb95dc'}}, 'caller': {'address': '0xc0aee478e3658e2610c5f7a4a2e1777ce9e4f2ac'}, 'date': {'date': '2021-04-07'}, 'block': {'height': 12195802}}, {'smartContract': {'address': {'address': '0x17786f3813e6ba35343211bd8fe18ec4de14f28b'}}, 'caller': {'address': '0x3fcb35a1cbfb6007f9bc638d388958bc4550cb28'}, 'date': {'date': '2021-04-03'}, 'block': {'height': 12167889}}, {'smartContract': {'address': {'address': '0x5ea580ea35ccb5c6aed689a85271acd94e9c2ea8'}}, 'caller': {'address': '0x3fcb35a1cbfb6007f9bc638d388958bc4550cb28'}, 'date': {'date': '2021-04-02'}, 'block': {'height': 12162864}}, {'smartContract': {'address': {'address': '0xd60b06b457bff7fc38ac5e7ece2b5ad16b288326'}}, 'caller': {'address': '0x3fcb35a1cbfb6007f9bc638d388958bc4550cb28'}, 'date': {'date': '2021-04-02'}, 'block': {'height': 12162806}}, {'smartContract': {'address': {'address': '0xde2af899040536884e062d3a334f2dd36f34b4a4'}}, 'caller': {'address': '0x3fcb35a1cbfb6007f9bc638d388958bc4550cb28'}, 'date': {'date': '2021-04-02'}, 'block': {'height': 12162743}}, {'smartContract': {'address': {'address': '0x8aa3932790b33c7cc751231161ae5221af058d12'}}, 'caller': {'address': '0x3fcb35a1cbfb6007f9bc638d388958bc4550cb28'}, 'date': {'date': '2021-04-01'}, 'block': {'height': 12153644}}, {'smartContract': {'address': {'address': '0x5e436c6fba17f44c21f00a35dcd1939a2b0531b6'}}, 'caller': {'address': '0x3fcb35a1cbfb6007f9bc638d388958bc4550cb28'}, 'date': {'date': '2021-04-01'}, 'block': {'height': 12153622}}, {'smartContract': {'address': {'address': '0x1fe9f6257e59fe7ab7a9ae8086b9c8f0a7525804'}}, 'caller': {'address': '0x3fcb35a1cbfb6007f9bc638d388958bc4550cb28'}, 'date': {'date': '2021-03-31'}, 'block': {'height': 12149830}}, {'smartContract': {'address': {'address': '0xa88948217f21175337226d94f1a47b7a01eed197'}}, 'caller': {'address': '0x3fcb35a1cbfb6007f9bc638d388958bc4550cb28'}, 'date': {'date': '2021-03-25'}, 'block': {'height': 12105967}}, {'smartContract': {'address': {'address': '0x4581958737c58a632621c82095664de7f4f5a9f4'}}, 'caller': {'address': '0x3fcb35a1cbfb6007f9bc638d388958bc4550cb28'}, 'date': {'date': '2021-03-25'}, 'block': {'height': 12105948}}, {'smartContract': {'address': {'address': '0x8f0439382359c05ed287acd5170757b76402d93f'}}, 'caller': {'address': '0x3fcb35a1cbfb6007f9bc638d388958bc4550cb28'}, 'date': {'date': '2021-03-19'}, 'block': {'height': 12071046}}, {'smartContract': {'address': {'address': '0x9547429c0e2c3a8b88c6833b58fce962734c0e8c'}}, 'caller': {'address': '0x0959158b6040d32d04c301a72cbfd6b39e21c9ae'}, 'date': {'date': '2021-03-01'}, 'block': {'height': 11955325}}, {'smartContract': {'address': {'address': '0x5c1245f9db3f8f7fe1208cb82325ea88fc11fe89'}}, 'caller': {'address': '0x3fcb35a1cbfb6007f9bc638d388958bc4550cb28'}, 'date': {'date': '2021-02-27'}, 'block': {'height': 11942430}}, {'smartContract': {'address': {'address': '0x973f509c695cffcf355787456923637ff8a34b29'}}, 'caller': {'address': '0x3fcb35a1cbfb6007f9bc638d388958bc4550cb28'}, 'date': {'date': '2021-02-26'}, 'block': {'height': 11930092}}, {'smartContract': {'address': {'address': '0xecfbe9b182f6477a93065c1c11271232147838e5'}}, 'caller': {'address': '0x5c69bee701ef814a2b6a3edd4b1652cb9cc5aa6f'}, 'date': {'date': '2021-02-23'}, 'block': {'height': 11916451}}, {'smartContract': {'address': {'address': '0x92ae21abf029eb4e39ccc9cf073523de3fd2b193'}}, 'caller': {'address': '0xfd6f33a0509ec67defc500755322abd9df1bd5b8'}, 'date': {'date': '2021-02-23'}, 'block': {'height': 11916117}}, {'smartContract': {'address': {'address': '0x7ec0d931affba01b77711c2cd07c76b970795cdd'}}, 'caller': {'address': '0x3fcb35a1cbfb6007f9bc638d388958bc4550cb28'}, 'date': {'date': '2021-02-23'}, 'block': {'height': 11915920}}, {'smartContract': {'address': {'address': '0x5e075e40d01c82b6bf0b0ecdb4eb1d6984357ef7'}}, 'caller': {'address': '0x3fcb35a1cbfb6007f9bc638d388958bc4550cb28'}, 'date': {'date': '2021-02-23'}, 'block': {'height': 11915914}}, {'smartContract': {'address': {'address': '0x697b4acaa24430f254224eb794d2a85ba1fa1fb8'}}, 'caller': {'address': '0x3fcb35a1cbfb6007f9bc638d388958bc4550cb28'}, 'date': {'date': '2021-02-23'}, 'block': {'height': 11915894}}, {'smartContract': {'address': {'address': '0x15d32182206a54684a5cd2b7ee4532a6d1cf7638'}}, 'caller': {'address': '0x3fcb35a1cbfb6007f9bc638d388958bc4550cb28'}, 'date': {'date': '2021-02-23'}, 'block': {'height': 11915889}}, {'smartContract': {'address': {'address': '0x7fcb7dac61ee35b3d4a51117a7c58d53f0a8a670'}}, 'caller': {'address': '0x3fcb35a1cbfb6007f9bc638d388958bc4550cb28'}, 'date': {'date': '2021-02-23'}, 'block': {'height': 11915883}}, {'smartContract': {'address': {'address': '0x161fd17c7cb8f4b34c87799fba1f26ce4543bb9a'}}, 'caller': {'address': '0x3fcb35a1cbfb6007f9bc638d388958bc4550cb28'}, 'date': {'date': '2021-02-23'}, 'block': {'height': 11915877}}, {'smartContract': {'address': {'address': '0x865377367054516e17014ccded1e7d814edc9ce4'}}, 'caller': {'address': '0x3fcb35a1cbfb6007f9bc638d388958bc4550cb28'}, 'date': {'date': '2021-02-23'}, 'block': {'height': 11915875}}, {'smartContract': {'address': {'address': '0x4dcf7407ae5c07f8681e1659f626e114a7667339'}}, 'caller': {'address': '0x3fcb35a1cbfb6007f9bc638d388958bc4550cb28'}, 'date': {'date': '2021-02-23'}, 'block': {'height': 11915867}}, {'smartContract': {'address': {'address': '0x2c0edf1f7dbcdb347ed8ce626d4de2221f1d76a2'}}, 'caller': {'address': '0x3fcb35a1cbfb6007f9bc638d388958bc4550cb28'}, 'date': {'date': '2021-02-23'}, 'block': {'height': 11915865}}, {'smartContract': {'address': {'address': '0xe8929afd47064efd36a7fb51da3f8c5eb40c4cb4'}}, 'caller': {'address': '0x3fcb35a1cbfb6007f9bc638d388958bc4550cb28'}, 'date': {'date': '2021-02-23'}, 'block': {'height': 11915859}}, {'smartContract': {'address': {'address': '0x698c1d40574cd90f1920f61d347acce60d3910af'}}, 'caller': {'address': '0x3fcb35a1cbfb6007f9bc638d388958bc4550cb28'}, 'date': {'date': '2021-01-19'}, 'block': {'height': 11684996}}, {'smartContract': {'address': {'address': '0x89ec5df87a5186a0f0fa8cb84edd815de6047357'}}, 'caller': {'address': '0x3fcb35a1cbfb6007f9bc638d388958bc4550cb28'}, 'date': {'date': '2021-01-19'}, 'block': {'height': 11684958}}, {'smartContract': {'address': {'address': '0x57faa0dec960ed774674a45d61ecfe738eb32052'}}, 'caller': {'address': '0x3fcb35a1cbfb6007f9bc638d388958bc4550cb28'}, 'date': {'date': '2021-01-19'}, 'block': {'height': 11683410}}, {'smartContract': {'address': {'address': '0xbe21650b126b08c8b0fbc8356a8b291010ee901a'}}, 'caller': {'address': '0x3fcb35a1cbfb6007f9bc638d388958bc4550cb28'}, 'date': {'date': '2021-01-19'}, 'block': {'height': 11683397}}, {'smartContract': {'address': {'address': '0xb0b02c75fc1d07d351c991ebf8b5f5b48f24f40b'}}, 'caller': {'address': '0x3fcb35a1cbfb6007f9bc638d388958bc4550cb28'}, 'date': {'date': '2021-01-19'}, 'block': {'height': 11683385}}, {'smartContract': {'address': {'address': '0x77c64eef5f4781dd6e9405a8a77d80567cfd37e0'}}, 'caller': {'address': '0x76e2cfc1f5fa8f6a5b3fc4c8f4788f0116861f9b'}, 'date': {'date': '2021-01-16'}, 'block': {'height': 11667351}}, {'smartContract': {'address': {'address': '0xbb6ef0b93792e4e98c6e6062eb1a9638d82e500f'}}, 'caller': {'address': '0x3fcb35a1cbfb6007f9bc638d388958bc4550cb28'}, 'date': {'date': '2020-12-30'}, 'block': {'height': 11553869}}, {'smartContract': {'address': {'address': '0x926df14a23be491164dcf93f4c468a50ef659d5b'}}, 'caller': {'address': '0x35d9f4953748b318f18c30634ba299b237eedfff'}, 'date': {'date': '2020-12-29'}, 'block': {'height': 11549293}}, {'smartContract': {'address': {'address': '0x35d9f4953748b318f18c30634ba299b237eedfff'}}, 'caller': {'address': '0x3fcb35a1cbfb6007f9bc638d388958bc4550cb28'}, 'date': {'date': '2020-12-29'}, 'block': {'height': 11549293}}, {'smartContract': {'address': {'address': '0xdb09cafceb041217296c22e07c16b28980a72e27'}}, 'caller': {'address': '0x3fcb35a1cbfb6007f9bc638d388958bc4550cb28'}, 'date': {'date': '2020-12-27'}, 'block': {'height': 11534289}}, {'smartContract': {'address': {'address': '0xe810281d189f19572b5250556369c39f5ebc6b00'}}, 'caller': {'address': '0x3fcb35a1cbfb6007f9bc638d388958bc4550cb28'}, 'date': {'date': '2020-12-26'}, 'block': {'height': 11526047}}, {'smartContract': {'address': {'address': '0x260ac708a95b10715d8bcd2f335196fd354534b1'}}, 'caller': {'address': '0x3fcb35a1cbfb6007f9bc638d388958bc4550cb28'}, 'date': {'date': '2020-12-21'}, 'block': {'height': 11498396}}, {'smartContract': {'address': {'address': '0x76035a82bfc328df0cf7bfcd61cd6daf4d013cda'}}, 'caller': {'address': '0x260ac708a95b10715d8bcd2f335196fd354534b1'}, 'date': {'date': '2020-12-21'}, 'block': {'height': 11498396}}, {'smartContract': {'address': {'address': '0x41d5d79431a913c4ae7d69a668ecdfe5ff9dfb68'}}, 'caller': {'address': '0x3fcb35a1cbfb6007f9bc638d388958bc4550cb28'}, 'date': {'date': '2020-12-21'}, 'block': {'height': 11498340}}, {'smartContract': {'address': {'address': '0xbb3b7f3637bffadae577e7876f4a7f4c2415384d'}}, 'caller': {'address': '0x96ad308cb4479fd2558d40a4abf420565fa80356'}, 'date': {'date': '2020-12-20'}, 'block': {'height': 11487112}}, {'smartContract': {'address': {'address': '0x96ad308cb4479fd2558d40a4abf420565fa80356'}}, 'caller': {'address': '0x3fcb35a1cbfb6007f9bc638d388958bc4550cb28'}, 'date': {'date': '2020-12-20'}, 'block': {'height': 11486936}}, {'smartContract': {'address': {'address': '0x695c5662aa1c4f1bef3a76e6a28525cc5ae59ba1'}}, 'caller': {'address': '0xdc91f11de8d294bd547d4f9009fa16466b2ca796'}, 'date': {'date': '2020-12-19'}, 'block': {'height': 11486063}}, {'smartContract': {'address': {'address': '0xdc91f11de8d294bd547d4f9009fa16466b2ca796'}}, 'caller': {'address': '0x3fcb35a1cbfb6007f9bc638d388958bc4550cb28'}, 'date': {'date': '2020-12-19'}, 'block': {'height': 11486063}}, {'smartContract': {'address': {'address': '0xd93ac1b3d1a465e1d5ef841c141c8090f2716a16'}}, 'caller': {'address': '0x41d079ce7282d49bf4888c71b5d9e4a02c371f9b'}, 'date': {'date': '2020-12-19'}, 'block': {'height': 11485846}}, {'smartContract': {'address': {'address': '0x41d079ce7282d49bf4888c71b5d9e4a02c371f9b'}}, 'caller': {'address': '0x3fcb35a1cbfb6007f9bc638d388958bc4550cb28'}, 'date': {'date': '2020-12-19'}, 'block': {'height': 11485846}}, {'smartContract': {'address': {'address': '0x8805c8a08022a41fef736ea3af56dfdff282a9cb'}}, 'caller': {'address': '0x3fcb35a1cbfb6007f9bc638d388958bc4550cb28'}, 'date': {'date': '2020-12-19'}, 'block': {'height': 11485350}}, {'smartContract': {'address': {'address': '0xc6479a77ecbd54893590d544c26eab6647e2a259'}}, 'caller': {'address': '0x3fcb35a1cbfb6007f9bc638d388958bc4550cb28'}, 'date': {'date': '2020-12-19'}, 'block': {'height': 11485197}}, {'smartContract': {'address': {'address': '0x772a40ab10afdeae111e691ac7d1a1c0e3530dc9'}}, 'caller': {'address': '0x42b5d4a11c8fe76d114759f7f3d8e94ea28bdbe5'}, 'date': {'date': '2020-12-19'}, 'block': {'height': 11483642}}]",2020-12-21
126,126,0xbF776e4FCa664D791C4Ee3A71e2722990E003283,(Proxy contract) SMTYToken,,0x2591E77620dbF3FD16050eE74521E28990f32a3D,6429650.078,"[{'smartContract': {'address': {'address': '0x4b5c2f31f068ed79e3ae8a7e8ff9207807d04286'}}, 'caller': {'address': '0x2591e77620dbf3fd16050ee74521e28990f32a3d'}, 'date': {'date': '2021-05-06'}, 'block': {'height': 12380439}}, {'smartContract': {'address': {'address': '0x6e5fab6d70ae0d0c33615d0515d5c7fb8b26be69'}}, 'caller': {'address': '0x2591e77620dbf3fd16050ee74521e28990f32a3d'}, 'date': {'date': '2021-05-06'}, 'block': {'height': 12380417}}, {'smartContract': {'address': {'address': '0x57e33f2fe7e778a04861f087d7a3a98fbe6dd69a'}}, 'caller': {'address': '0x2591e77620dbf3fd16050ee74521e28990f32a3d'}, 'date': {'date': '2021-05-06'}, 'block': {'height': 12380411}}, {'smartContract': {'address': {'address': '0x3ff708bc7707fb63184ea8d3fcc78355de0359f9'}}, 'caller': {'address': '0x2591e77620dbf3fd16050ee74521e28990f32a3d'}, 'date': {'date': '2021-05-06'}, 'block': {'height': 12380406}}, {'smartContract': {'address': {'address': '0x802c47a70c6cc2e008617688a7062709eb48564a'}}, 'caller': {'address': '0x2591e77620dbf3fd16050ee74521e28990f32a3d'}, 'date': {'date': '2021-04-27'}, 'block': {'height': 12321540}}, {'smartContract': {'address': {'address': '0x77e6d30246aad90ed1a12e38ebc6188d5a1f06c2'}}, 'caller': {'address': '0x2591e77620dbf3fd16050ee74521e28990f32a3d'}, 'date': {'date': '2021-04-27'}, 'block': {'height': 12321536}}, {'smartContract': {'address': {'address': '0x59c5ef73636cc6f01526923e5e9894d5fda8b9d3'}}, 'caller': {'address': '0x2591e77620dbf3fd16050ee74521e28990f32a3d'}, 'date': {'date': '2021-04-27'}, 'block': {'height': 12321511}}, {'smartContract': {'address': {'address': '0x71e3ad50ca2ce488992cc2320c7bfd275aaec8b4'}}, 'caller': {'address': '0x2591e77620dbf3fd16050ee74521e28990f32a3d'}, 'date': {'date': '2021-04-27'}, 'block': {'height': 12321502}}, {'smartContract': {'address': {'address': '0xbf776e4fca664d791c4ee3a71e2722990e003283'}}, 'caller': {'address': '0x2591e77620dbf3fd16050ee74521e28990f32a3d'}, 'date': {'date': '2021-04-26'}, 'block': {'height': 12313369}}, {'smartContract': {'address': {'address': '0xc9dacc72777210de0a9c25630e7e16d3803ae8af'}}, 'caller': {'address': '0x2591e77620dbf3fd16050ee74521e28990f32a3d'}, 'date': {'date': '2021-04-26'}, 'block': {'height': 12313357}}]",2021-04-26
127,127,0x0258F474786DdFd37ABCE6df6BBb1Dd5dfC4434a,Orion Protocol,https://github.com/orionprotocol,0x3Ea94AbCBAaFb7E2BfE63a0dBe8Ff06a077bA9bA,6292575.276,"[{'smartContract': {'address': {'address': '0x8f10db1e9f15837d8153f95d358e8cfed402f7b3'}}, 'caller': {'address': '0x3ea94abcbaafb7e2bfe63a0dbe8ff06a077ba9ba'}, 'date': {'date': '2021-09-11'}, 'block': {'height': 13205962}}, {'smartContract': {'address': {'address': '0xb6dcedd7ec22989a3ab66f97a252b9b8d08aa838'}}, 'caller': {'address': '0x3ea94abcbaafb7e2bfe63a0dbe8ff06a077ba9ba'}, 'date': {'date': '2021-08-21'}, 'block': {'height': 13067564}}, {'smartContract': {'address': {'address': '0x0258f474786ddfd37abce6df6bbb1dd5dfc4434a'}}, 'caller': {'address': '0x3ea94abcbaafb7e2bfe63a0dbe8ff06a077ba9ba'}, 'date': {'date': '2020-09-26'}, 'block': {'height': 10939214}}, {'smartContract': {'address': {'address': '0x8fb00fdebb4e83f2c58b3bcd6732ac1b6a7b7221'}}, 'caller': {'address': '0x3ea94abcbaafb7e2bfe63a0dbe8ff06a077ba9ba'}, 'date': {'date': '2020-07-13'}, 'block': {'height': 10453594}}]",2020-09-26
128,128,0x7b35Ce522CB72e4077BaeB96Cb923A5529764a00,Impermax (IMX),https://github.com/Impermax-Finance,0x9fC5341dB9a9CdF8337B4Bd286d4cfC03B20Ad35,6171813.59,"[{'smartContract': {'address': {'address': '0x18011c2a97fad6c3652570846ee39525f55a2aec'}}, 'caller': {'address': '0x9fc5341db9a9cdf8337b4bd286d4cfc03b20ad35'}, 'date': {'date': '2022-02-02'}, 'block': {'height': 14123568}}, {'smartContract': {'address': {'address': '0x11341455ff53af5fb1194680f20d932c287c0e4f'}}, 'caller': {'address': '0x9fc5341db9a9cdf8337b4bd286d4cfc03b20ad35'}, 'date': {'date': '2022-02-01'}, 'block': {'height': 14122574}}, {'smartContract': {'address': {'address': '0xf14f98e6f34c12bd74fceac1668af749fc269cff'}}, 'caller': {'address': '0x9fc5341db9a9cdf8337b4bd286d4cfc03b20ad35'}, 'date': {'date': '2021-08-30'}, 'block': {'height': 13125668}}, {'smartContract': {'address': {'address': '0x6032e07e5117907af8b8d24426c4a99647ed0bfd'}}, 'caller': {'address': '0x9fc5341db9a9cdf8337b4bd286d4cfc03b20ad35'}, 'date': {'date': '2021-07-19'}, 'block': {'height': 12859424}}, {'smartContract': {'address': {'address': '0xdc4baf3b4b1df79083eedf3e46ec2c4ec1296f60'}}, 'caller': {'address': '0x9fc5341db9a9cdf8337b4bd286d4cfc03b20ad35'}, 'date': {'date': '2021-07-19'}, 'block': {'height': 12859092}}, {'smartContract': {'address': {'address': '0xde182ecd28ab3486c51b499296832baf1ec86266'}}, 'caller': {'address': '0x9fc5341db9a9cdf8337b4bd286d4cfc03b20ad35'}, 'date': {'date': '2021-07-19'}, 'block': {'height': 12859073}}, {'smartContract': {'address': {'address': '0xa6f3c27f1b503221f3a3c9d34f587252ecfb3160'}}, 'caller': {'address': '0x9fc5341db9a9cdf8337b4bd286d4cfc03b20ad35'}, 'date': {'date': '2021-07-19'}, 'block': {'height': 12859065}}, {'smartContract': {'address': {'address': '0x363b2deac84f0100d63c7427335f8350f596bf59'}}, 'caller': {'address': '0x9fc5341db9a9cdf8337b4bd286d4cfc03b20ad35'}, 'date': {'date': '2021-07-19'}, 'block': {'height': 12859044}}, {'smartContract': {'address': {'address': '0xeac319b32c332c233b9abc96ac648fbae0b88ec2'}}, 'caller': {'address': '0x9fc5341db9a9cdf8337b4bd286d4cfc03b20ad35'}, 'date': {'date': '2021-06-27'}, 'block': {'height': 12716931}}, {'smartContract': {'address': {'address': '0x59af721901db65eccf8f3b98ac4516d2f83ba8a3'}}, 'caller': {'address': '0x9fc5341db9a9cdf8337b4bd286d4cfc03b20ad35'}, 'date': {'date': '2021-05-27'}, 'block': {'height': 12516212}}, {'smartContract': {'address': {'address': '0x0e1a3b46cbf4f2e900405359863642e7011323d9'}}, 'caller': {'address': '0x9fc5341db9a9cdf8337b4bd286d4cfc03b20ad35'}, 'date': {'date': '2021-05-27'}, 'block': {'height': 12516210}}, {'smartContract': {'address': {'address': '0xb5c04ca0fc3c74f7b82de6f8f2072ac32411596c'}}, 'caller': {'address': '0x9fc5341db9a9cdf8337b4bd286d4cfc03b20ad35'}, 'date': {'date': '2021-05-27'}, 'block': {'height': 12516194}}, {'smartContract': {'address': {'address': '0x18cb23d90b21acd0592c8dd1319c4c9c847b55ea'}}, 'caller': {'address': '0x9fc5341db9a9cdf8337b4bd286d4cfc03b20ad35'}, 'date': {'date': '2021-05-27'}, 'block': {'height': 12516191}}, {'smartContract': {'address': {'address': '0x718cd1d06094b53de74de745c4ead3ac629a0c98'}}, 'caller': {'address': '0x9fc5341db9a9cdf8337b4bd286d4cfc03b20ad35'}, 'date': {'date': '2021-05-27'}, 'block': {'height': 12516163}}, {'smartContract': {'address': {'address': '0x75218df31092a42e1b4ff2586a102002d4f59b3f'}}, 'caller': {'address': '0x9fc5341db9a9cdf8337b4bd286d4cfc03b20ad35'}, 'date': {'date': '2021-05-27'}, 'block': {'height': 12516157}}, {'smartContract': {'address': {'address': '0x0a5a31c86d077b71e10fe47687b1d242dadac31d'}}, 'caller': {'address': '0x9fc5341db9a9cdf8337b4bd286d4cfc03b20ad35'}, 'date': {'date': '2021-05-27'}, 'block': {'height': 12516149}}, {'smartContract': {'address': {'address': '0x5ce1a91cdba3b69d3e280c0eac9ea49659f4f84d'}}, 'caller': {'address': '0x9fc5341db9a9cdf8337b4bd286d4cfc03b20ad35'}, 'date': {'date': '2021-05-27'}, 'block': {'height': 12516147}}, {'smartContract': {'address': {'address': '0xde14396dddd1e261eab39bc6350a3ca0f088440f'}}, 'caller': {'address': '0x9fc5341db9a9cdf8337b4bd286d4cfc03b20ad35'}, 'date': {'date': '2021-05-27'}, 'block': {'height': 12516132}}, {'smartContract': {'address': {'address': '0x69cc62d02449826075ca9f9601b400c97e61a8ab'}}, 'caller': {'address': '0x9fc5341db9a9cdf8337b4bd286d4cfc03b20ad35'}, 'date': {'date': '2021-05-27'}, 'block': {'height': 12516124}}, {'smartContract': {'address': {'address': '0x44121f2ea4935c0badf87f11ffaf14f62a91e83d'}}, 'caller': {'address': '0x9fc5341db9a9cdf8337b4bd286d4cfc03b20ad35'}, 'date': {'date': '2021-05-27'}, 'block': {'height': 12516107}}, {'smartContract': {'address': {'address': '0x69de2d1ab39491f08f421b0f74c977f1df01f24e'}}, 'caller': {'address': '0x9fc5341db9a9cdf8337b4bd286d4cfc03b20ad35'}, 'date': {'date': '2021-05-27'}, 'block': {'height': 12516104}}, {'smartContract': {'address': {'address': '0x7aff0b7846a5a8aede720d902e7c8e401172ee9f'}}, 'caller': {'address': '0x9fc5341db9a9cdf8337b4bd286d4cfc03b20ad35'}, 'date': {'date': '2021-05-27'}, 'block': {'height': 12516079}}, {'smartContract': {'address': {'address': '0x99cf05461dd5f94761d4fae6a2abda47a93451f5'}}, 'caller': {'address': '0x9fc5341db9a9cdf8337b4bd286d4cfc03b20ad35'}, 'date': {'date': '2021-05-27'}, 'block': {'height': 12516069}}, {'smartContract': {'address': {'address': '0xfa3eb94c41e432e563dc2666b8ea8deaee0fc2ff'}}, 'caller': {'address': '0x9fc5341db9a9cdf8337b4bd286d4cfc03b20ad35'}, 'date': {'date': '2021-05-27'}, 'block': {'height': 12516046}}, {'smartContract': {'address': {'address': '0xb2a1397360831a20bca454a9bd582682e19029bc'}}, 'caller': {'address': '0x9fc5341db9a9cdf8337b4bd286d4cfc03b20ad35'}, 'date': {'date': '2021-05-27'}, 'block': {'height': 12516040}}, {'smartContract': {'address': {'address': '0xd13fbc8f753d59d6fd945c3562c14d2044932da9'}}, 'caller': {'address': '0x9fc5341db9a9cdf8337b4bd286d4cfc03b20ad35'}, 'date': {'date': '2021-05-27'}, 'block': {'height': 12515940}}, {'smartContract': {'address': {'address': '0x1e4cf69d3bdefe1ddec9fb6773c8a661f6498dc7'}}, 'caller': {'address': '0x9fc5341db9a9cdf8337b4bd286d4cfc03b20ad35'}, 'date': {'date': '2021-05-27'}, 'block': {'height': 12515936}}, {'smartContract': {'address': {'address': '0xa6d3da5ef0057542e151d8aab9ef818008fa6fd8'}}, 'caller': {'address': '0x9fc5341db9a9cdf8337b4bd286d4cfc03b20ad35'}, 'date': {'date': '2021-05-13'}, 'block': {'height': 12426411}}, {'smartContract': {'address': {'address': '0x2011b5d4d5287cc9d3462b4e8af0e4daf29e3c1d'}}, 'caller': {'address': '0x9fc5341db9a9cdf8337b4bd286d4cfc03b20ad35'}, 'date': {'date': '2021-04-28'}, 'block': {'height': 12330943}}, {'smartContract': {'address': {'address': '0x5287cac629be59997602b4177cb4420165264b69'}}, 'caller': {'address': '0x9fc5341db9a9cdf8337b4bd286d4cfc03b20ad35'}, 'date': {'date': '2021-04-27'}, 'block': {'height': 12324791}}, {'smartContract': {'address': {'address': '0x06eecfc49e35805b1098e341c8fbe22c5fadbf77'}}, 'caller': {'address': '0x9fc5341db9a9cdf8337b4bd286d4cfc03b20ad35'}, 'date': {'date': '2021-04-27'}, 'block': {'height': 12324704}}, {'smartContract': {'address': {'address': '0x8ce9fda9ccdba7a85f894937a4c7eb9f0dc51d53'}}, 'caller': {'address': '0x9fc5341db9a9cdf8337b4bd286d4cfc03b20ad35'}, 'date': {'date': '2021-04-27'}, 'block': {'height': 12324702}}, {'smartContract': {'address': {'address': '0xb10ae97fc2ab688b624217812de04756b58506e1'}}, 'caller': {'address': '0x9fc5341db9a9cdf8337b4bd286d4cfc03b20ad35'}, 'date': {'date': '2021-04-27'}, 'block': {'height': 12324694}}, {'smartContract': {'address': {'address': '0x8485e1327de53ead0842697ab669f45c8e85e420'}}, 'caller': {'address': '0x9fc5341db9a9cdf8337b4bd286d4cfc03b20ad35'}, 'date': {'date': '2021-04-27'}, 'block': {'height': 12324691}}, {'smartContract': {'address': {'address': '0x72fe3214b28f73011ac4d8469f8a69057e6c6a47'}}, 'caller': {'address': '0x9fc5341db9a9cdf8337b4bd286d4cfc03b20ad35'}, 'date': {'date': '2021-04-27'}, 'block': {'height': 12324683}}, {'smartContract': {'address': {'address': '0xccddd7ded876860d1848e93a58f2f44e0e0d12a4'}}, 'caller': {'address': '0x9fc5341db9a9cdf8337b4bd286d4cfc03b20ad35'}, 'date': {'date': '2021-04-27'}, 'block': {'height': 12324679}}, {'smartContract': {'address': {'address': '0x6418bdfea0051ee01880b50b1bb7c50b1de3ab5b'}}, 'caller': {'address': '0x9fc5341db9a9cdf8337b4bd286d4cfc03b20ad35'}, 'date': {'date': '2021-04-27'}, 'block': {'height': 12324671}}, {'smartContract': {'address': {'address': '0x9b2ab75118185761ff95b9cad8124b622ad6c297'}}, 'caller': {'address': '0x9fc5341db9a9cdf8337b4bd286d4cfc03b20ad35'}, 'date': {'date': '2021-04-27'}, 'block': {'height': 12324665}}, {'smartContract': {'address': {'address': '0x29d5ce86f42d7671b5be9da9108cc92c9ef1ddea'}}, 'caller': {'address': '0x9fc5341db9a9cdf8337b4bd286d4cfc03b20ad35'}, 'date': {'date': '2021-04-27'}, 'block': {'height': 12324647}}, {'smartContract': {'address': {'address': '0x352527924ffcd71ec88ab0817b97595ece343a16'}}, 'caller': {'address': '0x9fc5341db9a9cdf8337b4bd286d4cfc03b20ad35'}, 'date': {'date': '2021-04-27'}, 'block': {'height': 12324644}}, {'smartContract': {'address': {'address': '0x5b87c4a5c02a42ddc5a90af48ab279881ffa839f'}}, 'caller': {'address': '0x9fc5341db9a9cdf8337b4bd286d4cfc03b20ad35'}, 'date': {'date': '2021-04-27'}, 'block': {'height': 12324638}}, {'smartContract': {'address': {'address': '0xcf6d10214554de53bd791a2e70bdd95e4844db79'}}, 'caller': {'address': '0x9fc5341db9a9cdf8337b4bd286d4cfc03b20ad35'}, 'date': {'date': '2021-04-27'}, 'block': {'height': 12324634}}, {'smartContract': {'address': {'address': '0x0e60b6d3acc3e0318cff6d035182d1224dd5b67e'}}, 'caller': {'address': '0x9fc5341db9a9cdf8337b4bd286d4cfc03b20ad35'}, 'date': {'date': '2021-04-27'}, 'block': {'height': 12324626}}, {'smartContract': {'address': {'address': '0xfcdf28f887a6dbfe2b2baa650c726343456e145c'}}, 'caller': {'address': '0x9fc5341db9a9cdf8337b4bd286d4cfc03b20ad35'}, 'date': {'date': '2021-04-27'}, 'block': {'height': 12324621}}, {'smartContract': {'address': {'address': '0x064aa6fd8d407da9a4e39d09aaa74a445fd17fc6'}}, 'caller': {'address': '0x9fc5341db9a9cdf8337b4bd286d4cfc03b20ad35'}, 'date': {'date': '2021-04-27'}, 'block': {'height': 12324616}}, {'smartContract': {'address': {'address': '0x58fde5bdb2c6bd828bc41c12a68189c7cd93dce2'}}, 'caller': {'address': '0x9fc5341db9a9cdf8337b4bd286d4cfc03b20ad35'}, 'date': {'date': '2021-04-27'}, 'block': {'height': 12324615}}, {'smartContract': {'address': {'address': '0x8a966ce90ee5d49ca78c0f1bb9ee4e34be336335'}}, 'caller': {'address': '0x9fc5341db9a9cdf8337b4bd286d4cfc03b20ad35'}, 'date': {'date': '2021-04-27'}, 'block': {'height': 12324608}}, {'smartContract': {'address': {'address': '0x073271a5da4e9ee4afde9ff08801feb2c672214e'}}, 'caller': {'address': '0x9fc5341db9a9cdf8337b4bd286d4cfc03b20ad35'}, 'date': {'date': '2021-04-27'}, 'block': {'height': 12324604}}, {'smartContract': {'address': {'address': '0x87da8bab9fbd09593f2368dc2f6fac3f80c2a845'}}, 'caller': {'address': '0x9fc5341db9a9cdf8337b4bd286d4cfc03b20ad35'}, 'date': {'date': '2021-04-27'}, 'block': {'height': 12324219}}, {'smartContract': {'address': {'address': '0xc65d78707b1fbb8f3d65fc4b3e41b29efce40bec'}}, 'caller': {'address': '0x9fc5341db9a9cdf8337b4bd286d4cfc03b20ad35'}, 'date': {'date': '2021-04-27'}, 'block': {'height': 12324215}}, {'smartContract': {'address': {'address': '0x34c8f7a53e10c17fddf7ee5048c097569d99de59'}}, 'caller': {'address': '0x9fc5341db9a9cdf8337b4bd286d4cfc03b20ad35'}, 'date': {'date': '2021-04-27'}, 'block': {'height': 12324155}}, {'smartContract': {'address': {'address': '0xccb284c85c595912c87e51a36637830d929376c7'}}, 'caller': {'address': '0x9fc5341db9a9cdf8337b4bd286d4cfc03b20ad35'}, 'date': {'date': '2021-04-27'}, 'block': {'height': 12324145}}, {'smartContract': {'address': {'address': '0x0f528f19521fde0140668b9eb14025054bfec29e'}}, 'caller': {'address': '0x9fc5341db9a9cdf8337b4bd286d4cfc03b20ad35'}, 'date': {'date': '2021-04-27'}, 'block': {'height': 12323667}}, {'smartContract': {'address': {'address': '0x03f75e626cacb190e0f6072cf5ec5b304517e3c7'}}, 'caller': {'address': '0x9fc5341db9a9cdf8337b4bd286d4cfc03b20ad35'}, 'date': {'date': '2021-04-27'}, 'block': {'height': 12323642}}, {'smartContract': {'address': {'address': '0x434547433e383c505e76f22f4174d7ba68b7686c'}}, 'caller': {'address': '0x9fc5341db9a9cdf8337b4bd286d4cfc03b20ad35'}, 'date': {'date': '2021-04-27'}, 'block': {'height': 12323558}}, {'smartContract': {'address': {'address': '0xcf8a533d12bdb051cfbb3f41a08a090b3021363c'}}, 'caller': {'address': '0x9fc5341db9a9cdf8337b4bd286d4cfc03b20ad35'}, 'date': {'date': '2021-04-27'}, 'block': {'height': 12323554}}, {'smartContract': {'address': {'address': '0x7b35ce522cb72e4077baeb96cb923a5529764a00'}}, 'caller': {'address': '0x9fc5341db9a9cdf8337b4bd286d4cfc03b20ad35'}, 'date': {'date': '2021-04-27'}, 'block': {'height': 12323375}}, {'smartContract': {'address': {'address': '0xf14d0bd21a732107dda0aa7bbbe05d3ebe4eb5ce'}}, 'caller': {'address': '0xc12e00de204d58ead5b5ce9054e94aee7747fb6c'}, 'date': {'date': '2021-04-24'}, 'block': {'height': 12302119}}, {'smartContract': {'address': {'address': '0xc6ffda3727bebbbe44442b76a1f5345e38886e38'}}, 'caller': {'address': '0x31864bc58a47a4fc8782b4135873788e876de9eb'}, 'date': {'date': '2021-04-24'}, 'block': {'height': 12302114}}, {'smartContract': {'address': {'address': '0x5b102629fb7ebaa1a3f755568e1bd9ceff14e7b0'}}, 'caller': {'address': '0x31864bc58a47a4fc8782b4135873788e876de9eb'}, 'date': {'date': '2021-04-24'}, 'block': {'height': 12302062}}, {'smartContract': {'address': {'address': '0x35c3c3c55a08bf7a7995003d2df251dc1cfa650c'}}, 'caller': {'address': '0xc12e00de204d58ead5b5ce9054e94aee7747fb6c'}, 'date': {'date': '2021-04-24'}, 'block': {'height': 12299701}}, {'smartContract': {'address': {'address': '0xf63ef41ee1550a71e3e7f978fc2e26aa091c10ef'}}, 'caller': {'address': '0x31864bc58a47a4fc8782b4135873788e876de9eb'}, 'date': {'date': '2021-04-24'}, 'block': {'height': 12299696}}, {'smartContract': {'address': {'address': '0x50cf0e62fd47e4a5c050a415586d9952c04b0ae6'}}, 'caller': {'address': '0x31864bc58a47a4fc8782b4135873788e876de9eb'}, 'date': {'date': '2021-04-24'}, 'block': {'height': 12299648}}, {'smartContract': {'address': {'address': '0x55124e37ff2220b6bb05e2c382c644cd780e16c2'}}, 'caller': {'address': '0xc12e00de204d58ead5b5ce9054e94aee7747fb6c'}, 'date': {'date': '2021-04-23'}, 'block': {'height': 12299576}}, {'smartContract': {'address': {'address': '0x2e333adf7f758a9f1d1570969d211689d000f8b5'}}, 'caller': {'address': '0x31864bc58a47a4fc8782b4135873788e876de9eb'}, 'date': {'date': '2021-04-23'}, 'block': {'height': 12299562}}, {'smartContract': {'address': {'address': '0x565eeaf364e1e45167c12e304117cdf7c2fccfd0'}}, 'caller': {'address': '0x31864bc58a47a4fc8782b4135873788e876de9eb'}, 'date': {'date': '2021-04-23'}, 'block': {'height': 12299554}}, {'smartContract': {'address': {'address': '0x4d288b5cd977f844c5eb0c549ec129a04dba04a2'}}, 'caller': {'address': '0xc12e00de204d58ead5b5ce9054e94aee7747fb6c'}, 'date': {'date': '2021-04-02'}, 'block': {'height': 12163160}}, {'smartContract': {'address': {'address': '0xc1193c3b4db2e14e7f2b773f33983d909c104784'}}, 'caller': {'address': '0x31864bc58a47a4fc8782b4135873788e876de9eb'}, 'date': {'date': '2021-04-02'}, 'block': {'height': 12162174}}, {'smartContract': {'address': {'address': '0xb4a40ff3e16a55e12cc261dbcb8666bc5b9da20e'}}, 'caller': {'address': '0x31864bc58a47a4fc8782b4135873788e876de9eb'}, 'date': {'date': '2021-04-02'}, 'block': {'height': 12161444}}, {'smartContract': {'address': {'address': '0x5e169082fff23cee6766062b96051a78c543127d'}}, 'caller': {'address': '0x9fc5341db9a9cdf8337b4bd286d4cfc03b20ad35'}, 'date': {'date': '2021-03-25'}, 'block': {'height': 12111025}}, {'smartContract': {'address': {'address': '0x30734c54bf92b401c1f227fe4820f8790d1847eb'}}, 'caller': {'address': '0xc12e00de204d58ead5b5ce9054e94aee7747fb6c'}, 'date': {'date': '2021-03-09'}, 'block': {'height': 12003948}}, {'smartContract': {'address': {'address': '0x05e826f2bd2010cfb54b64258444c1a906167d19'}}, 'caller': {'address': '0x31864bc58a47a4fc8782b4135873788e876de9eb'}, 'date': {'date': '2021-03-09'}, 'block': {'height': 12003941}}, {'smartContract': {'address': {'address': '0x18fc8d3bd8fb5bc7c279988f82435a6ee9d15508'}}, 'caller': {'address': '0x31864bc58a47a4fc8782b4135873788e876de9eb'}, 'date': {'date': '2021-03-09'}, 'block': {'height': 12003914}}, {'smartContract': {'address': {'address': '0x03dcd73533b5a6d0fc4abd143a8cdbe8d87cc615'}}, 'caller': {'address': '0xc12e00de204d58ead5b5ce9054e94aee7747fb6c'}, 'date': {'date': '2021-03-03'}, 'block': {'height': 11968234}}, {'smartContract': {'address': {'address': '0xe16b334330675b152d1e2d55a2960e156cf65f11'}}, 'caller': {'address': '0x31864bc58a47a4fc8782b4135873788e876de9eb'}, 'date': {'date': '2021-03-03'}, 'block': {'height': 11968217}}, {'smartContract': {'address': {'address': '0xf3364405ddcaa6ba11908eeeafd24d02172b743e'}}, 'caller': {'address': '0x31864bc58a47a4fc8782b4135873788e876de9eb'}, 'date': {'date': '2021-03-03'}, 'block': {'height': 11968207}}, {'smartContract': {'address': {'address': '0xa0faf591525eea90a9beb31f5ea8ac4abdd231cd'}}, 'caller': {'address': '0x31864bc58a47a4fc8782b4135873788e876de9eb'}, 'date': {'date': '2021-02-28'}, 'block': {'height': 11945516}}, {'smartContract': {'address': {'address': '0x95e73848e9d6f5f11640caa5a24676fed6fe6bbf'}}, 'caller': {'address': '0x31864bc58a47a4fc8782b4135873788e876de9eb'}, 'date': {'date': '2021-02-28'}, 'block': {'height': 11945513}}, {'smartContract': {'address': {'address': '0xecb352c3876a008dce81b06e6d9b182cd3cd3147'}}, 'caller': {'address': '0xc12e00de204d58ead5b5ce9054e94aee7747fb6c'}, 'date': {'date': '2021-02-28'}, 'block': {'height': 11945509}}, {'smartContract': {'address': {'address': '0x3cc353b5e1d8abaf3d75d7ded1b11d27596decce'}}, 'caller': {'address': '0x31864bc58a47a4fc8782b4135873788e876de9eb'}, 'date': {'date': '2021-02-27'}, 'block': {'height': 11941719}}, {'smartContract': {'address': {'address': '0xbd8b5a6127bcd5ade9341a45ebc1189677872a6f'}}, 'caller': {'address': '0x31864bc58a47a4fc8782b4135873788e876de9eb'}, 'date': {'date': '2021-02-27'}, 'block': {'height': 11941714}}, {'smartContract': {'address': {'address': '0x2554207fbe210db0ffcf0f59c54c677debe7f163'}}, 'caller': {'address': '0xc12e00de204d58ead5b5ce9054e94aee7747fb6c'}, 'date': {'date': '2021-02-27'}, 'block': {'height': 11941707}}, {'smartContract': {'address': {'address': '0xbb92270716c8c424849f17ccc12f4f24ad4064d6'}}, 'caller': {'address': '0x9fc5341db9a9cdf8337b4bd286d4cfc03b20ad35'}, 'date': {'date': '2021-02-27'}, 'block': {'height': 11941455}}, {'smartContract': {'address': {'address': '0x3271cc175577465691e48196955e09d638fa05d5'}}, 'caller': {'address': '0x9fc5341db9a9cdf8337b4bd286d4cfc03b20ad35'}, 'date': {'date': '2021-02-27'}, 'block': {'height': 11940955}}, {'smartContract': {'address': {'address': '0x8c3736e2fe63cc2cd89ee228d9dbcab6ce5b767b'}}, 'caller': {'address': '0x9fc5341db9a9cdf8337b4bd286d4cfc03b20ad35'}, 'date': {'date': '2021-02-27'}, 'block': {'height': 11940265}}, {'smartContract': {'address': {'address': '0xc12e00de204d58ead5b5ce9054e94aee7747fb6c'}}, 'caller': {'address': '0x9fc5341db9a9cdf8337b4bd286d4cfc03b20ad35'}, 'date': {'date': '2021-02-27'}, 'block': {'height': 11940076}}, {'smartContract': {'address': {'address': '0x31864bc58a47a4fc8782b4135873788e876de9eb'}}, 'caller': {'address': '0x9fc5341db9a9cdf8337b4bd286d4cfc03b20ad35'}, 'date': {'date': '2021-02-27'}, 'block': {'height': 11939795}}, {'smartContract': {'address': {'address': '0x5671b249391ca5e6a8fe28ceb1e85dc41c12ba7d'}}, 'caller': {'address': '0x9fc5341db9a9cdf8337b4bd286d4cfc03b20ad35'}, 'date': {'date': '2021-02-27'}, 'block': {'height': 11939300}}]",2021-04-27
129,129,0xBCe0Cf87F513102F22232436CCa2ca49e815C3aC,Pirex CVX,,0xe49efDb44Ab67f8377e59ae9027b0bF4ecA9a091,5998304.253,"[{'smartContract': {'address': {'address': '0x45f97d07dab04b21f36fa3b1149c35e316b35d03'}}, 'caller': {'address': '0xe49efdb44ab67f8377e59ae9027b0bf4eca9a091'}, 'date': {'date': '2022-05-31'}, 'block': {'height': 14878960}}, {'smartContract': {'address': {'address': '0x9b0dff589fc0acac23581ecaff5688434db0720f'}}, 'caller': {'address': '0xe49efdb44ab67f8377e59ae9027b0bf4eca9a091'}, 'date': {'date': '2022-05-31'}, 'block': {'height': 14878958}}, {'smartContract': {'address': {'address': '0x8659fc767cad6005de79af65dafe4249c57927af'}}, 'caller': {'address': '0xe49efdb44ab67f8377e59ae9027b0bf4eca9a091'}, 'date': {'date': '2022-05-31'}, 'block': {'height': 14878958}}, {'smartContract': {'address': {'address': '0x35a398425d9f1029021a92bc3d2557d42c8588d7'}}, 'caller': {'address': '0xe49efdb44ab67f8377e59ae9027b0bf4eca9a091'}, 'date': {'date': '2022-05-31'}, 'block': {'height': 14878958}}, {'smartContract': {'address': {'address': '0xc044613b702ed11567a38108703ac5478a3f7db8'}}, 'caller': {'address': '0xe49efdb44ab67f8377e59ae9027b0bf4eca9a091'}, 'date': {'date': '2022-05-31'}, 'block': {'height': 14878874}}, {'smartContract': {'address': {'address': '0xbae47cd0e2f0f687f4ef78f972af13f6cf8f2b76'}}, 'caller': {'address': '0xe49efdb44ab67f8377e59ae9027b0bf4eca9a091'}, 'date': {'date': '2022-05-31'}, 'block': {'height': 14878873}}, {'smartContract': {'address': {'address': '0x7a3d81cfc5a942abe9ec656eff818f7dab4e0fe1'}}, 'caller': {'address': '0xe49efdb44ab67f8377e59ae9027b0bf4eca9a091'}, 'date': {'date': '2022-05-31'}, 'block': {'height': 14878872}}, {'smartContract': {'address': {'address': '0xe47e8b5b4ee05b7663b15087381bd47bcbd20fc3'}}, 'caller': {'address': '0xe49efdb44ab67f8377e59ae9027b0bf4eca9a091'}, 'date': {'date': '2022-05-31'}, 'block': {'height': 14878871}}, {'smartContract': {'address': {'address': '0xbce0cf87f513102f22232436cca2ca49e815c3ac'}}, 'caller': {'address': '0xe49efdb44ab67f8377e59ae9027b0bf4eca9a091'}, 'date': {'date': '2022-05-31'}, 'block': {'height': 14878869}}, {'smartContract': {'address': {'address': '0x5053371da4ba1f6c65e61a4bba86cedee49733c7'}}, 'caller': {'address': '0xe49efdb44ab67f8377e59ae9027b0bf4eca9a091'}, 'date': {'date': '2022-05-31'}, 'block': {'height': 14878859}}]",2022-05-31
130,130,0x584bC13c7D411c00c01A62e8019472dE68768430,Hegic (HEGIC),https://github.com/hegic/contracts-v888,0xcc1Ab2A23cd49266A9bEb315a7104187373bACe9,5987916.322,"[{'smartContract': {'address': {'address': '0x584bc13c7d411c00c01a62e8019472de68768430'}}, 'caller': {'address': '0xcc1ab2a23cd49266a9beb315a7104187373bace9'}, 'date': {'date': '2020-08-08'}, 'block': {'height': 10619150}}]",2020-08-08
131,131,0x7a5d3A9Dcd33cb8D527f7b5F96EB4Fef43d55636,RadioShack Token,https://github.com/radioshackswap,0x392c92CD7760ffe97ccd918f192294641D74687f,5379330.717,"[{'smartContract': {'address': {'address': '0x3e445e3280c5747a188db8d0ab7762838a50e4ff'}}, 'caller': {'address': '0x392c92cd7760ffe97ccd918f192294641d74687f'}, 'date': {'date': '2022-03-19'}, 'block': {'height': 14418602}}, {'smartContract': {'address': {'address': '0x3e747b459981d06f70be99f6aedbb4e8f26d0066'}}, 'caller': {'address': '0x392c92cd7760ffe97ccd918f192294641d74687f'}, 'date': {'date': '2022-03-19'}, 'block': {'height': 14418578}}, {'smartContract': {'address': {'address': '0x7a5d3a9dcd33cb8d527f7b5f96eb4fef43d55636'}}, 'caller': {'address': '0x392c92cd7760ffe97ccd918f192294641d74687f'}, 'date': {'date': '2022-03-19'}, 'block': {'height': 14418577}}, {'smartContract': {'address': {'address': '0x91fae1bc94a9793708fbc66adcb59087c46dee10'}}, 'caller': {'address': '0x392c92cd7760ffe97ccd918f192294641d74687f'}, 'date': {'date': '2022-03-19'}, 'block': {'height': 14418573}}]",2022-03-19
132,132,0xB705268213D593B8FD88d3FDEFF93AFF5CbDcfAE,IDEX Token,https://github.com/idexio/IDEXd,0x00000000000CdDB180A2EfccAb63d7D224E40B95,5345658.126,[],2019-05-02
133,133,0x111111111117dC0aa78b770fA6A738034120C302,1INCH Token (1INCH),https://github.com/1inch,0x514DF5293Aa7cA53C05D79C37b836596C4ABf687,5315910.443,"[{'smartContract': {'address': {'address': '0x111111111117dc0aa78b770fa6a738034120c302'}}, 'caller': {'address': '0x514df5293aa7ca53c05d79c37b836596c4abf687'}, 'date': {'date': '2020-12-23'}, 'block': {'height': 11511393}}]",2020-12-23
134,134,0xfA5047c9c78B8877af97BDcb85Db743fD7313d4a,ROOK,https://github.com/keeperdao,0x3C530cB040d71047D94791fddC5CC8e54b648730,5284058.079,"[{'smartContract': {'address': {'address': '0x25d27d026ab896fad8c8080f5b0e3fbd6667b139'}}, 'caller': {'address': '0x3c530cb040d71047d94791fddc5cc8e54b648730'}, 'date': {'date': '2021-06-28'}, 'block': {'height': 12720330}}, {'smartContract': {'address': {'address': '0x59ff8975c813c1e70bdf2bcb8c02886928e4ea2d'}}, 'caller': {'address': '0x3c530cb040d71047d94791fddc5cc8e54b648730'}, 'date': {'date': '2021-05-12'}, 'block': {'height': 12417457}}, {'smartContract': {'address': {'address': '0xc45bdd7e82cd72f4cb138aeeb175599e6e12be17'}}, 'caller': {'address': '0x3c530cb040d71047d94791fddc5cc8e54b648730'}, 'date': {'date': '2021-05-11'}, 'block': {'height': 12414791}}, {'smartContract': {'address': {'address': '0xff1624c7287e22f3fce51ea85dbe9db332e8a356'}}, 'caller': {'address': '0x3c530cb040d71047d94791fddc5cc8e54b648730'}, 'date': {'date': '2021-03-22'}, 'block': {'height': 12086578}}, {'smartContract': {'address': {'address': '0x8d5541db390a394d01a5eb03fc8160ba66df184c'}}, 'caller': {'address': '0x3c530cb040d71047d94791fddc5cc8e54b648730'}, 'date': {'date': '2021-03-22'}, 'block': {'height': 12086574}}, {'smartContract': {'address': {'address': '0x2777b798fdfb906d42b89cf8f9de541db05dd6a1'}}, 'caller': {'address': '0x3c530cb040d71047d94791fddc5cc8e54b648730'}, 'date': {'date': '2021-02-04'}, 'block': {'height': 11787303}}, {'smartContract': {'address': {'address': '0xd81e97075dbda444ef65db3a96706c679b5311fd'}}, 'caller': {'address': '0x3c530cb040d71047d94791fddc5cc8e54b648730'}, 'date': {'date': '2021-02-04'}, 'block': {'height': 11787289}}, {'smartContract': {'address': {'address': '0x35ffd6e268610e764ff6944d07760d0efe5e40e5'}}, 'caller': {'address': '0x3c530cb040d71047d94791fddc5cc8e54b648730'}, 'date': {'date': '2021-01-30'}, 'block': {'height': 11755954}}, {'smartContract': {'address': {'address': '0xde92742213fea5f78c6840b6ecbf214115ea8002'}}, 'caller': {'address': '0x3c530cb040d71047d94791fddc5cc8e54b648730'}, 'date': {'date': '2021-01-30'}, 'block': {'height': 11755952}}, {'smartContract': {'address': {'address': '0x9a67f1940164d0318612b497e8e6038f902a00a4'}}, 'caller': {'address': '0x76e2cfc1f5fa8f6a5b3fc4c8f4788f0116861f9b'}, 'date': {'date': '2020-11-09'}, 'block': {'height': 11221390}}, {'smartContract': {'address': {'address': '0xaef38e99b9db5e96cab3ce5cbc29a3a1dfeffe71'}}, 'caller': {'address': '0x3c530cb040d71047d94791fddc5cc8e54b648730'}, 'date': {'date': '2020-11-01'}, 'block': {'height': 11171704}}, {'smartContract': {'address': {'address': '0xcadf6735144d1d7f1a875a5561555cba5df2f75c'}}, 'caller': {'address': '0x3c530cb040d71047d94791fddc5cc8e54b648730'}, 'date': {'date': '2020-11-01'}, 'block': {'height': 11171695}}, {'smartContract': {'address': {'address': '0xf55a73a366f1f9f03cef4cc10d3cd21e5c6a9026'}}, 'caller': {'address': '0x3c530cb040d71047d94791fddc5cc8e54b648730'}, 'date': {'date': '2020-11-01'}, 'block': {'height': 11171684}}, {'smartContract': {'address': {'address': '0xb81f5b9bd373b9d0df2e3191a01b8fa9b4d2832a'}}, 'caller': {'address': '0x76e2cfc1f5fa8f6a5b3fc4c8f4788f0116861f9b'}, 'date': {'date': '2020-11-01'}, 'block': {'height': 11169743}}, {'smartContract': {'address': {'address': '0xfa5047c9c78b8877af97bdcb85db743fd7313d4a'}}, 'caller': {'address': '0x3c530cb040d71047d94791fddc5cc8e54b648730'}, 'date': {'date': '2020-11-01'}, 'block': {'height': 11169699}}]",2020-11-01
135,135,0xf05e58fCeA29ab4dA01A495140B349F8410Ba904,CLever CVX,https://github.com/AladdinDAO/,0x07dA2d30E26802ED65a52859a50872cfA615bD0A,5176642.682,"[{'smartContract': {'address': {'address': '0x3bba4de25ae1cba2f0571f447880d039af0d4d26'}}, 'caller': {'address': '0x23384dd4380b3677b829c6c88c0ea9cc41c099bb'}, 'date': {'date': '2022-12-23'}, 'block': {'height': 16248802}}, {'smartContract': {'address': {'address': '0xf23c0b5770b6fb117de879b93eda35d71ff28506'}}, 'caller': {'address': '0x23384dd4380b3677b829c6c88c0ea9cc41c099bb'}, 'date': {'date': '2022-12-23'}, 'block': {'height': 16245547}}, {'smartContract': {'address': {'address': '0x96ac20e686adf70e527ff55adef6a726d00dc2ad'}}, 'caller': {'address': '0x23384dd4380b3677b829c6c88c0ea9cc41c099bb'}, 'date': {'date': '2022-12-21'}, 'block': {'height': 16234508}}, {'smartContract': {'address': {'address': '0x3c53ef2c526613e9b5585ee7776d6b8d00ff8778'}}, 'caller': {'address': '0x23384dd4380b3677b829c6c88c0ea9cc41c099bb'}, 'date': {'date': '2022-12-21'}, 'block': {'height': 16234505}}, {'smartContract': {'address': {'address': '0xb97bdf5c5c7541f179730cf39c48f92ef3484c6c'}}, 'caller': {'address': '0x23384dd4380b3677b829c6c88c0ea9cc41c099bb'}, 'date': {'date': '2022-12-21'}, 'block': {'height': 16234501}}, {'smartContract': {'address': {'address': '0x96c9507c5026ad2b2727ce7cbe3429aa8e179a11'}}, 'caller': {'address': '0x23384dd4380b3677b829c6c88c0ea9cc41c099bb'}, 'date': {'date': '2022-12-21'}, 'block': {'height': 16234430}}, {'smartContract': {'address': {'address': '0xff8b543fbf70c4fa188f34b11aa210720f30c412'}}, 'caller': {'address': '0x23384dd4380b3677b829c6c88c0ea9cc41c099bb'}, 'date': {'date': '2022-12-21'}, 'block': {'height': 16234425}}, {'smartContract': {'address': {'address': '0x97111359c7efc6f2a9a7a79b8c78433d2d48b847'}}, 'caller': {'address': '0x23384dd4380b3677b829c6c88c0ea9cc41c099bb'}, 'date': {'date': '2022-12-21'}, 'block': {'height': 16234403}}, {'smartContract': {'address': {'address': '0xcfa3b1a4ae8d221224310984f86cc21e9134bd33'}}, 'caller': {'address': '0x23384dd4380b3677b829c6c88c0ea9cc41c099bb'}, 'date': {'date': '2022-12-21'}, 'block': {'height': 16234400}}, {'smartContract': {'address': {'address': '0x0e223dbe17f30221b613434099a878f15d5297f8'}}, 'caller': {'address': '0x23384dd4380b3677b829c6c88c0ea9cc41c099bb'}, 'date': {'date': '2022-12-21'}, 'block': {'height': 16234397}}, {'smartContract': {'address': {'address': '0x993185b35b33f7cc77111f9e76dfed403cefa34a'}}, 'caller': {'address': '0x23384dd4380b3677b829c6c88c0ea9cc41c099bb'}, 'date': {'date': '2022-12-21'}, 'block': {'height': 16234392}}, {'smartContract': {'address': {'address': '0x2b48a3c3d9cb5e27bb58eb55412409dcdfd4a9aa'}}, 'caller': {'address': '0x23384dd4380b3677b829c6c88c0ea9cc41c099bb'}, 'date': {'date': '2022-12-21'}, 'block': {'height': 16234388}}, {'smartContract': {'address': {'address': '0x3647e0cd809c6aae7c7e857b26fe21b5d5b0e571'}}, 'caller': {'address': '0x23384dd4380b3677b829c6c88c0ea9cc41c099bb'}, 'date': {'date': '2022-12-21'}, 'block': {'height': 16234385}}, {'smartContract': {'address': {'address': '0x62c2259936212cf27f75ebb9a35b35dc0e526ff3'}}, 'caller': {'address': '0x23384dd4380b3677b829c6c88c0ea9cc41c099bb'}, 'date': {'date': '2022-12-21'}, 'block': {'height': 16234314}}, {'smartContract': {'address': {'address': '0x50b47c4a642231dbe0b411a0b2fbc1ebd129346d'}}, 'caller': {'address': '0x07da2d30e26802ed65a52859a50872cfa615bd0a'}, 'date': {'date': '2022-12-21'}, 'block': {'height': 16234307}}, {'smartContract': {'address': {'address': '0x838e26a1a00d233963109e1211dfe8cb05e1792e'}}, 'caller': {'address': '0x66807b5598a848602734b82e432dd88dbe13fc8f'}, 'date': {'date': '2022-12-21'}, 'block': {'height': 16234110}}, {'smartContract': {'address': {'address': '0xb15ad6113264094fd9bf2238729410a07ebe5aba'}}, 'caller': {'address': '0x07da2d30e26802ed65a52859a50872cfa615bd0a'}, 'date': {'date': '2022-12-21'}, 'block': {'height': 16234109}}, {'smartContract': {'address': {'address': '0xc9cfd6205914ab1e209ffe70326d8dd15fc58187'}}, 'caller': {'address': '0x23384dd4380b3677b829c6c88c0ea9cc41c099bb'}, 'date': {'date': '2022-12-21'}, 'block': {'height': 16234108}}, {'smartContract': {'address': {'address': '0xe25f0e29060aec19a0559a2ef8366a5af086222e'}}, 'caller': {'address': '0x07da2d30e26802ed65a52859a50872cfa615bd0a'}, 'date': {'date': '2022-12-21'}, 'block': {'height': 16234103}}, {'smartContract': {'address': {'address': '0x6cc546ce582b0dd106c231181f7782c79ef401da'}}, 'caller': {'address': '0x07da2d30e26802ed65a52859a50872cfa615bd0a'}, 'date': {'date': '2022-12-21'}, 'block': {'height': 16234100}}, {'smartContract': {'address': {'address': '0x23384dd4380b3677b829c6c88c0ea9cc41c099bb'}}, 'caller': {'address': '0x07da2d30e26802ed65a52859a50872cfa615bd0a'}, 'date': {'date': '2022-12-21'}, 'block': {'height': 16234042}}, {'smartContract': {'address': {'address': '0x7d6c00032cabc699b908ece34097ff1a159da998'}}, 'caller': {'address': '0x07da2d30e26802ed65a52859a50872cfa615bd0a'}, 'date': {'date': '2022-12-21'}, 'block': {'height': 16234030}}, {'smartContract': {'address': {'address': '0x06dfaf0e53ce24d43eac332bbdc07b690894df74'}}, 'caller': {'address': '0x07da2d30e26802ed65a52859a50872cfa615bd0a'}, 'date': {'date': '2022-12-21'}, 'block': {'height': 16234023}}, {'smartContract': {'address': {'address': '0xc999894424b281ce8602b50df5f2d57f91e852f7'}}, 'caller': {'address': '0x07da2d30e26802ed65a52859a50872cfa615bd0a'}, 'date': {'date': '2022-12-21'}, 'block': {'height': 16234014}}, {'smartContract': {'address': {'address': '0x7f6ce8b08bca036c60f71693cd9425614ab8f9be'}}, 'caller': {'address': '0x07da2d30e26802ed65a52859a50872cfa615bd0a'}, 'date': {'date': '2022-12-21'}, 'block': {'height': 16233997}}, {'smartContract': {'address': {'address': '0xbbd9099a5bff3b33c0f37015c553c93da726d49d'}}, 'caller': {'address': '0x07da2d30e26802ed65a52859a50872cfa615bd0a'}, 'date': {'date': '2022-12-04'}, 'block': {'height': 16111426}}, {'smartContract': {'address': {'address': '0xc65d58a33d9917df3e1a4033ed73506d9b6ace6c'}}, 'caller': {'address': '0x07da2d30e26802ed65a52859a50872cfa615bd0a'}, 'date': {'date': '2022-12-02'}, 'block': {'height': 16099006}}, {'smartContract': {'address': {'address': '0xb2fcee71b25b62bafe442c58af58c42143673cc1'}}, 'caller': {'address': '0x07da2d30e26802ed65a52859a50872cfa615bd0a'}, 'date': {'date': '2022-12-02'}, 'block': {'height': 16098916}}, {'smartContract': {'address': {'address': '0xa7625dd9f2d8a95a0d1ac7e8671547197e9fcaf0'}}, 'caller': {'address': '0x07da2d30e26802ed65a52859a50872cfa615bd0a'}, 'date': {'date': '2022-12-02'}, 'block': {'height': 16098696}}, {'smartContract': {'address': {'address': '0xad4cac207a0bfed10df8a4fc6a28d377cac730e0'}}, 'caller': {'address': '0x07da2d30e26802ed65a52859a50872cfa615bd0a'}, 'date': {'date': '2022-12-02'}, 'block': {'height': 16098694}}, {'smartContract': {'address': {'address': '0xadc6a89d6df7374629ea3cfd0737843709d29f66'}}, 'caller': {'address': '0x07da2d30e26802ed65a52859a50872cfa615bd0a'}, 'date': {'date': '2022-12-02'}, 'block': {'height': 16098662}}, {'smartContract': {'address': {'address': '0xbfb1476fb02f60c809aeb8cbc0b00898ed370422'}}, 'caller': {'address': '0x07da2d30e26802ed65a52859a50872cfa615bd0a'}, 'date': {'date': '2022-11-23'}, 'block': {'height': 16031820}}, {'smartContract': {'address': {'address': '0xeb0ea9d24235ab37196111eedd656d56ce4f53b1'}}, 'caller': {'address': '0x07da2d30e26802ed65a52859a50872cfa615bd0a'}, 'date': {'date': '2022-11-23'}, 'block': {'height': 16031766}}, {'smartContract': {'address': {'address': '0x7f160efc2436f1af4e9e8a57d0a5beb8345761a9'}}, 'caller': {'address': '0x07da2d30e26802ed65a52859a50872cfa615bd0a'}, 'date': {'date': '2022-11-23'}, 'block': {'height': 16031695}}, {'smartContract': {'address': {'address': '0x3c20ac688410be8f391be1fb00afc5c212972f86'}}, 'caller': {'address': '0x07da2d30e26802ed65a52859a50872cfa615bd0a'}, 'date': {'date': '2022-11-23'}, 'block': {'height': 16031693}}, {'smartContract': {'address': {'address': '0xeb937d47ab60ddd50e9c04c98cecb21e7e009773'}}, 'caller': {'address': '0x07da2d30e26802ed65a52859a50872cfa615bd0a'}, 'date': {'date': '2022-11-23'}, 'block': {'height': 16031594}}, {'smartContract': {'address': {'address': '0x7059eaebad4f26c0fd4183fcecbf93bb21e81e3c'}}, 'caller': {'address': '0x07da2d30e26802ed65a52859a50872cfa615bd0a'}, 'date': {'date': '2022-11-23'}, 'block': {'height': 16031593}}, {'smartContract': {'address': {'address': '0xf5d1ca341e1baadd986d43b226f92b778c75c8ca'}}, 'caller': {'address': '0x07da2d30e26802ed65a52859a50872cfa615bd0a'}, 'date': {'date': '2022-11-23'}, 'block': {'height': 16031592}}, {'smartContract': {'address': {'address': '0x41c94ea5a7724d8f4f6e67e529e809b9eab11db2'}}, 'caller': {'address': '0x07da2d30e26802ed65a52859a50872cfa615bd0a'}, 'date': {'date': '2022-11-23'}, 'block': {'height': 16031590}}, {'smartContract': {'address': {'address': '0x1f57286f7a8083fb363d87bc8b1dccd685dc87ee'}}, 'caller': {'address': '0x07da2d30e26802ed65a52859a50872cfa615bd0a'}, 'date': {'date': '2022-11-15'}, 'block': {'height': 15976995}}, {'smartContract': {'address': {'address': '0x592e353c5b97356e99eaf6a72b971ba1c9695593'}}, 'caller': {'address': '0x07da2d30e26802ed65a52859a50872cfa615bd0a'}, 'date': {'date': '2022-11-04'}, 'block': {'height': 15895336}}, {'smartContract': {'address': {'address': '0xd479c1e6702db01b27255361908fc7b083ef3195'}}, 'caller': {'address': '0x07da2d30e26802ed65a52859a50872cfa615bd0a'}, 'date': {'date': '2022-11-04'}, 'block': {'height': 15894922}}, {'smartContract': {'address': {'address': '0xd2b0941672cbe3a8609471a72072d2438f6ae099'}}, 'caller': {'address': '0x07da2d30e26802ed65a52859a50872cfa615bd0a'}, 'date': {'date': '2022-11-02'}, 'block': {'height': 15880923}}, {'smartContract': {'address': {'address': '0xcb9c51f1e848dedba5c78d936da3d17bc37e57a7'}}, 'caller': {'address': '0x07da2d30e26802ed65a52859a50872cfa615bd0a'}, 'date': {'date': '2022-10-29'}, 'block': {'height': 15853191}}, {'smartContract': {'address': {'address': '0xd6efa5b63531e9ae61e225b02cbacd59092a35be'}}, 'caller': {'address': '0x07da2d30e26802ed65a52859a50872cfa615bd0a'}, 'date': {'date': '2022-10-24'}, 'block': {'height': 15818147}}, {'smartContract': {'address': {'address': '0xea99147773782cc88a03d76a7c9e30152d97fc0b'}}, 'caller': {'address': '0x07da2d30e26802ed65a52859a50872cfa615bd0a'}, 'date': {'date': '2022-10-24'}, 'block': {'height': 15817444}}, {'smartContract': {'address': {'address': '0xa5d9358c60fc9bd2b508eda17c78c67a43a4458c'}}, 'caller': {'address': '0x07da2d30e26802ed65a52859a50872cfa615bd0a'}, 'date': {'date': '2022-10-24'}, 'block': {'height': 15817442}}, {'smartContract': {'address': {'address': '0xfc7ea943f62aee5d40c0346dc45c464f74c35267'}}, 'caller': {'address': '0x07da2d30e26802ed65a52859a50872cfa615bd0a'}, 'date': {'date': '2022-10-12'}, 'block': {'height': 15730637}}, {'smartContract': {'address': {'address': '0x572deca882f4c9abcbdc6f020601a1b789d11983'}}, 'caller': {'address': '0x07da2d30e26802ed65a52859a50872cfa615bd0a'}, 'date': {'date': '2022-10-12'}, 'block': {'height': 15729501}}, {'smartContract': {'address': {'address': '0x86e917ad6cb44f9e6c8d9fa012acf0d0cfcf114f'}}, 'caller': {'address': '0x07da2d30e26802ed65a52859a50872cfa615bd0a'}, 'date': {'date': '2022-10-11'}, 'block': {'height': 15725656}}, {'smartContract': {'address': {'address': '0x9b02548de409d7aaee228bfa3ff2bca70e7a2fe8'}}, 'caller': {'address': '0x07da2d30e26802ed65a52859a50872cfa615bd0a'}, 'date': {'date': '2022-10-11'}, 'block': {'height': 15724326}}, {'smartContract': {'address': {'address': '0xf758be28e93672d1a8482be15eaf21aa5450f979'}}, 'caller': {'address': '0x07da2d30e26802ed65a52859a50872cfa615bd0a'}, 'date': {'date': '2022-10-11'}, 'block': {'height': 15724300}}, {'smartContract': {'address': {'address': '0x6e513d492ded19ad8211a57cc6b4493c9e6c857b'}}, 'caller': {'address': '0x07da2d30e26802ed65a52859a50872cfa615bd0a'}, 'date': {'date': '2022-10-11'}, 'block': {'height': 15723633}}, {'smartContract': {'address': {'address': '0x858d62ce483b8ab538d1f9254c3fd3efe1c5346f'}}, 'caller': {'address': '0x07da2d30e26802ed65a52859a50872cfa615bd0a'}, 'date': {'date': '2022-10-11'}, 'block': {'height': 15723586}}, {'smartContract': {'address': {'address': '0xb926f1567943992a1cf6868930d0a0bdc896fdcb'}}, 'caller': {'address': '0x07da2d30e26802ed65a52859a50872cfa615bd0a'}, 'date': {'date': '2022-10-11'}, 'block': {'height': 15723565}}, {'smartContract': {'address': {'address': '0x8a5ef9095795e9740afc91c5bd23b0e48d6bb7ae'}}, 'caller': {'address': '0x3abf0be21e5020007b6e2e201e292a7119bc2b0d'}, 'date': {'date': '2022-10-11'}, 'block': {'height': 15723465}}, {'smartContract': {'address': {'address': '0x3abf0be21e5020007b6e2e201e292a7119bc2b0d'}}, 'caller': {'address': '0x07da2d30e26802ed65a52859a50872cfa615bd0a'}, 'date': {'date': '2022-10-11'}, 'block': {'height': 15723415}}, {'smartContract': {'address': {'address': '0xb9cd9979718e7e4c341d8d99da3f1290c908fbdd'}}, 'caller': {'address': '0x07da2d30e26802ed65a52859a50872cfa615bd0a'}, 'date': {'date': '2022-10-11'}, 'block': {'height': 15723414}}, {'smartContract': {'address': {'address': '0x84c82d43f1cc64730849f3e389fe3f6d776f7a4e'}}, 'caller': {'address': '0x07da2d30e26802ed65a52859a50872cfa615bd0a'}, 'date': {'date': '2022-10-11'}, 'block': {'height': 15723053}}, {'smartContract': {'address': {'address': '0x4aa2afd5616beec2321a9efd7349400d4f18566a'}}, 'caller': {'address': '0x07da2d30e26802ed65a52859a50872cfa615bd0a'}, 'date': {'date': '2022-10-11'}, 'block': {'height': 15723032}}, {'smartContract': {'address': {'address': '0xb992e8e1943f40f89301ab89a5c254f567af5b63'}}, 'caller': {'address': '0x07da2d30e26802ed65a52859a50872cfa615bd0a'}, 'date': {'date': '2022-10-11'}, 'block': {'height': 15723030}}, {'smartContract': {'address': {'address': '0x94be07d45d57c7973a535c1c517bd79e602e051e'}}, 'caller': {'address': '0x07da2d30e26802ed65a52859a50872cfa615bd0a'}, 'date': {'date': '2022-10-11'}, 'block': {'height': 15723024}}, {'smartContract': {'address': {'address': '0x72953a5c32413614d24c29c84a66ae4b59581bbf'}}, 'caller': {'address': '0x07da2d30e26802ed65a52859a50872cfa615bd0a'}, 'date': {'date': '2022-10-11'}, 'block': {'height': 15722469}}, {'smartContract': {'address': {'address': '0x07867298d99b95772008583bd603cfa68b8c75e7'}}, 'caller': {'address': '0x07da2d30e26802ed65a52859a50872cfa615bd0a'}, 'date': {'date': '2022-09-30'}, 'block': {'height': 15647252}}, {'smartContract': {'address': {'address': '0x8341889905bdef85b87cb7644a93f7a482f28742'}}, 'caller': {'address': '0x07da2d30e26802ed65a52859a50872cfa615bd0a'}, 'date': {'date': '2022-09-27'}, 'block': {'height': 15623868}}, {'smartContract': {'address': {'address': '0xd6e3bb7b1d6fa75a71d48cfb10096d59abbf99e1'}}, 'caller': {'address': '0x07da2d30e26802ed65a52859a50872cfa615bd0a'}, 'date': {'date': '2022-08-16'}, 'block': {'height': 15351408}}, {'smartContract': {'address': {'address': '0xfd265e6fcf0306fbcc69228a77576c45c234baba'}}, 'caller': {'address': '0x07da2d30e26802ed65a52859a50872cfa615bd0a'}, 'date': {'date': '2022-08-16'}, 'block': {'height': 15351407}}, {'smartContract': {'address': {'address': '0x883fd355debf417f82aa9a3e2936971487f7df1f'}}, 'caller': {'address': '0x07da2d30e26802ed65a52859a50872cfa615bd0a'}, 'date': {'date': '2022-08-16'}, 'block': {'height': 15351405}}, {'smartContract': {'address': {'address': '0xdaf03d70fe637b91ba6e521a32e1fb39256d3ec9'}}, 'caller': {'address': '0x07da2d30e26802ed65a52859a50872cfa615bd0a'}, 'date': {'date': '2022-08-16'}, 'block': {'height': 15351404}}, {'smartContract': {'address': {'address': '0xeb5eb007ab39e9831a1921e8116bc353afe5ba2c'}}, 'caller': {'address': '0x07da2d30e26802ed65a52859a50872cfa615bd0a'}, 'date': {'date': '2022-08-16'}, 'block': {'height': 15351401}}, {'smartContract': {'address': {'address': '0x4d90ba583cd7f524ad76c5c07eccf81a32061e65'}}, 'caller': {'address': '0x07da2d30e26802ed65a52859a50872cfa615bd0a'}, 'date': {'date': '2022-07-21'}, 'block': {'height': 15184528}}, {'smartContract': {'address': {'address': '0xb44f8ba6cd9ffee97f8482d064e62ba55edd4d72'}}, 'caller': {'address': '0x07da2d30e26802ed65a52859a50872cfa615bd0a'}, 'date': {'date': '2022-07-10'}, 'block': {'height': 15115533}}, {'smartContract': {'address': {'address': '0x33e411ebe366d72d058f3ef22f1d0cf8077fdab0'}}, 'caller': {'address': '0x9098e25a09efa247eed07ced3b46546c5a6e58ad'}, 'date': {'date': '2022-07-10'}, 'block': {'height': 15115528}}, {'smartContract': {'address': {'address': '0x80a8ea2f9ebfc2db9a093bd46e01471267914e49'}}, 'caller': {'address': '0x8e9aa87e45e92bad84d5f8dd1bff34fb92637de9'}, 'date': {'date': '2022-07-10'}, 'block': {'height': 15115513}}, {'smartContract': {'address': {'address': '0xe4c09928d834cd58d233cd77b5af3545484b4968'}}, 'caller': {'address': '0x07da2d30e26802ed65a52859a50872cfa615bd0a'}, 'date': {'date': '2022-07-10'}, 'block': {'height': 15115479}}, {'smartContract': {'address': {'address': '0xb3ad645db386d7f6d753b2b9c3f4b853da6890b8'}}, 'caller': {'address': '0x07da2d30e26802ed65a52859a50872cfa615bd0a'}, 'date': {'date': '2022-07-10'}, 'block': {'height': 15115476}}, {'smartContract': {'address': {'address': '0xcfe4ad4b0960a3aab7dd4dd2ccaa0a721a76012f'}}, 'caller': {'address': '0x07da2d30e26802ed65a52859a50872cfa615bd0a'}, 'date': {'date': '2022-07-09'}, 'block': {'height': 15107530}}, {'smartContract': {'address': {'address': '0xbfc61cb66bb1e3ec7ba5b2bb6e9117c6ff46aa11'}}, 'caller': {'address': '0x9098e25a09efa247eed07ced3b46546c5a6e58ad'}, 'date': {'date': '2022-07-09'}, 'block': {'height': 15107521}}, {'smartContract': {'address': {'address': '0xf017335728c91b57b335d778f31358953f6eb748'}}, 'caller': {'address': '0x8e9aa87e45e92bad84d5f8dd1bff34fb92637de9'}, 'date': {'date': '2022-07-09'}, 'block': {'height': 15107499}}, {'smartContract': {'address': {'address': '0x3cf54f3a1969be9916dad548f3c084331c4450b5'}}, 'caller': {'address': '0x07da2d30e26802ed65a52859a50872cfa615bd0a'}, 'date': {'date': '2022-07-09'}, 'block': {'height': 15107205}}, {'smartContract': {'address': {'address': '0x3557bd058d674dd0981a3ff10515432159f63318'}}, 'caller': {'address': '0x07da2d30e26802ed65a52859a50872cfa615bd0a'}, 'date': {'date': '2022-07-09'}, 'block': {'height': 15106802}}, {'smartContract': {'address': {'address': '0xc4763c35569f7ce0ce42b30edebfc5bc80eb96b4'}}, 'caller': {'address': '0x07da2d30e26802ed65a52859a50872cfa615bd0a'}, 'date': {'date': '2022-07-09'}, 'block': {'height': 15106591}}, {'smartContract': {'address': {'address': '0xe73b8a36093850fc2d7029d678cee8ec482a79b3'}}, 'caller': {'address': '0x07da2d30e26802ed65a52859a50872cfa615bd0a'}, 'date': {'date': '2022-07-09'}, 'block': {'height': 15106502}}, {'smartContract': {'address': {'address': '0x9098e25a09efa247eed07ced3b46546c5a6e58ad'}}, 'caller': {'address': '0x07da2d30e26802ed65a52859a50872cfa615bd0a'}, 'date': {'date': '2022-07-08'}, 'block': {'height': 15104053}}, {'smartContract': {'address': {'address': '0xd069866aced882582b88e327e9e79da4c88292b1'}}, 'caller': {'address': '0x07da2d30e26802ed65a52859a50872cfa615bd0a'}, 'date': {'date': '2022-07-08'}, 'block': {'height': 15104032}}, {'smartContract': {'address': {'address': '0x6258b0fbc8d33d412f4c731b7d83879c3396c425'}}, 'caller': {'address': '0x07da2d30e26802ed65a52859a50872cfa615bd0a'}, 'date': {'date': '2022-07-08'}, 'block': {'height': 15104006}}, {'smartContract': {'address': {'address': '0x95fa41d06e4a7f1e219dbae738e987893b64e194'}}, 'caller': {'address': '0x07da2d30e26802ed65a52859a50872cfa615bd0a'}, 'date': {'date': '2022-07-08'}, 'block': {'height': 15104005}}, {'smartContract': {'address': {'address': '0x99373ae646ed89b9a466c4256b09b10dbcc07b40'}}, 'caller': {'address': '0x07da2d30e26802ed65a52859a50872cfa615bd0a'}, 'date': {'date': '2022-07-08'}, 'block': {'height': 15103986}}, {'smartContract': {'address': {'address': '0xd2791781c367b2f512396105c8ab26479876e973'}}, 'caller': {'address': '0x07da2d30e26802ed65a52859a50872cfa615bd0a'}, 'date': {'date': '2022-07-08'}, 'block': {'height': 15103108}}, {'smartContract': {'address': {'address': '0xf57b53df7326e2c6bcfa81b4a128a92e69cb87b0'}}, 'caller': {'address': '0x07da2d30e26802ed65a52859a50872cfa615bd0a'}, 'date': {'date': '2022-07-08'}, 'block': {'height': 15103106}}, {'smartContract': {'address': {'address': '0xbab0ee407c0ea76d4087c6a69deddf3050d5c8dd'}}, 'caller': {'address': '0x07da2d30e26802ed65a52859a50872cfa615bd0a'}, 'date': {'date': '2022-07-08'}, 'block': {'height': 15102919}}, {'smartContract': {'address': {'address': '0xddf819a8c95b4788dd1ed31db6e3726c229f3f8b'}}, 'caller': {'address': '0x07da2d30e26802ed65a52859a50872cfa615bd0a'}, 'date': {'date': '2022-07-08'}, 'block': {'height': 15102884}}, {'smartContract': {'address': {'address': '0x96c68d861ada016ed98c30c810879f9df7c64154'}}, 'caller': {'address': '0x07da2d30e26802ed65a52859a50872cfa615bd0a'}, 'date': {'date': '2022-04-21'}, 'block': {'height': 14627685}}, {'smartContract': {'address': {'address': '0xdc846ccbce1be474e6410445ef5223ca00eced94'}}, 'caller': {'address': '0x07da2d30e26802ed65a52859a50872cfa615bd0a'}, 'date': {'date': '2022-04-21'}, 'block': {'height': 14627683}}, {'smartContract': {'address': {'address': '0xce4dcc5028588377e279255c0335effe2d7ab72a'}}, 'caller': {'address': '0x07da2d30e26802ed65a52859a50872cfa615bd0a'}, 'date': {'date': '2022-04-21'}, 'block': {'height': 14627680}}, {'smartContract': {'address': {'address': '0x30f2913cb010cdbe5f10d7b212119204d9ccef01'}}, 'caller': {'address': '0x07da2d30e26802ed65a52859a50872cfa615bd0a'}, 'date': {'date': '2022-04-21'}, 'block': {'height': 14627679}}, {'smartContract': {'address': {'address': '0xf05e58fcea29ab4da01a495140b349f8410ba904'}}, 'caller': {'address': '0x07da2d30e26802ed65a52859a50872cfa615bd0a'}, 'date': {'date': '2022-04-21'}, 'block': {'height': 14627676}}, {'smartContract': {'address': {'address': '0x1104b4df568fa7af90b1bed1d78a2f71e748dc8a'}}, 'caller': {'address': '0x07da2d30e26802ed65a52859a50872cfa615bd0a'}, 'date': {'date': '2022-03-30'}, 'block': {'height': 14488260}}, {'smartContract': {'address': {'address': '0xb7892e43433418f349c6b2dfd54924ef8d5e92dc'}}, 'caller': {'address': '0x07da2d30e26802ed65a52859a50872cfa615bd0a'}, 'date': {'date': '2022-03-30'}, 'block': {'height': 14488259}}, {'smartContract': {'address': {'address': '0xa31f2971ed778b7f7156a5f124fdbf652fdba1b9'}}, 'caller': {'address': '0x07da2d30e26802ed65a52859a50872cfa615bd0a'}, 'date': {'date': '2022-03-30'}, 'block': {'height': 14488244}}]",2022-04-21
136,136,0xEe9801669C6138E84bD50dEB500827b776777d28,O3 Swap Token (O3),https://github.com/O3Labs,0x4283b3469a9edCE1Fda34Ec6e8A453cF82b9cAB7,5037192.29,"[{'smartContract': {'address': {'address': '0x16a852a9593db9b392eb77a1b6c9d99c2fb75896'}}, 'caller': {'address': '0x4283b3469a9edce1fda34ec6e8a453cf82b9cab7'}, 'date': {'date': '2021-05-21'}, 'block': {'height': 12475075}}, {'smartContract': {'address': {'address': '0x510d056a63a2f9284179f2d39b8fde7eb8ded609'}}, 'caller': {'address': '0x4283b3469a9edce1fda34ec6e8a453cf82b9cab7'}, 'date': {'date': '2021-05-16'}, 'block': {'height': 12444771}}, {'smartContract': {'address': {'address': '0xee9801669c6138e84bd50deb500827b776777d28'}}, 'caller': {'address': '0x4283b3469a9edce1fda34ec6e8a453cf82b9cab7'}, 'date': {'date': '2021-05-11'}, 'block': {'height': 12413429}}]",2021-05-11
137,137,0x441761326490cACF7aF299725B6292597EE822c2,UNFI,,0x42dc05B5A409e3ac9270E4bE8a9A503A4573B9FF,4894198.688,"[{'smartContract': {'address': {'address': '0x10c89b25a71465fe79700bc8fd9e56128bd4541b'}}, 'caller': {'address': '0x42dc05b5a409e3ac9270e4be8a9a503a4573b9ff'}, 'date': {'date': '2020-11-30'}, 'block': {'height': 11358157}}, {'smartContract': {'address': {'address': '0x441761326490cacf7af299725b6292597ee822c2'}}, 'caller': {'address': '0x42dc05b5a409e3ac9270e4be8a9a503a4573b9ff'}, 'date': {'date': '2020-11-10'}, 'block': {'height': 11227928}}]",2020-11-10
138,138,0xB620Be8a1949AA9532e6a3510132864EF9Bc3F82,(Proxy contract) LendFlare DAO Token,https://github.com/LendFlare/lendflare_finance_contracts/,0x63B8C91Dd55626DB091Da26bA96bD8Dd3F36820b,4658320.807,"[{'smartContract': {'address': {'address': '0x882f464fbd355b736e35f1a2634d536c8979aa43'}}, 'caller': {'address': '0x63b8c91dd55626db091da26ba96bd8dd3f36820b'}, 'date': {'date': '2022-11-29'}, 'block': {'height': 16073871}}, {'smartContract': {'address': {'address': '0x15452c66649368a42d0fbde91fb5241fb0573484'}}, 'caller': {'address': '0x63b8c91dd55626db091da26ba96bd8dd3f36820b'}, 'date': {'date': '2022-11-29'}, 'block': {'height': 16073869}}, {'smartContract': {'address': {'address': '0x7baad50a656c484330f9e9ae720798edcd739c83'}}, 'caller': {'address': '0x63b8c91dd55626db091da26ba96bd8dd3f36820b'}, 'date': {'date': '2022-11-29'}, 'block': {'height': 16073631}}, {'smartContract': {'address': {'address': '0x7720a95be2b7ce0fb5abe4678d2e2a245bcd7aa5'}}, 'caller': {'address': '0x63b8c91dd55626db091da26ba96bd8dd3f36820b'}, 'date': {'date': '2022-11-29'}, 'block': {'height': 16072981}}, {'smartContract': {'address': {'address': '0x4cfc695ec2bf1afadb07a9effdfbefa25403ecc3'}}, 'caller': {'address': '0x63b8c91dd55626db091da26ba96bd8dd3f36820b'}, 'date': {'date': '2022-11-29'}, 'block': {'height': 16072980}}, {'smartContract': {'address': {'address': '0x84096b7311ed458fb2a352c3333917bfcf43b513'}}, 'caller': {'address': '0xa2f1c52800dac243932eee8ae8840183101dee9e'}, 'date': {'date': '2022-08-17'}, 'block': {'height': 15356532}}, {'smartContract': {'address': {'address': '0x1a36f76287b5eaf95b9f97102aa8bc5fd9c038b7'}}, 'caller': {'address': '0xa2f1c52800dac243932eee8ae8840183101dee9e'}, 'date': {'date': '2022-08-17'}, 'block': {'height': 15356531}}, {'smartContract': {'address': {'address': '0x763e1a50888916f2fb06a28aecd7fa7b93d60bbd'}}, 'caller': {'address': '0xa2f1c52800dac243932eee8ae8840183101dee9e'}, 'date': {'date': '2022-08-17'}, 'block': {'height': 15356529}}, {'smartContract': {'address': {'address': '0x20a3ef66a0a628d11a418dde21375e5d0c837f04'}}, 'caller': {'address': '0xa2f1c52800dac243932eee8ae8840183101dee9e'}, 'date': {'date': '2022-08-17'}, 'block': {'height': 15356527}}, {'smartContract': {'address': {'address': '0x0e0917d6feebc5fa6c24401011988a114ada2e2c'}}, 'caller': {'address': '0xa2f1c52800dac243932eee8ae8840183101dee9e'}, 'date': {'date': '2022-08-17'}, 'block': {'height': 15356526}}, {'smartContract': {'address': {'address': '0x239dc32b5de4ec8a813645c2b5ee1ebf335202f7'}}, 'caller': {'address': '0xa2f1c52800dac243932eee8ae8840183101dee9e'}, 'date': {'date': '2022-08-17'}, 'block': {'height': 15356514}}, {'smartContract': {'address': {'address': '0x555b5dc18abbef771042d3116c79599d244c2d3c'}}, 'caller': {'address': '0xa2f1c52800dac243932eee8ae8840183101dee9e'}, 'date': {'date': '2022-08-17'}, 'block': {'height': 15356478}}, {'smartContract': {'address': {'address': '0xcbca6528affd2e023fc573a9f3f6bb39e8ae7ff6'}}, 'caller': {'address': '0xa2f1c52800dac243932eee8ae8840183101dee9e'}, 'date': {'date': '2022-08-17'}, 'block': {'height': 15356477}}, {'smartContract': {'address': {'address': '0x423d0bedbe2b60247155c7b9d787b2c0b54fd2f5'}}, 'caller': {'address': '0xa2f1c52800dac243932eee8ae8840183101dee9e'}, 'date': {'date': '2022-08-17'}, 'block': {'height': 15356475}}, {'smartContract': {'address': {'address': '0x2cff79151381da77577b8d9b6e476615fab43113'}}, 'caller': {'address': '0xa2f1c52800dac243932eee8ae8840183101dee9e'}, 'date': {'date': '2022-08-17'}, 'block': {'height': 15356474}}, {'smartContract': {'address': {'address': '0x1a6284581b0c6225f48a701929bab190fe1d49c7'}}, 'caller': {'address': '0xa2f1c52800dac243932eee8ae8840183101dee9e'}, 'date': {'date': '2022-08-17'}, 'block': {'height': 15356473}}, {'smartContract': {'address': {'address': '0xf83e8f8f8f1887392ab04172b16f8443589c3f99'}}, 'caller': {'address': '0xa2f1c52800dac243932eee8ae8840183101dee9e'}, 'date': {'date': '2022-08-17'}, 'block': {'height': 15356472}}, {'smartContract': {'address': {'address': '0x2b0b3cc71fe04dc16b433f13f1f7055cb578f7bb'}}, 'caller': {'address': '0xa2f1c52800dac243932eee8ae8840183101dee9e'}, 'date': {'date': '2022-08-17'}, 'block': {'height': 15356470}}, {'smartContract': {'address': {'address': '0xf5cc69dae12f63119b1f7db4272bf7792b1fcd65'}}, 'caller': {'address': '0xa2f1c52800dac243932eee8ae8840183101dee9e'}, 'date': {'date': '2022-08-17'}, 'block': {'height': 15356469}}, {'smartContract': {'address': {'address': '0xe609d10bc67c08db4493e6a4d67c114b0dd8b770'}}, 'caller': {'address': '0xa2f1c52800dac243932eee8ae8840183101dee9e'}, 'date': {'date': '2022-08-17'}, 'block': {'height': 15356469}}, {'smartContract': {'address': {'address': '0xcb7e2d507ca76a833da7ba49104d72d59f410735'}}, 'caller': {'address': '0xa2f1c52800dac243932eee8ae8840183101dee9e'}, 'date': {'date': '2022-08-17'}, 'block': {'height': 15356467}}, {'smartContract': {'address': {'address': '0x6ee7cf5f1bf3896c28d7b6b8065dcef600d6f282'}}, 'caller': {'address': '0xa2f1c52800dac243932eee8ae8840183101dee9e'}, 'date': {'date': '2022-08-17'}, 'block': {'height': 15356465}}, {'smartContract': {'address': {'address': '0xaa7a6bbd373c020009be0db288549b3b5b0abed3'}}, 'caller': {'address': '0xa2f1c52800dac243932eee8ae8840183101dee9e'}, 'date': {'date': '2022-08-17'}, 'block': {'height': 15356464}}, {'smartContract': {'address': {'address': '0x61e8fbfe1770b18a410446405ea6cabcbc38ce4b'}}, 'caller': {'address': '0xa2f1c52800dac243932eee8ae8840183101dee9e'}, 'date': {'date': '2022-08-17'}, 'block': {'height': 15356463}}, {'smartContract': {'address': {'address': '0x0e668bd3870a9005e7e3992fd4826f054ded6fec'}}, 'caller': {'address': '0xa2f1c52800dac243932eee8ae8840183101dee9e'}, 'date': {'date': '2022-08-17'}, 'block': {'height': 15356462}}, {'smartContract': {'address': {'address': '0xb97f1f622dc1375363045021679e04e256e854e0'}}, 'caller': {'address': '0xa2f1c52800dac243932eee8ae8840183101dee9e'}, 'date': {'date': '2022-08-17'}, 'block': {'height': 15356461}}, {'smartContract': {'address': {'address': '0x5169d903a4599bf4f9bc2a88436a1b38acdce2f8'}}, 'caller': {'address': '0xa2f1c52800dac243932eee8ae8840183101dee9e'}, 'date': {'date': '2022-08-17'}, 'block': {'height': 15356459}}, {'smartContract': {'address': {'address': '0x83a5665fa8f9919f6e28da09311da8312fc7847f'}}, 'caller': {'address': '0xa2f1c52800dac243932eee8ae8840183101dee9e'}, 'date': {'date': '2022-08-17'}, 'block': {'height': 15356457}}, {'smartContract': {'address': {'address': '0x200cca6c62db183a042dbbcd091462d6229c51ea'}}, 'caller': {'address': '0xa2f1c52800dac243932eee8ae8840183101dee9e'}, 'date': {'date': '2022-08-17'}, 'block': {'height': 15356454}}, {'smartContract': {'address': {'address': '0xbf5766706cb823a2f7a77eac6749c1079b1cab36'}}, 'caller': {'address': '0x63b8c91dd55626db091da26ba96bd8dd3f36820b'}, 'date': {'date': '2022-08-17'}, 'block': {'height': 15356381}}, {'smartContract': {'address': {'address': '0x4b593ed88de43471d67f16603ee4017591a5ba0e'}}, 'caller': {'address': '0x63b8c91dd55626db091da26ba96bd8dd3f36820b'}, 'date': {'date': '2022-08-17'}, 'block': {'height': 15356378}}, {'smartContract': {'address': {'address': '0xa2f1c52800dac243932eee8ae8840183101dee9e'}}, 'caller': {'address': '0x63b8c91dd55626db091da26ba96bd8dd3f36820b'}, 'date': {'date': '2022-08-17'}, 'block': {'height': 15356184}}, {'smartContract': {'address': {'address': '0x886c47d96d65be83e8baf6336ab9b0ff0d46373a'}}, 'caller': {'address': '0x63b8c91dd55626db091da26ba96bd8dd3f36820b'}, 'date': {'date': '2022-08-17'}, 'block': {'height': 15356122}}, {'smartContract': {'address': {'address': '0x03f744a9ec8d350d1991ac6704fce0c211fce26d'}}, 'caller': {'address': '0x63b8c91dd55626db091da26ba96bd8dd3f36820b'}, 'date': {'date': '2022-08-09'}, 'block': {'height': 15306182}}, {'smartContract': {'address': {'address': '0x8e79c67fe6688b9d35afcfaa820dc4dfb5e85dfd'}}, 'caller': {'address': '0x63b8c91dd55626db091da26ba96bd8dd3f36820b'}, 'date': {'date': '2022-07-28'}, 'block': {'height': 15229801}}, {'smartContract': {'address': {'address': '0xd61401ccfd30356c8c00349eebb6a60d145810ff'}}, 'caller': {'address': '0x63b8c91dd55626db091da26ba96bd8dd3f36820b'}, 'date': {'date': '2022-07-28'}, 'block': {'height': 15229440}}, {'smartContract': {'address': {'address': '0x8a06635c5a84bd0f2edaeb31c0d5da0f5523af77'}}, 'caller': {'address': '0x63b8c91dd55626db091da26ba96bd8dd3f36820b'}, 'date': {'date': '2022-07-27'}, 'block': {'height': 15222310}}, {'smartContract': {'address': {'address': '0x7a996019db95ae74fa3ed8ed86ff1cc0eeaf9762'}}, 'caller': {'address': '0x63b8c91dd55626db091da26ba96bd8dd3f36820b'}, 'date': {'date': '2022-07-27'}, 'block': {'height': 15222164}}, {'smartContract': {'address': {'address': '0xc49dfa9177613b01abc91ba75e9ebc785e9b6bd8'}}, 'caller': {'address': '0x63b8c91dd55626db091da26ba96bd8dd3f36820b'}, 'date': {'date': '2022-07-26'}, 'block': {'height': 15216323}}, {'smartContract': {'address': {'address': '0xb42f1884a74426d57dae0f4ede86fa3f185a285c'}}, 'caller': {'address': '0x04fa91efbd75700c7a43f7b2fd6c81fb75859d6b'}, 'date': {'date': '2022-07-25'}, 'block': {'height': 15210275}}, {'smartContract': {'address': {'address': '0x8993a0462fc8de9439da5dd64d96f0d928fb1646'}}, 'caller': {'address': '0x04fa91efbd75700c7a43f7b2fd6c81fb75859d6b'}, 'date': {'date': '2022-07-25'}, 'block': {'height': 15210272}}, {'smartContract': {'address': {'address': '0x0868e4e39c3392fe01e9b2c08f1e9e15d1a31e90'}}, 'caller': {'address': '0x04fa91efbd75700c7a43f7b2fd6c81fb75859d6b'}, 'date': {'date': '2022-07-25'}, 'block': {'height': 15210268}}, {'smartContract': {'address': {'address': '0xb0f04a936cae0e07d65579ffff1bd101a3f1e274'}}, 'caller': {'address': '0x04fa91efbd75700c7a43f7b2fd6c81fb75859d6b'}, 'date': {'date': '2022-07-25'}, 'block': {'height': 15210264}}, {'smartContract': {'address': {'address': '0x80072d5ae939527650142c9721cd9ba13a070d4d'}}, 'caller': {'address': '0x04fa91efbd75700c7a43f7b2fd6c81fb75859d6b'}, 'date': {'date': '2022-07-25'}, 'block': {'height': 15210262}}, {'smartContract': {'address': {'address': '0xb7d7ff8344adbd19c1a338ed4fda1df08839fa00'}}, 'caller': {'address': '0x04fa91efbd75700c7a43f7b2fd6c81fb75859d6b'}, 'date': {'date': '2022-07-25'}, 'block': {'height': 15210260}}, {'smartContract': {'address': {'address': '0xacb34a991c80caf5a12db8c3d42d5d6bc20e393f'}}, 'caller': {'address': '0x04fa91efbd75700c7a43f7b2fd6c81fb75859d6b'}, 'date': {'date': '2022-07-25'}, 'block': {'height': 15210256}}, {'smartContract': {'address': {'address': '0xf8ab5c0b6771b78f67533ab40c9513aa657bc761'}}, 'caller': {'address': '0x04fa91efbd75700c7a43f7b2fd6c81fb75859d6b'}, 'date': {'date': '2022-07-25'}, 'block': {'height': 15210255}}, {'smartContract': {'address': {'address': '0xec22be164710b6550239d2a32c589d8afe114d75'}}, 'caller': {'address': '0x04fa91efbd75700c7a43f7b2fd6c81fb75859d6b'}, 'date': {'date': '2022-07-25'}, 'block': {'height': 15210254}}, {'smartContract': {'address': {'address': '0xb6234033c923b52b5c5b5709e0742852c1036520'}}, 'caller': {'address': '0x04fa91efbd75700c7a43f7b2fd6c81fb75859d6b'}, 'date': {'date': '2022-07-25'}, 'block': {'height': 15210250}}, {'smartContract': {'address': {'address': '0x12c1c63379208d9705303c95162b6957ca007612'}}, 'caller': {'address': '0x04fa91efbd75700c7a43f7b2fd6c81fb75859d6b'}, 'date': {'date': '2022-07-25'}, 'block': {'height': 15210248}}, {'smartContract': {'address': {'address': '0x1097341669d4f9feb710a6105e32104c9c9d7370'}}, 'caller': {'address': '0x04fa91efbd75700c7a43f7b2fd6c81fb75859d6b'}, 'date': {'date': '2022-07-25'}, 'block': {'height': 15210104}}, {'smartContract': {'address': {'address': '0x027bf40d6146c4889b845fccf997de57802a64e3'}}, 'caller': {'address': '0x04fa91efbd75700c7a43f7b2fd6c81fb75859d6b'}, 'date': {'date': '2022-07-25'}, 'block': {'height': 15210101}}, {'smartContract': {'address': {'address': '0x1434bd66fd84f65b43c182018c038e423a2fc9dc'}}, 'caller': {'address': '0x04fa91efbd75700c7a43f7b2fd6c81fb75859d6b'}, 'date': {'date': '2022-07-25'}, 'block': {'height': 15210099}}, {'smartContract': {'address': {'address': '0x7fb1c483c875ee2b7828b81a723643eaa7d81f5d'}}, 'caller': {'address': '0x04fa91efbd75700c7a43f7b2fd6c81fb75859d6b'}, 'date': {'date': '2022-07-25'}, 'block': {'height': 15210097}}, {'smartContract': {'address': {'address': '0x468a18bce3c9b6b90feb15b73f936b2af168bba7'}}, 'caller': {'address': '0x04fa91efbd75700c7a43f7b2fd6c81fb75859d6b'}, 'date': {'date': '2022-07-25'}, 'block': {'height': 15210095}}, {'smartContract': {'address': {'address': '0x0dd32148ad6e003a9485d620feb2cda9a3f8701c'}}, 'caller': {'address': '0x04fa91efbd75700c7a43f7b2fd6c81fb75859d6b'}, 'date': {'date': '2022-07-25'}, 'block': {'height': 15210094}}, {'smartContract': {'address': {'address': '0x93fb958f81801485054a699152f588f74af00f59'}}, 'caller': {'address': '0x04fa91efbd75700c7a43f7b2fd6c81fb75859d6b'}, 'date': {'date': '2022-07-25'}, 'block': {'height': 15210093}}, {'smartContract': {'address': {'address': '0xbf4a23fd8f7562c8a4d6ebea2975403fabd697f9'}}, 'caller': {'address': '0x04fa91efbd75700c7a43f7b2fd6c81fb75859d6b'}, 'date': {'date': '2022-07-25'}, 'block': {'height': 15210092}}, {'smartContract': {'address': {'address': '0xa09b978c41df3dc37a0901c037d11be785fe8bd2'}}, 'caller': {'address': '0x04fa91efbd75700c7a43f7b2fd6c81fb75859d6b'}, 'date': {'date': '2022-07-25'}, 'block': {'height': 15210091}}, {'smartContract': {'address': {'address': '0xc5b11ae24bab0d893fd73c25789adab7e3ca2d9b'}}, 'caller': {'address': '0x04fa91efbd75700c7a43f7b2fd6c81fb75859d6b'}, 'date': {'date': '2022-07-25'}, 'block': {'height': 15210090}}, {'smartContract': {'address': {'address': '0x066e548ab4ce1a9ec316f9e84aba9bc8c0ecee37'}}, 'caller': {'address': '0x04fa91efbd75700c7a43f7b2fd6c81fb75859d6b'}, 'date': {'date': '2022-07-25'}, 'block': {'height': 15210085}}, {'smartContract': {'address': {'address': '0xbd62f94c2b9b4f559244b3f250fb7c4a4642d573'}}, 'caller': {'address': '0x04fa91efbd75700c7a43f7b2fd6c81fb75859d6b'}, 'date': {'date': '2022-07-25'}, 'block': {'height': 15210083}}, {'smartContract': {'address': {'address': '0x7075b3d580530a9fe99195e3e5377858deb268aa'}}, 'caller': {'address': '0x04fa91efbd75700c7a43f7b2fd6c81fb75859d6b'}, 'date': {'date': '2022-07-25'}, 'block': {'height': 15210081}}, {'smartContract': {'address': {'address': '0x5e976a23541075705e7d63e6e111986d37eca916'}}, 'caller': {'address': '0x63b8c91dd55626db091da26ba96bd8dd3f36820b'}, 'date': {'date': '2022-07-25'}, 'block': {'height': 15209807}}, {'smartContract': {'address': {'address': '0x97e5341af3e9afad525d2c877d765aabf8f96b92'}}, 'caller': {'address': '0x63b8c91dd55626db091da26ba96bd8dd3f36820b'}, 'date': {'date': '2022-07-25'}, 'block': {'height': 15209806}}, {'smartContract': {'address': {'address': '0x033f46c3c4a9c3270513d0df63437e6e295dc662'}}, 'caller': {'address': '0x63b8c91dd55626db091da26ba96bd8dd3f36820b'}, 'date': {'date': '2022-07-25'}, 'block': {'height': 15209639}}, {'smartContract': {'address': {'address': '0x04fa91efbd75700c7a43f7b2fd6c81fb75859d6b'}}, 'caller': {'address': '0x63b8c91dd55626db091da26ba96bd8dd3f36820b'}, 'date': {'date': '2022-07-25'}, 'block': {'height': 15209625}}, {'smartContract': {'address': {'address': '0x99fc40934b60bdeb10c251e854a77ea47ad628ae'}}, 'caller': {'address': '0x63b8c91dd55626db091da26ba96bd8dd3f36820b'}, 'date': {'date': '2022-07-25'}, 'block': {'height': 15209272}}, {'smartContract': {'address': {'address': '0x5e6b51b181f52fc470db062a07f0210eed248ac1'}}, 'caller': {'address': '0x63b8c91dd55626db091da26ba96bd8dd3f36820b'}, 'date': {'date': '2022-07-25'}, 'block': {'height': 15209271}}, {'smartContract': {'address': {'address': '0x6fbea2e735c67882553791c5d9f9423f56690ed9'}}, 'caller': {'address': '0x63b8c91dd55626db091da26ba96bd8dd3f36820b'}, 'date': {'date': '2022-07-25'}, 'block': {'height': 15209270}}, {'smartContract': {'address': {'address': '0x96738a3b759df57ee96c8dab36f33cf66dd4bf00'}}, 'caller': {'address': '0x63b8c91dd55626db091da26ba96bd8dd3f36820b'}, 'date': {'date': '2022-07-19'}, 'block': {'height': 15170237}}, {'smartContract': {'address': {'address': '0x7b2dd456d6fe55b44cdfb155d02d76b79ab24a85'}}, 'caller': {'address': '0x63b8c91dd55626db091da26ba96bd8dd3f36820b'}, 'date': {'date': '2022-07-11'}, 'block': {'height': 15119560}}, {'smartContract': {'address': {'address': '0x0d1234a7311e77138e60d83f268d55be9684dce9'}}, 'caller': {'address': '0x8929369821b1e8ac62e5e59514fda7378bcd4a6e'}, 'date': {'date': '2022-06-14'}, 'block': {'height': 14961135}}, {'smartContract': {'address': {'address': '0xe46c9390af48d0bd11e7273780819a8fcb1c9d05'}}, 'caller': {'address': '0x725c9da2efcf67866632f8fa5009e7859c21bc13'}, 'date': {'date': '2022-06-14'}, 'block': {'height': 14961135}}, {'smartContract': {'address': {'address': '0x757cb509fcfef4e1870101e7df56daafd4106301'}}, 'caller': {'address': '0x73e59de51668975abc9e9be2aad668f6e4e727a2'}, 'date': {'date': '2022-06-14'}, 'block': {'height': 14961135}}, {'smartContract': {'address': {'address': '0x95ff4e8eb655e571cbb98136b4ddb171ff708422'}}, 'caller': {'address': '0x725c9da2efcf67866632f8fa5009e7859c21bc13'}, 'date': {'date': '2022-06-14'}, 'block': {'height': 14961135}}, {'smartContract': {'address': {'address': '0xb9cd9c7d0fbe00279b51c344ef530672361a5b3b'}}, 'caller': {'address': '0x36d37266d14b4d8d1fecf0f33840cbf9af20420b'}, 'date': {'date': '2022-06-14'}, 'block': {'height': 14961119}}, {'smartContract': {'address': {'address': '0x2c396560bf85bd0642a1de9eeb8317fb3ca91925'}}, 'caller': {'address': '0x73e59de51668975abc9e9be2aad668f6e4e727a2'}, 'date': {'date': '2022-06-14'}, 'block': {'height': 14961119}}, {'smartContract': {'address': {'address': '0xd65fed3251716d9a8d4c25cfedce5f580aace0af'}}, 'caller': {'address': '0x36d37266d14b4d8d1fecf0f33840cbf9af20420b'}, 'date': {'date': '2022-06-14'}, 'block': {'height': 14961119}}, {'smartContract': {'address': {'address': '0x07ea5e8438bd7e347456102439d8d33060acf2fd'}}, 'caller': {'address': '0x36d37266d14b4d8d1fecf0f33840cbf9af20420b'}, 'date': {'date': '2022-06-14'}, 'block': {'height': 14961119}}, {'smartContract': {'address': {'address': '0x95ecf3b8397ace83a41b698e84152e5a32783098'}}, 'caller': {'address': '0x36d37266d14b4d8d1fecf0f33840cbf9af20420b'}, 'date': {'date': '2022-06-14'}, 'block': {'height': 14961119}}, {'smartContract': {'address': {'address': '0x5d7417ca434cb90f587c62597087386e58475a0d'}}, 'caller': {'address': '0x63b8c91dd55626db091da26ba96bd8dd3f36820b'}, 'date': {'date': '2022-06-10'}, 'block': {'height': 14939182}}, {'smartContract': {'address': {'address': '0x70ffe9056a769290292beb934b39169274ca5b3b'}}, 'caller': {'address': '0x63b8c91dd55626db091da26ba96bd8dd3f36820b'}, 'date': {'date': '2022-06-10'}, 'block': {'height': 14937930}}, {'smartContract': {'address': {'address': '0x71d50868642270ace00e7929a1de798b0cfb32f4'}}, 'caller': {'address': '0x63b8c91dd55626db091da26ba96bd8dd3f36820b'}, 'date': {'date': '2022-06-07'}, 'block': {'height': 14919652}}, {'smartContract': {'address': {'address': '0x09e15afff1e1fbfcc665a50691d78c2d1a216626'}}, 'caller': {'address': '0x63b8c91dd55626db091da26ba96bd8dd3f36820b'}, 'date': {'date': '2022-06-07'}, 'block': {'height': 14919549}}, {'smartContract': {'address': {'address': '0x36d37266d14b4d8d1fecf0f33840cbf9af20420b'}}, 'caller': {'address': '0x63b8c91dd55626db091da26ba96bd8dd3f36820b'}, 'date': {'date': '2022-06-07'}, 'block': {'height': 14919089}}, {'smartContract': {'address': {'address': '0xc8f9f759f0876c24ca7c83780aa97cbbddcab76d'}}, 'caller': {'address': '0x36d37266d14b4d8d1fecf0f33840cbf9af20420b'}, 'date': {'date': '2022-06-07'}, 'block': {'height': 14919089}}, {'smartContract': {'address': {'address': '0x4169fa3452913d226fe2c61bb6476c4a53a08ac0'}}, 'caller': {'address': '0x63b8c91dd55626db091da26ba96bd8dd3f36820b'}, 'date': {'date': '2022-06-06'}, 'block': {'height': 14914747}}, {'smartContract': {'address': {'address': '0x6c3cb71fb9d3c2a226148fee032dec8e4453094e'}}, 'caller': {'address': '0x63b8c91dd55626db091da26ba96bd8dd3f36820b'}, 'date': {'date': '2022-06-01'}, 'block': {'height': 14885866}}, {'smartContract': {'address': {'address': '0x35f962d8da9bfbe9af3cd568b50e51c81175ea87'}}, 'caller': {'address': '0x63b8c91dd55626db091da26ba96bd8dd3f36820b'}, 'date': {'date': '2022-06-01'}, 'block': {'height': 14884686}}, {'smartContract': {'address': {'address': '0x803ffdff8150093be6fc78a0963f443e9bd9c378'}}, 'caller': {'address': '0x63b8c91dd55626db091da26ba96bd8dd3f36820b'}, 'date': {'date': '2022-06-01'}, 'block': {'height': 14884198}}, {'smartContract': {'address': {'address': '0x29042e6389075f7181361ee5bca1df9a524d492c'}}, 'caller': {'address': '0x63b8c91dd55626db091da26ba96bd8dd3f36820b'}, 'date': {'date': '2022-06-01'}, 'block': {'height': 14884197}}, {'smartContract': {'address': {'address': '0x9e96598713e7533a33418062d5402b6801ff156a'}}, 'caller': {'address': '0x63b8c91dd55626db091da26ba96bd8dd3f36820b'}, 'date': {'date': '2022-06-01'}, 'block': {'height': 14884196}}, {'smartContract': {'address': {'address': '0x65368954e911f3003e6827388eadc03922e7ef19'}}, 'caller': {'address': '0x63b8c91dd55626db091da26ba96bd8dd3f36820b'}, 'date': {'date': '2022-06-01'}, 'block': {'height': 14884195}}, {'smartContract': {'address': {'address': '0xbcdc45372847b95bb4bd6d524b4a801aac98619c'}}, 'caller': {'address': '0x63b8c91dd55626db091da26ba96bd8dd3f36820b'}, 'date': {'date': '2022-06-01'}, 'block': {'height': 14884194}}, {'smartContract': {'address': {'address': '0xd7c86a52411235169565fa85f56e74fcdda303ca'}}, 'caller': {'address': '0x63b8c91dd55626db091da26ba96bd8dd3f36820b'}, 'date': {'date': '2022-06-01'}, 'block': {'height': 14884193}}, {'smartContract': {'address': {'address': '0xc4e6062a3a7fa246202905b70ecb4da1137e755f'}}, 'caller': {'address': '0x63b8c91dd55626db091da26ba96bd8dd3f36820b'}, 'date': {'date': '2022-05-22'}, 'block': {'height': 14824678}}, {'smartContract': {'address': {'address': '0xc206b30598f718cf591e84ae12bc37e9039ea1fb'}}, 'caller': {'address': '0x8929369821b1e8ac62e5e59514fda7378bcd4a6e'}, 'date': {'date': '2022-05-20'}, 'block': {'height': 14811976}}, {'smartContract': {'address': {'address': '0xd1525f93cf3ed704a7ab62ad6305d52440be721c'}}, 'caller': {'address': '0x73e59de51668975abc9e9be2aad668f6e4e727a2'}, 'date': {'date': '2022-05-20'}, 'block': {'height': 14811976}}, {'smartContract': {'address': {'address': '0xe705c80bbd073cff6b5c626955f9e6dd5c9e7268'}}, 'caller': {'address': '0x725c9da2efcf67866632f8fa5009e7859c21bc13'}, 'date': {'date': '2022-05-20'}, 'block': {'height': 14811976}}]",2022-03-01
139,139,0xC17c30e98541188614dF99239cABD40280810cA3,EverRise,,0x33280D3A65b96EB878dD711aBe9B2c0Dbf740579,4429397.182,"[{'smartContract': {'address': {'address': '0xd93c68d0a3a2983cef79b788b3fd8f9476eb8983'}}, 'caller': {'address': '0x33280d3a65b96eb878dd711abe9b2c0dbf740579'}, 'date': {'date': '2022-08-15'}, 'block': {'height': 15344042}}, {'smartContract': {'address': {'address': '0x98c1f6726db6d4d0306f4849329335b3e4d99125'}}, 'caller': {'address': '0x33280d3a65b96eb878dd711abe9b2c0dbf740579'}, 'date': {'date': '2022-04-01'}, 'block': {'height': 14501741}}, {'smartContract': {'address': {'address': '0x598debe6aea559a0cd0f45ff76f4a769423ee498'}}, 'caller': {'address': '0x33280d3a65b96eb878dd711abe9b2c0dbf740579'}, 'date': {'date': '2022-04-01'}, 'block': {'height': 14501739}}, {'smartContract': {'address': {'address': '0x23cd2e6b283754fd2340a75732f9ddbb5d11807e'}}, 'caller': {'address': '0x33280d3a65b96eb878dd711abe9b2c0dbf740579'}, 'date': {'date': '2022-04-01'}, 'block': {'height': 14501732}}, {'smartContract': {'address': {'address': '0xbbd7b847c6d0d0b5691518a363194d71426475f1'}}, 'caller': {'address': '0x23cd2e6b283754fd2340a75732f9ddbb5d11807e'}, 'date': {'date': '2022-04-01'}, 'block': {'height': 14501732}}, {'smartContract': {'address': {'address': '0xdba7b24257fc6e397cb7368b4bc922e944072f1b'}}, 'caller': {'address': '0x23cd2e6b283754fd2340a75732f9ddbb5d11807e'}, 'date': {'date': '2022-04-01'}, 'block': {'height': 14501732}}, {'smartContract': {'address': {'address': '0x7250f7e97a4338d2bd72abc4b010d7a8477dc1f9'}}, 'caller': {'address': '0x5c69bee701ef814a2b6a3edd4b1652cb9cc5aa6f'}, 'date': {'date': '2022-04-01'}, 'block': {'height': 14501731}}, {'smartContract': {'address': {'address': '0xc17c30e98541188614df99239cabd40280810ca3'}}, 'caller': {'address': '0x33280d3a65b96eb878dd711abe9b2c0dbf740579'}, 'date': {'date': '2022-04-01'}, 'block': {'height': 14501731}}, {'smartContract': {'address': {'address': '0x99fe7b37639ae33d0f15f61f4288a2fc9cff7bc1'}}, 'caller': {'address': '0x33280d3a65b96eb878dd711abe9b2c0dbf740579'}, 'date': {'date': '2022-04-01'}, 'block': {'height': 14501727}}]",2022-04-01
140,140,0x43044f861ec040DB59A7e324c40507adDb673142,Cap,https://github.com/0xcap/client,0x26d8B7A8E6C2f407a04c838564c5d99831E832EC,4429141.966,"[{'smartContract': {'address': {'address': '0x632f8512166ec65c90a40fd85b8e0d76b2acdd89'}}, 'caller': {'address': '0x1f98431c8ad98523631ae4a59f267346ea31f984'}, 'date': {'date': '2021-06-11'}, 'block': {'height': 12614271}}, {'smartContract': {'address': {'address': '0xd642671950a4834ea8ce7caefbbcdf9357134cc8'}}, 'caller': {'address': '0xa26e15c895efc0616177b7c1e7270a4c7d51c997'}, 'date': {'date': '2020-12-06'}, 'block': {'height': 11399413}}, {'smartContract': {'address': {'address': '0xc169f0eb31403c0bcc43dc9feca648a79fafc0f4'}}, 'caller': {'address': '0x5c69bee701ef814a2b6a3edd4b1652cb9cc5aa6f'}, 'date': {'date': '2020-07-04'}, 'block': {'height': 10392262}}, {'smartContract': {'address': {'address': '0x43044f861ec040db59a7e324c40507addb673142'}}, 'caller': {'address': '0x26d8b7a8e6c2f407a04c838564c5d99831e832ec'}, 'date': {'date': '2020-07-04'}, 'block': {'height': 10392173}}]",2020-07-04
141,141,0x20c36f062a31865bED8a5B1e512D9a1A20AA333A,DefiDollar DAO,https://github.com/defidollar,0x08F7506E0381f387e901c9D0552cf4052A0740a4,4374727.35,"[{'smartContract': {'address': {'address': '0x0a2bc356efbc2fab70a673f096c6fcad293b44c2'}}, 'caller': {'address': '0x08f7506e0381f387e901c9d0552cf4052a0740a4'}, 'date': {'date': '2022-07-26'}, 'block': {'height': 15219236}}, {'smartContract': {'address': {'address': '0x12e0f9a356c60fc3dd04abde87e8f6e3cbbaf596'}}, 'caller': {'address': '0x08f7506e0381f387e901c9d0552cf4052a0740a4'}, 'date': {'date': '2022-07-26'}, 'block': {'height': 15219007}}, {'smartContract': {'address': {'address': '0xb6fb7c2d95d239c870531df27c6854d2d0ef3fa6'}}, 'caller': {'address': '0x08f7506e0381f387e901c9d0552cf4052a0740a4'}, 'date': {'date': '2022-01-10'}, 'block': {'height': 13975663}}, {'smartContract': {'address': {'address': '0x68ef2f5e281acd4892dab95e2e1d3e5fa3dda317'}}, 'caller': {'address': '0xa6b71e26c5e0845f74c812102ca7114b6a896ab2'}, 'date': {'date': '2021-12-27'}, 'block': {'height': 13885528}}, {'smartContract': {'address': {'address': '0x81b7cfed9382e242d4761e3dea3b859238373727'}}, 'caller': {'address': '0x08f7506e0381f387e901c9d0552cf4052a0740a4'}, 'date': {'date': '2021-09-25'}, 'block': {'height': 13293064}}, {'smartContract': {'address': {'address': '0xfd6489bb1c8797af5b69ca1a850d27d3044ac0b9'}}, 'caller': {'address': '0x08f7506e0381f387e901c9d0552cf4052a0740a4'}, 'date': {'date': '2021-09-25'}, 'block': {'height': 13293064}}, {'smartContract': {'address': {'address': '0x52212c14e73a9562579e2b7519926c3d76350f7c'}}, 'caller': {'address': '0x08f7506e0381f387e901c9d0552cf4052a0740a4'}, 'date': {'date': '2021-09-22'}, 'block': {'height': 13273890}}, {'smartContract': {'address': {'address': '0x29d18116c78c9a3ef81cd190cb12f478c87d12b6'}}, 'caller': {'address': '0x08f7506e0381f387e901c9d0552cf4052a0740a4'}, 'date': {'date': '2021-08-16'}, 'block': {'height': 13034031}}, {'smartContract': {'address': {'address': '0x5d852f0e834d88ef637cce05c39be746f5d1b3f0'}}, 'caller': {'address': '0x08f7506e0381f387e901c9d0552cf4052a0740a4'}, 'date': {'date': '2021-08-16'}, 'block': {'height': 13034027}}, {'smartContract': {'address': {'address': '0x9690c383a992edd3e0479c5f3071765bd787be3b'}}, 'caller': {'address': '0x08f7506e0381f387e901c9d0552cf4052a0740a4'}, 'date': {'date': '2021-08-16'}, 'block': {'height': 13034007}}, {'smartContract': {'address': {'address': '0xa7d4426c57a25aa93e8cd8bcb679bf21ca06f61b'}}, 'caller': {'address': '0x3d95f79f228906c5bf8f9902cbfbaecd13899090'}, 'date': {'date': '2021-07-16'}, 'block': {'height': 12836251}}, {'smartContract': {'address': {'address': '0x4459a591c61cabd905eab8486bf628432b15c8b1'}}, 'caller': {'address': '0x08f7506e0381f387e901c9d0552cf4052a0740a4'}, 'date': {'date': '2021-07-15'}, 'block': {'height': 12830307}}, {'smartContract': {'address': {'address': '0x8c73e1450bc1a684eb27eab63e24a56aef1dcbcb'}}, 'caller': {'address': '0x08f7506e0381f387e901c9d0552cf4052a0740a4'}, 'date': {'date': '2021-07-15'}, 'block': {'height': 12830000}}, {'smartContract': {'address': {'address': '0xf0877c99bc06e90125180f567d7b6ba8e8179ff5'}}, 'caller': {'address': '0x3d95f79f228906c5bf8f9902cbfbaecd13899090'}, 'date': {'date': '2021-06-29'}, 'block': {'height': 12728074}}, {'smartContract': {'address': {'address': '0x459d1ccd2a5cf6b61ee1fd7d50328e76ffab59e1'}}, 'caller': {'address': '0x08f7506e0381f387e901c9d0552cf4052a0740a4'}, 'date': {'date': '2021-06-29'}, 'block': {'height': 12727054}}, {'smartContract': {'address': {'address': '0x1edf53e957753fa1e4b1a321a460346091a43f1c'}}, 'caller': {'address': '0x3d95f79f228906c5bf8f9902cbfbaecd13899090'}, 'date': {'date': '2021-06-13'}, 'block': {'height': 12626760}}, {'smartContract': {'address': {'address': '0x14361a8e4e8b695f782d3b3ea3b929350ad9cb53'}}, 'caller': {'address': '0x08f7506e0381f387e901c9d0552cf4052a0740a4'}, 'date': {'date': '2021-06-08'}, 'block': {'height': 12593361}}, {'smartContract': {'address': {'address': '0x4b4bb51f83e500cba2f2ae09455b5e218b718c45'}}, 'caller': {'address': '0x3d95f79f228906c5bf8f9902cbfbaecd13899090'}, 'date': {'date': '2021-06-07'}, 'block': {'height': 12586535}}, {'smartContract': {'address': {'address': '0x782648291e62cacf3dcec0f6b3d041c67c903ef7'}}, 'caller': {'address': '0xa12106e90752f166866626ce1f244f65436b36c3'}, 'date': {'date': '2021-06-07'}, 'block': {'height': 12586534}}, {'smartContract': {'address': {'address': '0xa2ef0f933ffc32a374ee2dd68bacd09535a1afd5'}}, 'caller': {'address': '0x3d95f79f228906c5bf8f9902cbfbaecd13899090'}, 'date': {'date': '2021-06-07'}, 'block': {'height': 12586534}}, {'smartContract': {'address': {'address': '0x602ee2b9c1cf947b5a89e190a88490a5c74b9941'}}, 'caller': {'address': '0xa12106e90752f166866626ce1f244f65436b36c3'}, 'date': {'date': '2021-06-07'}, 'block': {'height': 12586528}}, {'smartContract': {'address': {'address': '0x82d7477513487805208c6dc35f288dce3984c12f'}}, 'caller': {'address': '0x08f7506e0381f387e901c9d0552cf4052a0740a4'}, 'date': {'date': '2021-06-07'}, 'block': {'height': 12586521}}, {'smartContract': {'address': {'address': '0x3d95f79f228906c5bf8f9902cbfbaecd13899090'}}, 'caller': {'address': '0x08f7506e0381f387e901c9d0552cf4052a0740a4'}, 'date': {'date': '2021-06-07'}, 'block': {'height': 12586521}}, {'smartContract': {'address': {'address': '0xc3d9fe263ed62b78f0da78a2b0b63d5f126e769e'}}, 'caller': {'address': '0x08f7506e0381f387e901c9d0552cf4052a0740a4'}, 'date': {'date': '2021-06-07'}, 'block': {'height': 12586510}}, {'smartContract': {'address': {'address': '0x6dba8e5c92ea4abe8454441c751f21a5bf2ab46e'}}, 'caller': {'address': '0xa12106e90752f166866626ce1f244f65436b36c3'}, 'date': {'date': '2021-06-05'}, 'block': {'height': 12573142}}, {'smartContract': {'address': {'address': '0x36537ea568e6e31d39b7006246ef2f36c468a1f6'}}, 'caller': {'address': '0xa12106e90752f166866626ce1f244f65436b36c3'}, 'date': {'date': '2021-06-05'}, 'block': {'height': 12573127}}, {'smartContract': {'address': {'address': '0xa12106e90752f166866626ce1f244f65436b36c3'}}, 'caller': {'address': '0x08f7506e0381f387e901c9d0552cf4052a0740a4'}, 'date': {'date': '2021-06-05'}, 'block': {'height': 12573062}}, {'smartContract': {'address': {'address': '0x859adef853012c8b00804b55a5bc2b7732b4b5a6'}}, 'caller': {'address': '0x08f7506e0381f387e901c9d0552cf4052a0740a4'}, 'date': {'date': '2021-06-05'}, 'block': {'height': 12573062}}, {'smartContract': {'address': {'address': '0x56a24d93ac4080035346394c25192c542e41b694'}}, 'caller': {'address': '0x08f7506e0381f387e901c9d0552cf4052a0740a4'}, 'date': {'date': '2021-06-05'}, 'block': {'height': 12573026}}, {'smartContract': {'address': {'address': '0xcd4cac15cf268dda5f8678e67969920d52bb2cf8'}}, 'caller': {'address': '0x08f7506e0381f387e901c9d0552cf4052a0740a4'}, 'date': {'date': '2021-06-05'}, 'block': {'height': 12573026}}, {'smartContract': {'address': {'address': '0xb3188e8d8a539f3573431778598551f6d113d0fa'}}, 'caller': {'address': '0x08f7506e0381f387e901c9d0552cf4052a0740a4'}, 'date': {'date': '2021-05-26'}, 'block': {'height': 12512112}}, {'smartContract': {'address': {'address': '0xee39e4a6820ffc4edaa80fd3b5a59788d515832b'}}, 'caller': {'address': '0x08f7506e0381f387e901c9d0552cf4052a0740a4'}, 'date': {'date': '2021-05-15'}, 'block': {'height': 12439537}}, {'smartContract': {'address': {'address': '0xa9499b50c4a74000687435a895b55974f079ecaa'}}, 'caller': {'address': '0x08f7506e0381f387e901c9d0552cf4052a0740a4'}, 'date': {'date': '2021-04-30'}, 'block': {'height': 12342277}}, {'smartContract': {'address': {'address': '0x825218bed8be0b30be39475755acee0250c50627'}}, 'caller': {'address': '0x08f7506e0381f387e901c9d0552cf4052a0740a4'}, 'date': {'date': '2021-04-30'}, 'block': {'height': 12342277}}, {'smartContract': {'address': {'address': '0xbd82a0c250608543b8cacfd4f0e4438438698df6'}}, 'caller': {'address': '0x08f7506e0381f387e901c9d0552cf4052a0740a4'}, 'date': {'date': '2021-04-30'}, 'block': {'height': 12342174}}, {'smartContract': {'address': {'address': '0x41671ba1abcba387b9b2b752c205e22e916be6e3'}}, 'caller': {'address': '0x08f7506e0381f387e901c9d0552cf4052a0740a4'}, 'date': {'date': '2021-04-30'}, 'block': {'height': 12342167}}, {'smartContract': {'address': {'address': '0xafa40da6a373ec4bbfddaf2e695f3014af5376c5'}}, 'caller': {'address': '0x08f7506e0381f387e901c9d0552cf4052a0740a4'}, 'date': {'date': '2021-04-30'}, 'block': {'height': 12342128}}, {'smartContract': {'address': {'address': '0x2a8facc9d49fbc3ecff569847833c380a13418a8'}}, 'caller': {'address': '0x08f7506e0381f387e901c9d0552cf4052a0740a4'}, 'date': {'date': '2021-04-30'}, 'block': {'height': 12342123}}, {'smartContract': {'address': {'address': '0xc4e15973e6ff2a35cc804c2cf9d2a1b817a8b40f'}}, 'caller': {'address': '0x08f7506e0381f387e901c9d0552cf4052a0740a4'}, 'date': {'date': '2021-04-30'}, 'block': {'height': 12342123}}, {'smartContract': {'address': {'address': '0x40a3fb35f1ecae968f108fe73e8eda74e3ca7e4d'}}, 'caller': {'address': '0x08f7506e0381f387e901c9d0552cf4052a0740a4'}, 'date': {'date': '2021-03-21'}, 'block': {'height': 12080239}}, {'smartContract': {'address': {'address': '0x1a2a808478b3a4f889ec7ea5c6e809b17c8eb9cf'}}, 'caller': {'address': '0x08f7506e0381f387e901c9d0552cf4052a0740a4'}, 'date': {'date': '2021-03-21'}, 'block': {'height': 12080236}}, {'smartContract': {'address': {'address': '0x61a18c93b957caa1dc44710d62ae2a44930d242f'}}, 'caller': {'address': '0x08f7506e0381f387e901c9d0552cf4052a0740a4'}, 'date': {'date': '2021-03-21'}, 'block': {'height': 12080233}}, {'smartContract': {'address': {'address': '0x07e4b30283261d63aa127b7f97329e53a56efdd8'}}, 'caller': {'address': '0x08f7506e0381f387e901c9d0552cf4052a0740a4'}, 'date': {'date': '2021-03-21'}, 'block': {'height': 12080233}}, {'smartContract': {'address': {'address': '0x046e32797f6fdeb4d1cc28f9ccded8c37e075813'}}, 'caller': {'address': '0x08f7506e0381f387e901c9d0552cf4052a0740a4'}, 'date': {'date': '2021-03-21'}, 'block': {'height': 12080233}}, {'smartContract': {'address': {'address': '0xde1f578292e75f26dfaebc78aa0eccca45b13521'}}, 'caller': {'address': '0x08f7506e0381f387e901c9d0552cf4052a0740a4'}, 'date': {'date': '2021-02-26'}, 'block': {'height': 11932125}}, {'smartContract': {'address': {'address': '0xd601f69f387f29db3cb071052eff078cec8b56d5'}}, 'caller': {'address': '0x08f7506e0381f387e901c9d0552cf4052a0740a4'}, 'date': {'date': '2021-02-03'}, 'block': {'height': 11783141}}, {'smartContract': {'address': {'address': '0x4190da3c1514b99df41d4cbb72125dd201a8f598'}}, 'caller': {'address': '0x08f7506e0381f387e901c9d0552cf4052a0740a4'}, 'date': {'date': '2021-02-02'}, 'block': {'height': 11777087}}, {'smartContract': {'address': {'address': '0x47744b96f799a61874a3cd73b394b7feaa6c3e19'}}, 'caller': {'address': '0x08f7506e0381f387e901c9d0552cf4052a0740a4'}, 'date': {'date': '2021-02-02'}, 'block': {'height': 11777086}}, {'smartContract': {'address': {'address': '0x2852018c559882acfd3749835c43e0ebc331a9c2'}}, 'caller': {'address': '0x08f7506e0381f387e901c9d0552cf4052a0740a4'}, 'date': {'date': '2021-02-02'}, 'block': {'height': 11776911}}, {'smartContract': {'address': {'address': '0x81b53a22d51d6769093bec1158f134fc6b114f4b'}}, 'caller': {'address': '0x08f7506e0381f387e901c9d0552cf4052a0740a4'}, 'date': {'date': '2021-02-02'}, 'block': {'height': 11776909}}, {'smartContract': {'address': {'address': '0xd6f51f54886175abaf5e5333e15adf19d838f672'}}, 'caller': {'address': '0x08f7506e0381f387e901c9d0552cf4052a0740a4'}, 'date': {'date': '2021-02-02'}, 'block': {'height': 11776843}}, {'smartContract': {'address': {'address': '0xe58e035089d40da258ed750dc948ad34f939d1ba'}}, 'caller': {'address': '0x08f7506e0381f387e901c9d0552cf4052a0740a4'}, 'date': {'date': '2021-02-02'}, 'block': {'height': 11776843}}, {'smartContract': {'address': {'address': '0xd62f34004ab3d7857d4031c076225939dda1afae'}}, 'caller': {'address': '0x08f7506e0381f387e901c9d0552cf4052a0740a4'}, 'date': {'date': '2021-02-02'}, 'block': {'height': 11776841}}, {'smartContract': {'address': {'address': '0x2d58130afdcc7a535a11a685ff9dd53f6157e7e6'}}, 'caller': {'address': '0x08f7506e0381f387e901c9d0552cf4052a0740a4'}, 'date': {'date': '2020-12-26'}, 'block': {'height': 11529637}}, {'smartContract': {'address': {'address': '0x3e9af81efdbc8cefee6d7dc84ec41ca9227c6059'}}, 'caller': {'address': '0x08f7506e0381f387e901c9d0552cf4052a0740a4'}, 'date': {'date': '2020-12-25'}, 'block': {'height': 11522318}}, {'smartContract': {'address': {'address': '0x08ca5e242486931b63811c370b5da1a1f31690e4'}}, 'caller': {'address': '0x08f7506e0381f387e901c9d0552cf4052a0740a4'}, 'date': {'date': '2020-12-25'}, 'block': {'height': 11522307}}, {'smartContract': {'address': {'address': '0xf5f850daddc393ce325d8ac395519224f498460f'}}, 'caller': {'address': '0x08f7506e0381f387e901c9d0552cf4052a0740a4'}, 'date': {'date': '2020-12-25'}, 'block': {'height': 11521369}}, {'smartContract': {'address': {'address': '0xde157688a36ac94b6e5f52e99c196f79ac71cea3'}}, 'caller': {'address': '0x08f7506e0381f387e901c9d0552cf4052a0740a4'}, 'date': {'date': '2020-12-25'}, 'block': {'height': 11521335}}, {'smartContract': {'address': {'address': '0xb92a94bf33a7e83717afe13972ca7f38663e4447'}}, 'caller': {'address': '0x08f7506e0381f387e901c9d0552cf4052a0740a4'}, 'date': {'date': '2020-12-25'}, 'block': {'height': 11521333}}, {'smartContract': {'address': {'address': '0xf79b548ff56e661ee19a59303178e444e9e81fcc'}}, 'caller': {'address': '0x08f7506e0381f387e901c9d0552cf4052a0740a4'}, 'date': {'date': '2020-12-25'}, 'block': {'height': 11521291}}, {'smartContract': {'address': {'address': '0x3791054617a7c6caeca42d2711a1b1fdcd4707a9'}}, 'caller': {'address': '0x08f7506e0381f387e901c9d0552cf4052a0740a4'}, 'date': {'date': '2020-12-14'}, 'block': {'height': 11450945}}, {'smartContract': {'address': {'address': '0xb12aa722a3a4566645f079b6f10c89a3205b6c2c'}}, 'caller': {'address': '0xc0aee478e3658e2610c5f7a4a2e1777ce9e4f2ac'}, 'date': {'date': '2020-12-09'}, 'block': {'height': 11420116}}, {'smartContract': {'address': {'address': '0xbf3c126edb23193b8be24efa9a12d7bd68087a34'}}, 'caller': {'address': '0x08f7506e0381f387e901c9d0552cf4052a0740a4'}, 'date': {'date': '2020-12-08'}, 'block': {'height': 11412341}}, {'smartContract': {'address': {'address': '0x42600c4f6d84aa4d246a3957994da411fa8a4e1c'}}, 'caller': {'address': '0x08f7506e0381f387e901c9d0552cf4052a0740a4'}, 'date': {'date': '2020-11-18'}, 'block': {'height': 11282199}}, {'smartContract': {'address': {'address': '0xae80132ffa3f638235058a9dc3df5135301c6be2'}}, 'caller': {'address': '0x08f7506e0381f387e901c9d0552cf4052a0740a4'}, 'date': {'date': '2020-11-18'}, 'block': {'height': 11282195}}, {'smartContract': {'address': {'address': '0x05977619e19fbc2f94bde352a78353b54dd918df'}}, 'caller': {'address': '0x08f7506e0381f387e901c9d0552cf4052a0740a4'}, 'date': {'date': '2020-11-18'}, 'block': {'height': 11282193}}, {'smartContract': {'address': {'address': '0x303c3276f0f66b55703d475c8cf3509ecd76a4ad'}}, 'caller': {'address': '0x08f7506e0381f387e901c9d0552cf4052a0740a4'}, 'date': {'date': '2020-11-11'}, 'block': {'height': 11236698}}, {'smartContract': {'address': {'address': '0xac8833b0da01b8f2ca53f549f13b5790066a842d'}}, 'caller': {'address': '0x5c69bee701ef814a2b6a3edd4b1652cb9cc5aa6f'}, 'date': {'date': '2020-11-11'}, 'block': {'height': 11236638}}, {'smartContract': {'address': {'address': '0x73d2307802eeab30b009ec19141b2e22968b6c84'}}, 'caller': {'address': '0x08f7506e0381f387e901c9d0552cf4052a0740a4'}, 'date': {'date': '2020-11-11'}, 'block': {'height': 11236047}}, {'smartContract': {'address': {'address': '0x9ad01460fba3615de1540bb9f0bb41899ad41e12'}}, 'caller': {'address': '0x08f7506e0381f387e901c9d0552cf4052a0740a4'}, 'date': {'date': '2020-11-10'}, 'block': {'height': 11230100}}, {'smartContract': {'address': {'address': '0xf89333b5b9610e4a99e9869222e5ff206c160b09'}}, 'caller': {'address': '0x08f7506e0381f387e901c9d0552cf4052a0740a4'}, 'date': {'date': '2020-11-03'}, 'block': {'height': 11184730}}, {'smartContract': {'address': {'address': '0x7ef30ce82f5a6d0366a3851c4b410ff54a07eadd'}}, 'caller': {'address': '0x08f7506e0381f387e901c9d0552cf4052a0740a4'}, 'date': {'date': '2020-11-03'}, 'block': {'height': 11183187}}, {'smartContract': {'address': {'address': '0x954888a342495badd646859a6325f82bfaebf1f8'}}, 'caller': {'address': '0x08f7506e0381f387e901c9d0552cf4052a0740a4'}, 'date': {'date': '2020-10-30'}, 'block': {'height': 11158004}}, {'smartContract': {'address': {'address': '0x20c36f062a31865bed8a5b1e512d9a1a20aa333a'}}, 'caller': {'address': '0x08f7506e0381f387e901c9d0552cf4052a0740a4'}, 'date': {'date': '2020-10-29'}, 'block': {'height': 11152052}}, {'smartContract': {'address': {'address': '0x7c699a894ecf87b97733be25a812840cd5367f95'}}, 'caller': {'address': '0x08f7506e0381f387e901c9d0552cf4052a0740a4'}, 'date': {'date': '2020-10-29'}, 'block': {'height': 11152014}}, {'smartContract': {'address': {'address': '0xf068236ecad5fabb9883bbb26a6445d6c7c9a924'}}, 'caller': {'address': '0x08f7506e0381f387e901c9d0552cf4052a0740a4'}, 'date': {'date': '2020-10-29'}, 'block': {'height': 11151975}}, {'smartContract': {'address': {'address': '0x41097f634ff8998153644cc04a6016280b0b6406'}}, 'caller': {'address': '0x08f7506e0381f387e901c9d0552cf4052a0740a4'}, 'date': {'date': '2020-09-22'}, 'block': {'height': 10912291}}, {'smartContract': {'address': {'address': '0x5b3af3aa154a8052cb94d6e91cb15331f773b75b'}}, 'caller': {'address': '0x08f7506e0381f387e901c9d0552cf4052a0740a4'}, 'date': {'date': '2020-09-22'}, 'block': {'height': 10910509}}, {'smartContract': {'address': {'address': '0xed373a23f7e69c2d7dbd0ee4e744a10ce4d2602d'}}, 'caller': {'address': '0x08f7506e0381f387e901c9d0552cf4052a0740a4'}, 'date': {'date': '2020-09-22'}, 'block': {'height': 10910299}}, {'smartContract': {'address': {'address': '0xab6adbf1a0b140663d33026b0bfdeafef97370d8'}}, 'caller': {'address': '0x08f7506e0381f387e901c9d0552cf4052a0740a4'}, 'date': {'date': '2020-09-22'}, 'block': {'height': 10910256}}, {'smartContract': {'address': {'address': '0xff121563d835f730d7f84316ce8d01a55d538c7e'}}, 'caller': {'address': '0x08f7506e0381f387e901c9d0552cf4052a0740a4'}, 'date': {'date': '2020-09-22'}, 'block': {'height': 10910058}}, {'smartContract': {'address': {'address': '0x88ff54ed47402a97f6e603737f26bb9e4e6cb03d'}}, 'caller': {'address': '0x08f7506e0381f387e901c9d0552cf4052a0740a4'}, 'date': {'date': '2020-09-22'}, 'block': {'height': 10909923}}, {'smartContract': {'address': {'address': '0x621944ba45358656a19e95f9da05d7f54f2fecd2'}}, 'caller': {'address': '0x08f7506e0381f387e901c9d0552cf4052a0740a4'}, 'date': {'date': '2020-09-22'}, 'block': {'height': 10909889}}, {'smartContract': {'address': {'address': '0xa89bd606d5dadda60242e8dedeebc95c41ad8986'}}, 'caller': {'address': '0x08f7506e0381f387e901c9d0552cf4052a0740a4'}, 'date': {'date': '2020-09-22'}, 'block': {'height': 10909861}}, {'smartContract': {'address': {'address': '0x5b5cf8620292249669e1dcc73b753d01543d6ac7'}}, 'caller': {'address': '0x76e2cfc1f5fa8f6a5b3fc4c8f4788f0116861f9b'}, 'date': {'date': '2020-09-21'}, 'block': {'height': 10906156}}, {'smartContract': {'address': {'address': '0xf01e3a1f7bca16145afd03538bd7a28f249fc366'}}, 'caller': {'address': '0x08f7506e0381f387e901c9d0552cf4052a0740a4'}, 'date': {'date': '2020-09-06'}, 'block': {'height': 10810592}}, {'smartContract': {'address': {'address': '0x07e79aefdc3a44603a1ccc3e89310a0806fb278b'}}, 'caller': {'address': '0x08f7506e0381f387e901c9d0552cf4052a0740a4'}, 'date': {'date': '2020-09-03'}, 'block': {'height': 10787369}}, {'smartContract': {'address': {'address': '0x4b35e2c06fad543c44bdbafb80a3e748e316a6cc'}}, 'caller': {'address': '0x08f7506e0381f387e901c9d0552cf4052a0740a4'}, 'date': {'date': '2020-08-26'}, 'block': {'height': 10736250}}, {'smartContract': {'address': {'address': '0x80db6e1a3f6dc0d048026f3bedb39807843366e4'}}, 'caller': {'address': '0x08f7506e0381f387e901c9d0552cf4052a0740a4'}, 'date': {'date': '2020-08-26'}, 'block': {'height': 10733919}}, {'smartContract': {'address': {'address': '0x7b8369c32fe609066eeabb5a6f05f319775f4995'}}, 'caller': {'address': '0x08f7506e0381f387e901c9d0552cf4052a0740a4'}, 'date': {'date': '2020-08-26'}, 'block': {'height': 10733917}}, {'smartContract': {'address': {'address': '0x1d563fecaf92d0b976e44c7c8683cb371c9cb2ec'}}, 'caller': {'address': '0x08f7506e0381f387e901c9d0552cf4052a0740a4'}, 'date': {'date': '2020-08-26'}, 'block': {'height': 10733889}}, {'smartContract': {'address': {'address': '0xb47638956e3d95f591d0a38f6f47ea6cafee78b6'}}, 'caller': {'address': '0x08f7506e0381f387e901c9d0552cf4052a0740a4'}, 'date': {'date': '2020-08-26'}, 'block': {'height': 10733849}}, {'smartContract': {'address': {'address': '0x697e0b9f0a3589e67be512a7001cb14ff02727d1'}}, 'caller': {'address': '0x08f7506e0381f387e901c9d0552cf4052a0740a4'}, 'date': {'date': '2020-08-26'}, 'block': {'height': 10733847}}, {'smartContract': {'address': {'address': '0x4eac4c4e9050464067d673102f8e24b2fcceb350'}}, 'caller': {'address': '0x08f7506e0381f387e901c9d0552cf4052a0740a4'}, 'date': {'date': '2020-08-26'}, 'block': {'height': 10733842}}, {'smartContract': {'address': {'address': '0x5bc25f649fc4e26069ddf4cf4010f9f706c23831'}}, 'caller': {'address': '0x08f7506e0381f387e901c9d0552cf4052a0740a4'}, 'date': {'date': '2020-08-26'}, 'block': {'height': 10733824}}, {'smartContract': {'address': {'address': '0xe449ca7d10b041255e7e989d158bee355d8f88d3'}}, 'caller': {'address': '0x08f7506e0381f387e901c9d0552cf4052a0740a4'}, 'date': {'date': '2020-08-26'}, 'block': {'height': 10733785}}, {'smartContract': {'address': {'address': '0x154c28ba3736ee4e5e89e0081a00f04ec67992f0'}}, 'caller': {'address': '0x08f7506e0381f387e901c9d0552cf4052a0740a4'}, 'date': {'date': '2020-08-26'}, 'block': {'height': 10733771}}]",2020-10-29
142,142,0x66761Fa41377003622aEE3c7675Fc7b5c1C2FaC5,Clearpool,,0xC40E9cf1B42bc06120267165810aE5b0D4966946,4288819.239,"[{'smartContract': {'address': {'address': '0x3f17cfad23c2014c5a32722557df87dff46819da'}}, 'caller': {'address': '0xc40e9cf1b42bc06120267165810ae5b0d4966946'}, 'date': {'date': '2022-01-19'}, 'block': {'height': 14036117}}, {'smartContract': {'address': {'address': '0x66761fa41377003622aee3c7675fc7b5c1c2fac5'}}, 'caller': {'address': '0xc40e9cf1b42bc06120267165810ae5b0d4966946'}, 'date': {'date': '2021-10-21'}, 'block': {'height': 13461863}}, {'smartContract': {'address': {'address': '0xe0308d5681afe01a8ad1cc0b8c937db699e204af'}}, 'caller': {'address': '0xa6b71e26c5e0845f74c812102ca7114b6a896ab2'}, 'date': {'date': '2021-10-21'}, 'block': {'height': 13461655}}]",2021-10-21
143,143,0xf59257E961883636290411c11ec5Ae622d19455e,Floor,https://github.com/FloorDAO,0x93dB3662e5E77a3eF6be5d32192F070554F212d1,4119322.385,"[{'smartContract': {'address': {'address': '0x5e7b1a4720ec9589bc1785c84fdfa15e2f4caf94'}}, 'caller': {'address': '0x93db3662e5e77a3ef6be5d32192f070554f212d1'}, 'date': {'date': '2022-02-27'}, 'block': {'height': 14290680}}, {'smartContract': {'address': {'address': '0xb49097895b6049753139872f6a3f250888e757f2'}}, 'caller': {'address': '0x93db3662e5e77a3ef6be5d32192f070554f212d1'}, 'date': {'date': '2022-02-27'}, 'block': {'height': 14290679}}, {'smartContract': {'address': {'address': '0xe1d71b60642d597e6e3dbf6d0cd106ac3cfa65fa'}}, 'caller': {'address': '0x93db3662e5e77a3ef6be5d32192f070554f212d1'}, 'date': {'date': '2022-02-27'}, 'block': {'height': 14290679}}, {'smartContract': {'address': {'address': '0x9e3cee6ca6e4c11fc6200a17545003b6cf6635d0'}}, 'caller': {'address': '0x93db3662e5e77a3ef6be5d32192f070554f212d1'}, 'date': {'date': '2022-02-27'}, 'block': {'height': 14290679}}, {'smartContract': {'address': {'address': '0x164afe96912099543bc2c48bb9358a095db8e784'}}, 'caller': {'address': '0x93db3662e5e77a3ef6be5d32192f070554f212d1'}, 'date': {'date': '2022-02-27'}, 'block': {'height': 14290678}}, {'smartContract': {'address': {'address': '0x759c6de5bca9ade8a1a2719a31553c4b7de02539'}}, 'caller': {'address': '0x93db3662e5e77a3ef6be5d32192f070554f212d1'}, 'date': {'date': '2022-02-27'}, 'block': {'height': 14290678}}, {'smartContract': {'address': {'address': '0x91e453f442d25523f42063e1695390e325076ca2'}}, 'caller': {'address': '0x93db3662e5e77a3ef6be5d32192f070554f212d1'}, 'date': {'date': '2022-02-27'}, 'block': {'height': 14290678}}, {'smartContract': {'address': {'address': '0x618907e21898d0357f0a0bf0b112949b1530cbc1'}}, 'caller': {'address': '0x93db3662e5e77a3ef6be5d32192f070554f212d1'}, 'date': {'date': '2022-02-27'}, 'block': {'height': 14290678}}, {'smartContract': {'address': {'address': '0x83ac1c10bf60ea8cc71001bd40b0535366108081'}}, 'caller': {'address': '0x93db3662e5e77a3ef6be5d32192f070554f212d1'}, 'date': {'date': '2022-02-27'}, 'block': {'height': 14290678}}, {'smartContract': {'address': {'address': '0xf59257e961883636290411c11ec5ae622d19455e'}}, 'caller': {'address': '0x93db3662e5e77a3ef6be5d32192f070554f212d1'}, 'date': {'date': '2022-02-27'}, 'block': {'height': 14290678}}, {'smartContract': {'address': {'address': '0xb1cc59fc717b8d4783d41f952725177298b5619d'}}, 'caller': {'address': '0x93db3662e5e77a3ef6be5d32192f070554f212d1'}, 'date': {'date': '2022-02-27'}, 'block': {'height': 14290678}}, {'smartContract': {'address': {'address': '0x11926d803366db8f1e2a579cfa1c8c199a3655c8'}}, 'caller': {'address': '0x93db3662e5e77a3ef6be5d32192f070554f212d1'}, 'date': {'date': '2022-02-27'}, 'block': {'height': 14290678}}, {'smartContract': {'address': {'address': '0x3342234e152c6f5835b4fee8c7ae9ddc4e5e15c7'}}, 'caller': {'address': '0x93db3662e5e77a3ef6be5d32192f070554f212d1'}, 'date': {'date': '2022-02-27'}, 'block': {'height': 14290678}}, {'smartContract': {'address': {'address': '0x2d5a431f564d5819a4faa1e18dc60f9bd236aa50'}}, 'caller': {'address': '0x93db3662e5e77a3ef6be5d32192f070554f212d1'}, 'date': {'date': '2022-02-27'}, 'block': {'height': 14290678}}, {'smartContract': {'address': {'address': '0x4adcf0c5afaf8eebd0be1d7f64538845ffa0e13f'}}, 'caller': {'address': '0xa26e15c895efc0616177b7c1e7270a4c7d51c997'}, 'date': {'date': '2020-10-05'}, 'block': {'height': 10993375}}, {'smartContract': {'address': {'address': '0x4d64ab5893659451d80b20dab9d610ad2fb40579'}}, 'caller': {'address': '0x93db3662e5e77a3ef6be5d32192f070554f212d1'}, 'date': {'date': '2020-10-03'}, 'block': {'height': 10980012}}, {'smartContract': {'address': {'address': '0x52a6ddd08efc86892ce3d9074c4b39a571115655'}}, 'caller': {'address': '0x93db3662e5e77a3ef6be5d32192f070554f212d1'}, 'date': {'date': '2020-10-03'}, 'block': {'height': 10980009}}, {'smartContract': {'address': {'address': '0x9ae2e8f039ad072ef4fae9f72d6d443df96611eb'}}, 'caller': {'address': '0x93db3662e5e77a3ef6be5d32192f070554f212d1'}, 'date': {'date': '2020-10-03'}, 'block': {'height': 10979821}}, {'smartContract': {'address': {'address': '0xda660ea15d3c36c66a001663bfd7cf1c7d5e0e95'}}, 'caller': {'address': '0x93db3662e5e77a3ef6be5d32192f070554f212d1'}, 'date': {'date': '2020-10-03'}, 'block': {'height': 10979817}}, {'smartContract': {'address': {'address': '0x3370c181dcc5e005194651d13b4b355ae7c84b42'}}, 'caller': {'address': '0x93db3662e5e77a3ef6be5d32192f070554f212d1'}, 'date': {'date': '2020-10-03'}, 'block': {'height': 10979804}}, {'smartContract': {'address': {'address': '0xda1aafe4d13ff3c789efb0a30ce6994cb15f4f94'}}, 'caller': {'address': '0x93db3662e5e77a3ef6be5d32192f070554f212d1'}, 'date': {'date': '2020-09-30'}, 'block': {'height': 10965526}}, {'smartContract': {'address': {'address': '0x1f2e6c889c2121c4e4f317ab85b089080f87be1a'}}, 'caller': {'address': '0x93db3662e5e77a3ef6be5d32192f070554f212d1'}, 'date': {'date': '2020-09-30'}, 'block': {'height': 10965524}}, {'smartContract': {'address': {'address': '0x7d67fe9d2ba0b5f3756165c482b5d8b0db63a63d'}}, 'caller': {'address': '0x93db3662e5e77a3ef6be5d32192f070554f212d1'}, 'date': {'date': '2020-09-30'}, 'block': {'height': 10965509}}, {'smartContract': {'address': {'address': '0xeb18c68e807966d44f21d28ced9788b6fabdc178'}}, 'caller': {'address': '0x5c69bee701ef814a2b6a3edd4b1652cb9cc5aa6f'}, 'date': {'date': '2020-09-20'}, 'block': {'height': 10896328}}, {'smartContract': {'address': {'address': '0xe926d24233974705782fc67045d21c17b342c691'}}, 'caller': {'address': '0xb7f7f6c52f2e2fdb1963eab30438024864c313f6'}, 'date': {'date': '2020-09-20'}, 'block': {'height': 10896067}}, {'smartContract': {'address': {'address': '0x87cbbc0f5bd3005765f5e9ac98f83df73fca99f0'}}, 'caller': {'address': '0x93db3662e5e77a3ef6be5d32192f070554f212d1'}, 'date': {'date': '2020-09-19'}, 'block': {'height': 10895690}}, {'smartContract': {'address': {'address': '0x243a35be4fa840321bc2950df8ef702b296565b8'}}, 'caller': {'address': '0x93db3662e5e77a3ef6be5d32192f070554f212d1'}, 'date': {'date': '2020-09-19'}, 'block': {'height': 10895682}}]",2022-02-27
144,144,0xF5238462E7235c7B62811567E63Dd17d12C2EAA0,CACHE Gold,https://github.com/cache-token,0x10583948905D768880bA6C5a17847556dA49305a,4080123.228,[],2020-02-17
145,145,0xbFa9dF9ed8805E657D0FeaB5d186c6a567752D7F,Protocol: - Generic,,0x17D04113a3651e79e7d40a40E47aaE23046f7761,3748080.059,"[{'smartContract': {'address': {'address': '0x545a25cbbcb63a5b6b65af7896172629ca763645'}}, 'caller': {'address': '0x17d04113a3651e79e7d40a40e47aae23046f7761'}, 'date': {'date': '2021-05-29'}, 'block': {'height': 12528047}}, {'smartContract': {'address': {'address': '0x80b91dede7d0d0891f46da75dbc25e976242f1d2'}}, 'caller': {'address': '0x17d04113a3651e79e7d40a40e47aae23046f7761'}, 'date': {'date': '2021-05-29'}, 'block': {'height': 12527681}}, {'smartContract': {'address': {'address': '0x1540e5821370ace8120ce48554d35276d86a9f0c'}}, 'caller': {'address': '0x17d04113a3651e79e7d40a40e47aae23046f7761'}, 'date': {'date': '2021-05-29'}, 'block': {'height': 12527402}}, {'smartContract': {'address': {'address': '0x67d920f8aff096f86cac47a0ccf9f37483c9258f'}}, 'caller': {'address': '0x17d04113a3651e79e7d40a40e47aae23046f7761'}, 'date': {'date': '2021-05-11'}, 'block': {'height': 12413493}}, {'smartContract': {'address': {'address': '0xcea3ece81ac9c02322cadbd42a5c46153a1a9b33'}}, 'caller': {'address': '0x17d04113a3651e79e7d40a40e47aae23046f7761'}, 'date': {'date': '2021-05-10'}, 'block': {'height': 12405543}}, {'smartContract': {'address': {'address': '0x377f4ff24a4d9f17d99e7a4686567647e66e5393'}}, 'caller': {'address': '0x17d04113a3651e79e7d40a40e47aae23046f7761'}, 'date': {'date': '2021-05-10'}, 'block': {'height': 12405381}}, {'smartContract': {'address': {'address': '0xbf5250ac655920b301ca34f4e46f0669b90a5bf5'}}, 'caller': {'address': '0x17d04113a3651e79e7d40a40e47aae23046f7761'}, 'date': {'date': '2021-05-09'}, 'block': {'height': 12400574}}, {'smartContract': {'address': {'address': '0xeebf195ed8a4a3a4cf4fc74468dc850d48f0a139'}}, 'caller': {'address': '0x17d04113a3651e79e7d40a40e47aae23046f7761'}, 'date': {'date': '2021-05-09'}, 'block': {'height': 12400573}}, {'smartContract': {'address': {'address': '0x473ccdec83b7125a4f52aa6f8699026fcb878ee8'}}, 'caller': {'address': '0x17d04113a3651e79e7d40a40e47aae23046f7761'}, 'date': {'date': '2021-03-26'}, 'block': {'height': 12114524}}, {'smartContract': {'address': {'address': '0x24ff636d8671cb8d35e63d6b36f26893818e57af'}}, 'caller': {'address': '0x17d04113a3651e79e7d40a40e47aae23046f7761'}, 'date': {'date': '2021-03-26'}, 'block': {'height': 12114516}}, {'smartContract': {'address': {'address': '0xa8d7643324df0f38764f514eb1a99d8f379cc692'}}, 'caller': {'address': '0x17d04113a3651e79e7d40a40e47aae23046f7761'}, 'date': {'date': '2021-03-26'}, 'block': {'height': 12114477}}, {'smartContract': {'address': {'address': '0x834c3bb26bb1bf025dc6b66ad5d7f9003333606b'}}, 'caller': {'address': '0x17d04113a3651e79e7d40a40e47aae23046f7761'}, 'date': {'date': '2021-03-22'}, 'block': {'height': 12087665}}, {'smartContract': {'address': {'address': '0xc75ba7e3a40e2293817b590e47beb01e52a0c9b6'}}, 'caller': {'address': '0x17d04113a3651e79e7d40a40e47aae23046f7761'}, 'date': {'date': '2021-03-22'}, 'block': {'height': 12087634}}, {'smartContract': {'address': {'address': '0x37fb11963f05b3a0eef6c49a9e9ed9cac7650bed'}}, 'caller': {'address': '0x17d04113a3651e79e7d40a40e47aae23046f7761'}, 'date': {'date': '2021-03-22'}, 'block': {'height': 12087432}}, {'smartContract': {'address': {'address': '0x4191eb251aea75c7b5c42e4bd84ff382f9735740'}}, 'caller': {'address': '0x17d04113a3651e79e7d40a40e47aae23046f7761'}, 'date': {'date': '2021-03-22'}, 'block': {'height': 12087420}}, {'smartContract': {'address': {'address': '0x80850db68db03792ca5650fbdaccebe1da5e52bf'}}, 'caller': {'address': '0x17d04113a3651e79e7d40a40e47aae23046f7761'}, 'date': {'date': '2021-03-22'}, 'block': {'height': 12087394}}, {'smartContract': {'address': {'address': '0xa457ac93bc522168a23f00ddc33f48aa1ac2793b'}}, 'caller': {'address': '0x17d04113a3651e79e7d40a40e47aae23046f7761'}, 'date': {'date': '2021-03-22'}, 'block': {'height': 12087359}}, {'smartContract': {'address': {'address': '0xea4c9c6249a05b6abd4aede99a185b03948909e9'}}, 'caller': {'address': '0x17d04113a3651e79e7d40a40e47aae23046f7761'}, 'date': {'date': '2021-03-22'}, 'block': {'height': 12087266}}, {'smartContract': {'address': {'address': '0x9e8e622e0ba0dee491fbc42d1bb12ab947e2d03b'}}, 'caller': {'address': '0x17d04113a3651e79e7d40a40e47aae23046f7761'}, 'date': {'date': '2021-03-22'}, 'block': {'height': 12087237}}, {'smartContract': {'address': {'address': '0xa6e17ae4b683ed2ee7cb7414a92bd8316f330191'}}, 'caller': {'address': '0x17d04113a3651e79e7d40a40e47aae23046f7761'}, 'date': {'date': '2021-03-22'}, 'block': {'height': 12086957}}, {'smartContract': {'address': {'address': '0x63b63b5f0ae8057cb8f704f65fd91c19badd5a73'}}, 'caller': {'address': '0x17d04113a3651e79e7d40a40e47aae23046f7761'}, 'date': {'date': '2021-03-22'}, 'block': {'height': 12086878}}, {'smartContract': {'address': {'address': '0xf9771bc908ffac67f05e8a69dd6b1eef9fbf755a'}}, 'caller': {'address': '0x17d04113a3651e79e7d40a40e47aae23046f7761'}, 'date': {'date': '2021-03-22'}, 'block': {'height': 12086874}}, {'smartContract': {'address': {'address': '0x377f100a7280dd992c6f2503330f893620f586ab'}}, 'caller': {'address': '0x17d04113a3651e79e7d40a40e47aae23046f7761'}, 'date': {'date': '2021-03-22'}, 'block': {'height': 12086865}}, {'smartContract': {'address': {'address': '0x624c0042fdda26c67e919c8a2f19072e7fab4b8d'}}, 'caller': {'address': '0x17d04113a3651e79e7d40a40e47aae23046f7761'}, 'date': {'date': '2021-03-22'}, 'block': {'height': 12086847}}, {'smartContract': {'address': {'address': '0x1568a7f0bdf67d37dc963c345dbc4a598859eba3'}}, 'caller': {'address': '0x17d04113a3651e79e7d40a40e47aae23046f7761'}, 'date': {'date': '2021-03-22'}, 'block': {'height': 12086823}}, {'smartContract': {'address': {'address': '0xad58bea532f8fe7b7d485230000cd3757d8ae948'}}, 'caller': {'address': '0x17d04113a3651e79e7d40a40e47aae23046f7761'}, 'date': {'date': '2021-03-22'}, 'block': {'height': 12086821}}, {'smartContract': {'address': {'address': '0xa58e822de1517aae7114714fb354ee853cd35780'}}, 'caller': {'address': '0x17d04113a3651e79e7d40a40e47aae23046f7761'}, 'date': {'date': '2021-03-22'}, 'block': {'height': 12086737}}, {'smartContract': {'address': {'address': '0xf8c7b7709dd106e70133474bdf05d9d5a87c871f'}}, 'caller': {'address': '0x17d04113a3651e79e7d40a40e47aae23046f7761'}, 'date': {'date': '2021-03-22'}, 'block': {'height': 12086725}}, {'smartContract': {'address': {'address': '0xd61867501b821befd5e4270a91836f8f7424b847'}}, 'caller': {'address': '0x17d04113a3651e79e7d40a40e47aae23046f7761'}, 'date': {'date': '2021-03-22'}, 'block': {'height': 12086716}}, {'smartContract': {'address': {'address': '0xcea2d0a0413b6bf052eb2eca9c256ee25ad7d128'}}, 'caller': {'address': '0x17d04113a3651e79e7d40a40e47aae23046f7761'}, 'date': {'date': '2021-03-22'}, 'block': {'height': 12086329}}, {'smartContract': {'address': {'address': '0x5fbe4eb536dadbcee54d5b55ed6559e29c60b055'}}, 'caller': {'address': '0x17d04113a3651e79e7d40a40e47aae23046f7761'}, 'date': {'date': '2021-03-22'}, 'block': {'height': 12086327}}, {'smartContract': {'address': {'address': '0xd4c220ccac0335334d425a90f58de7c667896a06'}}, 'caller': {'address': '0x17d04113a3651e79e7d40a40e47aae23046f7761'}, 'date': {'date': '2021-03-22'}, 'block': {'height': 12086313}}, {'smartContract': {'address': {'address': '0xaf2617aa6fd98581bb8cb099a16af74510b6555f'}}, 'caller': {'address': '0x17d04113a3651e79e7d40a40e47aae23046f7761'}, 'date': {'date': '2021-03-22'}, 'block': {'height': 12086295}}, {'smartContract': {'address': {'address': '0xaeacff9046951b043b283725842fc56313205179'}}, 'caller': {'address': '0x17d04113a3651e79e7d40a40e47aae23046f7761'}, 'date': {'date': '2021-03-22'}, 'block': {'height': 12086294}}, {'smartContract': {'address': {'address': '0xbb7d94a423f4978545ecf73161f0678e8afd1a92'}}, 'caller': {'address': '0x17d04113a3651e79e7d40a40e47aae23046f7761'}, 'date': {'date': '2021-03-22'}, 'block': {'height': 12086278}}, {'smartContract': {'address': {'address': '0xd819d96f9d28ea85c1dd78e66d7241134e8d4ab4'}}, 'caller': {'address': '0x17d04113a3651e79e7d40a40e47aae23046f7761'}, 'date': {'date': '2021-03-22'}, 'block': {'height': 12086270}}, {'smartContract': {'address': {'address': '0x3d35222e8d238427e09c94a5aab491de6a0e0de4'}}, 'caller': {'address': '0x17d04113a3651e79e7d40a40e47aae23046f7761'}, 'date': {'date': '2021-03-12'}, 'block': {'height': 12021344}}, {'smartContract': {'address': {'address': '0x3e650349fd52bc9d7fcd4fb1737e269d1e667ddf'}}, 'caller': {'address': '0x17d04113a3651e79e7d40a40e47aae23046f7761'}, 'date': {'date': '2021-03-12'}, 'block': {'height': 12021321}}, {'smartContract': {'address': {'address': '0xbcb64143c3b1643a310012125fb73a6b07d3bbb7'}}, 'caller': {'address': '0x17d04113a3651e79e7d40a40e47aae23046f7761'}, 'date': {'date': '2021-03-08'}, 'block': {'height': 11995346}}, {'smartContract': {'address': {'address': '0xcbfef8fdd706cde6f208460f2bf39aa9c785f05d'}}, 'caller': {'address': '0x17d04113a3651e79e7d40a40e47aae23046f7761'}, 'date': {'date': '2021-03-08'}, 'block': {'height': 11995314}}, {'smartContract': {'address': {'address': '0xbfa9df9ed8805e657d0feab5d186c6a567752d7f'}}, 'caller': {'address': '0x17d04113a3651e79e7d40a40e47aae23046f7761'}, 'date': {'date': '2021-03-08'}, 'block': {'height': 11995260}}]",2021-03-08
146,146,0x4332f8A38f14BD3D8D1553aF27D7c7Ac6C27278D,Ape Finance,https://github.com/ape-fi,0x9299DBA92B45aa8FC298A20c4F5e753E5871E8e5,3591161.545,"[{'smartContract': {'address': {'address': '0x7ae4342b3ac155ce472ac9a16b26b7746b3ad358'}}, 'caller': {'address': '0x9299dba92b45aa8fc298a20c4f5e753e5871e8e5'}, 'date': {'date': '2022-11-03'}, 'block': {'height': 15888430}}, {'smartContract': {'address': {'address': '0x19d80289cca7d724e941730905ab3142ea13ef55'}}, 'caller': {'address': '0x9299dba92b45aa8fc298a20c4f5e753e5871e8e5'}, 'date': {'date': '2022-11-03'}, 'block': {'height': 15888362}}, {'smartContract': {'address': {'address': '0xbd8007d232da65f4030b904b3c6532dc3e63f55a'}}, 'caller': {'address': '0x9299dba92b45aa8fc298a20c4f5e753e5871e8e5'}, 'date': {'date': '2022-11-03'}, 'block': {'height': 15888356}}, {'smartContract': {'address': {'address': '0xff1741c8db21189b3cea83bd604b94a648c05898'}}, 'caller': {'address': '0x9299dba92b45aa8fc298a20c4f5e753e5871e8e5'}, 'date': {'date': '2022-11-03'}, 'block': {'height': 15888304}}, {'smartContract': {'address': {'address': '0x5ab6ae481768a1f51de2493f34984d8adf924a16'}}, 'caller': {'address': '0x9299dba92b45aa8fc298a20c4f5e753e5871e8e5'}, 'date': {'date': '2022-11-03'}, 'block': {'height': 15888303}}, {'smartContract': {'address': {'address': '0x818899c80e6d079cb211446e5963f47e1633ff9e'}}, 'caller': {'address': '0x9299dba92b45aa8fc298a20c4f5e753e5871e8e5'}, 'date': {'date': '2022-11-02'}, 'block': {'height': 15881769}}, {'smartContract': {'address': {'address': '0x833fe7f92b1f21e17b9cc4e52a55af0eda4760e8'}}, 'caller': {'address': '0x9299dba92b45aa8fc298a20c4f5e753e5871e8e5'}, 'date': {'date': '2022-11-02'}, 'block': {'height': 15881674}}, {'smartContract': {'address': {'address': '0xa52dda29e570867133da7d575bc6ad427aa3085e'}}, 'caller': {'address': '0x9299dba92b45aa8fc298a20c4f5e753e5871e8e5'}, 'date': {'date': '2022-11-02'}, 'block': {'height': 15881245}}, {'smartContract': {'address': {'address': '0xeafd44bb6c3d75e447455652011b7894247f9350'}}, 'caller': {'address': '0x9299dba92b45aa8fc298a20c4f5e753e5871e8e5'}, 'date': {'date': '2022-11-02'}, 'block': {'height': 15881182}}, {'smartContract': {'address': {'address': '0x82e2e0ac528fd105b09e2b4036be27e3ad94783a'}}, 'caller': {'address': '0x9299dba92b45aa8fc298a20c4f5e753e5871e8e5'}, 'date': {'date': '2022-11-02'}, 'block': {'height': 15881112}}, {'smartContract': {'address': {'address': '0x29ce1b3df9dfefeaf80e964944c0e6dbb9aa42d7'}}, 'caller': {'address': '0x9299dba92b45aa8fc298a20c4f5e753e5871e8e5'}, 'date': {'date': '2022-09-26'}, 'block': {'height': 15616537}}, {'smartContract': {'address': {'address': '0xd5bb32d5745af76510ba705d6063dd1f326aaf24'}}, 'caller': {'address': '0x9299dba92b45aa8fc298a20c4f5e753e5871e8e5'}, 'date': {'date': '2022-09-19'}, 'block': {'height': 15566569}}, {'smartContract': {'address': {'address': '0xf3de1fc01a02f4cdc3518a758fddd55ae069a8a0'}}, 'caller': {'address': '0x9299dba92b45aa8fc298a20c4f5e753e5871e8e5'}, 'date': {'date': '2022-09-15'}, 'block': {'height': 15536634}}, {'smartContract': {'address': {'address': '0x8e252a679c87313ccefc9559f4f1c0e4062390b5'}}, 'caller': {'address': '0x9299dba92b45aa8fc298a20c4f5e753e5871e8e5'}, 'date': {'date': '2022-08-09'}, 'block': {'height': 15308530}}, {'smartContract': {'address': {'address': '0xa803008a0d501b992bf5834fdff0064beff07a1b'}}, 'caller': {'address': '0x9299dba92b45aa8fc298a20c4f5e753e5871e8e5'}, 'date': {'date': '2022-08-04'}, 'block': {'height': 15275020}}, {'smartContract': {'address': {'address': '0xd4cf01b2a71330cc7c4a2404b9f8ae391f5b5100'}}, 'caller': {'address': '0x9299dba92b45aa8fc298a20c4f5e753e5871e8e5'}, 'date': {'date': '2022-08-04'}, 'block': {'height': 15274997}}, {'smartContract': {'address': {'address': '0x879dc3ed1a884f8b95823301eff8bd4b5f600a61'}}, 'caller': {'address': '0x9299dba92b45aa8fc298a20c4f5e753e5871e8e5'}, 'date': {'date': '2022-07-28'}, 'block': {'height': 15229980}}, {'smartContract': {'address': {'address': '0xce3ef8fb8a95c0f4350f58929bf050ddd5787cb4'}}, 'caller': {'address': '0x9299dba92b45aa8fc298a20c4f5e753e5871e8e5'}, 'date': {'date': '2022-07-28'}, 'block': {'height': 15228130}}, {'smartContract': {'address': {'address': '0x342a747dcb3ffd068a5f869ce0ddc97c17f1b53b'}}, 'caller': {'address': '0x9299dba92b45aa8fc298a20c4f5e753e5871e8e5'}, 'date': {'date': '2022-06-09'}, 'block': {'height': 14931718}}, {'smartContract': {'address': {'address': '0xff27ab818692a9c76c0283b132b0a436af0bc7b9'}}, 'caller': {'address': '0x9299dba92b45aa8fc298a20c4f5e753e5871e8e5'}, 'date': {'date': '2022-06-08'}, 'block': {'height': 14925813}}, {'smartContract': {'address': {'address': '0x5fc6456544838dd8ff35b7f5100a5b438d485f1d'}}, 'caller': {'address': '0x9299dba92b45aa8fc298a20c4f5e753e5871e8e5'}, 'date': {'date': '2022-05-20'}, 'block': {'height': 14809313}}, {'smartContract': {'address': {'address': '0xed8c6b5118621eba1d4a96ee5b56c4d170150f45'}}, 'caller': {'address': '0x9299dba92b45aa8fc298a20c4f5e753e5871e8e5'}, 'date': {'date': '2022-05-20'}, 'block': {'height': 14809302}}, {'smartContract': {'address': {'address': '0x84d30da8be6ba709ad4374c106acfcd4d61061e1'}}, 'caller': {'address': '0x9299dba92b45aa8fc298a20c4f5e753e5871e8e5'}, 'date': {'date': '2022-05-18'}, 'block': {'height': 14798389}}, {'smartContract': {'address': {'address': '0x74aedaf5e354100b9aba55dd74865d6755db7d2c'}}, 'caller': {'address': '0x9299dba92b45aa8fc298a20c4f5e753e5871e8e5'}, 'date': {'date': '2022-05-18'}, 'block': {'height': 14798388}}, {'smartContract': {'address': {'address': '0x76779c84b2c2937310656a60930f6f2824bf2ee7'}}, 'caller': {'address': '0x9299dba92b45aa8fc298a20c4f5e753e5871e8e5'}, 'date': {'date': '2022-05-18'}, 'block': {'height': 14798347}}, {'smartContract': {'address': {'address': '0xee822745a29f3baf8d66469b0a94f977e8586f83'}}, 'caller': {'address': '0x9299dba92b45aa8fc298a20c4f5e753e5871e8e5'}, 'date': {'date': '2022-05-16'}, 'block': {'height': 14787157}}, {'smartContract': {'address': {'address': '0x73690fe2211239683ecedd2e852c21c0bbf75e38'}}, 'caller': {'address': '0x9299dba92b45aa8fc298a20c4f5e753e5871e8e5'}, 'date': {'date': '2022-05-16'}, 'block': {'height': 14787154}}, {'smartContract': {'address': {'address': '0xcaaa0c316f8b91f25b35e318f83caab4acd327fb'}}, 'caller': {'address': '0x9299dba92b45aa8fc298a20c4f5e753e5871e8e5'}, 'date': {'date': '2022-05-16'}, 'block': {'height': 14787076}}, {'smartContract': {'address': {'address': '0xc7319dbc86a121313bc48b7c54d0672756465031'}}, 'caller': {'address': '0x9299dba92b45aa8fc298a20c4f5e753e5871e8e5'}, 'date': {'date': '2022-05-16'}, 'block': {'height': 14787065}}, {'smartContract': {'address': {'address': '0xcab90816f91cc25b04251857ed6002891eb0d6fa'}}, 'caller': {'address': '0x9299dba92b45aa8fc298a20c4f5e753e5871e8e5'}, 'date': {'date': '2022-05-16'}, 'block': {'height': 14787056}}, {'smartContract': {'address': {'address': '0x1c8e3cbee537e6249bda0af98f7055daa09e52d5'}}, 'caller': {'address': '0x9299dba92b45aa8fc298a20c4f5e753e5871e8e5'}, 'date': {'date': '2022-05-16'}, 'block': {'height': 14787047}}, {'smartContract': {'address': {'address': '0x26a1269f464494a2fb42fcafef79e85853411d45'}}, 'caller': {'address': '0x9299dba92b45aa8fc298a20c4f5e753e5871e8e5'}, 'date': {'date': '2022-05-16'}, 'block': {'height': 14787046}}, {'smartContract': {'address': {'address': '0xe0bcc7bc508449548bf146c93d8cadb533e2b99c'}}, 'caller': {'address': '0x9299dba92b45aa8fc298a20c4f5e753e5871e8e5'}, 'date': {'date': '2022-05-16'}, 'block': {'height': 14787045}}, {'smartContract': {'address': {'address': '0xe6189702244cf82444eff2175d7e53951810fa72'}}, 'caller': {'address': '0x9299dba92b45aa8fc298a20c4f5e753e5871e8e5'}, 'date': {'date': '2022-05-16'}, 'block': {'height': 14787042}}, {'smartContract': {'address': {'address': '0xff709449528b6fb6b88f557f7d93dece33bca78d'}}, 'caller': {'address': '0x9299dba92b45aa8fc298a20c4f5e753e5871e8e5'}, 'date': {'date': '2022-05-16'}, 'block': {'height': 14787040}}, {'smartContract': {'address': {'address': '0xb7a6d8d69d39b83cfe520e70cff29341daca44ba'}}, 'caller': {'address': '0x9299dba92b45aa8fc298a20c4f5e753e5871e8e5'}, 'date': {'date': '2022-05-16'}, 'block': {'height': 14787038}}, {'smartContract': {'address': {'address': '0xadb48ac5e1bb37b65d20f2aa376117860d98ce5c'}}, 'caller': {'address': '0x9299dba92b45aa8fc298a20c4f5e753e5871e8e5'}, 'date': {'date': '2022-05-16'}, 'block': {'height': 14787037}}, {'smartContract': {'address': {'address': '0x5006d1a781883652cba00c51a63d76ff21fa688d'}}, 'caller': {'address': '0x9299dba92b45aa8fc298a20c4f5e753e5871e8e5'}, 'date': {'date': '2022-05-16'}, 'block': {'height': 14787034}}, {'smartContract': {'address': {'address': '0xde607fe5cb415d83fe4a976afd97e5daeeaedb07'}}, 'caller': {'address': '0x9299dba92b45aa8fc298a20c4f5e753e5871e8e5'}, 'date': {'date': '2022-05-16'}, 'block': {'height': 14786980}}, {'smartContract': {'address': {'address': '0x4332f8a38f14bd3d8d1553af27d7c7ac6c27278d'}}, 'caller': {'address': '0x9299dba92b45aa8fc298a20c4f5e753e5871e8e5'}, 'date': {'date': '2022-05-16'}, 'block': {'height': 14786308}}, {'smartContract': {'address': {'address': '0x4f45fdb51e942626368f51b89b1e98144ea90376'}}, 'caller': {'address': '0x9299dba92b45aa8fc298a20c4f5e753e5871e8e5'}, 'date': {'date': '2022-05-14'}, 'block': {'height': 14773235}}, {'smartContract': {'address': {'address': '0xa5e991d070125c2e1d9893601d2c7f5e61337774'}}, 'caller': {'address': '0x9299dba92b45aa8fc298a20c4f5e753e5871e8e5'}, 'date': {'date': '2022-05-14'}, 'block': {'height': 14773234}}, {'smartContract': {'address': {'address': '0x72d1a327150e13e7b4bc855e557094a045c2f754'}}, 'caller': {'address': '0x9299dba92b45aa8fc298a20c4f5e753e5871e8e5'}, 'date': {'date': '2022-05-14'}, 'block': {'height': 14773193}}, {'smartContract': {'address': {'address': '0x9ffec4acb9a6528c7fb83ccca2b9e73e80d1a2d1'}}, 'caller': {'address': '0x9299dba92b45aa8fc298a20c4f5e753e5871e8e5'}, 'date': {'date': '2022-05-14'}, 'block': {'height': 14773188}}, {'smartContract': {'address': {'address': '0x519dbb13057a102b4c4efc31546ac87827a0f8a5'}}, 'caller': {'address': '0x9299dba92b45aa8fc298a20c4f5e753e5871e8e5'}, 'date': {'date': '2022-05-13'}, 'block': {'height': 14768991}}, {'smartContract': {'address': {'address': '0x23a5594ec077475cc466367d0b05222da206b906'}}, 'caller': {'address': '0x9299dba92b45aa8fc298a20c4f5e753e5871e8e5'}, 'date': {'date': '2022-05-13'}, 'block': {'height': 14768913}}]",2022-05-16
147,147,0x92868A5255C628dA08F550a858A802f5351C5223,(Proxy contract) Cross-Chain Bridge Token,https://github.com/crosschainbridge,0xCCB00A288D88AaFa6C0019B6431c1C1E164B742B,3582301.459,"[{'smartContract': {'address': {'address': '0x0285a1febd0404271b1d94c794550e5df3d6f22a'}}, 'caller': {'address': '0xccb00a288d88aafa6c0019b6431c1c1e164b742b'}, 'date': {'date': '2021-11-03'}, 'block': {'height': 13545459}}, {'smartContract': {'address': {'address': '0xc6994d7a1675516030e2cce98a55dd43d3ade5f1'}}, 'caller': {'address': '0xccb00a288d88aafa6c0019b6431c1c1e164b742b'}, 'date': {'date': '2021-11-03'}, 'block': {'height': 13545440}}, {'smartContract': {'address': {'address': '0x4715255aead9f9d1944c78a5e900efba26c05ee7'}}, 'caller': {'address': '0xccb00a288d88aafa6c0019b6431c1c1e164b742b'}, 'date': {'date': '2021-11-03'}, 'block': {'height': 13545408}}, {'smartContract': {'address': {'address': '0xa0e791f1b98e22bcb9bee11a8a66361db2c39eff'}}, 'caller': {'address': '0x0bdc1f983bc82b8f6f6bccbf9810a9cdc1fe455f'}, 'date': {'date': '2021-11-02'}, 'block': {'height': 13538431}}, {'smartContract': {'address': {'address': '0x302f0781bc788d908b00c532e377c1e00d14756b'}}, 'caller': {'address': '0x306fd816e0deed33439eb495f1857e1727a869d8'}, 'date': {'date': '2021-11-02'}, 'block': {'height': 13538431}}, {'smartContract': {'address': {'address': '0x4e6acfc6e12e6d9f34361f729b6746d143ff3416'}}, 'caller': {'address': '0x306fd816e0deed33439eb495f1857e1727a869d8'}, 'date': {'date': '2021-10-30'}, 'block': {'height': 13517401}}, {'smartContract': {'address': {'address': '0x6cfa91a622d3fca6952228785c8ce3a5e71d54be'}}, 'caller': {'address': '0x0bdc1f983bc82b8f6f6bccbf9810a9cdc1fe455f'}, 'date': {'date': '2021-10-30'}, 'block': {'height': 13517399}}, {'smartContract': {'address': {'address': '0x60371ea2fbe85366baacaef82fab95b60e2d1133'}}, 'caller': {'address': '0x306fd816e0deed33439eb495f1857e1727a869d8'}, 'date': {'date': '2021-10-30'}, 'block': {'height': 13517385}}, {'smartContract': {'address': {'address': '0x229c0f1344484f929184d931e5257750d88e3fe0'}}, 'caller': {'address': '0x0bdc1f983bc82b8f6f6bccbf9810a9cdc1fe455f'}, 'date': {'date': '2021-10-30'}, 'block': {'height': 13517384}}, {'smartContract': {'address': {'address': '0x98750c6c6086efc7ea8aba11a29d193f98c1654b'}}, 'caller': {'address': '0x306fd816e0deed33439eb495f1857e1727a869d8'}, 'date': {'date': '2021-10-30'}, 'block': {'height': 13517361}}, {'smartContract': {'address': {'address': '0xd90e9f698139617e47461ebb5c67d3d56badabc1'}}, 'caller': {'address': '0x0bdc1f983bc82b8f6f6bccbf9810a9cdc1fe455f'}, 'date': {'date': '2021-10-30'}, 'block': {'height': 13517356}}, {'smartContract': {'address': {'address': '0xc6c82017e53917652459438ece2ec2583321a222'}}, 'caller': {'address': '0xa44a810959a2701d875e5f3b5a4ad16422d03624'}, 'date': {'date': '2021-10-29'}, 'block': {'height': 13514960}}, {'smartContract': {'address': {'address': '0x4e381d7a341d0e60fcdef09299b1c2ebcc7c5cc0'}}, 'caller': {'address': '0xa44a810959a2701d875e5f3b5a4ad16422d03624'}, 'date': {'date': '2021-10-29'}, 'block': {'height': 13514925}}, {'smartContract': {'address': {'address': '0x8c341d1b28fb4aef7387ecf7ce253fae43298c23'}}, 'caller': {'address': '0x5c69bee701ef814a2b6a3edd4b1652cb9cc5aa6f'}, 'date': {'date': '2021-10-29'}, 'block': {'height': 13514788}}, {'smartContract': {'address': {'address': '0xf4051ac5723f5517b265a51b444c98e0a0f78f1c'}}, 'caller': {'address': '0xa44a810959a2701d875e5f3b5a4ad16422d03624'}, 'date': {'date': '2021-10-29'}, 'block': {'height': 13514251}}, {'smartContract': {'address': {'address': '0x95c03e99076f222da244e5cb29af355f989c6dd7'}}, 'caller': {'address': '0xccb00a288d88aafa6c0019b6431c1c1e164b742b'}, 'date': {'date': '2021-10-29'}, 'block': {'height': 13511617}}, {'smartContract': {'address': {'address': '0x8b43285a27d69ff8c84b728ad99dcc0746545da3'}}, 'caller': {'address': '0xccb00a288d88aafa6c0019b6431c1c1e164b742b'}, 'date': {'date': '2021-10-29'}, 'block': {'height': 13511614}}, {'smartContract': {'address': {'address': '0x6400d6dd89f7818c9a1a80b0d67e665406be89ea'}}, 'caller': {'address': '0xccb00a288d88aafa6c0019b6431c1c1e164b742b'}, 'date': {'date': '2021-10-29'}, 'block': {'height': 13511609}}, {'smartContract': {'address': {'address': '0xa44a810959a2701d875e5f3b5a4ad16422d03624'}}, 'caller': {'address': '0xccb00a288d88aafa6c0019b6431c1c1e164b742b'}, 'date': {'date': '2021-10-29'}, 'block': {'height': 13510999}}, {'smartContract': {'address': {'address': '0xb6165011ad123bdc9f45a29be8bc9fe57755444f'}}, 'caller': {'address': '0xccb00a288d88aafa6c0019b6431c1c1e164b742b'}, 'date': {'date': '2021-10-29'}, 'block': {'height': 13510997}}, {'smartContract': {'address': {'address': '0xfb9108b960502d7b827df29391008cdf657e1569'}}, 'caller': {'address': '0xccb00a288d88aafa6c0019b6431c1c1e164b742b'}, 'date': {'date': '2021-10-29'}, 'block': {'height': 13510989}}, {'smartContract': {'address': {'address': '0x3fd1ecbfd9ec0c3bdea196657fd917b1998ecce4'}}, 'caller': {'address': '0xccb00a288d88aafa6c0019b6431c1c1e164b742b'}, 'date': {'date': '2021-10-29'}, 'block': {'height': 13510981}}, {'smartContract': {'address': {'address': '0x306fd816e0deed33439eb495f1857e1727a869d8'}}, 'caller': {'address': '0xccb00a288d88aafa6c0019b6431c1c1e164b742b'}, 'date': {'date': '2021-10-29'}, 'block': {'height': 13510966}}, {'smartContract': {'address': {'address': '0xdb4fa947191a2d4c77475797759662d5fab9b81b'}}, 'caller': {'address': '0xccb00a288d88aafa6c0019b6431c1c1e164b742b'}, 'date': {'date': '2021-10-29'}, 'block': {'height': 13510965}}, {'smartContract': {'address': {'address': '0x775e6a16574e9e090947e294834169cc01eb177b'}}, 'caller': {'address': '0xccb00a288d88aafa6c0019b6431c1c1e164b742b'}, 'date': {'date': '2021-10-29'}, 'block': {'height': 13510957}}, {'smartContract': {'address': {'address': '0x6ebc0d4ae955218195e6d016fb9d4358ee34d1f9'}}, 'caller': {'address': '0xccb00a288d88aafa6c0019b6431c1c1e164b742b'}, 'date': {'date': '2021-10-29'}, 'block': {'height': 13510873}}, {'smartContract': {'address': {'address': '0x0bdc1f983bc82b8f6f6bccbf9810a9cdc1fe455f'}}, 'caller': {'address': '0xccb00a288d88aafa6c0019b6431c1c1e164b742b'}, 'date': {'date': '2021-10-29'}, 'block': {'height': 13510846}}, {'smartContract': {'address': {'address': '0xbab537b7ae2fcb00eea7e91fa4782eebad3b6d10'}}, 'caller': {'address': '0xccb00a288d88aafa6c0019b6431c1c1e164b742b'}, 'date': {'date': '2021-10-29'}, 'block': {'height': 13510810}}, {'smartContract': {'address': {'address': '0x28576b9810988ba806f00a5fb4c318111a26b143'}}, 'caller': {'address': '0xccb00a288d88aafa6c0019b6431c1c1e164b742b'}, 'date': {'date': '2021-10-29'}, 'block': {'height': 13510804}}, {'smartContract': {'address': {'address': '0x3d5d9ce516d5d17d223ff9a054758791d7ba915d'}}, 'caller': {'address': '0xccb00a288d88aafa6c0019b6431c1c1e164b742b'}, 'date': {'date': '2021-10-29'}, 'block': {'height': 13510802}}, {'smartContract': {'address': {'address': '0x8a0f4e4dcb5b2bf7cd53540ba87889f905347618'}}, 'caller': {'address': '0xccb00a288d88aafa6c0019b6431c1c1e164b742b'}, 'date': {'date': '2021-10-29'}, 'block': {'height': 13510799}}, {'smartContract': {'address': {'address': '0x285f2dd67d105f1611afe138851dd371f0d7798c'}}, 'caller': {'address': '0xccb00a288d88aafa6c0019b6431c1c1e164b742b'}, 'date': {'date': '2021-10-29'}, 'block': {'height': 13510797}}, {'smartContract': {'address': {'address': '0x8cf1ee218108981a70e7ba8aedd9a0ba368c562f'}}, 'caller': {'address': '0xccb00a288d88aafa6c0019b6431c1c1e164b742b'}, 'date': {'date': '2021-10-29'}, 'block': {'height': 13510793}}, {'smartContract': {'address': {'address': '0xf99d947ffe59dfc99067597071323f0aed39bfbe'}}, 'caller': {'address': '0xccb00a288d88aafa6c0019b6431c1c1e164b742b'}, 'date': {'date': '2021-10-29'}, 'block': {'height': 13510789}}, {'smartContract': {'address': {'address': '0xcbce172d7af2616804ab5b2494102daec47b2635'}}, 'caller': {'address': '0xccb00a288d88aafa6c0019b6431c1c1e164b742b'}, 'date': {'date': '2021-10-29'}, 'block': {'height': 13510786}}, {'smartContract': {'address': {'address': '0x46325c7005f04900f8d74cd0eab903597b6effff'}}, 'caller': {'address': '0xccb00a288d88aafa6c0019b6431c1c1e164b742b'}, 'date': {'date': '2021-10-29'}, 'block': {'height': 13510778}}, {'smartContract': {'address': {'address': '0x92868a5255c628da08f550a858a802f5351c5223'}}, 'caller': {'address': '0xccb00a288d88aafa6c0019b6431c1c1e164b742b'}, 'date': {'date': '2021-10-29'}, 'block': {'height': 13510770}}, {'smartContract': {'address': {'address': '0x7f1c685424633a29573cbc27289101cba6786796'}}, 'caller': {'address': '0xccb00a288d88aafa6c0019b6431c1c1e164b742b'}, 'date': {'date': '2021-10-29'}, 'block': {'height': 13510762}}]",2021-10-29
148,148,0x8888801aF4d980682e47f1A9036e589479e835C5,88mph.app,https://github.com/88mphapp,0x35fe9C48f124ba068eFDF584e6239d65618F7D5E,3538683.876,[],2020-11-19
149,149,0x519C1001D550C0a1DaE7d1fC220f7d14c2A521BB,Polkaswap,https://github.com/sora-xor/polkaswap-web,0x1485E9852ac841b52eD44D573036429504f4F602,3532143.965,[],2021-05-13
150,150,0x888888888889C00c67689029D7856AAC1065eC11,Opium Governance Token,https://github.com/OpiumProtocol,0x8CC1cFdc1C60C19a1d7C0fa3c042a4916AA79a51,3520720.575,[],2021-01-25
151,151,0xBBc2AE13b23d715c30720F079fcd9B4a74093505,@EthernityChain $ERN Token,,0xa2E900731D6959b27637399b5a38c39e3Cd23F4f,3414205.619,"[{'smartContract': {'address': {'address': '0x380b7308bb8fbb4e7e235c2216898907b49d3f6a'}}, 'caller': {'address': '0xa2e900731d6959b27637399b5a38c39e3cd23f4f'}, 'date': {'date': '2021-03-07'}, 'block': {'height': 11994133}}, {'smartContract': {'address': {'address': '0xed8e437938542366ed4d6d0a544523d7667b1470'}}, 'caller': {'address': '0xa2e900731d6959b27637399b5a38c39e3cd23f4f'}, 'date': {'date': '2021-03-07'}, 'block': {'height': 11994091}}, {'smartContract': {'address': {'address': '0xbbc2ae13b23d715c30720f079fcd9b4a74093505'}}, 'caller': {'address': '0xa2e900731d6959b27637399b5a38c39e3cd23f4f'}, 'date': {'date': '2021-01-29'}, 'block': {'height': 11749003}}, {'smartContract': {'address': {'address': '0xdedc33fcbc3f376ce77266fb412b7c6ade728794'}}, 'caller': {'address': '0xa2e900731d6959b27637399b5a38c39e3cd23f4f'}, 'date': {'date': '2021-01-29'}, 'block': {'height': 11748982}}, {'smartContract': {'address': {'address': '0x324f1ad72dc4cbef19e8b005d300ea7b7e180523'}}, 'caller': {'address': '0xa2e900731d6959b27637399b5a38c39e3cd23f4f'}, 'date': {'date': '2021-01-29'}, 'block': {'height': 11748722}}]",2021-01-29
152,152,0x6810e776880C02933D47DB1b9fc05908e5386b96,Gnosis (GNO),https://github.com/gnosis/safe-contracts/,0xbe4e25443Df23382228E6347b06565edD838f901,3355113.24,[],2017-04-18
153,153,0xc221b7E65FfC80DE234bbB6667aBDd46593D34F0,Wrapped Centrifuge,https://github.com/centrifuge/,0x6F8360FeF3Fd978ab9ABD43156e8b8671eAe64de,3277654.022,"[{'smartContract': {'address': {'address': '0xc221b7e65ffc80de234bbb6667abdd46593d34f0'}}, 'caller': {'address': '0x6f8360fef3fd978ab9abd43156e8b8671eae64de'}, 'date': {'date': '2021-05-24'}, 'block': {'height': 12499944}}, {'smartContract': {'address': {'address': '0x450c8539cac30c194a749bbf071256eafbb5b812'}}, 'caller': {'address': '0xf9c9f44f8895c4a56bfe7d71e4e222ed6f2132b9'}, 'date': {'date': '2020-09-02'}, 'block': {'height': 10783705}}, {'smartContract': {'address': {'address': '0x5b82276ab1083df2e92e24e4446e65733d71050c'}}, 'caller': {'address': '0x0adf39a13836b493e5fd64f0d6d589ab8146f93f'}, 'date': {'date': '2020-09-02'}, 'block': {'height': 10783703}}, {'smartContract': {'address': {'address': '0x3cf4deecad850a2b09fc2c8ea223943b57d1d4d2'}}, 'caller': {'address': '0x377ba84083e5fe1c273e5ba1f61880c7721563ca'}, 'date': {'date': '2020-09-02'}, 'block': {'height': 10783700}}, {'smartContract': {'address': {'address': '0x67ba167bebed75cbc7bd6b5e9f7cb7749f5a6a50'}}, 'caller': {'address': '0x48bba085ec8b258e2a2ded2f0b2876806157d25e'}, 'date': {'date': '2020-09-02'}, 'block': {'height': 10783699}}, {'smartContract': {'address': {'address': '0x3c3b4b2cc7dbc4409563e74a174ac3c4c4780dfb'}}, 'caller': {'address': '0x00d1a8bf50f6de1301726c7bc41a9ab0eac7c550'}, 'date': {'date': '2020-09-02'}, 'block': {'height': 10783696}}, {'smartContract': {'address': {'address': '0x0d981ad3ae8c1f7a492d8926a72ca7bb1634c403'}}, 'caller': {'address': '0x66e4f8b31dead2743748ca9c698206a27e21850b'}, 'date': {'date': '2020-09-02'}, 'block': {'height': 10783692}}, {'smartContract': {'address': {'address': '0xf9d8cf710a65e8b6a830138037e5614e6a78455a'}}, 'caller': {'address': '0x6f8360fef3fd978ab9abd43156e8b8671eae64de'}, 'date': {'date': '2020-09-02'}, 'block': {'height': 10783689}}, {'smartContract': {'address': {'address': '0x48bba085ec8b258e2a2ded2f0b2876806157d25e'}}, 'caller': {'address': '0x1a5a533bcf4ef8a884732056f413114159d03058'}, 'date': {'date': '2020-09-02'}, 'block': {'height': 10783686}}, {'smartContract': {'address': {'address': '0x5bdcef4d70d7df939cb52be639f6a189423837ee'}}, 'caller': {'address': '0xe1b0b321ce7fb1b11c7d826981e9bb412bb40508'}, 'date': {'date': '2020-09-02'}, 'block': {'height': 10783682}}, {'smartContract': {'address': {'address': '0xf2c43699306dab17ec353886272bdfb4f443ad84'}}, 'caller': {'address': '0xdc7a04baa4c06f1cf0d10cc37655628eb52a4b15'}, 'date': {'date': '2020-09-02'}, 'block': {'height': 10783680}}, {'smartContract': {'address': {'address': '0x2f2d1a43c53a4fae45417308401434cb29cb5cb5'}}, 'caller': {'address': '0xdc7a04baa4c06f1cf0d10cc37655628eb52a4b15'}, 'date': {'date': '2020-09-02'}, 'block': {'height': 10783680}}, {'smartContract': {'address': {'address': '0xc8e0c0ddd09ba807cf745ff84ef712d7e0a1b4db'}}, 'caller': {'address': '0xf6598f647e2e9c3ae66ebbcb8cba651bc94df37c'}, 'date': {'date': '2020-09-02'}, 'block': {'height': 10783678}}, {'smartContract': {'address': {'address': '0x2df96f168a25059c445095648cee440310bd3a12'}}, 'caller': {'address': '0x1e306a344c523fe34917c566fad48dfc75c7746f'}, 'date': {'date': '2020-09-02'}, 'block': {'height': 10783675}}, {'smartContract': {'address': {'address': '0x82e904ec8b97dcdd399d00a728e1781bcbdd2bf4'}}, 'caller': {'address': '0x1e306a344c523fe34917c566fad48dfc75c7746f'}, 'date': {'date': '2020-09-02'}, 'block': {'height': 10783675}}, {'smartContract': {'address': {'address': '0x27b309c6870d8b4ff762d230f0ee112e1c633267'}}, 'caller': {'address': '0x3d33d08b16e8d18d2eab54a66e181c4c17bc816d'}, 'date': {'date': '2020-09-02'}, 'block': {'height': 10783674}}, {'smartContract': {'address': {'address': '0x6377737c28921fab9497e2a9f30fe8147a3bdfe4'}}, 'caller': {'address': '0x55c806e7642d104fb474d5f2167f8430141bcc5a'}, 'date': {'date': '2020-09-02'}, 'block': {'height': 10783672}}, {'smartContract': {'address': {'address': '0xf9c2bc2d6577b5fe915e2f7da0e56c4434e2777c'}}, 'caller': {'address': '0x6f8360fef3fd978ab9abd43156e8b8671eae64de'}, 'date': {'date': '2020-09-02'}, 'block': {'height': 10783666}}, {'smartContract': {'address': {'address': '0x23e11b3f2cd3d73f68a4a3af436e2ed3459d0260'}}, 'caller': {'address': '0x6f8360fef3fd978ab9abd43156e8b8671eae64de'}, 'date': {'date': '2020-09-02'}, 'block': {'height': 10783663}}, {'smartContract': {'address': {'address': '0xa73477d701c1ce37a8ca6db21c9b7a006049c867'}}, 'caller': {'address': '0x0adf39a13836b493e5fd64f0d6d589ab8146f93f'}, 'date': {'date': '2020-08-15'}, 'block': {'height': 10661463}}, {'smartContract': {'address': {'address': '0x73451360fb99ffbd5aefd9b11e4717f533fae6ea'}}, 'caller': {'address': '0xf9c9f44f8895c4a56bfe7d71e4e222ed6f2132b9'}, 'date': {'date': '2020-08-15'}, 'block': {'height': 10661463}}, {'smartContract': {'address': {'address': '0x406504500ac3efba725f14b6c7ac1e0047ecf520'}}, 'caller': {'address': '0x377ba84083e5fe1c273e5ba1f61880c7721563ca'}, 'date': {'date': '2020-08-15'}, 'block': {'height': 10661458}}, {'smartContract': {'address': {'address': '0x7b01145a8d736207ac46bdb831e7759264b05e6b'}}, 'caller': {'address': '0xeddaa0af4ab1fde558d8e07aeeba623236869cf1'}, 'date': {'date': '2020-08-15'}, 'block': {'height': 10661456}}, {'smartContract': {'address': {'address': '0x9c623e8864c9fcd56a2b87826198687ec9d03665'}}, 'caller': {'address': '0x00d1a8bf50f6de1301726c7bc41a9ab0eac7c550'}, 'date': {'date': '2020-08-15'}, 'block': {'height': 10661452}}, {'smartContract': {'address': {'address': '0x3a577e0281bc75de94e0532c68bf01f939a2e561'}}, 'caller': {'address': '0x66e4f8b31dead2743748ca9c698206a27e21850b'}, 'date': {'date': '2020-08-15'}, 'block': {'height': 10661449}}, {'smartContract': {'address': {'address': '0x0b0e598fc31e8cb58fe2172c8b26a8a971837e2b'}}, 'caller': {'address': '0x6f8360fef3fd978ab9abd43156e8b8671eae64de'}, 'date': {'date': '2020-08-15'}, 'block': {'height': 10661446}}, {'smartContract': {'address': {'address': '0xeddaa0af4ab1fde558d8e07aeeba623236869cf1'}}, 'caller': {'address': '0x1a5a533bcf4ef8a884732056f413114159d03058'}, 'date': {'date': '2020-08-15'}, 'block': {'height': 10661444}}, {'smartContract': {'address': {'address': '0x4decb7e9c3e4148a5d281b4522f1b22ca77423bd'}}, 'caller': {'address': '0xe1b0b321ce7fb1b11c7d826981e9bb412bb40508'}, 'date': {'date': '2020-08-15'}, 'block': {'height': 10661364}}, {'smartContract': {'address': {'address': '0x75358396f4fcf60a1691527e3c96bf47b9daf4f6'}}, 'caller': {'address': '0xdc7a04baa4c06f1cf0d10cc37655628eb52a4b15'}, 'date': {'date': '2020-08-15'}, 'block': {'height': 10661359}}, {'smartContract': {'address': {'address': '0x473bd32f890855138ed085582d80099f11ad7767'}}, 'caller': {'address': '0xdc7a04baa4c06f1cf0d10cc37655628eb52a4b15'}, 'date': {'date': '2020-08-15'}, 'block': {'height': 10661359}}, {'smartContract': {'address': {'address': '0xb61aef42458943d6ba3f8e9fb0394bf0582b23f8'}}, 'caller': {'address': '0xf6598f647e2e9c3ae66ebbcb8cba651bc94df37c'}, 'date': {'date': '2020-08-15'}, 'block': {'height': 10661354}}, {'smartContract': {'address': {'address': '0x5493598d86e2f8cbc78facf42982746491880628'}}, 'caller': {'address': '0x1e306a344c523fe34917c566fad48dfc75c7746f'}, 'date': {'date': '2020-08-15'}, 'block': {'height': 10661351}}, {'smartContract': {'address': {'address': '0xe631efbac8bcfd379d37311d864a08f174333f05'}}, 'caller': {'address': '0x1e306a344c523fe34917c566fad48dfc75c7746f'}, 'date': {'date': '2020-08-15'}, 'block': {'height': 10661351}}, {'smartContract': {'address': {'address': '0xef25abce001be8e4c9a66038035c7c28a273ea4d'}}, 'caller': {'address': '0x3d33d08b16e8d18d2eab54a66e181c4c17bc816d'}, 'date': {'date': '2020-08-15'}, 'block': {'height': 10661350}}, {'smartContract': {'address': {'address': '0xaa298fd9206a4d66346124b6358fc4fc803398e5'}}, 'caller': {'address': '0x55c806e7642d104fb474d5f2167f8430141bcc5a'}, 'date': {'date': '2020-08-15'}, 'block': {'height': 10661348}}, {'smartContract': {'address': {'address': '0x4862f887dcfb4014f68b69304f1a5381e89edd82'}}, 'caller': {'address': '0x6f8360fef3fd978ab9abd43156e8b8671eae64de'}, 'date': {'date': '2020-08-15'}, 'block': {'height': 10661344}}, {'smartContract': {'address': {'address': '0xa5caefbaa3902c3567ec2ba650a7ee4b19ea0d28'}}, 'caller': {'address': '0x6f8360fef3fd978ab9abd43156e8b8671eae64de'}, 'date': {'date': '2020-08-15'}, 'block': {'height': 10661341}}, {'smartContract': {'address': {'address': '0xa63595a72ab27c882c162c2206261109a67710cf'}}, 'caller': {'address': '0xf9c9f44f8895c4a56bfe7d71e4e222ed6f2132b9'}, 'date': {'date': '2020-08-04'}, 'block': {'height': 10595494}}, {'smartContract': {'address': {'address': '0x24a400cc5943ca33e81c69ebbaf105bde145ebc5'}}, 'caller': {'address': '0x0adf39a13836b493e5fd64f0d6d589ab8146f93f'}, 'date': {'date': '2020-08-04'}, 'block': {'height': 10595490}}, {'smartContract': {'address': {'address': '0xadafacda038d05e9b20845c66a6955143e3e50a7'}}, 'caller': {'address': '0x377ba84083e5fe1c273e5ba1f61880c7721563ca'}, 'date': {'date': '2020-08-04'}, 'block': {'height': 10595488}}, {'smartContract': {'address': {'address': '0xf4846f411e8ab969ef869a5e30dc10a68cf5d2b0'}}, 'caller': {'address': '0x273a9783854cdb9e46317cf6c16989bc35e76ee2'}, 'date': {'date': '2020-08-04'}, 'block': {'height': 10595482}}, {'smartContract': {'address': {'address': '0xa1044556e2cd8e0d3c143fe0f02640727a5a380b'}}, 'caller': {'address': '0x00d1a8bf50f6de1301726c7bc41a9ab0eac7c550'}, 'date': {'date': '2020-08-04'}, 'block': {'height': 10595479}}, {'smartContract': {'address': {'address': '0xdb189af0664e5d4870fb3a4578a6c161d02b2a93'}}, 'caller': {'address': '0x66e4f8b31dead2743748ca9c698206a27e21850b'}, 'date': {'date': '2020-08-04'}, 'block': {'height': 10595476}}, {'smartContract': {'address': {'address': '0x4d85315a2452f223e508ed9900c63957678a4722'}}, 'caller': {'address': '0x6f8360fef3fd978ab9abd43156e8b8671eae64de'}, 'date': {'date': '2020-08-04'}, 'block': {'height': 10595474}}, {'smartContract': {'address': {'address': '0x273a9783854cdb9e46317cf6c16989bc35e76ee2'}}, 'caller': {'address': '0x1a5a533bcf4ef8a884732056f413114159d03058'}, 'date': {'date': '2020-08-04'}, 'block': {'height': 10595472}}, {'smartContract': {'address': {'address': '0x8322c73d374d46c153c010bbf675a5576bd481da'}}, 'caller': {'address': '0xd3903c8edd43b83eea860437c647e15c47dcda90'}, 'date': {'date': '2020-08-04'}, 'block': {'height': 10595466}}, {'smartContract': {'address': {'address': '0x52dd3731369a0bfb6131125d6378db808cccf602'}}, 'caller': {'address': '0xdc7a04baa4c06f1cf0d10cc37655628eb52a4b15'}, 'date': {'date': '2020-08-04'}, 'block': {'height': 10595463}}, {'smartContract': {'address': {'address': '0x6f038b9987baa1b0acc2b4b96c4050e204acdddd'}}, 'caller': {'address': '0xdc7a04baa4c06f1cf0d10cc37655628eb52a4b15'}, 'date': {'date': '2020-08-04'}, 'block': {'height': 10595463}}, {'smartContract': {'address': {'address': '0x1c319555d2e8bc24747009897c58974a60fb5901'}}, 'caller': {'address': '0xd3903c8edd43b83eea860437c647e15c47dcda90'}, 'date': {'date': '2020-08-04'}, 'block': {'height': 10595462}}, {'smartContract': {'address': {'address': '0xe6defabf835fe9ff870db5535c659f3de3de534b'}}, 'caller': {'address': '0x1e306a344c523fe34917c566fad48dfc75c7746f'}, 'date': {'date': '2020-08-04'}, 'block': {'height': 10595460}}, {'smartContract': {'address': {'address': '0x9cd07d22a5b0b5154eaf8e12349f013a01c0a74b'}}, 'caller': {'address': '0x1e306a344c523fe34917c566fad48dfc75c7746f'}, 'date': {'date': '2020-08-04'}, 'block': {'height': 10595460}}, {'smartContract': {'address': {'address': '0x75862b8e796a0be99a3ec8ab726873b2dc0e45d5'}}, 'caller': {'address': '0x3d33d08b16e8d18d2eab54a66e181c4c17bc816d'}, 'date': {'date': '2020-08-04'}, 'block': {'height': 10595459}}, {'smartContract': {'address': {'address': '0x1f7adb00e86935a8ba83d8d51dc56d8cadf7b1da'}}, 'caller': {'address': '0x55c806e7642d104fb474d5f2167f8430141bcc5a'}, 'date': {'date': '2020-08-04'}, 'block': {'height': 10595456}}, {'smartContract': {'address': {'address': '0xc4c7de8a75601d409b6164772c15fdc424d23b65'}}, 'caller': {'address': '0x6f8360fef3fd978ab9abd43156e8b8671eae64de'}, 'date': {'date': '2020-08-04'}, 'block': {'height': 10595445}}, {'smartContract': {'address': {'address': '0xd3903c8edd43b83eea860437c647e15c47dcda90'}}, 'caller': {'address': '0x1a5a533bcf4ef8a884732056f413114159d03058'}, 'date': {'date': '2020-08-04'}, 'block': {'height': 10595438}}, {'smartContract': {'address': {'address': '0xe02d16927c7f73e48dd7aef4c86fa9aaedfe8abf'}}, 'caller': {'address': '0x6f8360fef3fd978ab9abd43156e8b8671eae64de'}, 'date': {'date': '2020-08-04'}, 'block': {'height': 10595436}}, {'smartContract': {'address': {'address': '0x1a92818eef8a77fbaab027f16f16dee67a92b56d'}}, 'caller': {'address': '0xf9c9f44f8895c4a56bfe7d71e4e222ed6f2132b9'}, 'date': {'date': '2020-07-20'}, 'block': {'height': 10498799}}, {'smartContract': {'address': {'address': '0x8074b3850530f7f66e039652a8c54eec2e8b6bec'}}, 'caller': {'address': '0x0adf39a13836b493e5fd64f0d6d589ab8146f93f'}, 'date': {'date': '2020-07-20'}, 'block': {'height': 10498795}}, {'smartContract': {'address': {'address': '0x5fb8479d021e5881a4874fdf15e549355c57b885'}}, 'caller': {'address': '0x377ba84083e5fe1c273e5ba1f61880c7721563ca'}, 'date': {'date': '2020-07-20'}, 'block': {'height': 10498792}}, {'smartContract': {'address': {'address': '0x3fbcddee1f5efc545828560869353287ec901c04'}}, 'caller': {'address': '0x1fe33c876956139f0894cf7ac976769ac2f8ce55'}, 'date': {'date': '2020-07-20'}, 'block': {'height': 10498788}}, {'smartContract': {'address': {'address': '0x1f1ea72b9a1edf799f27ea3a5d18262e92a845a6'}}, 'caller': {'address': '0x00d1a8bf50f6de1301726c7bc41a9ab0eac7c550'}, 'date': {'date': '2020-07-20'}, 'block': {'height': 10498786}}, {'smartContract': {'address': {'address': '0x8ce9c232441775308717bf9873621a27819389d4'}}, 'caller': {'address': '0x66e4f8b31dead2743748ca9c698206a27e21850b'}, 'date': {'date': '2020-07-20'}, 'block': {'height': 10498784}}, {'smartContract': {'address': {'address': '0x80cec80296bd4d92be782b0c5845fae147b49992'}}, 'caller': {'address': '0x6f8360fef3fd978ab9abd43156e8b8671eae64de'}, 'date': {'date': '2020-07-20'}, 'block': {'height': 10498781}}, {'smartContract': {'address': {'address': '0x1fe33c876956139f0894cf7ac976769ac2f8ce55'}}, 'caller': {'address': '0x1a5a533bcf4ef8a884732056f413114159d03058'}, 'date': {'date': '2020-07-20'}, 'block': {'height': 10498777}}, {'smartContract': {'address': {'address': '0x44b4b012d4716cc45945d4cb4d4ac25871416583'}}, 'caller': {'address': '0xf6598f647e2e9c3ae66ebbcb8cba651bc94df37c'}, 'date': {'date': '2020-07-20'}, 'block': {'height': 10498769}}, {'smartContract': {'address': {'address': '0x1ad9a8efde1b2fa2773c0632e4fc5bf217aa205e'}}, 'caller': {'address': '0xdc7a04baa4c06f1cf0d10cc37655628eb52a4b15'}, 'date': {'date': '2020-07-20'}, 'block': {'height': 10498762}}, {'smartContract': {'address': {'address': '0x05791d754ef5788532287de5a730645f2bbcf78f'}}, 'caller': {'address': '0xdc7a04baa4c06f1cf0d10cc37655628eb52a4b15'}, 'date': {'date': '2020-07-20'}, 'block': {'height': 10498762}}, {'smartContract': {'address': {'address': '0xa5fa0717bbe6b9691268986f2424660c1b557bf1'}}, 'caller': {'address': '0xf6598f647e2e9c3ae66ebbcb8cba651bc94df37c'}, 'date': {'date': '2020-07-20'}, 'block': {'height': 10498755}}, {'smartContract': {'address': {'address': '0xc93728c2a5e208f012a136ffa7f7e05f8bd3c8f4'}}, 'caller': {'address': '0x1e306a344c523fe34917c566fad48dfc75c7746f'}, 'date': {'date': '2020-07-20'}, 'block': {'height': 10498751}}, {'smartContract': {'address': {'address': '0xec90bcbb3e8fa1abb9fd2983005282bae6f02f5d'}}, 'caller': {'address': '0x1e306a344c523fe34917c566fad48dfc75c7746f'}, 'date': {'date': '2020-07-20'}, 'block': {'height': 10498751}}, {'smartContract': {'address': {'address': '0x3e18fad844cfc0c669fedbe3ada5173401af36d1'}}, 'caller': {'address': '0x3d33d08b16e8d18d2eab54a66e181c4c17bc816d'}, 'date': {'date': '2020-07-20'}, 'block': {'height': 10498750}}, {'smartContract': {'address': {'address': '0xfee2b69eddd98397b6cbf816e805ad52bd4407c7'}}, 'caller': {'address': '0x55c806e7642d104fb474d5f2167f8430141bcc5a'}, 'date': {'date': '2020-07-20'}, 'block': {'height': 10498743}}, {'smartContract': {'address': {'address': '0xc9a5bb321031e96416c9de550ad705e9ff1fb4d1'}}, 'caller': {'address': '0x6f8360fef3fd978ab9abd43156e8b8671eae64de'}, 'date': {'date': '2020-07-20'}, 'block': {'height': 10498734}}, {'smartContract': {'address': {'address': '0xdc7a04baa4c06f1cf0d10cc37655628eb52a4b15'}}, 'caller': {'address': '0x1a5a533bcf4ef8a884732056f413114159d03058'}, 'date': {'date': '2020-07-20'}, 'block': {'height': 10498709}}, {'smartContract': {'address': {'address': '0xeb33ab19d17d62950b16e843005fcdda62d5f551'}}, 'caller': {'address': '0x6f8360fef3fd978ab9abd43156e8b8671eae64de'}, 'date': {'date': '2020-07-20'}, 'block': {'height': 10498700}}]",2021-05-25
154,154,0xbEa98c05eEAe2f3bC8c3565Db7551Eb738c8CCAb,Geyser,https://github.com/gysr-io,0xA80481E3f9098602954B2E5cf306e6dEE053EF3E,3201018.793,"[{'smartContract': {'address': {'address': '0x8994b0ff3e38ed3bf4a80e2b01805183f8448424'}}, 'caller': {'address': '0xab403b87cff1075392e23eb31c8f7ab20e39e71e'}, 'date': {'date': '2022-08-04'}, 'block': {'height': 15272804}}, {'smartContract': {'address': {'address': '0x01b7668f6c261a0f89f8521a4adbb61bbc8026d0'}}, 'caller': {'address': '0xc517a08aee9ca160a610752e50a6ed8087049091'}, 'date': {'date': '2022-08-04'}, 'block': {'height': 15272804}}, {'smartContract': {'address': {'address': '0x48bd3e80801f611138297d934fb9afa585f66124'}}, 'caller': {'address': '0xaef2a7e4cbeb875475cfb1924867b9374569d894'}, 'date': {'date': '2022-08-04'}, 'block': {'height': 15272804}}, {'smartContract': {'address': {'address': '0x764ed88143d7ddb85512f57d1c10447ba4749062'}}, 'caller': {'address': '0xa80481e3f9098602954b2e5cf306e6dee053ef3e'}, 'date': {'date': '2022-08-04'}, 'block': {'height': 15272760}}, {'smartContract': {'address': {'address': '0x64fe5e8f8314106f5d7fdaff2a8e10ff565b90fc'}}, 'caller': {'address': '0xa80481e3f9098602954b2e5cf306e6dee053ef3e'}, 'date': {'date': '2022-05-16'}, 'block': {'height': 14783465}}, {'smartContract': {'address': {'address': '0x7efa9af2123bd77b9b7dc7b4a0c6671a00ec4b66'}}, 'caller': {'address': '0xa80481e3f9098602954b2e5cf306e6dee053ef3e'}, 'date': {'date': '2022-05-16'}, 'block': {'height': 14783459}}, {'smartContract': {'address': {'address': '0x01356d78c770840166c1654691d19bd33c52eaad'}}, 'caller': {'address': '0xa80481e3f9098602954b2e5cf306e6dee053ef3e'}, 'date': {'date': '2022-05-16'}, 'block': {'height': 14783443}}, {'smartContract': {'address': {'address': '0x180b934da7b529a1a158ca2c1c6306c568787761'}}, 'caller': {'address': '0xa80481e3f9098602954b2e5cf306e6dee053ef3e'}, 'date': {'date': '2022-04-08'}, 'block': {'height': 14543853}}, {'smartContract': {'address': {'address': '0xab403b87cff1075392e23eb31c8f7ab20e39e71e'}}, 'caller': {'address': '0xa80481e3f9098602954b2e5cf306e6dee053ef3e'}, 'date': {'date': '2022-03-10'}, 'block': {'height': 14360975}}, {'smartContract': {'address': {'address': '0x8146ffdeeac33ee38d9ae68df8b45b19432452e6'}}, 'caller': {'address': '0xa80481e3f9098602954b2e5cf306e6dee053ef3e'}, 'date': {'date': '2022-01-05'}, 'block': {'height': 13942664}}, {'smartContract': {'address': {'address': '0xa13edbc1ea1751c338e2528f7defd082357e2d1e'}}, 'caller': {'address': '0xa80481e3f9098602954b2e5cf306e6dee053ef3e'}, 'date': {'date': '2022-01-05'}, 'block': {'height': 13942651}}, {'smartContract': {'address': {'address': '0x087a5575bd65133c22b78a830a8dc8f366ccf462'}}, 'caller': {'address': '0xa80481e3f9098602954b2e5cf306e6dee053ef3e'}, 'date': {'date': '2021-11-10'}, 'block': {'height': 13588005}}, {'smartContract': {'address': {'address': '0x4974421227630b8c966d13f6da7289cc198177c4'}}, 'caller': {'address': '0xa6b71e26c5e0845f74c812102ca7114b6a896ab2'}, 'date': {'date': '2021-09-02'}, 'block': {'height': 13144603}}, {'smartContract': {'address': {'address': '0x39c6ee77ac32a7dd1b0f31c94f705b64c5ecab7f'}}, 'caller': {'address': '0xa6b71e26c5e0845f74c812102ca7114b6a896ab2'}, 'date': {'date': '2021-09-02'}, 'block': {'height': 13144537}}, {'smartContract': {'address': {'address': '0x30c0f65d9b27ebe2cc2a49cbcb4133230b3fb381'}}, 'caller': {'address': '0xc517a08aee9ca160a610752e50a6ed8087049091'}, 'date': {'date': '2021-06-14'}, 'block': {'height': 12630751}}, {'smartContract': {'address': {'address': '0x40687d38227f5a6f8bc4dd97db1af44dcc6afa92'}}, 'caller': {'address': '0x101063f864e91b72a5ce06342afc7ea5d8515398'}, 'date': {'date': '2021-06-14'}, 'block': {'height': 12630751}}, {'smartContract': {'address': {'address': '0x0bcec82fca03b2b28372e5e09f118b6575f1678d'}}, 'caller': {'address': '0xaef2a7e4cbeb875475cfb1924867b9374569d894'}, 'date': {'date': '2021-06-14'}, 'block': {'height': 12630751}}, {'smartContract': {'address': {'address': '0x57123e57b5dd2c9182e43dc2fed25d4769b4b224'}}, 'caller': {'address': '0xa80481e3f9098602954b2e5cf306e6dee053ef3e'}, 'date': {'date': '2021-06-14'}, 'block': {'height': 12630568}}, {'smartContract': {'address': {'address': '0x6afb74b95125b9f12c99253e844d75be8947d161'}}, 'caller': {'address': '0xa80481e3f9098602954b2e5cf306e6dee053ef3e'}, 'date': {'date': '2021-06-14'}, 'block': {'height': 12630554}}, {'smartContract': {'address': {'address': '0x811a2389ae2efaaeaec2f5fca71e7dac7533e755'}}, 'caller': {'address': '0xa80481e3f9098602954b2e5cf306e6dee053ef3e'}, 'date': {'date': '2021-06-14'}, 'block': {'height': 12630540}}, {'smartContract': {'address': {'address': '0x95be9bc8f773d154e1aafdbf9d1ae30b69887702'}}, 'caller': {'address': '0xa80481e3f9098602954b2e5cf306e6dee053ef3e'}, 'date': {'date': '2021-06-14'}, 'block': {'height': 12630532}}, {'smartContract': {'address': {'address': '0x101063f864e91b72a5ce06342afc7ea5d8515398'}}, 'caller': {'address': '0xa80481e3f9098602954b2e5cf306e6dee053ef3e'}, 'date': {'date': '2021-06-14'}, 'block': {'height': 12630514}}, {'smartContract': {'address': {'address': '0x4e06ae5fa48089a69d4ee4ffee9524b06c2b7400'}}, 'caller': {'address': '0xa80481e3f9098602954b2e5cf306e6dee053ef3e'}, 'date': {'date': '2021-06-14'}, 'block': {'height': 12630485}}, {'smartContract': {'address': {'address': '0xaef2a7e4cbeb875475cfb1924867b9374569d894'}}, 'caller': {'address': '0xa80481e3f9098602954b2e5cf306e6dee053ef3e'}, 'date': {'date': '2021-06-14'}, 'block': {'height': 12630464}}, {'smartContract': {'address': {'address': '0xc517a08aee9ca160a610752e50a6ed8087049091'}}, 'caller': {'address': '0xa80481e3f9098602954b2e5cf306e6dee053ef3e'}, 'date': {'date': '2021-06-14'}, 'block': {'height': 12630427}}, {'smartContract': {'address': {'address': '0x3d9d35705e2f16312e01fbc62e481d415e9fe846'}}, 'caller': {'address': '0x0e6541374e9d7dee2c53c15a1a00fbe41c7b7198'}, 'date': {'date': '2021-02-16'}, 'block': {'height': 11869822}}, {'smartContract': {'address': {'address': '0x329354f8b364ea7c92d6fba6577c673830fc2b41'}}, 'caller': {'address': '0x9bbe49b68146cef585ef5b76ce2fa1c922d2a929'}, 'date': {'date': '2021-02-03'}, 'block': {'height': 11780724}}, {'smartContract': {'address': {'address': '0x3d926eb3adfe595820d897803cab9bd171e34ab0'}}, 'caller': {'address': '0x9bbe49b68146cef585ef5b76ce2fa1c922d2a929'}, 'date': {'date': '2021-02-03'}, 'block': {'height': 11780724}}, {'smartContract': {'address': {'address': '0xdfa0aa4a4b0d0bfa82cb21d7fdd148c7f811dd73'}}, 'caller': {'address': '0x9bbe49b68146cef585ef5b76ce2fa1c922d2a929'}, 'date': {'date': '2021-02-03'}, 'block': {'height': 11780724}}, {'smartContract': {'address': {'address': '0x9bbe49b68146cef585ef5b76ce2fa1c922d2a929'}}, 'caller': {'address': '0xcada3423d33259a94c1ed1a7aeecb73b87d0b684'}, 'date': {'date': '2021-02-03'}, 'block': {'height': 11780724}}, {'smartContract': {'address': {'address': '0x90498db0564c44111907f5f1c1c3e4031715453b'}}, 'caller': {'address': '0x6c1ffdecc6520571d2c41087726611938a9ae99f'}, 'date': {'date': '2020-10-28'}, 'block': {'height': 11144305}}, {'smartContract': {'address': {'address': '0x5d9a0c7f8302cb03bdfd1baf9a0f1f41dfb77850'}}, 'caller': {'address': '0x6c1ffdecc6520571d2c41087726611938a9ae99f'}, 'date': {'date': '2020-10-28'}, 'block': {'height': 11144305}}, {'smartContract': {'address': {'address': '0x6c1ffdecc6520571d2c41087726611938a9ae99f'}}, 'caller': {'address': '0xcada3423d33259a94c1ed1a7aeecb73b87d0b684'}, 'date': {'date': '2020-10-28'}, 'block': {'height': 11144305}}, {'smartContract': {'address': {'address': '0xf7fe4e8919a52a2fa67865d6ec228d01ea0df7c5'}}, 'caller': {'address': '0x6c1ffdecc6520571d2c41087726611938a9ae99f'}, 'date': {'date': '2020-10-28'}, 'block': {'height': 11144305}}, {'smartContract': {'address': {'address': '0x5f0a8554a31d43b4db5f0bdb898b5d2319b6ea48'}}, 'caller': {'address': '0x5c69bee701ef814a2b6a3edd4b1652cb9cc5aa6f'}, 'date': {'date': '2020-10-28'}, 'block': {'height': 11144243}}, {'smartContract': {'address': {'address': '0x75398385d79e94bd2e9fe334d89803b4e35f71db'}}, 'caller': {'address': '0x427f99ddf3faa8dd6dddab9a50321b29af27193c'}, 'date': {'date': '2020-10-28'}, 'block': {'height': 11144191}}, {'smartContract': {'address': {'address': '0x3752724bcbfd8c584867cdc09f7a09cdb5e902be'}}, 'caller': {'address': '0x427f99ddf3faa8dd6dddab9a50321b29af27193c'}, 'date': {'date': '2020-10-28'}, 'block': {'height': 11144191}}, {'smartContract': {'address': {'address': '0x04e38cdddffaf27e9f117d2b51adb9699f8f99f6'}}, 'caller': {'address': '0x427f99ddf3faa8dd6dddab9a50321b29af27193c'}, 'date': {'date': '2020-10-28'}, 'block': {'height': 11144191}}, {'smartContract': {'address': {'address': '0x427f99ddf3faa8dd6dddab9a50321b29af27193c'}}, 'caller': {'address': '0xcada3423d33259a94c1ed1a7aeecb73b87d0b684'}, 'date': {'date': '2020-10-28'}, 'block': {'height': 11144191}}, {'smartContract': {'address': {'address': '0x3be2cf34d4fd950afb81ab823ea4909ba87c89b0'}}, 'caller': {'address': '0xd02e0a88a806c0a6657b4ca345d7a26a0a0d37af'}, 'date': {'date': '2020-10-28'}, 'block': {'height': 11144159}}, {'smartContract': {'address': {'address': '0xd02e0a88a806c0a6657b4ca345d7a26a0a0d37af'}}, 'caller': {'address': '0xcada3423d33259a94c1ed1a7aeecb73b87d0b684'}, 'date': {'date': '2020-10-28'}, 'block': {'height': 11144159}}, {'smartContract': {'address': {'address': '0xe9528a5ef661b15ebbadbe6857fda7c95fc6e645'}}, 'caller': {'address': '0xd02e0a88a806c0a6657b4ca345d7a26a0a0d37af'}, 'date': {'date': '2020-10-28'}, 'block': {'height': 11144159}}, {'smartContract': {'address': {'address': '0xc24c00b69d1fcd11c21199b7b6199ef6dcda7a49'}}, 'caller': {'address': '0xd02e0a88a806c0a6657b4ca345d7a26a0a0d37af'}, 'date': {'date': '2020-10-28'}, 'block': {'height': 11144159}}, {'smartContract': {'address': {'address': '0x064939637e27d325529f97c888ee89bbf23bd809'}}, 'caller': {'address': '0xa80481e3f9098602954b2e5cf306e6dee053ef3e'}, 'date': {'date': '2020-10-28'}, 'block': {'height': 11144147}}, {'smartContract': {'address': {'address': '0x7aecd735b862d8fd158e0c8e1f6dd2c268512780'}}, 'caller': {'address': '0xa80481e3f9098602954b2e5cf306e6dee053ef3e'}, 'date': {'date': '2020-10-28'}, 'block': {'height': 11144127}}, {'smartContract': {'address': {'address': '0xb5d2cfa400de9ca46492ace6a8af6b01136a706d'}}, 'caller': {'address': '0x26ecfa3801a4a634b75c6fe48e29fb9efd0d22dd'}, 'date': {'date': '2020-10-28'}, 'block': {'height': 11144086}}, {'smartContract': {'address': {'address': '0x94e41db654469e925fa1a136ea1b1910e8c45834'}}, 'caller': {'address': '0x26ecfa3801a4a634b75c6fe48e29fb9efd0d22dd'}, 'date': {'date': '2020-10-28'}, 'block': {'height': 11144086}}, {'smartContract': {'address': {'address': '0x02577e6b6bc8cf3716bd3dc22725cadeb8cf8a69'}}, 'caller': {'address': '0x26ecfa3801a4a634b75c6fe48e29fb9efd0d22dd'}, 'date': {'date': '2020-10-28'}, 'block': {'height': 11144086}}, {'smartContract': {'address': {'address': '0x26ecfa3801a4a634b75c6fe48e29fb9efd0d22dd'}}, 'caller': {'address': '0xcada3423d33259a94c1ed1a7aeecb73b87d0b684'}, 'date': {'date': '2020-10-28'}, 'block': {'height': 11144086}}, {'smartContract': {'address': {'address': '0xed6c353c996261f9f282a849f1e528953d31dffe'}}, 'caller': {'address': '0xcada3423d33259a94c1ed1a7aeecb73b87d0b684'}, 'date': {'date': '2020-10-28'}, 'block': {'height': 11143999}}, {'smartContract': {'address': {'address': '0xafba907bcad0bb328dcc8dfcf6a29190f9c0cb53'}}, 'caller': {'address': '0xed6c353c996261f9f282a849f1e528953d31dffe'}, 'date': {'date': '2020-10-28'}, 'block': {'height': 11143999}}, {'smartContract': {'address': {'address': '0xbc2554d8646d5167a3210adcd99d5584f2e8a034'}}, 'caller': {'address': '0xed6c353c996261f9f282a849f1e528953d31dffe'}, 'date': {'date': '2020-10-28'}, 'block': {'height': 11143999}}, {'smartContract': {'address': {'address': '0x135a0a74d367a0bfc104c3dc15f7ccf3af6282af'}}, 'caller': {'address': '0xed6c353c996261f9f282a849f1e528953d31dffe'}, 'date': {'date': '2020-10-28'}, 'block': {'height': 11143999}}, {'smartContract': {'address': {'address': '0x598e2164a685f7c02b423e63f0f1334ca28156be'}}, 'caller': {'address': '0x946f2faa822b4e7c9eeeda101d46bfaeb8132fd8'}, 'date': {'date': '2020-10-28'}, 'block': {'height': 11143973}}, {'smartContract': {'address': {'address': '0x5530263b1c272af45a38efff0b096eb3d98fe998'}}, 'caller': {'address': '0x946f2faa822b4e7c9eeeda101d46bfaeb8132fd8'}, 'date': {'date': '2020-10-28'}, 'block': {'height': 11143973}}, {'smartContract': {'address': {'address': '0x41e1e98ce1189a7c783f879db78e8873b29c1a16'}}, 'caller': {'address': '0x946f2faa822b4e7c9eeeda101d46bfaeb8132fd8'}, 'date': {'date': '2020-10-28'}, 'block': {'height': 11143973}}, {'smartContract': {'address': {'address': '0x946f2faa822b4e7c9eeeda101d46bfaeb8132fd8'}}, 'caller': {'address': '0xcada3423d33259a94c1ed1a7aeecb73b87d0b684'}, 'date': {'date': '2020-10-28'}, 'block': {'height': 11143973}}, {'smartContract': {'address': {'address': '0x52d778d6ea29ac49d3fec0e7d0dac231755cad46'}}, 'caller': {'address': '0xb12b96bffba82b936a5ec0a12dd5c8ea833ba99a'}, 'date': {'date': '2020-10-28'}, 'block': {'height': 11143947}}, {'smartContract': {'address': {'address': '0x7c8d020e08199fea69f6ef2d0dd8a1fe2924c1ed'}}, 'caller': {'address': '0xb12b96bffba82b936a5ec0a12dd5c8ea833ba99a'}, 'date': {'date': '2020-10-28'}, 'block': {'height': 11143947}}, {'smartContract': {'address': {'address': '0x856395303802b175663e4f8d2135a1d9ed614d3e'}}, 'caller': {'address': '0xb12b96bffba82b936a5ec0a12dd5c8ea833ba99a'}, 'date': {'date': '2020-10-28'}, 'block': {'height': 11143947}}, {'smartContract': {'address': {'address': '0xb12b96bffba82b936a5ec0a12dd5c8ea833ba99a'}}, 'caller': {'address': '0xcada3423d33259a94c1ed1a7aeecb73b87d0b684'}, 'date': {'date': '2020-10-28'}, 'block': {'height': 11143947}}, {'smartContract': {'address': {'address': '0xf4c62d0203a64e0647337ce4d388da6e620c1063'}}, 'caller': {'address': '0xcada3423d33259a94c1ed1a7aeecb73b87d0b684'}, 'date': {'date': '2020-10-28'}, 'block': {'height': 11143915}}, {'smartContract': {'address': {'address': '0xb5f63a51d9600ed07638f06d4ba9b9bed9e58609'}}, 'caller': {'address': '0xf4c62d0203a64e0647337ce4d388da6e620c1063'}, 'date': {'date': '2020-10-28'}, 'block': {'height': 11143915}}, {'smartContract': {'address': {'address': '0x92fa77122b0cc11bd09038a0139547501c88ccf9'}}, 'caller': {'address': '0xf4c62d0203a64e0647337ce4d388da6e620c1063'}, 'date': {'date': '2020-10-28'}, 'block': {'height': 11143915}}, {'smartContract': {'address': {'address': '0xf49ae4443596df9507f206309384cd4f147a39bc'}}, 'caller': {'address': '0xf4c62d0203a64e0647337ce4d388da6e620c1063'}, 'date': {'date': '2020-10-28'}, 'block': {'height': 11143915}}, {'smartContract': {'address': {'address': '0xcada3423d33259a94c1ed1a7aeecb73b87d0b684'}}, 'caller': {'address': '0xa80481e3f9098602954b2e5cf306e6dee053ef3e'}, 'date': {'date': '2020-10-28'}, 'block': {'height': 11143895}}, {'smartContract': {'address': {'address': '0xbea98c05eeae2f3bc8c3565db7551eb738c8ccab'}}, 'caller': {'address': '0xa80481e3f9098602954b2e5cf306e6dee053ef3e'}, 'date': {'date': '2020-10-28'}, 'block': {'height': 11143875}}]",2020-10-28
155,155,0xe76C6c83af64e4C60245D8C7dE953DF673a7A33D,Rail,https://github.com/Railgun-Privacy/,0x3F847b01d4d498a293e3197B186356039eCd737F,3193357.238,[],2021-07-03
156,156,0x0E29e5AbbB5FD88e28b2d355774e73BD47dE3bcd,Hakka Finance (HAKKA),https://github.com/hakkafinance/blackholeswap.com,0x1D075f1F543bB09Df4530F44ed21CA50303A65B2,3012448.774,"[{'smartContract': {'address': {'address': '0x1b092450998c7e7eee91678a1d9cd6b7c7d44308'}}, 'caller': {'address': '0x1d075f1f543bb09df4530f44ed21ca50303a65b2'}, 'date': {'date': '2022-12-01'}, 'block': {'height': 16086414}}, {'smartContract': {'address': {'address': '0x07224029d06a6973c93480a251862861416c583c'}}, 'caller': {'address': '0x1d075f1f543bb09df4530f44ed21ca50303a65b2'}, 'date': {'date': '2022-08-20'}, 'block': {'height': 15380539}}, {'smartContract': {'address': {'address': '0x735a80510536a9a18c8824f40dbc92824640c95a'}}, 'caller': {'address': '0x1d075f1f543bb09df4530f44ed21ca50303a65b2'}, 'date': {'date': '2022-06-22'}, 'block': {'height': 15006861}}, {'smartContract': {'address': {'address': '0x38ddc71bc1bfe2bc0d3c51e863a7ec3c6a9826ea'}}, 'caller': {'address': '0x1d075f1f543bb09df4530f44ed21ca50303a65b2'}, 'date': {'date': '2022-06-21'}, 'block': {'height': 15002294}}, {'smartContract': {'address': {'address': '0xb8d16160c67b416d0c9c29f179edbcf1b58c1b65'}}, 'caller': {'address': '0x1d075f1f543bb09df4530f44ed21ca50303a65b2'}, 'date': {'date': '2022-06-13'}, 'block': {'height': 14955125}}, {'smartContract': {'address': {'address': '0x3474b74139c192d0781812ca70cc410d19cb6a2d'}}, 'caller': {'address': '0x1d075f1f543bb09df4530f44ed21ca50303a65b2'}, 'date': {'date': '2022-06-13'}, 'block': {'height': 14955109}}, {'smartContract': {'address': {'address': '0xe7e73e8faa16b8bb551567bdd43314009e15724a'}}, 'caller': {'address': '0x1d075f1f543bb09df4530f44ed21ca50303a65b2'}, 'date': {'date': '2022-06-13'}, 'block': {'height': 14955105}}, {'smartContract': {'address': {'address': '0xc2f08a9e8ce03b7f2f706a97b7cd8472b60fa7b5'}}, 'caller': {'address': '0x1d075f1f543bb09df4530f44ed21ca50303a65b2'}, 'date': {'date': '2022-06-13'}, 'block': {'height': 14955043}}, {'smartContract': {'address': {'address': '0xb925863a15ebdeae1a638bf2b6fd00d4db897a62'}}, 'caller': {'address': '0x1d075f1f543bb09df4530f44ed21ca50303a65b2'}, 'date': {'date': '2022-06-07'}, 'block': {'height': 14920757}}, {'smartContract': {'address': {'address': '0xd8ca864b1b02c34aa5928feb19d46dbb76ef7dcd'}}, 'caller': {'address': '0x2efc352936d5c52b3ee061367c834bf768f11715'}, 'date': {'date': '2021-09-29'}, 'block': {'height': 13323162}}, {'smartContract': {'address': {'address': '0x2efc352936d5c52b3ee061367c834bf768f11715'}}, 'caller': {'address': '0x1d075f1f543bb09df4530f44ed21ca50303a65b2'}, 'date': {'date': '2021-09-29'}, 'block': {'height': 13323162}}, {'smartContract': {'address': {'address': '0xa0488d89fb8d3085d83ad2426b94b9715cf02869'}}, 'caller': {'address': '0xa5bf2ddf098bb0ef6d120c98217dd6b141c74ee0'}, 'date': {'date': '2021-05-17'}, 'block': {'height': 12454935}}, {'smartContract': {'address': {'address': '0x6aec511339052dae3dc7b1ba0f4aa5f0b171d04d'}}, 'caller': {'address': '0x1d075f1f543bb09df4530f44ed21ca50303a65b2'}, 'date': {'date': '2021-04-21'}, 'block': {'height': 12285751}}, {'smartContract': {'address': {'address': '0xf4d1f9674c8e9f29a69dc2e6f841292e675b7977'}}, 'caller': {'address': '0x1d075f1f543bb09df4530f44ed21ca50303a65b2'}, 'date': {'date': '2021-04-16'}, 'block': {'height': 12254188}}, {'smartContract': {'address': {'address': '0x6d04ba022718fd6a3585d1d0b334608c48c741b2'}}, 'caller': {'address': '0x1d075f1f543bb09df4530f44ed21ca50303a65b2'}, 'date': {'date': '2021-04-15'}, 'block': {'height': 12245595}}, {'smartContract': {'address': {'address': '0xd9958826bce875a75cc1789d5929459e6ff15040'}}, 'caller': {'address': '0x1d075f1f543bb09df4530f44ed21ca50303a65b2'}, 'date': {'date': '2021-04-15'}, 'block': {'height': 12245513}}, {'smartContract': {'address': {'address': '0x3c124f148d5423283dbe0134b4ebd9adbfc21ee8'}}, 'caller': {'address': '0x1d075f1f543bb09df4530f44ed21ca50303a65b2'}, 'date': {'date': '2021-04-10'}, 'block': {'height': 12214697}}, {'smartContract': {'address': {'address': '0xd1cce7b01f1c814381a7f55921196f9f12e4ebad'}}, 'caller': {'address': '0x1d075f1f543bb09df4530f44ed21ca50303a65b2'}, 'date': {'date': '2021-02-24'}, 'block': {'height': 11922279}}, {'smartContract': {'address': {'address': '0x592ad4f444faa8155cfd946c3c4bed1b6ba76853'}}, 'caller': {'address': '0x1d075f1f543bb09df4530f44ed21ca50303a65b2'}, 'date': {'date': '2021-02-24'}, 'block': {'height': 11919041}}, {'smartContract': {'address': {'address': '0x67f0b6a39d142fd337cb26f374bd5d0517209567'}}, 'caller': {'address': '0x66be1bc6c6af47900bbd4f3711801be6c2c6cb32'}, 'date': {'date': '2021-02-05'}, 'block': {'height': 11796035}}, {'smartContract': {'address': {'address': '0xfff99ce7f0974e718e12ce22afaf73d095d20b05'}}, 'caller': {'address': '0x66be1bc6c6af47900bbd4f3711801be6c2c6cb32'}, 'date': {'date': '2021-02-05'}, 'block': {'height': 11796035}}, {'smartContract': {'address': {'address': '0xbf00da4ff7d13d678a0e897c683e79e99b64b6ab'}}, 'caller': {'address': '0x1d075f1f543bb09df4530f44ed21ca50303a65b2'}, 'date': {'date': '2021-01-16'}, 'block': {'height': 11668231}}, {'smartContract': {'address': {'address': '0x0f2fd95c221770d108acd5363d25b06bdc43140b'}}, 'caller': {'address': '0x1d075f1f543bb09df4530f44ed21ca50303a65b2'}, 'date': {'date': '2020-12-30'}, 'block': {'height': 11556719}}, {'smartContract': {'address': {'address': '0x4eda33ea48052006850966fc1182cf46f325501d'}}, 'caller': {'address': '0x1d075f1f543bb09df4530f44ed21ca50303a65b2'}, 'date': {'date': '2020-12-12'}, 'block': {'height': 11440744}}, {'smartContract': {'address': {'address': '0x51f12323820b3c0077864990d9e6ad9604238ed6'}}, 'caller': {'address': '0x1d075f1f543bb09df4530f44ed21ca50303a65b2'}, 'date': {'date': '2020-12-08'}, 'block': {'height': 11412871}}, {'smartContract': {'address': {'address': '0x7f8093f5f49a9d7f0334f8017ff777f1893032d5'}}, 'caller': {'address': '0x1d075f1f543bb09df4530f44ed21ca50303a65b2'}, 'date': {'date': '2020-11-19'}, 'block': {'height': 11289912}}, {'smartContract': {'address': {'address': '0x0aa6c4ff04e4e6512c5348f4b04685af2cd11058'}}, 'caller': {'address': '0x1d075f1f543bb09df4530f44ed21ca50303a65b2'}, 'date': {'date': '2020-09-20'}, 'block': {'height': 10901284}}, {'smartContract': {'address': {'address': '0x0a3e364ee37bac9e6aff9e864e65b4603d5bc5d4'}}, 'caller': {'address': '0x1d075f1f543bb09df4530f44ed21ca50303a65b2'}, 'date': {'date': '2020-09-20'}, 'block': {'height': 10901205}}, {'smartContract': {'address': {'address': '0xbdda9670bc2a672c36cce0102ce8c69b12e9dee3'}}, 'caller': {'address': '0x1d075f1f543bb09df4530f44ed21ca50303a65b2'}, 'date': {'date': '2020-09-20'}, 'block': {'height': 10898564}}, {'smartContract': {'address': {'address': '0xfc73d9336679394cb1e2e01e39f3e9ee6a2e094a'}}, 'caller': {'address': '0x66be1bc6c6af47900bbd4f3711801be6c2c6cb32'}, 'date': {'date': '2020-09-19'}, 'block': {'height': 10892557}}, {'smartContract': {'address': {'address': '0x66be1bc6c6af47900bbd4f3711801be6c2c6cb32'}}, 'caller': {'address': '0x1d075f1f543bb09df4530f44ed21ca50303a65b2'}, 'date': {'date': '2020-09-19'}, 'block': {'height': 10892551}}, {'smartContract': {'address': {'address': '0x9933ad4d38702cdc28c5db2f421f1f02cf530780'}}, 'caller': {'address': '0x1d075f1f543bb09df4530f44ed21ca50303a65b2'}, 'date': {'date': '2020-09-19'}, 'block': {'height': 10892367}}, {'smartContract': {'address': {'address': '0x5dd2777c42c34ed155fd3cc063a956d03f92448f'}}, 'caller': {'address': '0x1d075f1f543bb09df4530f44ed21ca50303a65b2'}, 'date': {'date': '2020-09-19'}, 'block': {'height': 10892279}}, {'smartContract': {'address': {'address': '0x616305e016b0539b8a550c9ecafe66bdb88956b2'}}, 'caller': {'address': '0x1d075f1f543bb09df4530f44ed21ca50303a65b2'}, 'date': {'date': '2020-09-19'}, 'block': {'height': 10892234}}, {'smartContract': {'address': {'address': '0x3bd145f66203b19ce7bedaac9a8147e08ea64645'}}, 'caller': {'address': '0x1d075f1f543bb09df4530f44ed21ca50303a65b2'}, 'date': {'date': '2020-09-16'}, 'block': {'height': 10875023}}, {'smartContract': {'address': {'address': '0xb8b84ce0cade916988bd129eafd7934ade5fa6a9'}}, 'caller': {'address': '0x5c69bee701ef814a2b6a3edd4b1652cb9cc5aa6f'}, 'date': {'date': '2020-09-16'}, 'block': {'height': 10874162}}, {'smartContract': {'address': {'address': '0x3792ee68e736b8214d4edc91b1b3340b525e00bf'}}, 'caller': {'address': '0x1d075f1f543bb09df4530f44ed21ca50303a65b2'}, 'date': {'date': '2020-09-09'}, 'block': {'height': 10828733}}, {'smartContract': {'address': {'address': '0xf2b8f214dc81b849ed3bdcaeda6c8c39625c500a'}}, 'caller': {'address': '0x76e2cfc1f5fa8f6a5b3fc4c8f4788f0116861f9b'}, 'date': {'date': '2020-09-03'}, 'block': {'height': 10787266}}, {'smartContract': {'address': {'address': '0x6ee6683cb9b44810369c873679f8073bcbe52f27'}}, 'caller': {'address': '0x1d075f1f543bb09df4530f44ed21ca50303a65b2'}, 'date': {'date': '2020-09-02'}, 'block': {'height': 10782617}}, {'smartContract': {'address': {'address': '0x6b1ecbbd69eeaf8d089bdce4daaa4165f8c3ff11'}}, 'caller': {'address': '0x1d075f1f543bb09df4530f44ed21ca50303a65b2'}, 'date': {'date': '2020-09-02'}, 'block': {'height': 10782562}}, {'smartContract': {'address': {'address': '0x047c216ebe3fa55544e04a72264e1016531a6d6f'}}, 'caller': {'address': '0x1d075f1f543bb09df4530f44ed21ca50303a65b2'}, 'date': {'date': '2020-09-02'}, 'block': {'height': 10781220}}, {'smartContract': {'address': {'address': '0xdfe604f4e08f51fae0aa2eb3f4d8d659e618b16a'}}, 'caller': {'address': '0x1d075f1f543bb09df4530f44ed21ca50303a65b2'}, 'date': {'date': '2020-09-02'}, 'block': {'height': 10781151}}, {'smartContract': {'address': {'address': '0xda54678fd782a162a2bae0ea9e250a325c4f6de9'}}, 'caller': {'address': '0x1d075f1f543bb09df4530f44ed21ca50303a65b2'}, 'date': {'date': '2020-08-31'}, 'block': {'height': 10768368}}, {'smartContract': {'address': {'address': '0x83d0d842e6db3b020f384a2af11bd14787bec8e7'}}, 'caller': {'address': '0x1d075f1f543bb09df4530f44ed21ca50303a65b2'}, 'date': {'date': '2020-08-23'}, 'block': {'height': 10719051}}, {'smartContract': {'address': {'address': '0xde02313f8bf17f31380c63e41cdecee98bc2b16d'}}, 'caller': {'address': '0x83d0d842e6db3b020f384a2af11bd14787bec8e7'}, 'date': {'date': '2020-08-23'}, 'block': {'height': 10719051}}, {'smartContract': {'address': {'address': '0x9c5999653f44672336c2ef0a0008587fa8b9957e'}}, 'caller': {'address': '0x5c69bee701ef814a2b6a3edd4b1652cb9cc5aa6f'}, 'date': {'date': '2020-08-17'}, 'block': {'height': 10678125}}, {'smartContract': {'address': {'address': '0x35101c731b1548b5e48bb23f99edbc2f5c341935'}}, 'caller': {'address': '0x1d075f1f543bb09df4530f44ed21ca50303a65b2'}, 'date': {'date': '2020-08-15'}, 'block': {'height': 10667214}}, {'smartContract': {'address': {'address': '0x11baffebd829b490cf077ce7ef7700dd3cb1e534'}}, 'caller': {'address': '0x1d075f1f543bb09df4530f44ed21ca50303a65b2'}, 'date': {'date': '2020-08-06'}, 'block': {'height': 10604858}}, {'smartContract': {'address': {'address': '0xc04672587e0d1bd7da5707484119dbdbb67ac57d'}}, 'caller': {'address': '0x76e2cfc1f5fa8f6a5b3fc4c8f4788f0116861f9b'}, 'date': {'date': '2020-07-31'}, 'block': {'height': 10567811}}, {'smartContract': {'address': {'address': '0xc56112e7d0447d858c7f994ccb375f79fb9e359d'}}, 'caller': {'address': '0xc0a47dfe034b400b47bdad5fecda2621de6c4d95'}, 'date': {'date': '2020-05-23'}, 'block': {'height': 10123769}}, {'smartContract': {'address': {'address': '0x228679770b2d8a281a466765ba55e0dfd8441ae6'}}, 'caller': {'address': '0x1d075f1f543bb09df4530f44ed21ca50303a65b2'}, 'date': {'date': '2020-05-23'}, 'block': {'height': 10122772}}, {'smartContract': {'address': {'address': '0xda4c9ee8373fd1095379a3dd457a0c78968aaf03'}}, 'caller': {'address': '0x1d075f1f543bb09df4530f44ed21ca50303a65b2'}, 'date': {'date': '2020-05-23'}, 'block': {'height': 10122755}}, {'smartContract': {'address': {'address': '0x5113dbe8c1fa6e5397f0b3b00e890e7fa1139089'}}, 'caller': {'address': '0x1d075f1f543bb09df4530f44ed21ca50303a65b2'}, 'date': {'date': '2020-05-22'}, 'block': {'height': 10118015}}, {'smartContract': {'address': {'address': '0xe8a8a7c65d32aea20d04b1eea7a2ee85221b2947'}}, 'caller': {'address': '0x3bc058d0958a543406d70416a810a5cc023f1f31'}, 'date': {'date': '2020-05-03'}, 'block': {'height': 9995447}}, {'smartContract': {'address': {'address': '0xa88057037a869d2b4bdd9375d923b9b4850b926d'}}, 'caller': {'address': '0x3bc058d0958a543406d70416a810a5cc023f1f31'}, 'date': {'date': '2020-05-03'}, 'block': {'height': 9995434}}, {'smartContract': {'address': {'address': '0x7f47f39d232a3cb8fc7cc94270b91e1560d88ef0'}}, 'caller': {'address': '0x3bc058d0958a543406d70416a810a5cc023f1f31'}, 'date': {'date': '2020-05-03'}, 'block': {'height': 9995434}}, {'smartContract': {'address': {'address': '0xf8a1ca4c6031489bd5dd08aa8a7223283492fc93'}}, 'caller': {'address': '0x3bc058d0958a543406d70416a810a5cc023f1f31'}, 'date': {'date': '2020-05-03'}, 'block': {'height': 9995424}}, {'smartContract': {'address': {'address': '0x133ae35239be3ec46d8549e883102c36d1fe9168'}}, 'caller': {'address': '0x3bc058d0958a543406d70416a810a5cc023f1f31'}, 'date': {'date': '2020-05-03'}, 'block': {'height': 9995424}}, {'smartContract': {'address': {'address': '0x575a7e0fba8357b3061bc6ee2397f17e46dec326'}}, 'caller': {'address': '0x1d075f1f543bb09df4530f44ed21ca50303a65b2'}, 'date': {'date': '2020-05-03'}, 'block': {'height': 9995381}}, {'smartContract': {'address': {'address': '0x75b4e9ebfa73aa2c76b7d0afd61805a02f0a6259'}}, 'caller': {'address': '0x3bc058d0958a543406d70416a810a5cc023f1f31'}, 'date': {'date': '2020-04-29'}, 'block': {'height': 9966611}}, {'smartContract': {'address': {'address': '0x50fab59ed2815c4ca1bede5c17a99330a529305a'}}, 'caller': {'address': '0x3bc058d0958a543406d70416a810a5cc023f1f31'}, 'date': {'date': '2020-04-29'}, 'block': {'height': 9966611}}, {'smartContract': {'address': {'address': '0x01663e5b849fc00ff2bd286ba4b1d6c64d98566c'}}, 'caller': {'address': '0x3bc058d0958a543406d70416a810a5cc023f1f31'}, 'date': {'date': '2020-04-24'}, 'block': {'height': 9935108}}, {'smartContract': {'address': {'address': '0x0968d227a4fb0782d27d0c4eb34fe7f9ddb0a136'}}, 'caller': {'address': '0x3bc058d0958a543406d70416a810a5cc023f1f31'}, 'date': {'date': '2020-04-24'}, 'block': {'height': 9935108}}, {'smartContract': {'address': {'address': '0x115e3b6fb4ffa76f503ba7dd3aab5e15abc2527a'}}, 'caller': {'address': '0x3bc058d0958a543406d70416a810a5cc023f1f31'}, 'date': {'date': '2020-04-24'}, 'block': {'height': 9934925}}, {'smartContract': {'address': {'address': '0x0ceee669f8933207b9daaade8061aca193c9208f'}}, 'caller': {'address': '0x3bc058d0958a543406d70416a810a5cc023f1f31'}, 'date': {'date': '2020-04-24'}, 'block': {'height': 9934925}}, {'smartContract': {'address': {'address': '0x47b7f8b81f8633d8c471aa3f1a20a5b6c64eca1a'}}, 'caller': {'address': '0x3bc058d0958a543406d70416a810a5cc023f1f31'}, 'date': {'date': '2020-04-24'}, 'block': {'height': 9934901}}, {'smartContract': {'address': {'address': '0xad1a561dee753d3ca0782ea7268c19e8e9758110'}}, 'caller': {'address': '0x3bc058d0958a543406d70416a810a5cc023f1f31'}, 'date': {'date': '2020-04-24'}, 'block': {'height': 9934901}}, {'smartContract': {'address': {'address': '0xb01bb95ba405169a41a7605f0b20c8e0150e1370'}}, 'caller': {'address': '0x3bc058d0958a543406d70416a810a5cc023f1f31'}, 'date': {'date': '2020-04-24'}, 'block': {'height': 9934881}}, {'smartContract': {'address': {'address': '0x3bc058d0958a543406d70416a810a5cc023f1f31'}}, 'caller': {'address': '0x1d075f1f543bb09df4530f44ed21ca50303a65b2'}, 'date': {'date': '2020-04-24'}, 'block': {'height': 9934808}}, {'smartContract': {'address': {'address': '0xe58cde3cbeecc8d9306f482729084b909afa2357'}}, 'caller': {'address': '0x1d075f1f543bb09df4530f44ed21ca50303a65b2'}, 'date': {'date': '2020-04-21'}, 'block': {'height': 9917727}}, {'smartContract': {'address': {'address': '0x7bc360ebd65efa503ff189a0f81f61f85d310ec3'}}, 'caller': {'address': '0x1d075f1f543bb09df4530f44ed21ca50303a65b2'}, 'date': {'date': '2020-04-21'}, 'block': {'height': 9917718}}, {'smartContract': {'address': {'address': '0x1e20b7d24d429b0de705d3ff8b88ec651d28a935'}}, 'caller': {'address': '0x1d075f1f543bb09df4530f44ed21ca50303a65b2'}, 'date': {'date': '2020-04-21'}, 'block': {'height': 9917692}}, {'smartContract': {'address': {'address': '0xd0533664013a82c31584b7ffdb215139f38ad77a'}}, 'caller': {'address': '0x1d075f1f543bb09df4530f44ed21ca50303a65b2'}, 'date': {'date': '2020-04-14'}, 'block': {'height': 9872003}}, {'smartContract': {'address': {'address': '0x0e29e5abbb5fd88e28b2d355774e73bd47de3bcd'}}, 'caller': {'address': '0x1d075f1f543bb09df4530f44ed21ca50303a65b2'}, 'date': {'date': '2020-04-14'}, 'block': {'height': 9871664}}]",2020-04-14
157,157,0x7F3EDcdD180Dbe4819Bd98FeE8929b5cEdB3AdEB,(Proxy contract) xToken,https://github.com/xtokenmarket/xtoken-js,0x38138586AedB29B436eAB16105b09c317F5a79dd,2994142.575,"[{'smartContract': {'address': {'address': '0x8baa836eded18b8d4ec225b0c7b09c2120ba9466'}}, 'caller': {'address': '0x38138586aedb29b436eab16105b09c317f5a79dd'}, 'date': {'date': '2021-02-25'}, 'block': {'height': 11923205}}, {'smartContract': {'address': {'address': '0xdf0045d28545c14908d1a5cdc673825204739c6e'}}, 'caller': {'address': '0x38138586aedb29b436eab16105b09c317f5a79dd'}, 'date': {'date': '2021-02-24'}, 'block': {'height': 11922541}}, {'smartContract': {'address': {'address': '0xc90aff06d281d662b12a3d300aadb0fc5354b235'}}, 'caller': {'address': '0x38138586aedb29b436eab16105b09c317f5a79dd'}, 'date': {'date': '2021-02-24'}, 'block': {'height': 11922372}}, {'smartContract': {'address': {'address': '0xb55cdd78e334fc5940a512cb42736d126b1b6b18'}}, 'caller': {'address': '0x38138586aedb29b436eab16105b09c317f5a79dd'}, 'date': {'date': '2021-02-24'}, 'block': {'height': 11922281}}, {'smartContract': {'address': {'address': '0x493a9f40f6aa132b789743d282a4d082c5a7cd17'}}, 'caller': {'address': '0x38138586aedb29b436eab16105b09c317f5a79dd'}, 'date': {'date': '2021-02-24'}, 'block': {'height': 11922209}}, {'smartContract': {'address': {'address': '0xb47ec1a3f357018a28952f0bc2ff061219495ef4'}}, 'caller': {'address': '0x38138586aedb29b436eab16105b09c317f5a79dd'}, 'date': {'date': '2021-02-24'}, 'block': {'height': 11922126}}, {'smartContract': {'address': {'address': '0x9481dd27a6dbd530ee8a0a9201640dd1f9e0b295'}}, 'caller': {'address': '0x38138586aedb29b436eab16105b09c317f5a79dd'}, 'date': {'date': '2021-02-24'}, 'block': {'height': 11922080}}, {'smartContract': {'address': {'address': '0xd7d241252e1386b238e688a5cad5923c2288ccaa'}}, 'caller': {'address': '0x38138586aedb29b436eab16105b09c317f5a79dd'}, 'date': {'date': '2021-02-24'}, 'block': {'height': 11922014}}, {'smartContract': {'address': {'address': '0xe0cf53f4358948adc63b32338539a119b5fa786f'}}, 'caller': {'address': '0x38138586aedb29b436eab16105b09c317f5a79dd'}, 'date': {'date': '2021-02-24'}, 'block': {'height': 11921958}}, {'smartContract': {'address': {'address': '0xf4f3d12e9df47cb3ba18ae426409e9925f6c5111'}}, 'caller': {'address': '0x38138586aedb29b436eab16105b09c317f5a79dd'}, 'date': {'date': '2021-02-24'}, 'block': {'height': 11921801}}, {'smartContract': {'address': {'address': '0x2ac34f8327aced80cfc04085972ee06be72a45bb'}}, 'caller': {'address': '0x38138586aedb29b436eab16105b09c317f5a79dd'}, 'date': {'date': '2021-02-24'}, 'block': {'height': 11921391}}, {'smartContract': {'address': {'address': '0xa2ecc4ad68f2ddd5fcd43a23280c8e34a54c1c27'}}, 'caller': {'address': '0x38138586aedb29b436eab16105b09c317f5a79dd'}, 'date': {'date': '2021-02-24'}, 'block': {'height': 11921236}}, {'smartContract': {'address': {'address': '0x11f10378fc56277eedbc0c3309c457b0fd5c6dfd'}}, 'caller': {'address': '0x38138586aedb29b436eab16105b09c317f5a79dd'}, 'date': {'date': '2021-02-23'}, 'block': {'height': 11916103}}, {'smartContract': {'address': {'address': '0x7f3edcdd180dbe4819bd98fee8929b5cedb3adeb'}}, 'caller': {'address': '0x38138586aedb29b436eab16105b09c317f5a79dd'}, 'date': {'date': '2021-02-21'}, 'block': {'height': 11903439}}, {'smartContract': {'address': {'address': '0x8b68733d7e4f1586ed8268aa1a020efdf2dfe14b'}}, 'caller': {'address': '0x38138586aedb29b436eab16105b09c317f5a79dd'}, 'date': {'date': '2021-02-21'}, 'block': {'height': 11903425}}, {'smartContract': {'address': {'address': '0x25a6c7f221d8b8b79922fa5c70b3510ca1a4a84c'}}, 'caller': {'address': '0x38138586aedb29b436eab16105b09c317f5a79dd'}, 'date': {'date': '2020-12-18'}, 'block': {'height': 11479567}}, {'smartContract': {'address': {'address': '0x704de5696df237c5b9ba0de9ba7e0c63da8ea0df'}}, 'caller': {'address': '0x38138586aedb29b436eab16105b09c317f5a79dd'}, 'date': {'date': '2020-11-27'}, 'block': {'height': 11341971}}, {'smartContract': {'address': {'address': '0x9f788780c98108e9aba443700c4bcdf13b262219'}}, 'caller': {'address': '0x38138586aedb29b436eab16105b09c317f5a79dd'}, 'date': {'date': '2020-11-27'}, 'block': {'height': 11341960}}, {'smartContract': {'address': {'address': '0x80dc468671316e50d4e9023d3db38d3105c1c146'}}, 'caller': {'address': '0x38138586aedb29b436eab16105b09c317f5a79dd'}, 'date': {'date': '2020-11-27'}, 'block': {'height': 11338426}}, {'smartContract': {'address': {'address': '0x52ac45c123d9a506dcd483e6ef1effa497f2bd20'}}, 'caller': {'address': '0x38138586aedb29b436eab16105b09c317f5a79dd'}, 'date': {'date': '2020-11-27'}, 'block': {'height': 11338412}}, {'smartContract': {'address': {'address': '0x95790e3bec5640977a4f70f02ebc1d3e6013fd5a'}}, 'caller': {'address': '0x38138586aedb29b436eab16105b09c317f5a79dd'}, 'date': {'date': '2020-11-26'}, 'block': {'height': 11336506}}, {'smartContract': {'address': {'address': '0x6bf605603b67a221bf9a753c046f5438b69f5caf'}}, 'caller': {'address': '0x38138586aedb29b436eab16105b09c317f5a79dd'}, 'date': {'date': '2020-11-26'}, 'block': {'height': 11336483}}, {'smartContract': {'address': {'address': '0x2934443c1749dcc0cdcabbd77098eea31d2ea6c3'}}, 'caller': {'address': '0x38138586aedb29b436eab16105b09c317f5a79dd'}, 'date': {'date': '2020-08-16'}, 'block': {'height': 10673889}}, {'smartContract': {'address': {'address': '0x9a84333f3521207589b180e343a700ba48f5568c'}}, 'caller': {'address': '0x38138586aedb29b436eab16105b09c317f5a79dd'}, 'date': {'date': '2020-08-16'}, 'block': {'height': 10673870}}, {'smartContract': {'address': {'address': '0x83b4967679ba5c184f5a8eabc071783d40848856'}}, 'caller': {'address': '0x38138586aedb29b436eab16105b09c317f5a79dd'}, 'date': {'date': '2020-08-11'}, 'block': {'height': 10640290}}, {'smartContract': {'address': {'address': '0xf449ca5cd54b448d16468d9db128da723f033356'}}, 'caller': {'address': '0x38138586aedb29b436eab16105b09c317f5a79dd'}, 'date': {'date': '2020-08-11'}, 'block': {'height': 10640258}}, {'smartContract': {'address': {'address': '0x0c8bccc8eada871656266a1f7ad37aaffc4b20b3'}}, 'caller': {'address': '0x38138586aedb29b436eab16105b09c317f5a79dd'}, 'date': {'date': '2020-07-10'}, 'block': {'height': 10432544}}, {'smartContract': {'address': {'address': '0xb088b2c7ce300f3fe679d471c2ce49dfe312ce75'}}, 'caller': {'address': '0x38138586aedb29b436eab16105b09c317f5a79dd'}, 'date': {'date': '2020-07-10'}, 'block': {'height': 10431752}}]",2021-02-22
158,158,0x1E4EDE388cbc9F4b5c79681B7f94d36a11ABEBC9,X2Y2Token,,0xDC43b25f3AbF65825E52b73441E47F2Ce0F9c47D,2882006.03,"[{'smartContract': {'address': {'address': '0x32e06abd4b001baf9cbfd474d98f5650ad0caa2e'}}, 'caller': {'address': '0xa6b71e26c5e0845f74c812102ca7114b6a896ab2'}, 'date': {'date': '2022-08-23'}, 'block': {'height': 15399255}}, {'smartContract': {'address': {'address': '0x024ac22acdb367a3ae52a3d94ac6649fdc1f0779'}}, 'caller': {'address': '0xdc43b25f3abf65825e52b73441e47f2ce0f9c47d'}, 'date': {'date': '2022-08-05'}, 'block': {'height': 15281351}}, {'smartContract': {'address': {'address': '0xac010690e41fb5c6f9d66cc33bd78c2f8eca9a2f'}}, 'caller': {'address': '0xdc43b25f3abf65825e52b73441e47f2ce0f9c47d'}, 'date': {'date': '2022-05-20'}, 'block': {'height': 14808503}}, {'smartContract': {'address': {'address': '0x198e6462d93940c856114c6b475de4c3da51d6da'}}, 'caller': {'address': '0xdc43b25f3abf65825e52b73441e47f2ce0f9c47d'}, 'date': {'date': '2022-05-13'}, 'block': {'height': 14765607}}, {'smartContract': {'address': {'address': '0x897249fef87fa6d1e7fedcb960c2a01ec99ecc6c'}}, 'caller': {'address': '0xdc43b25f3abf65825e52b73441e47f2ce0f9c47d'}, 'date': {'date': '2022-04-01'}, 'block': {'height': 14503451}}, {'smartContract': {'address': {'address': '0x6b34a06b6baa92eeb377532dd0f434e45d808df9'}}, 'caller': {'address': '0xdc43b25f3abf65825e52b73441e47f2ce0f9c47d'}, 'date': {'date': '2022-04-01'}, 'block': {'height': 14500407}}, {'smartContract': {'address': {'address': '0x56dd5bbede9bfdb10a2845c4d70d4a2950163044'}}, 'caller': {'address': '0xdc43b25f3abf65825e52b73441e47f2ce0f9c47d'}, 'date': {'date': '2022-03-16'}, 'block': {'height': 14397771}}, {'smartContract': {'address': {'address': '0x687252e1c921cc3c6f7a38283d52b5bd5b32f077'}}, 'caller': {'address': '0xdc43b25f3abf65825e52b73441e47f2ce0f9c47d'}, 'date': {'date': '2022-03-09'}, 'block': {'height': 14351171}}, {'smartContract': {'address': {'address': '0x6eda6b87df23d69d791adc365d4b17c3a1f16833'}}, 'caller': {'address': '0xdc43b25f3abf65825e52b73441e47f2ce0f9c47d'}, 'date': {'date': '2022-03-09'}, 'block': {'height': 14351081}}, {'smartContract': {'address': {'address': '0xfb7602ad16ddd89363b4d796915aebcc92c29159'}}, 'caller': {'address': '0xdc43b25f3abf65825e52b73441e47f2ce0f9c47d'}, 'date': {'date': '2022-02-22'}, 'block': {'height': 14255090}}, {'smartContract': {'address': {'address': '0xd823c605807cc5e6bd6fc0d7e4eea50d3e2d66cd'}}, 'caller': {'address': '0xdc43b25f3abf65825e52b73441e47f2ce0f9c47d'}, 'date': {'date': '2022-02-22'}, 'block': {'height': 14254811}}, {'smartContract': {'address': {'address': '0x3eabc8a065e6f44b9fa3c61fa2f10526fab355fc'}}, 'caller': {'address': '0xdc43b25f3abf65825e52b73441e47f2ce0f9c47d'}, 'date': {'date': '2022-02-19'}, 'block': {'height': 14235185}}, {'smartContract': {'address': {'address': '0xc4ccddcd0239d8425b54322e8e5f99d19fb7ba43'}}, 'caller': {'address': '0xdc43b25f3abf65825e52b73441e47f2ce0f9c47d'}, 'date': {'date': '2022-02-17'}, 'block': {'height': 14224410}}, {'smartContract': {'address': {'address': '0xf704353b5c98577d3b4274614e62fc79676d33bd'}}, 'caller': {'address': '0xdc43b25f3abf65825e52b73441e47f2ce0f9c47d'}, 'date': {'date': '2022-02-17'}, 'block': {'height': 14224325}}, {'smartContract': {'address': {'address': '0x5d7cca9fb832bbd99c8bd720ebda39b028648301'}}, 'caller': {'address': '0xa6b71e26c5e0845f74c812102ca7114b6a896ab2'}, 'date': {'date': '2022-02-16'}, 'block': {'height': 14215775}}, {'smartContract': {'address': {'address': '0x1db0cb415ad88abd2e27629da3eee0a4129b29b8'}}, 'caller': {'address': '0xdc43b25f3abf65825e52b73441e47f2ce0f9c47d'}, 'date': {'date': '2022-02-15'}, 'block': {'height': 14211759}}, {'smartContract': {'address': {'address': '0xc8c3cc5be962b6d281e4a53dbcce1359f76a1b85'}}, 'caller': {'address': '0xdc43b25f3abf65825e52b73441e47f2ce0f9c47d'}, 'date': {'date': '2022-02-15'}, 'block': {'height': 14211748}}, {'smartContract': {'address': {'address': '0xb329e39ebefd16f40d38f07643652ce17ca5bac1'}}, 'caller': {'address': '0xdc43b25f3abf65825e52b73441e47f2ce0f9c47d'}, 'date': {'date': '2022-02-15'}, 'block': {'height': 14211735}}, {'smartContract': {'address': {'address': '0xe7643ff46c6f88ed812b3e7198c2fa2522d630cc'}}, 'caller': {'address': '0xdc43b25f3abf65825e52b73441e47f2ce0f9c47d'}, 'date': {'date': '2022-02-15'}, 'block': {'height': 14211717}}, {'smartContract': {'address': {'address': '0xb1d4337e7bd80f24b45ef807cde333328ec36797'}}, 'caller': {'address': '0xdc43b25f3abf65825e52b73441e47f2ce0f9c47d'}, 'date': {'date': '2022-02-15'}, 'block': {'height': 14211700}}, {'smartContract': {'address': {'address': '0x13c19498de6f026eff6dfc56e56febe73d50c101'}}, 'caller': {'address': '0xdc43b25f3abf65825e52b73441e47f2ce0f9c47d'}, 'date': {'date': '2022-02-15'}, 'block': {'height': 14211691}}, {'smartContract': {'address': {'address': '0x6d11992a247ae0d726cb967a70fc981e8308b723'}}, 'caller': {'address': '0xdc43b25f3abf65825e52b73441e47f2ce0f9c47d'}, 'date': {'date': '2022-02-15'}, 'block': {'height': 14211676}}, {'smartContract': {'address': {'address': '0xe6949137b24ad50cce2cf6b124b3b874449a41fa'}}, 'caller': {'address': '0xdc43b25f3abf65825e52b73441e47f2ce0f9c47d'}, 'date': {'date': '2022-02-15'}, 'block': {'height': 14211659}}, {'smartContract': {'address': {'address': '0x6033368e4a402605294c91cf5c03d72bd96e7d8d'}}, 'caller': {'address': '0x5c69bee701ef814a2b6a3edd4b1652cb9cc5aa6f'}, 'date': {'date': '2022-02-15'}, 'block': {'height': 14208585}}, {'smartContract': {'address': {'address': '0xc2f44bc508b6b50047a2f3afb1984ed105070be1'}}, 'caller': {'address': '0xdc43b25f3abf65825e52b73441e47f2ce0f9c47d'}, 'date': {'date': '2022-02-14'}, 'block': {'height': 14202574}}, {'smartContract': {'address': {'address': '0xcc7f368c1b96631bd2f85f8cb8e8679a98ea897f'}}, 'caller': {'address': '0xdc43b25f3abf65825e52b73441e47f2ce0f9c47d'}, 'date': {'date': '2022-02-14'}, 'block': {'height': 14201963}}, {'smartContract': {'address': {'address': '0x1e4ede388cbc9f4b5c79681b7f94d36a11abebc9'}}, 'caller': {'address': '0xdc43b25f3abf65825e52b73441e47f2ce0f9c47d'}, 'date': {'date': '2022-02-14'}, 'block': {'height': 14201940}}, {'smartContract': {'address': {'address': '0x74312363e45dcaba76c59ec49a7aa8a65a67eed3'}}, 'caller': {'address': '0xdc43b25f3abf65825e52b73441e47f2ce0f9c47d'}, 'date': {'date': '2022-02-04'}, 'block': {'height': 14139341}}, {'smartContract': {'address': {'address': '0xf7735e2c7120c420ff3b619c66b763d2287165cb'}}, 'caller': {'address': '0xdc43b25f3abf65825e52b73441e47f2ce0f9c47d'}, 'date': {'date': '2022-02-04'}, 'block': {'height': 14139315}}, {'smartContract': {'address': {'address': '0x6d7812d41a08bc2a910b562d8b56411964a4ed88'}}, 'caller': {'address': '0xdc43b25f3abf65825e52b73441e47f2ce0f9c47d'}, 'date': {'date': '2022-02-04'}, 'block': {'height': 14139150}}, {'smartContract': {'address': {'address': '0xf849de01b080adc3a814fabe1e2087475cf2e354'}}, 'caller': {'address': '0xdc43b25f3abf65825e52b73441e47f2ce0f9c47d'}, 'date': {'date': '2022-02-04'}, 'block': {'height': 14139057}}, {'smartContract': {'address': {'address': '0xda600a8c63878990457fe58285032192005fa132'}}, 'caller': {'address': '0xa6b71e26c5e0845f74c812102ca7114b6a896ab2'}, 'date': {'date': '2022-01-26'}, 'block': {'height': 14078299}}]",2022-02-14
159,159,0x1776e1F26f98b1A5dF9cD347953a26dd3Cb46671,(Proxy contract) Numeraire (NMR),https://github.com/erasureprotocol/erasure-protocol,0x9608010323eD882a38eDe9211D7691102b4F0Ba0,2854312.537,[],2017-06-20
160,160,0x993864E43Caa7F7F12953AD6fEb1d1Ca635B875F,Singularity Dao,https://github.com/singularitydao,0x71210c76441b2Ac131FA1bc70057EA8700f1FEad,2805996.296,"[{'smartContract': {'address': {'address': '0x424485f89ea52839fdb30640eb7dd7e0078e12fb'}}, 'caller': {'address': '0x5c69bee701ef814a2b6a3edd4b1652cb9cc5aa6f'}, 'date': {'date': '2021-05-07'}, 'block': {'height': 12386790}}, {'smartContract': {'address': {'address': '0xc6da7bd77556bb4195c0f9c5ad6251b2d7a7cd32'}}, 'caller': {'address': '0x71210c76441b2ac131fa1bc70057ea8700f1fead'}, 'date': {'date': '2021-05-07'}, 'block': {'height': 12386610}}, {'smartContract': {'address': {'address': '0x9ce9704b1993ff308f1815e0fd44b0dffee2d0dc'}}, 'caller': {'address': '0x71210c76441b2ac131fa1bc70057ea8700f1fead'}, 'date': {'date': '2021-05-07'}, 'block': {'height': 12386370}}, {'smartContract': {'address': {'address': '0x993864e43caa7f7f12953ad6feb1d1ca635b875f'}}, 'caller': {'address': '0x71210c76441b2ac131fa1bc70057ea8700f1fead'}, 'date': {'date': '2021-05-07'}, 'block': {'height': 12386331}}, {'smartContract': {'address': {'address': '0x7ebbcf5b5131ba17769e46e373c5dce49e64f8b2'}}, 'caller': {'address': '0x71210c76441b2ac131fa1bc70057ea8700f1fead'}, 'date': {'date': '2021-05-07'}, 'block': {'height': 12386326}}]",2021-05-07
161,161,0xA91ac63D040dEB1b7A5E4d4134aD23eb0ba07e14,Bella,,0xB01A058cE53B72f9D34D81Eea198d8c75FCe0274,2737993.212,"[{'smartContract': {'address': {'address': '0xa91ac63d040deb1b7a5e4d4134ad23eb0ba07e14'}}, 'caller': {'address': '0xb01a058ce53b72f9d34d81eea198d8c75fce0274'}, 'date': {'date': '2020-08-14'}, 'block': {'height': 10656945}}]",2020-08-14
162,162,0xBC19712FEB3a26080eBf6f2F7849b417FdD792CA,BoringDAO,https://github.com/BoringDAO,0x67Ee188Ee1319CDAc271553e7b8FAAed2fBC52CC,2711019.713,"[{'smartContract': {'address': {'address': '0x5bdc32663ec75e85ff4abc2cae7ae8b606a2cfca'}}, 'caller': {'address': '0x67ee188ee1319cdac271553e7b8faaed2fbc52cc'}, 'date': {'date': '2022-12-07'}, 'block': {'height': 16130018}}, {'smartContract': {'address': {'address': '0xddb6be0b53d3d04198f5c77dfb53fbe7edab7c01'}}, 'caller': {'address': '0x67ee188ee1319cdac271553e7b8faaed2fbc52cc'}, 'date': {'date': '2022-08-15'}, 'block': {'height': 15343539}}, {'smartContract': {'address': {'address': '0xd98b679f30d7223bff0a87f0435bd9a0e2946f9c'}}, 'caller': {'address': '0x67ee188ee1319cdac271553e7b8faaed2fbc52cc'}, 'date': {'date': '2022-08-15'}, 'block': {'height': 15343537}}, {'smartContract': {'address': {'address': '0xea3b3f773f45fe9e1867033ae1e6adf0c6c3be03'}}, 'caller': {'address': '0x67ee188ee1319cdac271553e7b8faaed2fbc52cc'}, 'date': {'date': '2022-04-26'}, 'block': {'height': 14657906}}, {'smartContract': {'address': {'address': '0x89a198ee561f38f26c6be5221ff87b3e5af313cb'}}, 'caller': {'address': '0x67ee188ee1319cdac271553e7b8faaed2fbc52cc'}, 'date': {'date': '2022-04-24'}, 'block': {'height': 14647042}}, {'smartContract': {'address': {'address': '0x00a487490c9e72a226b30b70102c522d835e49f0'}}, 'caller': {'address': '0x67ee188ee1319cdac271553e7b8faaed2fbc52cc'}, 'date': {'date': '2022-04-24'}, 'block': {'height': 14646996}}, {'smartContract': {'address': {'address': '0xd11fa1f11e6f8358d2df3cdea7bd6aafcd49c1e7'}}, 'caller': {'address': '0x67ee188ee1319cdac271553e7b8faaed2fbc52cc'}, 'date': {'date': '2022-04-24'}, 'block': {'height': 14646860}}, {'smartContract': {'address': {'address': '0xad5618152f57fb72bdcc8a0dc89494cd3637953c'}}, 'caller': {'address': '0x67ee188ee1319cdac271553e7b8faaed2fbc52cc'}, 'date': {'date': '2022-04-11'}, 'block': {'height': 14563137}}, {'smartContract': {'address': {'address': '0x69086b04854769ab78eeb56d9a8f02ff023ded40'}}, 'caller': {'address': '0x67ee188ee1319cdac271553e7b8faaed2fbc52cc'}, 'date': {'date': '2022-04-06'}, 'block': {'height': 14532994}}, {'smartContract': {'address': {'address': '0x11deb1fe9956b4dbc3b5c5bdae66ea8df8b91af6'}}, 'caller': {'address': '0x67ee188ee1319cdac271553e7b8faaed2fbc52cc'}, 'date': {'date': '2022-04-06'}, 'block': {'height': 14532991}}, {'smartContract': {'address': {'address': '0x437f2a7475e24f60188c1d259fa227114980c463'}}, 'caller': {'address': '0x67ee188ee1319cdac271553e7b8faaed2fbc52cc'}, 'date': {'date': '2022-03-29'}, 'block': {'height': 14480236}}, {'smartContract': {'address': {'address': '0xcf1077f19e74a3e4d6ad35f8db33523f2633fea5'}}, 'caller': {'address': '0x67ee188ee1319cdac271553e7b8faaed2fbc52cc'}, 'date': {'date': '2022-03-29'}, 'block': {'height': 14480232}}, {'smartContract': {'address': {'address': '0xe08847082a6b676e6aeb7434e76aabbbb984cbd3'}}, 'caller': {'address': '0x67ee188ee1319cdac271553e7b8faaed2fbc52cc'}, 'date': {'date': '2022-03-14'}, 'block': {'height': 14383801}}, {'smartContract': {'address': {'address': '0xc7b35dfc94cc2f0e0ec48da4a6402a8e16fbb4ac'}}, 'caller': {'address': '0x67ee188ee1319cdac271553e7b8faaed2fbc52cc'}, 'date': {'date': '2022-02-28'}, 'block': {'height': 14293573}}, {'smartContract': {'address': {'address': '0x6a342a4c2f7bba588af7e2766260b5b61cd9ba46'}}, 'caller': {'address': '0x67ee188ee1319cdac271553e7b8faaed2fbc52cc'}, 'date': {'date': '2022-02-28'}, 'block': {'height': 14292814}}, {'smartContract': {'address': {'address': '0xffac1a5cb814bb8e2bad32d55c80db69f317df7e'}}, 'caller': {'address': '0x67ee188ee1319cdac271553e7b8faaed2fbc52cc'}, 'date': {'date': '2022-01-12'}, 'block': {'height': 13990294}}, {'smartContract': {'address': {'address': '0xad2f8007a29d3f9698a94fddc942dcfc6028a569'}}, 'caller': {'address': '0x67ee188ee1319cdac271553e7b8faaed2fbc52cc'}, 'date': {'date': '2022-01-11'}, 'block': {'height': 13984865}}, {'smartContract': {'address': {'address': '0xecad1ab3464eccc7536af6afee414df873495616'}}, 'caller': {'address': '0x67ee188ee1319cdac271553e7b8faaed2fbc52cc'}, 'date': {'date': '2021-12-28'}, 'block': {'height': 13891523}}, {'smartContract': {'address': {'address': '0x18062e0634db05b15440593de040b5c5ce951928'}}, 'caller': {'address': '0x67ee188ee1319cdac271553e7b8faaed2fbc52cc'}, 'date': {'date': '2021-12-28'}, 'block': {'height': 13891521}}, {'smartContract': {'address': {'address': '0xe410c87985c48a5522c2dcb9da541dfe77b2de3f'}}, 'caller': {'address': '0x67ee188ee1319cdac271553e7b8faaed2fbc52cc'}, 'date': {'date': '2021-12-17'}, 'block': {'height': 13822208}}, {'smartContract': {'address': {'address': '0xb6225104d9434cc148570cddeef19b2e46da350d'}}, 'caller': {'address': '0x67ee188ee1319cdac271553e7b8faaed2fbc52cc'}, 'date': {'date': '2021-12-17'}, 'block': {'height': 13821678}}, {'smartContract': {'address': {'address': '0xdbece03cbb33160ca62107017ff45265343f5f10'}}, 'caller': {'address': '0x67ee188ee1319cdac271553e7b8faaed2fbc52cc'}, 'date': {'date': '2021-11-24'}, 'block': {'height': 13677694}}, {'smartContract': {'address': {'address': '0x0de70b6964b561cfbdb366e8d55db9fbed15f976'}}, 'caller': {'address': '0x67ee188ee1319cdac271553e7b8faaed2fbc52cc'}, 'date': {'date': '2021-11-21'}, 'block': {'height': 13658054}}, {'smartContract': {'address': {'address': '0x4b4ecdb2d3e1bc9b3ccdcb9fb2181e2edf7fc04b'}}, 'caller': {'address': '0x67ee188ee1319cdac271553e7b8faaed2fbc52cc'}, 'date': {'date': '2021-11-21'}, 'block': {'height': 13658040}}, {'smartContract': {'address': {'address': '0x8789d2f1c06d2605d92a24c1e490b69e2297b1e7'}}, 'caller': {'address': '0x67ee188ee1319cdac271553e7b8faaed2fbc52cc'}, 'date': {'date': '2021-11-21'}, 'block': {'height': 13658027}}, {'smartContract': {'address': {'address': '0x8fc92366580bcdf382599654a7e91fdafefdca60'}}, 'caller': {'address': '0x67ee188ee1319cdac271553e7b8faaed2fbc52cc'}, 'date': {'date': '2021-11-21'}, 'block': {'height': 13658024}}, {'smartContract': {'address': {'address': '0xde62e89d672f27685ea14f30e98b59eca2845931'}}, 'caller': {'address': '0x67ee188ee1319cdac271553e7b8faaed2fbc52cc'}, 'date': {'date': '2021-11-21'}, 'block': {'height': 13658002}}, {'smartContract': {'address': {'address': '0x58d243eb50adf91e44238d6b25466b3cecc3ab51'}}, 'caller': {'address': '0x67ee188ee1319cdac271553e7b8faaed2fbc52cc'}, 'date': {'date': '2021-11-21'}, 'block': {'height': 13657997}}, {'smartContract': {'address': {'address': '0x5c8c44e36fddc836cc288c6a49cf0aceb95676ee'}}, 'caller': {'address': '0x67ee188ee1319cdac271553e7b8faaed2fbc52cc'}, 'date': {'date': '2021-11-21'}, 'block': {'height': 13657930}}, {'smartContract': {'address': {'address': '0xfd16ea1d1a5531b1829200f64e8c18f8e9364477'}}, 'caller': {'address': '0x67ee188ee1319cdac271553e7b8faaed2fbc52cc'}, 'date': {'date': '2021-11-14'}, 'block': {'height': 13616791}}, {'smartContract': {'address': {'address': '0x7134504a6e3c5d12393ab0b6ab4b0812788f1f15'}}, 'caller': {'address': '0x67ee188ee1319cdac271553e7b8faaed2fbc52cc'}, 'date': {'date': '2021-11-09'}, 'block': {'height': 13582321}}, {'smartContract': {'address': {'address': '0x637ca32056146ef2bfe72312ecbb97a890c0b02f'}}, 'caller': {'address': '0x67ee188ee1319cdac271553e7b8faaed2fbc52cc'}, 'date': {'date': '2021-10-27'}, 'block': {'height': 13498855}}, {'smartContract': {'address': {'address': '0xdbe43c732080271fd7588aa5fe71bd07456d9173'}}, 'caller': {'address': '0x67ee188ee1319cdac271553e7b8faaed2fbc52cc'}, 'date': {'date': '2021-10-27'}, 'block': {'height': 13498203}}, {'smartContract': {'address': {'address': '0x0f58c255738005a8d35c22dfdf0d81243a13f11a'}}, 'caller': {'address': '0x67ee188ee1319cdac271553e7b8faaed2fbc52cc'}, 'date': {'date': '2021-10-27'}, 'block': {'height': 13498202}}, {'smartContract': {'address': {'address': '0x9312142efba17ce795f95e17076b0800d14a3b19'}}, 'caller': {'address': '0x67ee188ee1319cdac271553e7b8faaed2fbc52cc'}, 'date': {'date': '2021-09-07'}, 'block': {'height': 13178366}}, {'smartContract': {'address': {'address': '0xf8393bc60cf8cfcd442bcd742a4aa847f4b6b4ac'}}, 'caller': {'address': '0x67ee188ee1319cdac271553e7b8faaed2fbc52cc'}, 'date': {'date': '2021-09-07'}, 'block': {'height': 13178365}}, {'smartContract': {'address': {'address': '0x2c5f8f456263ad127a3b70c691c1f121cf2cb998'}}, 'caller': {'address': '0x67ee188ee1319cdac271553e7b8faaed2fbc52cc'}, 'date': {'date': '2021-08-31'}, 'block': {'height': 13133017}}, {'smartContract': {'address': {'address': '0x9980b05cf1b05e76a790a6dcf6b7a7a3f2e04dae'}}, 'caller': {'address': '0x67ee188ee1319cdac271553e7b8faaed2fbc52cc'}, 'date': {'date': '2021-08-31'}, 'block': {'height': 13132996}}, {'smartContract': {'address': {'address': '0xd1a6860df1ae97fa8492a01379bbf29a55f6d191'}}, 'caller': {'address': '0x67ee188ee1319cdac271553e7b8faaed2fbc52cc'}, 'date': {'date': '2021-07-09'}, 'block': {'height': 12792326}}, {'smartContract': {'address': {'address': '0xdf6159cfb44d57f459c8b92344f092c561b5c7ba'}}, 'caller': {'address': '0x67ee188ee1319cdac271553e7b8faaed2fbc52cc'}, 'date': {'date': '2021-06-25'}, 'block': {'height': 12702332}}, {'smartContract': {'address': {'address': '0x46d253d304986f0aec5fcde38ac530872031892e'}}, 'caller': {'address': '0x67ee188ee1319cdac271553e7b8faaed2fbc52cc'}, 'date': {'date': '2021-06-25'}, 'block': {'height': 12702318}}, {'smartContract': {'address': {'address': '0x2b523fe60f4a2d65a7f22fdbb8d01cb80b50c321'}}, 'caller': {'address': '0x67ee188ee1319cdac271553e7b8faaed2fbc52cc'}, 'date': {'date': '2021-06-25'}, 'block': {'height': 12702313}}, {'smartContract': {'address': {'address': '0x77f79fea3d135847098adb1fdc6b10a0218823f5'}}, 'caller': {'address': '0x67ee188ee1319cdac271553e7b8faaed2fbc52cc'}, 'date': {'date': '2021-06-25'}, 'block': {'height': 12702308}}, {'smartContract': {'address': {'address': '0xfde699723564ac480d949deb491ae14140a46e33'}}, 'caller': {'address': '0x67ee188ee1319cdac271553e7b8faaed2fbc52cc'}, 'date': {'date': '2021-06-25'}, 'block': {'height': 12701990}}, {'smartContract': {'address': {'address': '0x204c87cda5daac87b2fc562bfb5371a0b066229c'}}, 'caller': {'address': '0x67ee188ee1319cdac271553e7b8faaed2fbc52cc'}, 'date': {'date': '2021-06-25'}, 'block': {'height': 12700505}}, {'smartContract': {'address': {'address': '0x26b964e43f80d195d8f1ce207919ad4715fc9410'}}, 'caller': {'address': '0x67ee188ee1319cdac271553e7b8faaed2fbc52cc'}, 'date': {'date': '2021-06-24'}, 'block': {'height': 12698031}}, {'smartContract': {'address': {'address': '0xadee8b009d8e4c3d95bf415c7eef53d8f9147716'}}, 'caller': {'address': '0x67ee188ee1319cdac271553e7b8faaed2fbc52cc'}, 'date': {'date': '2021-06-24'}, 'block': {'height': 12697838}}, {'smartContract': {'address': {'address': '0xfe2218a93530232bca6f8cf6c8466182332c6633'}}, 'caller': {'address': '0x67ee188ee1319cdac271553e7b8faaed2fbc52cc'}, 'date': {'date': '2021-06-24'}, 'block': {'height': 12696545}}, {'smartContract': {'address': {'address': '0xe030dc2e9b75e224b6ea1f04db1f1ff02cda9ecd'}}, 'caller': {'address': '0x67ee188ee1319cdac271553e7b8faaed2fbc52cc'}, 'date': {'date': '2021-06-24'}, 'block': {'height': 12696513}}, {'smartContract': {'address': {'address': '0x8bf434db1647a8eaf5d4fd87db047d9867d87035'}}, 'caller': {'address': '0x67ee188ee1319cdac271553e7b8faaed2fbc52cc'}, 'date': {'date': '2021-06-24'}, 'block': {'height': 12696507}}, {'smartContract': {'address': {'address': '0x60190c2458600952a30b35563367fc1c253a127a'}}, 'caller': {'address': '0x67ee188ee1319cdac271553e7b8faaed2fbc52cc'}, 'date': {'date': '2021-06-24'}, 'block': {'height': 12696505}}, {'smartContract': {'address': {'address': '0x0e2d371f2a9925219d4e936e8f227f0ab9d4dbde'}}, 'caller': {'address': '0x67ee188ee1319cdac271553e7b8faaed2fbc52cc'}, 'date': {'date': '2021-06-24'}, 'block': {'height': 12696485}}, {'smartContract': {'address': {'address': '0xc23f4d5ac44a7d8e56c70741e6205daf3f10f998'}}, 'caller': {'address': '0x67ee188ee1319cdac271553e7b8faaed2fbc52cc'}, 'date': {'date': '2021-06-24'}, 'block': {'height': 12696481}}, {'smartContract': {'address': {'address': '0x2b781634e4cb0b5236cc957daba88f911fd66fcd'}}, 'caller': {'address': '0x67ee188ee1319cdac271553e7b8faaed2fbc52cc'}, 'date': {'date': '2021-06-24'}, 'block': {'height': 12696473}}, {'smartContract': {'address': {'address': '0xd221f7f04b2055e2f937063d415d6bcdcc1d70de'}}, 'caller': {'address': '0x67ee188ee1319cdac271553e7b8faaed2fbc52cc'}, 'date': {'date': '2021-06-24'}, 'block': {'height': 12696397}}, {'smartContract': {'address': {'address': '0x48c57b4e50ae145e36d1b26d3470a6b9a68f3ee9'}}, 'caller': {'address': '0x67ee188ee1319cdac271553e7b8faaed2fbc52cc'}, 'date': {'date': '2021-06-24'}, 'block': {'height': 12696380}}, {'smartContract': {'address': {'address': '0x6c189baa963060daeec77b7305b055216090bfc4'}}, 'caller': {'address': '0x67ee188ee1319cdac271553e7b8faaed2fbc52cc'}, 'date': {'date': '2021-06-24'}, 'block': {'height': 12696370}}, {'smartContract': {'address': {'address': '0xd0c4b4fbf2a076a9d936f34809e445ebe926fbee'}}, 'caller': {'address': '0x67ee188ee1319cdac271553e7b8faaed2fbc52cc'}, 'date': {'date': '2021-06-24'}, 'block': {'height': 12696337}}, {'smartContract': {'address': {'address': '0x457eacbd56eb29f8ec75c22fcc549e6b2d8ccde9'}}, 'caller': {'address': '0x67ee188ee1319cdac271553e7b8faaed2fbc52cc'}, 'date': {'date': '2021-06-24'}, 'block': {'height': 12696321}}, {'smartContract': {'address': {'address': '0x6adff7bedd9d7bf4794421d078cced17aa4ec39c'}}, 'caller': {'address': '0x67ee188ee1319cdac271553e7b8faaed2fbc52cc'}, 'date': {'date': '2021-06-24'}, 'block': {'height': 12696319}}, {'smartContract': {'address': {'address': '0x6b85bdeaa98b46787ba33016acaf72c717f2f7d7'}}, 'caller': {'address': '0x67ee188ee1319cdac271553e7b8faaed2fbc52cc'}, 'date': {'date': '2021-06-24'}, 'block': {'height': 12696272}}, {'smartContract': {'address': {'address': '0xa4dbb9b7ecf8486e7df11e621a47687659e135c2'}}, 'caller': {'address': '0x67ee188ee1319cdac271553e7b8faaed2fbc52cc'}, 'date': {'date': '2021-06-24'}, 'block': {'height': 12696265}}, {'smartContract': {'address': {'address': '0xce61e08c01fb6e1ca1bb4d0acf4eb1d5fe66bf79'}}, 'caller': {'address': '0x67ee188ee1319cdac271553e7b8faaed2fbc52cc'}, 'date': {'date': '2021-06-24'}, 'block': {'height': 12696247}}, {'smartContract': {'address': {'address': '0x024902c0e96fc28e641d60e36a84dad1fce6519e'}}, 'caller': {'address': '0x67ee188ee1319cdac271553e7b8faaed2fbc52cc'}, 'date': {'date': '2021-06-23'}, 'block': {'height': 12692502}}, {'smartContract': {'address': {'address': '0xcee63697ccaa5b14d20bb111639b13e78fc64ab0'}}, 'caller': {'address': '0x67ee188ee1319cdac271553e7b8faaed2fbc52cc'}, 'date': {'date': '2021-06-22'}, 'block': {'height': 12682375}}, {'smartContract': {'address': {'address': '0x27872e693f21d3bd9c95abd6e475938cf62a29f9'}}, 'caller': {'address': '0x67ee188ee1319cdac271553e7b8faaed2fbc52cc'}, 'date': {'date': '2021-06-20'}, 'block': {'height': 12669951}}, {'smartContract': {'address': {'address': '0xf07fdc8ebeda1b501e5139620bd96d647e0ad3b4'}}, 'caller': {'address': '0x67ee188ee1319cdac271553e7b8faaed2fbc52cc'}, 'date': {'date': '2021-06-20'}, 'block': {'height': 12669944}}, {'smartContract': {'address': {'address': '0xdd018ad3d79bf8aa7c2e9726b566f7aeef693618'}}, 'caller': {'address': '0x67ee188ee1319cdac271553e7b8faaed2fbc52cc'}, 'date': {'date': '2021-06-06'}, 'block': {'height': 12581450}}, {'smartContract': {'address': {'address': '0x895a18d5a95a76bdee6c4882e687573c4d8af720'}}, 'caller': {'address': '0x67ee188ee1319cdac271553e7b8faaed2fbc52cc'}, 'date': {'date': '2021-06-06'}, 'block': {'height': 12581439}}, {'smartContract': {'address': {'address': '0xa54cffe7bd03518cafcd317a42d02325f3d8687a'}}, 'caller': {'address': '0x67ee188ee1319cdac271553e7b8faaed2fbc52cc'}, 'date': {'date': '2021-06-06'}, 'block': {'height': 12581177}}, {'smartContract': {'address': {'address': '0xd54d2e3024d5e5cabab32770b3ab2601139aba56'}}, 'caller': {'address': '0x67ee188ee1319cdac271553e7b8faaed2fbc52cc'}, 'date': {'date': '2021-06-03'}, 'block': {'height': 12561845}}, {'smartContract': {'address': {'address': '0x28bd8da66bf98182dbcd630e5281ba8362e16d17'}}, 'caller': {'address': '0x67ee188ee1319cdac271553e7b8faaed2fbc52cc'}, 'date': {'date': '2021-06-03'}, 'block': {'height': 12560121}}, {'smartContract': {'address': {'address': '0x687d761089193dd5bb1c33a04cfeb6f18e6b9b3d'}}, 'caller': {'address': '0x67ee188ee1319cdac271553e7b8faaed2fbc52cc'}, 'date': {'date': '2021-06-02'}, 'block': {'height': 12552631}}, {'smartContract': {'address': {'address': '0x0771017cbf77b5a4551864ad1461c6e8ea4bd506'}}, 'caller': {'address': '0x67ee188ee1319cdac271553e7b8faaed2fbc52cc'}, 'date': {'date': '2021-06-02'}, 'block': {'height': 12552618}}, {'smartContract': {'address': {'address': '0xbc19712feb3a26080ebf6f2f7849b417fdd792ca'}}, 'caller': {'address': '0x67ee188ee1319cdac271553e7b8faaed2fbc52cc'}, 'date': {'date': '2021-05-25'}, 'block': {'height': 12501918}}, {'smartContract': {'address': {'address': '0x508f4fc271fcce5b341334f365d8f9ba6c74ba3c'}}, 'caller': {'address': '0x67ee188ee1319cdac271553e7b8faaed2fbc52cc'}, 'date': {'date': '2021-05-25'}, 'block': {'height': 12501343}}, {'smartContract': {'address': {'address': '0x1e87e1492c829d06eb834cc4b46c8b9daa0721e7'}}, 'caller': {'address': '0x67ee188ee1319cdac271553e7b8faaed2fbc52cc'}, 'date': {'date': '2021-05-25'}, 'block': {'height': 12500976}}, {'smartContract': {'address': {'address': '0x78e1d16ba607c61bccfe23ba3b3369ad44df960f'}}, 'caller': {'address': '0x67ee188ee1319cdac271553e7b8faaed2fbc52cc'}, 'date': {'date': '2021-05-24'}, 'block': {'height': 12497595}}, {'smartContract': {'address': {'address': '0x27dd88eee957ae18665983c818c35dccef8818a8'}}, 'caller': {'address': '0x67ee188ee1319cdac271553e7b8faaed2fbc52cc'}, 'date': {'date': '2021-04-24'}, 'block': {'height': 12300437}}, {'smartContract': {'address': {'address': '0x5e9f5af18e1b9505d8ce2ab4e8a349a98abf51c1'}}, 'caller': {'address': '0x67ee188ee1319cdac271553e7b8faaed2fbc52cc'}, 'date': {'date': '2021-04-24'}, 'block': {'height': 12300433}}, {'smartContract': {'address': {'address': '0xb8ad35b1b80d37cef5e3e7ea939c1886f032c356'}}, 'caller': {'address': '0x67ee188ee1319cdac271553e7b8faaed2fbc52cc'}, 'date': {'date': '2021-04-24'}, 'block': {'height': 12300381}}, {'smartContract': {'address': {'address': '0xccca767d9f2dd435c6a36c5702648283be12068f'}}, 'caller': {'address': '0x67ee188ee1319cdac271553e7b8faaed2fbc52cc'}, 'date': {'date': '2021-04-24'}, 'block': {'height': 12300377}}, {'smartContract': {'address': {'address': '0x34130162218d1f81bc84761b8bf863f7f409f633'}}, 'caller': {'address': '0x67ee188ee1319cdac271553e7b8faaed2fbc52cc'}, 'date': {'date': '2021-04-24'}, 'block': {'height': 12300371}}, {'smartContract': {'address': {'address': '0x5387aed486b9ee6ac7833640f8ddfd6bbcd01d96'}}, 'caller': {'address': '0x67ee188ee1319cdac271553e7b8faaed2fbc52cc'}, 'date': {'date': '2021-04-24'}, 'block': {'height': 12300370}}, {'smartContract': {'address': {'address': '0x8b2eaf139fb7af0c6de2481f0cadbceb5cf224c2'}}, 'caller': {'address': '0x67ee188ee1319cdac271553e7b8faaed2fbc52cc'}, 'date': {'date': '2021-04-24'}, 'block': {'height': 12300357}}, {'smartContract': {'address': {'address': '0x9c306a78b1a904e83115c05ac67c1ef07c653651'}}, 'caller': {'address': '0x67ee188ee1319cdac271553e7b8faaed2fbc52cc'}, 'date': {'date': '2021-04-24'}, 'block': {'height': 12300340}}, {'smartContract': {'address': {'address': '0x22b1ac6b2d55ade358e5b7f4281ed1dd2f6f0077'}}, 'caller': {'address': '0x67ee188ee1319cdac271553e7b8faaed2fbc52cc'}, 'date': {'date': '2021-04-24'}, 'block': {'height': 12300336}}, {'smartContract': {'address': {'address': '0xca92fedc300c3c3a42daef99c1b94f431a676167'}}, 'caller': {'address': '0x67ee188ee1319cdac271553e7b8faaed2fbc52cc'}, 'date': {'date': '2021-04-23'}, 'block': {'height': 12297681}}, {'smartContract': {'address': {'address': '0x170a0406549d5de65e5605460ef0badc0e5c069d'}}, 'caller': {'address': '0x67ee188ee1319cdac271553e7b8faaed2fbc52cc'}, 'date': {'date': '2021-03-23'}, 'block': {'height': 12095332}}, {'smartContract': {'address': {'address': '0x63a61b21a5ed529986d572af747a22d96493aba3'}}, 'caller': {'address': '0x67ee188ee1319cdac271553e7b8faaed2fbc52cc'}, 'date': {'date': '2021-02-25'}, 'block': {'height': 11925333}}, {'smartContract': {'address': {'address': '0x7716af543eb18a1ccb22c8bc1460a4409519f9e7'}}, 'caller': {'address': '0x5d99a555c2db6f80aaf3a81e4071d3d00fd1991b'}, 'date': {'date': '2021-02-20'}, 'block': {'height': 11894123}}, {'smartContract': {'address': {'address': '0x25ab2daf6a4ab862c0dbfe899d019f11dcd5135f'}}, 'caller': {'address': '0x5d99a555c2db6f80aaf3a81e4071d3d00fd1991b'}, 'date': {'date': '2021-02-20'}, 'block': {'height': 11894120}}, {'smartContract': {'address': {'address': '0x5d99a555c2db6f80aaf3a81e4071d3d00fd1991b'}}, 'caller': {'address': '0x67ee188ee1319cdac271553e7b8faaed2fbc52cc'}, 'date': {'date': '2021-02-20'}, 'block': {'height': 11894088}}, {'smartContract': {'address': {'address': '0xf4d25ddc3965987b9edf792feeb5fb6f5b613918'}}, 'caller': {'address': '0x67ee188ee1319cdac271553e7b8faaed2fbc52cc'}, 'date': {'date': '2021-02-17'}, 'block': {'height': 11871044}}, {'smartContract': {'address': {'address': '0xac3bf6e1fe9bf1f203bf07d72f64e95f3ea39bb6'}}, 'caller': {'address': '0x67ee188ee1319cdac271553e7b8faaed2fbc52cc'}, 'date': {'date': '2021-02-16'}, 'block': {'height': 11868408}}, {'smartContract': {'address': {'address': '0xef3bb2ab1c651dd052dd45a83fc2de306c9ad94d'}}, 'caller': {'address': '0x67ee188ee1319cdac271553e7b8faaed2fbc52cc'}, 'date': {'date': '2021-02-16'}, 'block': {'height': 11868392}}, {'smartContract': {'address': {'address': '0xc28ae0267f1da560a5d36fa08f73993186ec666f'}}, 'caller': {'address': '0x67ee188ee1319cdac271553e7b8faaed2fbc52cc'}, 'date': {'date': '2021-02-16'}, 'block': {'height': 11868365}}, {'smartContract': {'address': {'address': '0xc251a54bffa8db9b64ac05bd38ad4891f60c2de3'}}, 'caller': {'address': '0x67ee188ee1319cdac271553e7b8faaed2fbc52cc'}, 'date': {'date': '2021-02-16'}, 'block': {'height': 11868351}}, {'smartContract': {'address': {'address': '0x58e25ccd2843cae992efbc15c8d4c64f4f70809a'}}, 'caller': {'address': '0x67ee188ee1319cdac271553e7b8faaed2fbc52cc'}, 'date': {'date': '2021-02-16'}, 'block': {'height': 11868237}}, {'smartContract': {'address': {'address': '0x06d95481af387e0940a11560f5a34691ea0e4386'}}, 'caller': {'address': '0x67ee188ee1319cdac271553e7b8faaed2fbc52cc'}, 'date': {'date': '2021-02-16'}, 'block': {'height': 11868192}}]",2021-05-25
163,163,0x6BeA7CFEF803D1e3d5f7C0103f7ded065644e197,Gamma,https://github.com/GammaStrategies/,0x25758ed87b57C275E70fc80dEAB2c9fbC9295841,2660843.547,"[{'smartContract': {'address': {'address': '0x9bbbd96048bbbe2bc011a3efe42e7c93700409d9'}}, 'caller': {'address': '0x25758ed87b57c275e70fc80deab2c9fbc9295841'}, 'date': {'date': '2022-02-28'}, 'block': {'height': 14297144}}, {'smartContract': {'address': {'address': '0x92d8533289dca2d7755069c613e1b0c507975b16'}}, 'caller': {'address': '0x25758ed87b57c275e70fc80deab2c9fbc9295841'}, 'date': {'date': '2022-02-28'}, 'block': {'height': 14296915}}, {'smartContract': {'address': {'address': '0x586880065937a0b1b9541723619b75739df8ef13'}}, 'caller': {'address': '0x25758ed87b57c275e70fc80deab2c9fbc9295841'}, 'date': {'date': '2022-02-28'}, 'block': {'height': 14296877}}, {'smartContract': {'address': {'address': '0xa21b3085e9a97bb8f23c997e80fe6d91321e24ab'}}, 'caller': {'address': '0x25758ed87b57c275e70fc80deab2c9fbc9295841'}, 'date': {'date': '2022-02-25'}, 'block': {'height': 14271975}}, {'smartContract': {'address': {'address': '0xede66eb7a576beaa87626a38fdd0d32b57dc7dff'}}, 'caller': {'address': '0x25758ed87b57c275e70fc80deab2c9fbc9295841'}, 'date': {'date': '2022-02-25'}, 'block': {'height': 14271967}}, {'smartContract': {'address': {'address': '0xe25811efb4aca787e42203cfe7bb7d9b46ce869f'}}, 'caller': {'address': '0x25758ed87b57c275e70fc80deab2c9fbc9295841'}, 'date': {'date': '2022-02-23'}, 'block': {'height': 14264411}}, {'smartContract': {'address': {'address': '0x86ac986da7823869d083fd884e5e2d585ba1635c'}}, 'caller': {'address': '0x25758ed87b57c275e70fc80deab2c9fbc9295841'}, 'date': {'date': '2022-02-18'}, 'block': {'height': 14229899}}, {'smartContract': {'address': {'address': '0x4d7f0f7395dd58da2e6680453a0d0b4b19d0c832'}}, 'caller': {'address': '0x25758ed87b57c275e70fc80deab2c9fbc9295841'}, 'date': {'date': '2022-02-18'}, 'block': {'height': 14229882}}, {'smartContract': {'address': {'address': '0x2ac79bf38a4018b926b6f77942e0e73bd16706db'}}, 'caller': {'address': '0x25758ed87b57c275e70fc80deab2c9fbc9295841'}, 'date': {'date': '2022-02-14'}, 'block': {'height': 14204037}}, {'smartContract': {'address': {'address': '0xf5ad919c8e6eec8fb6396de4c08b042f3dcef3e0'}}, 'caller': {'address': '0x25758ed87b57c275e70fc80deab2c9fbc9295841'}, 'date': {'date': '2022-02-11'}, 'block': {'height': 14184988}}, {'smartContract': {'address': {'address': '0xca17f575edbf6440b3c13aa53274648d7cb78536'}}, 'caller': {'address': '0x25758ed87b57c275e70fc80deab2c9fbc9295841'}, 'date': {'date': '2022-02-10'}, 'block': {'height': 14178884}}, {'smartContract': {'address': {'address': '0x388a3938fb6c9c6cb0415946dd5d026f7d98e22c'}}, 'caller': {'address': '0x25758ed87b57c275e70fc80deab2c9fbc9295841'}, 'date': {'date': '2022-02-10'}, 'block': {'height': 14178874}}, {'smartContract': {'address': {'address': '0x994303a55e4bea32ad3b89a34db1e7ca130f38e8'}}, 'caller': {'address': '0x25758ed87b57c275e70fc80deab2c9fbc9295841'}, 'date': {'date': '2022-02-10'}, 'block': {'height': 14178826}}, {'smartContract': {'address': {'address': '0xf402ced61500147c19d6944ef85f27f213adbd9b'}}, 'caller': {'address': '0x25758ed87b57c275e70fc80deab2c9fbc9295841'}, 'date': {'date': '2022-02-10'}, 'block': {'height': 14178805}}, {'smartContract': {'address': {'address': '0x785454c474286fd9f6d76c0cfdc94c52557448b3'}}, 'caller': {'address': '0x25758ed87b57c275e70fc80deab2c9fbc9295841'}, 'date': {'date': '2022-02-09'}, 'block': {'height': 14171997}}, {'smartContract': {'address': {'address': '0xf6eeca73646ea6a5c878814e6508e87facc7927c'}}, 'caller': {'address': '0x25758ed87b57c275e70fc80deab2c9fbc9295841'}, 'date': {'date': '2022-02-08'}, 'block': {'height': 14166352}}, {'smartContract': {'address': {'address': '0x7ab903ff66d89a703f82a4aab98a6cac110ce316'}}, 'caller': {'address': '0x25758ed87b57c275e70fc80deab2c9fbc9295841'}, 'date': {'date': '2022-02-02'}, 'block': {'height': 14126660}}, {'smartContract': {'address': {'address': '0xac571cbd56c83362875bf881819b653ec9b1d02f'}}, 'caller': {'address': '0x25758ed87b57c275e70fc80deab2c9fbc9295841'}, 'date': {'date': '2022-02-02'}, 'block': {'height': 14126640}}, {'smartContract': {'address': {'address': '0x2c51146cde78374f782287f1e81954937901a111'}}, 'caller': {'address': '0x25758ed87b57c275e70fc80deab2c9fbc9295841'}, 'date': {'date': '2022-02-02'}, 'block': {'height': 14126199}}, {'smartContract': {'address': {'address': '0x39b96fe8fc813e0c34cd79ba858492521616013c'}}, 'caller': {'address': '0x25758ed87b57c275e70fc80deab2c9fbc9295841'}, 'date': {'date': '2022-02-02'}, 'block': {'height': 14126188}}, {'smartContract': {'address': {'address': '0x7dcd2a9e9d599da9e495f1e2de14a4bf1b2fe480'}}, 'caller': {'address': '0xa6b71e26c5e0845f74c812102ca7114b6a896ab2'}, 'date': {'date': '2022-01-25'}, 'block': {'height': 14076173}}, {'smartContract': {'address': {'address': '0x046094b133ee959c64ebd432154444da658e59a2'}}, 'caller': {'address': '0xa6b71e26c5e0845f74c812102ca7114b6a896ab2'}, 'date': {'date': '2022-01-25'}, 'block': {'height': 14076101}}, {'smartContract': {'address': {'address': '0xfaf23f7626142f94327b5d53e76c0d055fb56177'}}, 'caller': {'address': '0xa6b71e26c5e0845f74c812102ca7114b6a896ab2'}, 'date': {'date': '2022-01-25'}, 'block': {'height': 14075952}}, {'smartContract': {'address': {'address': '0x0ba166a39dc3cc129ad5e58df04beacc8c64f3cb'}}, 'caller': {'address': '0xa6b71e26c5e0845f74c812102ca7114b6a896ab2'}, 'date': {'date': '2022-01-25'}, 'block': {'height': 14075550}}, {'smartContract': {'address': {'address': '0x1dceb477e6216ae03252c359d48580822600c161'}}, 'caller': {'address': '0x25758ed87b57c275e70fc80deab2c9fbc9295841'}, 'date': {'date': '2022-01-25'}, 'block': {'height': 14075118}}, {'smartContract': {'address': {'address': '0x031464af67c612a54676dd5dd71ea86605ee2abf'}}, 'caller': {'address': '0x25758ed87b57c275e70fc80deab2c9fbc9295841'}, 'date': {'date': '2022-01-21'}, 'block': {'height': 14049371}}, {'smartContract': {'address': {'address': '0x336d7e0a0f87e2729c0080f86801e6f4becf146f'}}, 'caller': {'address': '0x25758ed87b57c275e70fc80deab2c9fbc9295841'}, 'date': {'date': '2022-01-18'}, 'block': {'height': 14029286}}, {'smartContract': {'address': {'address': '0x1e3a3dab6d9dd3759c3ddf7c1b7bd6e3ce944a57'}}, 'caller': {'address': '0xa6b71e26c5e0845f74c812102ca7114b6a896ab2'}, 'date': {'date': '2022-01-13'}, 'block': {'height': 13999072}}, {'smartContract': {'address': {'address': '0x9be0193abd3f9c1b70d496b48f1f9cd01f558103'}}, 'caller': {'address': '0x25758ed87b57c275e70fc80deab2c9fbc9295841'}, 'date': {'date': '2022-01-11'}, 'block': {'height': 13984532}}, {'smartContract': {'address': {'address': '0x81cfdcc01bddd0edc90f453a75f01979fbfb2dec'}}, 'caller': {'address': '0x25758ed87b57c275e70fc80deab2c9fbc9295841'}, 'date': {'date': '2022-01-03'}, 'block': {'height': 13934507}}, {'smartContract': {'address': {'address': '0x5e6c481de496554b66657dd1ca1f70c61cf11660'}}, 'caller': {'address': '0x25758ed87b57c275e70fc80deab2c9fbc9295841'}, 'date': {'date': '2022-01-03'}, 'block': {'height': 13934335}}, {'smartContract': {'address': {'address': '0xad5b1a6abc1c9598c044cea295488433a3499efc'}}, 'caller': {'address': '0x5c69bee701ef814a2b6a3edd4b1652cb9cc5aa6f'}, 'date': {'date': '2021-12-29'}, 'block': {'height': 13902194}}, {'smartContract': {'address': {'address': '0x26805021988f1a45dc708b5fb75fc75f21747d8c'}}, 'caller': {'address': '0x25758ed87b57c275e70fc80deab2c9fbc9295841'}, 'date': {'date': '2021-12-26'}, 'block': {'height': 13882716}}, {'smartContract': {'address': {'address': '0x33412fef1af035d6dba8b2f9b33b022e4c31dbb4'}}, 'caller': {'address': '0x25758ed87b57c275e70fc80deab2c9fbc9295841'}, 'date': {'date': '2021-12-24'}, 'block': {'height': 13870189}}, {'smartContract': {'address': {'address': '0x51bbf75e7d6ee33da934ea0926b7eac73f808865'}}, 'caller': {'address': '0x25758ed87b57c275e70fc80deab2c9fbc9295841'}, 'date': {'date': '2021-12-24'}, 'block': {'height': 13870155}}, {'smartContract': {'address': {'address': '0x4006bed7bf103d70a1c6b7f1cef4ad059193dc25'}}, 'caller': {'address': '0x1f98431c8ad98523631ae4a59f267346ea31f984'}, 'date': {'date': '2021-12-24'}, 'block': {'height': 13869973}}, {'smartContract': {'address': {'address': '0x6bea7cfef803d1e3d5f7c0103f7ded065644e197'}}, 'caller': {'address': '0x25758ed87b57c275e70fc80deab2c9fbc9295841'}, 'date': {'date': '2021-12-24'}, 'block': {'height': 13864627}}, {'smartContract': {'address': {'address': '0xf2c58cca8ce82df7a2a4f7f936608d61f45a9a47'}}, 'caller': {'address': '0xa6b71e26c5e0845f74c812102ca7114b6a896ab2'}, 'date': {'date': '2021-12-22'}, 'block': {'height': 13857294}}, {'smartContract': {'address': {'address': '0x8a539cb67785974daa8e423750ffd7d28fed793a'}}, 'caller': {'address': '0x25758ed87b57c275e70fc80deab2c9fbc9295841'}, 'date': {'date': '2021-12-22'}, 'block': {'height': 13857285}}]",2021-12-24
164,164,0x5F0E628B693018f639D10e4A4F59BD4d8B2B6B44,Whiteheart Token,,0x55c536Da641436e81D7E3f83D1B1346dE20e7A71,2660444.072,"[{'smartContract': {'address': {'address': '0x44d9c0eb8be205db2219c5b12900285e2c0ad1d6'}}, 'caller': {'address': '0x55c536da641436e81d7e3f83d1b1346de20e7a71'}, 'date': {'date': '2020-12-23'}, 'block': {'height': 11510349}}, {'smartContract': {'address': {'address': '0x522b302d376a9286ee758d64c0304be706771d68'}}, 'caller': {'address': '0x55c536da641436e81d7e3f83d1b1346de20e7a71'}, 'date': {'date': '2020-12-23'}, 'block': {'height': 11510315}}, {'smartContract': {'address': {'address': '0x5f0e628b693018f639d10e4a4f59bd4d8b2b6b44'}}, 'caller': {'address': '0x55c536da641436e81d7e3f83d1b1346de20e7a71'}, 'date': {'date': '2020-12-21'}, 'block': {'height': 11498588}}]",2020-12-21
165,165,0xfB5c6815cA3AC72Ce9F5006869AE67f18bF77006,pSTAKE Finance,,0x92FEBAb0073d48AA600D95D19e579d4A667a2C50,2613661.958,[],2022-01-11
166,166,0x51195e21BDaE8722B29919db56d95Ef51FaecA6C,Protocol: - Generic,,0x7f8916b5f4Bef6B423aBA21b4627b27b2Bf5e396,2604564.115,"[{'smartContract': {'address': {'address': '0x51195e21bdae8722b29919db56d95ef51faeca6c'}}, 'caller': {'address': '0x7f8916b5f4bef6b423aba21b4627b27b2bf5e396'}, 'date': {'date': '2022-01-15'}, 'block': {'height': 14012934}}]",2022-01-16
167,167,0xAa4e3edb11AFa93c41db59842b29de64b72E355B,MarginSwap,https://github.com/marginswap,0x23292e9BA8434e59E6BAC1907bA7425211c4DE27,2496552.286,"[{'smartContract': {'address': {'address': '0x974edeca326930c6924f7ddb2c083cafcd1c7dd3'}}, 'caller': {'address': '0x23292e9ba8434e59e6bac1907ba7425211c4de27'}, 'date': {'date': '2021-11-08'}, 'block': {'height': 13574113}}, {'smartContract': {'address': {'address': '0xa8d08cbf5c4666b8fd49d5bf525bbb3cd30cba6b'}}, 'caller': {'address': '0x23292e9ba8434e59e6bac1907ba7425211c4de27'}, 'date': {'date': '2021-07-27'}, 'block': {'height': 12906037}}, {'smartContract': {'address': {'address': '0x4f9e7574951da390d892664480f355d7033f2e11'}}, 'caller': {'address': '0x23292e9ba8434e59e6bac1907ba7425211c4de27'}, 'date': {'date': '2021-07-10'}, 'block': {'height': 12800061}}, {'smartContract': {'address': {'address': '0x072379c47dd69dc7f2377e366b5e52d27256fd2b'}}, 'caller': {'address': '0x23292e9ba8434e59e6bac1907ba7425211c4de27'}, 'date': {'date': '2021-07-05'}, 'block': {'height': 12769664}}, {'smartContract': {'address': {'address': '0x4318bb1052f08cc488d1151cab6384a1e176320b'}}, 'caller': {'address': '0x23292e9ba8434e59e6bac1907ba7425211c4de27'}, 'date': {'date': '2021-06-24'}, 'block': {'height': 12698661}}, {'smartContract': {'address': {'address': '0x6002830d2f02d987b18d01a1ccce842ae09899d5'}}, 'caller': {'address': '0x23292e9ba8434e59e6bac1907ba7425211c4de27'}, 'date': {'date': '2021-06-23'}, 'block': {'height': 12688740}}, {'smartContract': {'address': {'address': '0x1971ee4a4840ca48df4bd0c0a6baa674f829fc21'}}, 'caller': {'address': '0x23292e9ba8434e59e6bac1907ba7425211c4de27'}, 'date': {'date': '2021-06-20'}, 'block': {'height': 12669118}}, {'smartContract': {'address': {'address': '0x3ab84615e889ad36f57b3d37ace1016eaa767e70'}}, 'caller': {'address': '0x23292e9ba8434e59e6bac1907ba7425211c4de27'}, 'date': {'date': '2021-06-17'}, 'block': {'height': 12650566}}, {'smartContract': {'address': {'address': '0x333b8347eda957f46a3a60911609ef07a35f76d0'}}, 'caller': {'address': '0x23292e9ba8434e59e6bac1907ba7425211c4de27'}, 'date': {'date': '2021-06-17'}, 'block': {'height': 12650562}}, {'smartContract': {'address': {'address': '0xdeb426f2def4e728a8e5c4bf3cd4d7f7674935fb'}}, 'caller': {'address': '0x23292e9ba8434e59e6bac1907ba7425211c4de27'}, 'date': {'date': '2021-06-17'}, 'block': {'height': 12650550}}, {'smartContract': {'address': {'address': '0x43d1025b8b801097fc553537d861ea58ce58ae36'}}, 'caller': {'address': '0x23292e9ba8434e59e6bac1907ba7425211c4de27'}, 'date': {'date': '2021-06-17'}, 'block': {'height': 12650545}}, {'smartContract': {'address': {'address': '0x907f96d4087a7aead5d8e5ead4f31de88a9d3ea2'}}, 'caller': {'address': '0x23292e9ba8434e59e6bac1907ba7425211c4de27'}, 'date': {'date': '2021-06-17'}, 'block': {'height': 12650539}}, {'smartContract': {'address': {'address': '0x4c15d400949d757e4f18b4f14f91d4a48624d01b'}}, 'caller': {'address': '0x23292e9ba8434e59e6bac1907ba7425211c4de27'}, 'date': {'date': '2021-06-17'}, 'block': {'height': 12650531}}, {'smartContract': {'address': {'address': '0x47a58bd6d2567abb3b7d25637a9be82a1674b37a'}}, 'caller': {'address': '0x23292e9ba8434e59e6bac1907ba7425211c4de27'}, 'date': {'date': '2021-06-17'}, 'block': {'height': 12650519}}, {'smartContract': {'address': {'address': '0x1c8f8091860450aa5ec59de486adba0ed5050642'}}, 'caller': {'address': '0x23292e9ba8434e59e6bac1907ba7425211c4de27'}, 'date': {'date': '2021-06-17'}, 'block': {'height': 12650518}}, {'smartContract': {'address': {'address': '0x89fa58de039ebf9d9e19f20f8036cef2814b269d'}}, 'caller': {'address': '0x23292e9ba8434e59e6bac1907ba7425211c4de27'}, 'date': {'date': '2021-06-17'}, 'block': {'height': 12650426}}, {'smartContract': {'address': {'address': '0xc954c8a4436057c2cd6adb613fc5418e9289c1c8'}}, 'caller': {'address': '0x23292e9ba8434e59e6bac1907ba7425211c4de27'}, 'date': {'date': '2021-06-17'}, 'block': {'height': 12650008}}, {'smartContract': {'address': {'address': '0xbdef9b5898f131a4739184cb27f45c55249db820'}}, 'caller': {'address': '0x23292e9ba8434e59e6bac1907ba7425211c4de27'}, 'date': {'date': '2021-06-17'}, 'block': {'height': 12650001}}, {'smartContract': {'address': {'address': '0x67dcecce970011547817a5a4dad9a86ef9a2ab63'}}, 'caller': {'address': '0x23292e9ba8434e59e6bac1907ba7425211c4de27'}, 'date': {'date': '2021-06-17'}, 'block': {'height': 12649985}}, {'smartContract': {'address': {'address': '0x94951428cd14e025e3206637627a9ec9f71d42af'}}, 'caller': {'address': '0x23292e9ba8434e59e6bac1907ba7425211c4de27'}, 'date': {'date': '2021-06-17'}, 'block': {'height': 12649967}}, {'smartContract': {'address': {'address': '0x2eefefadefe3c66d7086c8d3b99247d432383731'}}, 'caller': {'address': '0x23292e9ba8434e59e6bac1907ba7425211c4de27'}, 'date': {'date': '2021-06-17'}, 'block': {'height': 12649942}}, {'smartContract': {'address': {'address': '0x6ad830f707aebb929d718590673d060b64af8f92'}}, 'caller': {'address': '0x23292e9ba8434e59e6bac1907ba7425211c4de27'}, 'date': {'date': '2021-06-17'}, 'block': {'height': 12649921}}, {'smartContract': {'address': {'address': '0x8724b59c4eb5ce133dec7bd4c97c41f76cb2f5b0'}}, 'caller': {'address': '0x23292e9ba8434e59e6bac1907ba7425211c4de27'}, 'date': {'date': '2021-06-17'}, 'block': {'height': 12649910}}, {'smartContract': {'address': {'address': '0xa0af5e75867e34036e9829f6faba0da010095907'}}, 'caller': {'address': '0x23292e9ba8434e59e6bac1907ba7425211c4de27'}, 'date': {'date': '2021-06-17'}, 'block': {'height': 12649897}}, {'smartContract': {'address': {'address': '0xb7b37304884ed3d922cabcfc5b6a9d9229d23f78'}}, 'caller': {'address': '0x23292e9ba8434e59e6bac1907ba7425211c4de27'}, 'date': {'date': '2021-06-17'}, 'block': {'height': 12649891}}, {'smartContract': {'address': {'address': '0x7b000d13e2e0fd711ffc9f70ff26e2c045e319df'}}, 'caller': {'address': '0x23292e9ba8434e59e6bac1907ba7425211c4de27'}, 'date': {'date': '2021-06-17'}, 'block': {'height': 12649887}}, {'smartContract': {'address': {'address': '0xfb7fb6e96c64dfb796d35a47da3c7e9c110cc25d'}}, 'caller': {'address': '0x23292e9ba8434e59e6bac1907ba7425211c4de27'}, 'date': {'date': '2021-06-17'}, 'block': {'height': 12649884}}, {'smartContract': {'address': {'address': '0xa53e354315c6e5414aa82fa59ac31687abec0a6d'}}, 'caller': {'address': '0x23292e9ba8434e59e6bac1907ba7425211c4de27'}, 'date': {'date': '2021-06-17'}, 'block': {'height': 12649882}}, {'smartContract': {'address': {'address': '0x070c9909b4c127cc2877d9b92c6e7a2f81578b6f'}}, 'caller': {'address': '0x23292e9ba8434e59e6bac1907ba7425211c4de27'}, 'date': {'date': '2021-06-17'}, 'block': {'height': 12649798}}, {'smartContract': {'address': {'address': '0x5e47749c885b345da55dd478a103e7b646d7281e'}}, 'caller': {'address': '0x23292e9ba8434e59e6bac1907ba7425211c4de27'}, 'date': {'date': '2021-04-25'}, 'block': {'height': 12311512}}, {'smartContract': {'address': {'address': '0x752c1e2bcc7c49d9e1deff0603eba47eea4aaebb'}}, 'caller': {'address': '0x23292e9ba8434e59e6bac1907ba7425211c4de27'}, 'date': {'date': '2021-04-25'}, 'block': {'height': 12308714}}, {'smartContract': {'address': {'address': '0x06bd4fb41ea58db06efcf2c03c13ae333696ddb3'}}, 'caller': {'address': '0x23292e9ba8434e59e6bac1907ba7425211c4de27'}, 'date': {'date': '2021-04-25'}, 'block': {'height': 12308699}}, {'smartContract': {'address': {'address': '0x00132bb2afd8d4250d550562b2d888e2ebf436f0'}}, 'caller': {'address': '0x23292e9ba8434e59e6bac1907ba7425211c4de27'}, 'date': {'date': '2021-04-25'}, 'block': {'height': 12308035}}, {'smartContract': {'address': {'address': '0xbfa1ba525a3d3a16041588d7c395d473cecd66cb'}}, 'caller': {'address': '0x23292e9ba8434e59e6bac1907ba7425211c4de27'}, 'date': {'date': '2021-04-25'}, 'block': {'height': 12307985}}, {'smartContract': {'address': {'address': '0xbbca54885843eee3e97776dcfdc63153b71505e2'}}, 'caller': {'address': '0x23292e9ba8434e59e6bac1907ba7425211c4de27'}, 'date': {'date': '2021-04-25'}, 'block': {'height': 12307959}}, {'smartContract': {'address': {'address': '0x1eabd47a41ee5af184408cd6bc49af5ec30ad41f'}}, 'caller': {'address': '0x23292e9ba8434e59e6bac1907ba7425211c4de27'}, 'date': {'date': '2021-04-25'}, 'block': {'height': 12307935}}, {'smartContract': {'address': {'address': '0x93722d6ddc2671b27f6accb062f4affc52e35832'}}, 'caller': {'address': '0x23292e9ba8434e59e6bac1907ba7425211c4de27'}, 'date': {'date': '2021-04-25'}, 'block': {'height': 12307903}}, {'smartContract': {'address': {'address': '0xb80d5989f2ecb199603740197ce9223b239547e0'}}, 'caller': {'address': '0x23292e9ba8434e59e6bac1907ba7425211c4de27'}, 'date': {'date': '2021-04-25'}, 'block': {'height': 12307869}}, {'smartContract': {'address': {'address': '0x7f86b902cfeefd6ba9180b643abea2f29525b237'}}, 'caller': {'address': '0x23292e9ba8434e59e6bac1907ba7425211c4de27'}, 'date': {'date': '2021-04-25'}, 'block': {'height': 12307851}}, {'smartContract': {'address': {'address': '0xbfe415fec8ed3117cb2422a321f69124fec516cb'}}, 'caller': {'address': '0x23292e9ba8434e59e6bac1907ba7425211c4de27'}, 'date': {'date': '2021-04-25'}, 'block': {'height': 12307846}}, {'smartContract': {'address': {'address': '0x620e4bd9f9a7654fad3cce01de65cdf454a95fed'}}, 'caller': {'address': '0x23292e9ba8434e59e6bac1907ba7425211c4de27'}, 'date': {'date': '2021-04-25'}, 'block': {'height': 12307832}}, {'smartContract': {'address': {'address': '0x2e70d59bc3288491ec9326a711a03beaf938cfb5'}}, 'caller': {'address': '0x23292e9ba8434e59e6bac1907ba7425211c4de27'}, 'date': {'date': '2021-04-15'}, 'block': {'height': 12242932}}, {'smartContract': {'address': {'address': '0xd24e6f3e8e206cf52ad01b26497df1628b621894'}}, 'caller': {'address': '0x23292e9ba8434e59e6bac1907ba7425211c4de27'}, 'date': {'date': '2021-04-15'}, 'block': {'height': 12242884}}, {'smartContract': {'address': {'address': '0x669ea215966e75f0db563de2298d0ced65ed5d3f'}}, 'caller': {'address': '0x23292e9ba8434e59e6bac1907ba7425211c4de27'}, 'date': {'date': '2021-04-14'}, 'block': {'height': 12235954}}, {'smartContract': {'address': {'address': '0xe6fe59966cbaf23726cb6513d410877fec9ca4cf'}}, 'caller': {'address': '0x23292e9ba8434e59e6bac1907ba7425211c4de27'}, 'date': {'date': '2021-04-14'}, 'block': {'height': 12235954}}, {'smartContract': {'address': {'address': '0x64184c48f2cd779dab3167a0f6ac10ab258f6ca3'}}, 'caller': {'address': '0x23292e9ba8434e59e6bac1907ba7425211c4de27'}, 'date': {'date': '2021-04-14'}, 'block': {'height': 12235827}}, {'smartContract': {'address': {'address': '0x82df8840fec616e0794b2762f2d07f1361e0fda3'}}, 'caller': {'address': '0x23292e9ba8434e59e6bac1907ba7425211c4de27'}, 'date': {'date': '2021-04-13'}, 'block': {'height': 12230976}}, {'smartContract': {'address': {'address': '0xf7053c33ed7e2eb11e942c385d6e37e666ac7365'}}, 'caller': {'address': '0x23292e9ba8434e59e6bac1907ba7425211c4de27'}, 'date': {'date': '2021-04-13'}, 'block': {'height': 12230973}}, {'smartContract': {'address': {'address': '0xb1828378be0966f0a29b5933d7dc0254f059b617'}}, 'caller': {'address': '0x23292e9ba8434e59e6bac1907ba7425211c4de27'}, 'date': {'date': '2021-04-13'}, 'block': {'height': 12230972}}, {'smartContract': {'address': {'address': '0xe5742b2ca1d1daf17bd4718b4ae558d942e18b99'}}, 'caller': {'address': '0x23292e9ba8434e59e6bac1907ba7425211c4de27'}, 'date': {'date': '2021-04-13'}, 'block': {'height': 12230538}}, {'smartContract': {'address': {'address': '0x822344e4c05975e84a34b1f34beb92e278d82c6d'}}, 'caller': {'address': '0x23292e9ba8434e59e6bac1907ba7425211c4de27'}, 'date': {'date': '2021-04-13'}, 'block': {'height': 12230526}}, {'smartContract': {'address': {'address': '0x690c6ff4c5ddbaea4282b109dc145cba19d13206'}}, 'caller': {'address': '0x23292e9ba8434e59e6bac1907ba7425211c4de27'}, 'date': {'date': '2021-04-13'}, 'block': {'height': 12230522}}, {'smartContract': {'address': {'address': '0x122b268701d090168ee580c29bfbe4b9a04a8744'}}, 'caller': {'address': '0x23292e9ba8434e59e6bac1907ba7425211c4de27'}, 'date': {'date': '2021-04-13'}, 'block': {'height': 12230519}}, {'smartContract': {'address': {'address': '0xddc0bd99caadd053a4feddf13986ac692917ee88'}}, 'caller': {'address': '0x23292e9ba8434e59e6bac1907ba7425211c4de27'}, 'date': {'date': '2021-04-13'}, 'block': {'height': 12230518}}, {'smartContract': {'address': {'address': '0x64193aa92e7b03e2030370ec7b8d408c5bb05cc1'}}, 'caller': {'address': '0x23292e9ba8434e59e6bac1907ba7425211c4de27'}, 'date': {'date': '2021-04-13'}, 'block': {'height': 12230517}}, {'smartContract': {'address': {'address': '0xca38d3066f06e5f6dfb4262b666cfa2c392ee67c'}}, 'caller': {'address': '0x23292e9ba8434e59e6bac1907ba7425211c4de27'}, 'date': {'date': '2021-04-13'}, 'block': {'height': 12230399}}, {'smartContract': {'address': {'address': '0x99f51fc692dd6480b227345e6963a3e8db2717e1'}}, 'caller': {'address': '0x23292e9ba8434e59e6bac1907ba7425211c4de27'}, 'date': {'date': '2021-04-13'}, 'block': {'height': 12230396}}, {'smartContract': {'address': {'address': '0xb73612799734df92e3bd10898fdf44412815cc04'}}, 'caller': {'address': '0x23292e9ba8434e59e6bac1907ba7425211c4de27'}, 'date': {'date': '2021-04-13'}, 'block': {'height': 12230395}}, {'smartContract': {'address': {'address': '0x6928f9717c49d5f20f112bdf6e21663fb36a3956'}}, 'caller': {'address': '0x23292e9ba8434e59e6bac1907ba7425211c4de27'}, 'date': {'date': '2021-04-13'}, 'block': {'height': 12230388}}, {'smartContract': {'address': {'address': '0xc6d13a49cdc5afc7798dd0eba7698db9bfcc1d8c'}}, 'caller': {'address': '0x23292e9ba8434e59e6bac1907ba7425211c4de27'}, 'date': {'date': '2021-04-13'}, 'block': {'height': 12230388}}, {'smartContract': {'address': {'address': '0xefa8122994c742566db4478d25ad1ec3df07f477'}}, 'caller': {'address': '0x23292e9ba8434e59e6bac1907ba7425211c4de27'}, 'date': {'date': '2021-03-05'}, 'block': {'height': 11975300}}, {'smartContract': {'address': {'address': '0x88d7c739c43ec0da72b9317bb4193e98bc530bbd'}}, 'caller': {'address': '0x23292e9ba8434e59e6bac1907ba7425211c4de27'}, 'date': {'date': '2021-03-04'}, 'block': {'height': 11974465}}, {'smartContract': {'address': {'address': '0x20a4fc1421d7dbe65036c26682a41434f471aec5'}}, 'caller': {'address': '0x23292e9ba8434e59e6bac1907ba7425211c4de27'}, 'date': {'date': '2021-03-04'}, 'block': {'height': 11974290}}, {'smartContract': {'address': {'address': '0x2af84b57b9c56d630db60d4f564254975736c47e'}}, 'caller': {'address': '0x23292e9ba8434e59e6bac1907ba7425211c4de27'}, 'date': {'date': '2021-03-04'}, 'block': {'height': 11974235}}, {'smartContract': {'address': {'address': '0xb867abef538349bc5156f524cc7743fe07942d3f'}}, 'caller': {'address': '0x23292e9ba8434e59e6bac1907ba7425211c4de27'}, 'date': {'date': '2021-03-04'}, 'block': {'height': 11974223}}, {'smartContract': {'address': {'address': '0x6c8fbbf8e079246a92e760d440793f2f864a26b3'}}, 'caller': {'address': '0x23292e9ba8434e59e6bac1907ba7425211c4de27'}, 'date': {'date': '2021-02-03'}, 'block': {'height': 11784792}}, {'smartContract': {'address': {'address': '0x0a60c278bd216523b52188a31d52ac62a41bfca6'}}, 'caller': {'address': '0x23292e9ba8434e59e6bac1907ba7425211c4de27'}, 'date': {'date': '2021-02-03'}, 'block': {'height': 11784148}}, {'smartContract': {'address': {'address': '0xaa4e3edb11afa93c41db59842b29de64b72e355b'}}, 'caller': {'address': '0x23292e9ba8434e59e6bac1907ba7425211c4de27'}, 'date': {'date': '2021-02-02'}, 'block': {'height': 11776907}}, {'smartContract': {'address': {'address': '0x106c1a7d4c5f3844f9ac92b2de7a1b5c94de4811'}}, 'caller': {'address': '0x23292e9ba8434e59e6bac1907ba7425211c4de27'}, 'date': {'date': '2021-02-02'}, 'block': {'height': 11775271}}]",2021-02-02
168,168,0xeca82185adCE47f39c684352B0439f030f860318,Perlin,https://github.com/perlin-network/wavelet,0x6d2e9BAeDdA6A165054D865Cb5d40b3704394031,2237480.594,"[{'smartContract': {'address': {'address': '0x5fa19f612dfd39e6754bb2e8300e681d1c589dd4'}}, 'caller': {'address': '0x6d2e9baedda6a165054d865cb5d40b3704394031'}, 'date': {'date': '2020-08-20'}, 'block': {'height': 10695643}}, {'smartContract': {'address': {'address': '0xeca82185adce47f39c684352b0439f030f860318'}}, 'caller': {'address': '0x6d2e9baedda6a165054d865cb5d40b3704394031'}, 'date': {'date': '2020-08-20'}, 'block': {'height': 10695543}}]",2020-08-20
169,169,0xD502F487e1841Fdc805130e13eae80c61186Bc98,Integral,https://github.com/ProfessorJEY/Integral-Smart-Contracts/,0xaB066655a991550DebAeC0aA1CDD4F3bd7BB5483,2214754.613,"[{'smartContract': {'address': {'address': '0x4b5324b6b73714a2f2f1c6691d5108ee7b1f612f'}}, 'caller': {'address': '0xab066655a991550debaec0aa1cdd4f3bd7bb5483'}, 'date': {'date': '2022-11-24'}, 'block': {'height': 16037910}}, {'smartContract': {'address': {'address': '0xc6e93bc0d07907a521a4df64e9aa5da84447d557'}}, 'caller': {'address': '0xab066655a991550debaec0aa1cdd4f3bd7bb5483'}, 'date': {'date': '2022-11-24'}, 'block': {'height': 16037909}}, {'smartContract': {'address': {'address': '0xba2c125565b5db2e36725a1072b5c11380c632ad'}}, 'caller': {'address': '0xab066655a991550debaec0aa1cdd4f3bd7bb5483'}, 'date': {'date': '2022-11-24'}, 'block': {'height': 16037896}}, {'smartContract': {'address': {'address': '0x568723f044b1e1e24f7058bcdeaa3cc1387fbb42'}}, 'caller': {'address': '0xab066655a991550debaec0aa1cdd4f3bd7bb5483'}, 'date': {'date': '2022-11-07'}, 'block': {'height': 15915744}}, {'smartContract': {'address': {'address': '0x41d3b774f2533629dab4d0a0d1c198422aaf6242'}}, 'caller': {'address': '0xab066655a991550debaec0aa1cdd4f3bd7bb5483'}, 'date': {'date': '2022-11-03'}, 'block': {'height': 15888423}}, {'smartContract': {'address': {'address': '0x87f12125e628c6ad487b2213db1ca376b3d20538'}}, 'caller': {'address': '0xab066655a991550debaec0aa1cdd4f3bd7bb5483'}, 'date': {'date': '2022-09-20'}, 'block': {'height': 15572339}}, {'smartContract': {'address': {'address': '0x2fbf594fe41625f554080b9a0477686786ba7bfe'}}, 'caller': {'address': '0xab066655a991550debaec0aa1cdd4f3bd7bb5483'}, 'date': {'date': '2022-09-20'}, 'block': {'height': 15572329}}, {'smartContract': {'address': {'address': '0x51ea69ec87ba5282c2b20d177dc71f907fec1b8b'}}, 'caller': {'address': '0xab066655a991550debaec0aa1cdd4f3bd7bb5483'}, 'date': {'date': '2022-09-20'}, 'block': {'height': 15572322}}, {'smartContract': {'address': {'address': '0x6402d7909d5052df45c3faf6915eac5b9a127d20'}}, 'caller': {'address': '0xab066655a991550debaec0aa1cdd4f3bd7bb5483'}, 'date': {'date': '2022-09-20'}, 'block': {'height': 15572312}}, {'smartContract': {'address': {'address': '0xb859c55565d4314218394b3632f1ba95a9e78965'}}, 'caller': {'address': '0xab066655a991550debaec0aa1cdd4f3bd7bb5483'}, 'date': {'date': '2022-09-20'}, 'block': {'height': 15572297}}, {'smartContract': {'address': {'address': '0x782534550e2553a42cdff8d5a94066d8c7b6729b'}}, 'caller': {'address': '0xab066655a991550debaec0aa1cdd4f3bd7bb5483'}, 'date': {'date': '2022-09-20'}, 'block': {'height': 15572237}}, {'smartContract': {'address': {'address': '0x9cb505f2b41aa426257ed2a0bba005fff0af9e9a'}}, 'caller': {'address': '0xab066655a991550debaec0aa1cdd4f3bd7bb5483'}, 'date': {'date': '2022-09-20'}, 'block': {'height': 15572229}}, {'smartContract': {'address': {'address': '0x0ec2323adafbebc6c80257c7359692bcceb0b3f1'}}, 'caller': {'address': '0xab066655a991550debaec0aa1cdd4f3bd7bb5483'}, 'date': {'date': '2022-09-20'}, 'block': {'height': 15572220}}, {'smartContract': {'address': {'address': '0x412da11751b0a36d03b060890f4e41b7ce32971e'}}, 'caller': {'address': '0xab066655a991550debaec0aa1cdd4f3bd7bb5483'}, 'date': {'date': '2022-09-20'}, 'block': {'height': 15572203}}, {'smartContract': {'address': {'address': '0xc9c5f71a9dc5240a2b05f26b0b157d3a785ef4d4'}}, 'caller': {'address': '0xab066655a991550debaec0aa1cdd4f3bd7bb5483'}, 'date': {'date': '2022-07-19'}, 'block': {'height': 15175508}}, {'smartContract': {'address': {'address': '0x67b9857211717184059de923e4c7038c80decf18'}}, 'caller': {'address': '0xab066655a991550debaec0aa1cdd4f3bd7bb5483'}, 'date': {'date': '2022-07-19'}, 'block': {'height': 15174987}}, {'smartContract': {'address': {'address': '0xd4d2140ed70dcf8794a986f0cfd07560ee738c71'}}, 'caller': {'address': '0xc480b33ee5229de3fbdfad1d2dcd3f3bad0c56c6'}, 'date': {'date': '2022-06-21'}, 'block': {'height': 15001878}}, {'smartContract': {'address': {'address': '0x1dbc623da3f6bf0d92dff1b59c72288c3e6d23af'}}, 'caller': {'address': '0xab066655a991550debaec0aa1cdd4f3bd7bb5483'}, 'date': {'date': '2022-06-21'}, 'block': {'height': 15001847}}, {'smartContract': {'address': {'address': '0xe96f5a2680981aec61c4980f2f7b9ad666698e61'}}, 'caller': {'address': '0xab066655a991550debaec0aa1cdd4f3bd7bb5483'}, 'date': {'date': '2022-05-19'}, 'block': {'height': 14805622}}, {'smartContract': {'address': {'address': '0xd66f214fb49f81ac5610e0339a351d7e1c67c35e'}}, 'caller': {'address': '0xc480b33ee5229de3fbdfad1d2dcd3f3bad0c56c6'}, 'date': {'date': '2022-05-06'}, 'block': {'height': 14722391}}, {'smartContract': {'address': {'address': '0x5073708f735bc0948f55cb604a44ae382561a92f'}}, 'caller': {'address': '0xab066655a991550debaec0aa1cdd4f3bd7bb5483'}, 'date': {'date': '2022-05-06'}, 'block': {'height': 14722343}}, {'smartContract': {'address': {'address': '0x851456ebee49c8a2a4dd66fe3d19c431dd8f56ae'}}, 'caller': {'address': '0xab066655a991550debaec0aa1cdd4f3bd7bb5483'}, 'date': {'date': '2022-04-23'}, 'block': {'height': 14641739}}, {'smartContract': {'address': {'address': '0x5adbc8e7458f5ba581bd8d3f4ec46cd765a6706b'}}, 'caller': {'address': '0xab066655a991550debaec0aa1cdd4f3bd7bb5483'}, 'date': {'date': '2022-04-23'}, 'block': {'height': 14641723}}, {'smartContract': {'address': {'address': '0x1c857a1e3a9687dd788a1b3921de34210708991e'}}, 'caller': {'address': '0xab066655a991550debaec0aa1cdd4f3bd7bb5483'}, 'date': {'date': '2022-04-23'}, 'block': {'height': 14641713}}, {'smartContract': {'address': {'address': '0x43f0e5f2304f261dfa5359a0b74ff030e498d904'}}, 'caller': {'address': '0xc480b33ee5229de3fbdfad1d2dcd3f3bad0c56c6'}, 'date': {'date': '2022-04-07'}, 'block': {'height': 14538708}}, {'smartContract': {'address': {'address': '0x87367d3ca8468b9c077043139225e20c590e22d9'}}, 'caller': {'address': '0xab066655a991550debaec0aa1cdd4f3bd7bb5483'}, 'date': {'date': '2022-04-07'}, 'block': {'height': 14538690}}, {'smartContract': {'address': {'address': '0xb5c08263c1d2c9651ea6d91a9908460e40095f7c'}}, 'caller': {'address': '0xab066655a991550debaec0aa1cdd4f3bd7bb5483'}, 'date': {'date': '2022-03-20'}, 'block': {'height': 14423364}}, {'smartContract': {'address': {'address': '0x2fe16dd18bba26e457b7dd2080d5674312b026a2'}}, 'caller': {'address': '0xc480b33ee5229de3fbdfad1d2dcd3f3bad0c56c6'}, 'date': {'date': '2022-03-20'}, 'block': {'height': 14423189}}, {'smartContract': {'address': {'address': '0x842362006863c9bf35a2b7397c3c6df051dc4c4d'}}, 'caller': {'address': '0xab066655a991550debaec0aa1cdd4f3bd7bb5483'}, 'date': {'date': '2022-03-20'}, 'block': {'height': 14423167}}, {'smartContract': {'address': {'address': '0x77b1e5d58247bc3300a8e646b018fcebfee5a59c'}}, 'caller': {'address': '0xab066655a991550debaec0aa1cdd4f3bd7bb5483'}, 'date': {'date': '2022-03-20'}, 'block': {'height': 14423137}}, {'smartContract': {'address': {'address': '0x6336788a85f54d8856782d58c1ca63c7d3844531'}}, 'caller': {'address': '0xab066655a991550debaec0aa1cdd4f3bd7bb5483'}, 'date': {'date': '2022-03-20'}, 'block': {'height': 14423129}}, {'smartContract': {'address': {'address': '0xb291730099d3ac9975abd4003ba3bd47401fd2fd'}}, 'caller': {'address': '0xab066655a991550debaec0aa1cdd4f3bd7bb5483'}, 'date': {'date': '2022-03-20'}, 'block': {'height': 14423118}}, {'smartContract': {'address': {'address': '0x6195015b38773f468dd43620dd5a64e9bb63c2e3'}}, 'caller': {'address': '0xab066655a991550debaec0aa1cdd4f3bd7bb5483'}, 'date': {'date': '2022-03-20'}, 'block': {'height': 14423111}}, {'smartContract': {'address': {'address': '0xb28c804e3dacff80701bbbafd106dbfb416a5168'}}, 'caller': {'address': '0xab066655a991550debaec0aa1cdd4f3bd7bb5483'}, 'date': {'date': '2022-03-20'}, 'block': {'height': 14422977}}, {'smartContract': {'address': {'address': '0xc480b33ee5229de3fbdfad1d2dcd3f3bad0c56c6'}}, 'caller': {'address': '0xab066655a991550debaec0aa1cdd4f3bd7bb5483'}, 'date': {'date': '2022-03-20'}, 'block': {'height': 14422957}}, {'smartContract': {'address': {'address': '0x2c66ea3f4d8d056a20ffa14fcfc7956bbefeb5fd'}}, 'caller': {'address': '0xab066655a991550debaec0aa1cdd4f3bd7bb5483'}, 'date': {'date': '2022-02-08'}, 'block': {'height': 14163904}}, {'smartContract': {'address': {'address': '0xd25c6da73adbbb68508778621621568e07a1f284'}}, 'caller': {'address': '0xab066655a991550debaec0aa1cdd4f3bd7bb5483'}, 'date': {'date': '2022-02-08'}, 'block': {'height': 14163891}}, {'smartContract': {'address': {'address': '0x6a16630e78f95eebb11a74de0ba1503b9d0984d0'}}, 'caller': {'address': '0xab066655a991550debaec0aa1cdd4f3bd7bb5483'}, 'date': {'date': '2022-02-08'}, 'block': {'height': 14163885}}, {'smartContract': {'address': {'address': '0x33b1ee377d97ef58b5cba81e69afdb2a4008dbb2'}}, 'caller': {'address': '0xab066655a991550debaec0aa1cdd4f3bd7bb5483'}, 'date': {'date': '2022-02-08'}, 'block': {'height': 14163874}}, {'smartContract': {'address': {'address': '0xffc0eac1a1ae79c697607229aca43ef422625a40'}}, 'caller': {'address': '0xab066655a991550debaec0aa1cdd4f3bd7bb5483'}, 'date': {'date': '2021-10-14'}, 'block': {'height': 13414850}}, {'smartContract': {'address': {'address': '0x36bd665392236b20bd42e161f02bf0ae1d9441ff'}}, 'caller': {'address': '0xab066655a991550debaec0aa1cdd4f3bd7bb5483'}, 'date': {'date': '2021-10-14'}, 'block': {'height': 13414832}}, {'smartContract': {'address': {'address': '0xc8805cebd927941a3b26e2edced20d666fb118ba'}}, 'caller': {'address': '0xab066655a991550debaec0aa1cdd4f3bd7bb5483'}, 'date': {'date': '2021-09-15'}, 'block': {'height': 13227893}}, {'smartContract': {'address': {'address': '0xfded703178fac52799320bc0244aed7dde0b330f'}}, 'caller': {'address': '0xab066655a991550debaec0aa1cdd4f3bd7bb5483'}, 'date': {'date': '2021-09-14'}, 'block': {'height': 13224948}}, {'smartContract': {'address': {'address': '0x90477da311c24db29e0f50d869e4abe0820ecae8'}}, 'caller': {'address': '0xab066655a991550debaec0aa1cdd4f3bd7bb5483'}, 'date': {'date': '2021-09-14'}, 'block': {'height': 13224720}}, {'smartContract': {'address': {'address': '0x657dfb33fb88308fa1335b222700322f3ad54538'}}, 'caller': {'address': '0xab066655a991550debaec0aa1cdd4f3bd7bb5483'}, 'date': {'date': '2021-09-14'}, 'block': {'height': 13224655}}, {'smartContract': {'address': {'address': '0xd502f487e1841fdc805130e13eae80c61186bc98'}}, 'caller': {'address': '0xab066655a991550debaec0aa1cdd4f3bd7bb5483'}, 'date': {'date': '2021-09-13'}, 'block': {'height': 13217246}}, {'smartContract': {'address': {'address': '0x75e4955dd2b608eb7a821eefcbbacb5f9dc978af'}}, 'caller': {'address': '0xab066655a991550debaec0aa1cdd4f3bd7bb5483'}, 'date': {'date': '2021-08-20'}, 'block': {'height': 13062026}}, {'smartContract': {'address': {'address': '0x289596138e443a19ff0ca7486dbe7822e72fff16'}}, 'caller': {'address': '0xab066655a991550debaec0aa1cdd4f3bd7bb5483'}, 'date': {'date': '2021-07-07'}, 'block': {'height': 12779868}}, {'smartContract': {'address': {'address': '0xe95fee72450bac57ed45749c8c61829ecea5d299'}}, 'caller': {'address': '0xab066655a991550debaec0aa1cdd4f3bd7bb5483'}, 'date': {'date': '2021-07-07'}, 'block': {'height': 12779837}}, {'smartContract': {'address': {'address': '0x70739a5450a5465ec435266d9131abd1666d4274'}}, 'caller': {'address': '0xab066655a991550debaec0aa1cdd4f3bd7bb5483'}, 'date': {'date': '2021-07-07'}, 'block': {'height': 12779819}}, {'smartContract': {'address': {'address': '0x8705456e062369ea747a3dbd8e060dd047e3d24c'}}, 'caller': {'address': '0xab066655a991550debaec0aa1cdd4f3bd7bb5483'}, 'date': {'date': '2021-06-17'}, 'block': {'height': 12650602}}, {'smartContract': {'address': {'address': '0x5bc96017dccaca53601d92125c5c6db81d000da5'}}, 'caller': {'address': '0xab066655a991550debaec0aa1cdd4f3bd7bb5483'}, 'date': {'date': '2021-06-11'}, 'block': {'height': 12610337}}, {'smartContract': {'address': {'address': '0x851cb798b29560188bd0f87ef945154bbb3971c1'}}, 'caller': {'address': '0xab066655a991550debaec0aa1cdd4f3bd7bb5483'}, 'date': {'date': '2021-05-28'}, 'block': {'height': 12520861}}, {'smartContract': {'address': {'address': '0xb6a9ebf596729969612a3888af55330b603dac9f'}}, 'caller': {'address': '0xab066655a991550debaec0aa1cdd4f3bd7bb5483'}, 'date': {'date': '2021-05-28'}, 'block': {'height': 12520801}}, {'smartContract': {'address': {'address': '0x3661a53b76b3ac0eb0bc454b87df434762f045e0'}}, 'caller': {'address': '0xab066655a991550debaec0aa1cdd4f3bd7bb5483'}, 'date': {'date': '2021-05-28'}, 'block': {'height': 12520706}}, {'smartContract': {'address': {'address': '0x3eedc524c234a5b72c09a4b052e7da695e9e7713'}}, 'caller': {'address': '0xab066655a991550debaec0aa1cdd4f3bd7bb5483'}, 'date': {'date': '2021-05-14'}, 'block': {'height': 12430472}}, {'smartContract': {'address': {'address': '0x1412524711d58c4927de00446682aabb3f33c6e5'}}, 'caller': {'address': '0xab066655a991550debaec0aa1cdd4f3bd7bb5483'}, 'date': {'date': '2021-05-14'}, 'block': {'height': 12430459}}, {'smartContract': {'address': {'address': '0x538cffecf85f5232511f7e9204f1dee84fcca9bd'}}, 'caller': {'address': '0xab066655a991550debaec0aa1cdd4f3bd7bb5483'}, 'date': {'date': '2021-05-14'}, 'block': {'height': 12430343}}, {'smartContract': {'address': {'address': '0xb0abc66f199fb295dc3f6e968e8ba0db03821102'}}, 'caller': {'address': '0xab066655a991550debaec0aa1cdd4f3bd7bb5483'}, 'date': {'date': '2021-05-14'}, 'block': {'height': 12430331}}, {'smartContract': {'address': {'address': '0xa17e1d78f4f159294b851d44879b9289f074cea7'}}, 'caller': {'address': '0xab066655a991550debaec0aa1cdd4f3bd7bb5483'}, 'date': {'date': '2021-05-05'}, 'block': {'height': 12372501}}, {'smartContract': {'address': {'address': '0x580de7dfdf1ed5cce84dc113ffb1d30d3ba9e195'}}, 'caller': {'address': '0xab066655a991550debaec0aa1cdd4f3bd7bb5483'}, 'date': {'date': '2021-05-05'}, 'block': {'height': 12372432}}, {'smartContract': {'address': {'address': '0xbbe23abcec15428916ecfb3fd121296a914413a5'}}, 'caller': {'address': '0xab066655a991550debaec0aa1cdd4f3bd7bb5483'}, 'date': {'date': '2021-05-05'}, 'block': {'height': 12372376}}, {'smartContract': {'address': {'address': '0x48c1a83c9496f0d6f0000b6d7f78c7b23f9e9c5a'}}, 'caller': {'address': '0xab066655a991550debaec0aa1cdd4f3bd7bb5483'}, 'date': {'date': '2021-05-05'}, 'block': {'height': 12372357}}, {'smartContract': {'address': {'address': '0xa12a0ab13e43c3f9a501be4b809afbb639113320'}}, 'caller': {'address': '0xab066655a991550debaec0aa1cdd4f3bd7bb5483'}, 'date': {'date': '2021-05-05'}, 'block': {'height': 12372325}}, {'smartContract': {'address': {'address': '0x22812ea96a0047f3e19769256c2f5374e486606b'}}, 'caller': {'address': '0xab066655a991550debaec0aa1cdd4f3bd7bb5483'}, 'date': {'date': '2021-05-05'}, 'block': {'height': 12372291}}, {'smartContract': {'address': {'address': '0x5d0434d41c77e4d9a858000f3939c0c4a05b0e26'}}, 'caller': {'address': '0xab066655a991550debaec0aa1cdd4f3bd7bb5483'}, 'date': {'date': '2021-05-05'}, 'block': {'height': 12372281}}, {'smartContract': {'address': {'address': '0x4370cfd2c62b6e2900d04af97c4d9552484c0e48'}}, 'caller': {'address': '0x673662e97b05e001816c380ba5a628d2e29f55d1'}, 'date': {'date': '2021-04-07'}, 'block': {'height': 12193548}}, {'smartContract': {'address': {'address': '0xbf3a77604f290b777f2d7eaec613751304508f37'}}, 'caller': {'address': '0xab066655a991550debaec0aa1cdd4f3bd7bb5483'}, 'date': {'date': '2021-04-07'}, 'block': {'height': 12193469}}, {'smartContract': {'address': {'address': '0x1796b639d9159199f909c0a9f48428a75ce754a3'}}, 'caller': {'address': '0xab066655a991550debaec0aa1cdd4f3bd7bb5483'}, 'date': {'date': '2021-04-07'}, 'block': {'height': 12193449}}, {'smartContract': {'address': {'address': '0x0dea32afe46508bc786215660e667ba8302e14c1'}}, 'caller': {'address': '0xab066655a991550debaec0aa1cdd4f3bd7bb5483'}, 'date': {'date': '2021-04-07'}, 'block': {'height': 12193430}}, {'smartContract': {'address': {'address': '0x22f37b3a20a62c314979d37624d730babc2dbdc2'}}, 'caller': {'address': '0xab066655a991550debaec0aa1cdd4f3bd7bb5483'}, 'date': {'date': '2021-04-07'}, 'block': {'height': 12193415}}, {'smartContract': {'address': {'address': '0x4ce38a34c5b101dfb1d04d2a2feef956239fdcbc'}}, 'caller': {'address': '0xab066655a991550debaec0aa1cdd4f3bd7bb5483'}, 'date': {'date': '2021-04-07'}, 'block': {'height': 12193400}}, {'smartContract': {'address': {'address': '0x4a95f34078254bc82b64b8ac9040e375d8f5d6aa'}}, 'caller': {'address': '0xab066655a991550debaec0aa1cdd4f3bd7bb5483'}, 'date': {'date': '2021-04-07'}, 'block': {'height': 12193296}}, {'smartContract': {'address': {'address': '0x860ce7c7c35c297513d27fc1a3e5c01396d6842a'}}, 'caller': {'address': '0xab066655a991550debaec0aa1cdd4f3bd7bb5483'}, 'date': {'date': '2021-04-07'}, 'block': {'height': 12193285}}, {'smartContract': {'address': {'address': '0x3a09fa6c7cb82fc94c377087cf59ec9529094e61'}}, 'caller': {'address': '0xab066655a991550debaec0aa1cdd4f3bd7bb5483'}, 'date': {'date': '2021-04-07'}, 'block': {'height': 12193281}}, {'smartContract': {'address': {'address': '0x8743cc30727e9e460a5e69e217893f42dfad1650'}}, 'caller': {'address': '0xab066655a991550debaec0aa1cdd4f3bd7bb5483'}, 'date': {'date': '2021-03-26'}, 'block': {'height': 12115876}}, {'smartContract': {'address': {'address': '0x717ef162cf831db83c51134734a15d1ebe9e516a'}}, 'caller': {'address': '0xab066655a991550debaec0aa1cdd4f3bd7bb5483'}, 'date': {'date': '2021-03-25'}, 'block': {'height': 12109975}}]",2021-09-13
170,170,0x40986a85B4cFCDb054A6CBFB1210194fee51af88,UNIFARM Token,,0xcbc9Bf9507B55F11304678f21456e1Ee3579f056,2140410.389,"[{'smartContract': {'address': {'address': '0xcf4c6d29557443b3d3c9238c919338b0d6155aa7'}}, 'caller': {'address': '0x1f98431c8ad98523631ae4a59f267346ea31f984'}, 'date': {'date': '2021-07-13'}, 'block': {'height': 12816950}}, {'smartContract': {'address': {'address': '0x68688beb6f1eac7ea5041a367b0939b17931c17b'}}, 'caller': {'address': '0x5c69bee701ef814a2b6a3edd4b1652cb9cc5aa6f'}, 'date': {'date': '2021-05-04'}, 'block': {'height': 12368031}}, {'smartContract': {'address': {'address': '0x40986a85b4cfcdb054a6cbfb1210194fee51af88'}}, 'caller': {'address': '0xcbc9bf9507b55f11304678f21456e1ee3579f056'}, 'date': {'date': '2021-04-26'}, 'block': {'height': 12316391}}]",2021-04-26
171,171,0x88ACDd2a6425c3FaAE4Bc9650Fd7E27e0Bebb7aB,Alchemist,https://github.com/alchemistcoin/alchemist,0xf1Ba76d490183a10B29f4dFc89d84C1F9B41dD3d,2018146.106,"[{'smartContract': {'address': {'address': '0x30642caaf2a2b3f7ef3e7e891d9132340a92f1ff'}}, 'caller': {'address': '0xf1ba76d490183a10b29f4dfc89d84c1f9b41dd3d'}, 'date': {'date': '2021-12-24'}, 'block': {'height': 13869282}}, {'smartContract': {'address': {'address': '0x40ab332dd48f35ebd227708ef381c946c4959eb6'}}, 'caller': {'address': '0xf1ba76d490183a10b29f4dfc89d84c1f9b41dd3d'}, 'date': {'date': '2021-09-07'}, 'block': {'height': 13180841}}, {'smartContract': {'address': {'address': '0xc11dbb4dbc2913650000e2eab4a3db44d2eb6e7c'}}, 'caller': {'address': '0xf1ba76d490183a10b29f4dfc89d84c1f9b41dd3d'}, 'date': {'date': '2021-09-07'}, 'block': {'height': 13180801}}, {'smartContract': {'address': {'address': '0x76e54af5423e30c875aa61e57a021146464a1abf'}}, 'caller': {'address': '0xf1ba76d490183a10b29f4dfc89d84c1f9b41dd3d'}, 'date': {'date': '2021-08-29'}, 'block': {'height': 13121567}}, {'smartContract': {'address': {'address': '0xf8958634163d2acb409bbb8d3e1e22148f30a8ec'}}, 'caller': {'address': '0xf1ba76d490183a10b29f4dfc89d84c1f9b41dd3d'}, 'date': {'date': '2021-08-29'}, 'block': {'height': 13121321}}, {'smartContract': {'address': {'address': '0xe58a2119ac17610718430774db0182bd6b375c36'}}, 'caller': {'address': '0xf1ba76d490183a10b29f4dfc89d84c1f9b41dd3d'}, 'date': {'date': '2021-08-29'}, 'block': {'height': 13121203}}, {'smartContract': {'address': {'address': '0xea5d89492407284b207b1430fac8782df8d3ef09'}}, 'caller': {'address': '0xf1ba76d490183a10b29f4dfc89d84c1f9b41dd3d'}, 'date': {'date': '2021-08-29'}, 'block': {'height': 13121203}}, {'smartContract': {'address': {'address': '0xe69cf6b2f44e67a7bea652a6f73e72bb163d3d69'}}, 'caller': {'address': '0xf1ba76d490183a10b29f4dfc89d84c1f9b41dd3d'}, 'date': {'date': '2021-08-27'}, 'block': {'height': 13107586}}, {'smartContract': {'address': {'address': '0xd5fbd81cef9aba7464c5f17e529444918a8ecc57'}}, 'caller': {'address': '0xf1ba76d490183a10b29f4dfc89d84c1f9b41dd3d'}, 'date': {'date': '2021-08-27'}, 'block': {'height': 13107586}}, {'smartContract': {'address': {'address': '0x979e2fde487534be3f8a41cd57f11ef9e71cdc1a'}}, 'caller': {'address': '0xf1ba76d490183a10b29f4dfc89d84c1f9b41dd3d'}, 'date': {'date': '2021-03-31'}, 'block': {'height': 12147962}}, {'smartContract': {'address': {'address': '0xfa9f0504aad1f72fd88ae26d0b6a053c4b8a7915'}}, 'caller': {'address': '0xf1ba76d490183a10b29f4dfc89d84c1f9b41dd3d'}, 'date': {'date': '2021-03-31'}, 'block': {'height': 12147935}}, {'smartContract': {'address': {'address': '0x35342016abce65720024aaaa61b4f7a0dd8463ca'}}, 'caller': {'address': '0xf1ba76d490183a10b29f4dfc89d84c1f9b41dd3d'}, 'date': {'date': '2021-03-31'}, 'block': {'height': 12147730}}, {'smartContract': {'address': {'address': '0xcf576f74ba3b01cdc04e04305055446d1649bd07'}}, 'caller': {'address': '0x54e0395cfb4f39bef66dbcd5bd93cca4e9273d56'}, 'date': {'date': '2021-02-18'}, 'block': {'height': 11882512}}, {'smartContract': {'address': {'address': '0xb772ce9f14fc7c7db0d4525adb9349fbd7ce456a'}}, 'caller': {'address': '0xf1ba76d490183a10b29f4dfc89d84c1f9b41dd3d'}, 'date': {'date': '2021-02-18'}, 'block': {'height': 11882284}}, {'smartContract': {'address': {'address': '0xff1e4f4c404bdcca62367da91e63d89a4d03bb7f'}}, 'caller': {'address': '0xf1ba76d490183a10b29f4dfc89d84c1f9b41dd3d'}, 'date': {'date': '2021-02-18'}, 'block': {'height': 11881281}}, {'smartContract': {'address': {'address': '0xdae6cd1dcaae7169bc570eba8d37432774446741'}}, 'caller': {'address': '0x89d2d92eace71977dd0b159062f8ec90ea64fc24'}, 'date': {'date': '2021-02-18'}, 'block': {'height': 11881242}}, {'smartContract': {'address': {'address': '0x04108d6e9a51bec5170f8fd953a156cf754ba541'}}, 'caller': {'address': '0xf016fa84d5f3a252409a63b5cb89b555a0d27ccf'}, 'date': {'date': '2021-02-18'}, 'block': {'height': 11881242}}, {'smartContract': {'address': {'address': '0xf0d415189949d913264a454f57f4279ad66cb24d'}}, 'caller': {'address': '0xf1ba76d490183a10b29f4dfc89d84c1f9b41dd3d'}, 'date': {'date': '2021-02-18'}, 'block': {'height': 11881242}}, {'smartContract': {'address': {'address': '0x89d2d92eace71977dd0b159062f8ec90ea64fc24'}}, 'caller': {'address': '0xf1ba76d490183a10b29f4dfc89d84c1f9b41dd3d'}, 'date': {'date': '2021-02-18'}, 'block': {'height': 11881115}}, {'smartContract': {'address': {'address': '0xf016fa84d5f3a252409a63b5cb89b555a0d27ccf'}}, 'caller': {'address': '0xf1ba76d490183a10b29f4dfc89d84c1f9b41dd3d'}, 'date': {'date': '2021-02-18'}, 'block': {'height': 11881110}}, {'smartContract': {'address': {'address': '0x54e0395cfb4f39bef66dbcd5bd93cca4e9273d56'}}, 'caller': {'address': '0xf1ba76d490183a10b29f4dfc89d84c1f9b41dd3d'}, 'date': {'date': '2021-02-18'}, 'block': {'height': 11881064}}, {'smartContract': {'address': {'address': '0x37914173864b68feb61ac84d1670d6abc1b09559'}}, 'caller': {'address': '0xf1ba76d490183a10b29f4dfc89d84c1f9b41dd3d'}, 'date': {'date': '2021-02-18'}, 'block': {'height': 11881008}}, {'smartContract': {'address': {'address': '0x18cc48140cfec90cef0035761d56d2d0ff3a110f'}}, 'caller': {'address': '0xf1ba76d490183a10b29f4dfc89d84c1f9b41dd3d'}, 'date': {'date': '2021-02-18'}, 'block': {'height': 11881005}}, {'smartContract': {'address': {'address': '0xcd6bcca48069f8588780dfa274960f15685aee0e'}}, 'caller': {'address': '0x5c69bee701ef814a2b6a3edd4b1652cb9cc5aa6f'}, 'date': {'date': '2021-02-18'}, 'block': {'height': 11880985}}, {'smartContract': {'address': {'address': '0x88acdd2a6425c3faae4bc9650fd7e27e0bebb7ab'}}, 'caller': {'address': '0xf1ba76d490183a10b29f4dfc89d84c1f9b41dd3d'}, 'date': {'date': '2021-02-06'}, 'block': {'height': 11804891}}, {'smartContract': {'address': {'address': '0x1c428a75181bc25509af3a5b7faee97b4b6d3562'}}, 'caller': {'address': '0xf1ba76d490183a10b29f4dfc89d84c1f9b41dd3d'}, 'date': {'date': '2021-02-06'}, 'block': {'height': 11804887}}]",2021-02-06
172,172,0x0391D2021f89DC339F60Fff84546EA23E337750f,BarnBridge Governance Token (BOND),https://github.com/BarnBridge,0xC73Add416E2119d20cE80E0904FC1877e33EF246,1938595.716,"[{'smartContract': {'address': {'address': '0x142b2de289c5c681889f6c3f2cd2465c77b4add8'}}, 'caller': {'address': '0x0a7aeb78eeacce6e66c563260a5cea1f6e0b5947'}, 'date': {'date': '2022-11-04'}, 'block': {'height': 15898007}}, {'smartContract': {'address': {'address': '0xeceb337e3ce7a150243b10c43b3fe7649ebee4f8'}}, 'caller': {'address': '0x7ee06e44c4764a49346290cd9a2267db6dad7214'}, 'date': {'date': '2022-04-18'}, 'block': {'height': 14609964}}, {'smartContract': {'address': {'address': '0x6fff049c657a8f236a7202551b55ba061bd85e96'}}, 'caller': {'address': '0xee285f0ef0cb1d103a64a85e5a0edfedcb53900f'}, 'date': {'date': '2021-10-10'}, 'block': {'height': 13390695}}, {'smartContract': {'address': {'address': '0x1b71388b8ef47eb99b683f8121981cdbacb8a8f3'}}, 'caller': {'address': '0xc73add416e2119d20ce80e0904fc1877e33ef246'}, 'date': {'date': '2021-06-20'}, 'block': {'height': 12671670}}, {'smartContract': {'address': {'address': '0x4d50a5d8b2470f91cf587effc838c711e454e45e'}}, 'caller': {'address': '0xc73add416e2119d20ce80e0904fc1877e33ef246'}, 'date': {'date': '2021-06-20'}, 'block': {'height': 12669531}}, {'smartContract': {'address': {'address': '0xd074b873e53c18dd6aca855bebee7a03ac7c1163'}}, 'caller': {'address': '0x2971adfa57b20e5a416ae5a708a8655a9c74f723'}, 'date': {'date': '2021-06-17'}, 'block': {'height': 12651757}}, {'smartContract': {'address': {'address': '0x257377343fc60658c1cf716951d28602629fc96e'}}, 'caller': {'address': '0xc73add416e2119d20ce80e0904fc1877e33ef246'}, 'date': {'date': '2021-04-19'}, 'block': {'height': 12272719}}, {'smartContract': {'address': {'address': '0xae37e65a77553a1758ded55442cc29d87259e819'}}, 'caller': {'address': '0xc73add416e2119d20ce80e0904fc1877e33ef246'}, 'date': {'date': '2021-04-19'}, 'block': {'height': 12272444}}, {'smartContract': {'address': {'address': '0xc791901dbb8ac5c60e3720d81d49df0d392dd4cb'}}, 'caller': {'address': '0xa5409ec958c83c3f309868babaca7c86dcb077c1'}, 'date': {'date': '2021-03-27'}, 'block': {'height': 12123020}}, {'smartContract': {'address': {'address': '0x031af7ccc0e4d9e49a8642dda39ca70cf70aa19a'}}, 'caller': {'address': '0x76e2cfc1f5fa8f6a5b3fc4c8f4788f0116861f9b'}, 'date': {'date': '2020-12-18'}, 'block': {'height': 11478318}}, {'smartContract': {'address': {'address': '0x0391d2021f89dc339f60fff84546ea23e337750f'}}, 'caller': {'address': '0xc73add416e2119d20ce80e0904fc1877e33ef246'}, 'date': {'date': '2020-09-07'}, 'block': {'height': 10815462}}, {'smartContract': {'address': {'address': '0x6a897e57ff051a2f713f90db4f010d117042cfc7'}}, 'caller': {'address': '0xc73add416e2119d20ce80e0904fc1877e33ef246'}, 'date': {'date': '2020-09-07'}, 'block': {'height': 10815459}}, {'smartContract': {'address': {'address': '0x8828322351871bd8912e403e5b2ec2ff3ba5d2c1'}}, 'caller': {'address': '0x2971adfa57b20e5a416ae5a708a8655a9c74f723'}, 'date': {'date': '2020-07-21'}, 'block': {'height': 10503612}}, {'smartContract': {'address': {'address': '0x1db7976721ab913987bcf87431e626fba6b888c3'}}, 'caller': {'address': '0xc73add416e2119d20ce80e0904fc1877e33ef246'}, 'date': {'date': '2020-04-30'}, 'block': {'height': 9974526}}]",2020-09-07
173,173,0xeEeEEb57642040bE42185f49C52F7E9B38f8eeeE,Elk,https://github.com/elkfinance,0x6bc5Fc9d0D908eF8444A7d8f6A7E1A7050A82084,1856480.023,"[{'smartContract': {'address': {'address': '0xeeeeeb57642040be42185f49c52f7e9b38f8eeee'}}, 'caller': {'address': '0x6bc5fc9d0d908ef8444a7d8f6a7e1a7050a82084'}, 'date': {'date': '2022-04-30'}, 'block': {'height': 14682424}}]",2022-04-30
174,174,0xA0b73E1Ff0B80914AB6fe0444E65848C4C34450b,Crypto.com Coin (CRO),https://github.com/crypto-org-chain/chain-main,0x494ADB1EcAc39D9Df00FcDa84ed2c1Dc775107e7,1800300.986,[],2018-11-14
175,175,0xe4815AE53B124e7263F08dcDBBB757d41Ed658c6,Zks,https://github.com/l2labs,0x6383d169a2353B72097B3862625F50fFb75c42Fe,1799588.117,"[{'smartContract': {'address': {'address': '0xe4815ae53b124e7263f08dcdbbb757d41ed658c6'}}, 'caller': {'address': '0x6383d169a2353b72097b3862625f50ffb75c42fe'}, 'date': {'date': '2020-11-22'}, 'block': {'height': 11305469}}]",2020-11-22
176,176,0xBe1a001FE942f96Eea22bA08783140B9Dcc09D28,Beta Token (BETA),,0x0dCdE930937BdDd66464169756c1e850Ce2b0286,1766216.275,"[{'smartContract': {'address': {'address': '0xbe1a001fe942f96eea22ba08783140b9dcc09d28'}}, 'caller': {'address': '0x0dcde930937bddd66464169756c1e850ce2b0286'}, 'date': {'date': '2021-08-30'}, 'block': {'height': 13126078}}]",2021-08-30
177,177,0x67C5870b4A41D4Ebef24d2456547A03F1f3e094B,GoodDollar,,0x02E147Ecf933c1FFd163e43B052133445fD88d64,1756057.405,[],2020-07-30
178,178,0x6bB61215298F296C55b19Ad842D3Df69021DA2ef,Drops Ownership Power,https://github.com/Dropsorg/drops-nft-protocol,0xd1F60eBec593289daBA5F5eCba16a906f9d7A8BC,1649324.898,"[{'smartContract': {'address': {'address': '0xedafa6c38ee44810367a77d38d9b99fdafee8513'}}, 'caller': {'address': '0xd1f60ebec593289daba5f5ecba16a906f9d7a8bc'}, 'date': {'date': '2022-12-27'}, 'block': {'height': 16278451}}, {'smartContract': {'address': {'address': '0x74bae7a6607d9a85c47130dc2e9420b565b76cfb'}}, 'caller': {'address': '0x99bde8367d7b99d2b1ae6fce12068b49aba47207'}, 'date': {'date': '2022-12-24'}, 'block': {'height': 16253789}}, {'smartContract': {'address': {'address': '0xf00de3d44228856b2ca1d4550c2eacba153daca7'}}, 'caller': {'address': '0xd1f60ebec593289daba5f5ecba16a906f9d7a8bc'}, 'date': {'date': '2022-12-05'}, 'block': {'height': 16118063}}, {'smartContract': {'address': {'address': '0x0039fec5e1d91741e251d82d9e83859c8e79013d'}}, 'caller': {'address': '0xd1f60ebec593289daba5f5ecba16a906f9d7a8bc'}, 'date': {'date': '2022-12-05'}, 'block': {'height': 16118052}}, {'smartContract': {'address': {'address': '0x140128b2e6562713051df4858ff52f26795b8920'}}, 'caller': {'address': '0xd1f60ebec593289daba5f5ecba16a906f9d7a8bc'}, 'date': {'date': '2022-12-05'}, 'block': {'height': 16118025}}, {'smartContract': {'address': {'address': '0x03e1eb147ab39d744565ca1cec4b03106d21fa92'}}, 'caller': {'address': '0xd1f60ebec593289daba5f5ecba16a906f9d7a8bc'}, 'date': {'date': '2022-12-05'}, 'block': {'height': 16117981}}, {'smartContract': {'address': {'address': '0xfb0fceb2f620009c7e29f9e770ab7cf1d7956ecc'}}, 'caller': {'address': '0xd1f60ebec593289daba5f5ecba16a906f9d7a8bc'}, 'date': {'date': '2022-12-05'}, 'block': {'height': 16115362}}, {'smartContract': {'address': {'address': '0xe7d7b65dbe5577d9da4286367031f5bccb020674'}}, 'caller': {'address': '0xd1f60ebec593289daba5f5ecba16a906f9d7a8bc'}, 'date': {'date': '2022-12-01'}, 'block': {'height': 16092927}}, {'smartContract': {'address': {'address': '0x0a494b848d4be5d58b0fde9f80c9b25592a2d3b2'}}, 'caller': {'address': '0xd1f60ebec593289daba5f5ecba16a906f9d7a8bc'}, 'date': {'date': '2022-12-01'}, 'block': {'height': 16092905}}, {'smartContract': {'address': {'address': '0xdf55f91f8f13f6b3754bf07c6ebdf16c99f83198'}}, 'caller': {'address': '0xd1f60ebec593289daba5f5ecba16a906f9d7a8bc'}, 'date': {'date': '2022-12-01'}, 'block': {'height': 16092760}}, {'smartContract': {'address': {'address': '0x33cae696b4cb4bbb1a5a465b8a153879e8d28659'}}, 'caller': {'address': '0xa6b71e26c5e0845f74c812102ca7114b6a896ab2'}, 'date': {'date': '2022-12-01'}, 'block': {'height': 16091554}}, {'smartContract': {'address': {'address': '0xe751e2e8dcdcb5ed043419529ba9311fa7ccdd3e'}}, 'caller': {'address': '0xd1f60ebec593289daba5f5ecba16a906f9d7a8bc'}, 'date': {'date': '2022-11-24'}, 'block': {'height': 16042656}}, {'smartContract': {'address': {'address': '0xb49655bc75b61e6482b71c76e269ef8a342283ba'}}, 'caller': {'address': '0xd1f60ebec593289daba5f5ecba16a906f9d7a8bc'}, 'date': {'date': '2022-11-24'}, 'block': {'height': 16042646}}, {'smartContract': {'address': {'address': '0x6d2527d6cf23016d46ce7d0f409c59e8e34d0854'}}, 'caller': {'address': '0xd1f60ebec593289daba5f5ecba16a906f9d7a8bc'}, 'date': {'date': '2022-11-24'}, 'block': {'height': 16042638}}, {'smartContract': {'address': {'address': '0x550a4a2be23c3a78979bbd0c02d588445b385c1b'}}, 'caller': {'address': '0xd1f60ebec593289daba5f5ecba16a906f9d7a8bc'}, 'date': {'date': '2022-11-24'}, 'block': {'height': 16042631}}, {'smartContract': {'address': {'address': '0x0eabea97c25bd4dfcad294d82404c7df3b26a2cc'}}, 'caller': {'address': '0xd1f60ebec593289daba5f5ecba16a906f9d7a8bc'}, 'date': {'date': '2022-11-24'}, 'block': {'height': 16042624}}, {'smartContract': {'address': {'address': '0x777eccd3fcf4ffa3b12f45a384852608df2619a0'}}, 'caller': {'address': '0xd1f60ebec593289daba5f5ecba16a906f9d7a8bc'}, 'date': {'date': '2022-11-24'}, 'block': {'height': 16042611}}, {'smartContract': {'address': {'address': '0x6734a196b66e21884c115f54dd7e28ee5c23678d'}}, 'caller': {'address': '0xd1f60ebec593289daba5f5ecba16a906f9d7a8bc'}, 'date': {'date': '2022-11-24'}, 'block': {'height': 16042599}}, {'smartContract': {'address': {'address': '0x61f3b32eefd42136b9c64c6eafcda881e74beeab'}}, 'caller': {'address': '0xd1f60ebec593289daba5f5ecba16a906f9d7a8bc'}, 'date': {'date': '2022-11-24'}, 'block': {'height': 16042598}}, {'smartContract': {'address': {'address': '0xbc183b6eebb8f553ff10eccc70f9c5b98efde059'}}, 'caller': {'address': '0xd1f60ebec593289daba5f5ecba16a906f9d7a8bc'}, 'date': {'date': '2022-11-24'}, 'block': {'height': 16042596}}, {'smartContract': {'address': {'address': '0x9ed0dc6218802bc4022a28ce3b35f0c063d3b5d2'}}, 'caller': {'address': '0xd1f60ebec593289daba5f5ecba16a906f9d7a8bc'}, 'date': {'date': '2022-11-24'}, 'block': {'height': 16042589}}, {'smartContract': {'address': {'address': '0x896b8019f5ea3caaab23cda0a09b405ed8361e8b'}}, 'caller': {'address': '0xd1f60ebec593289daba5f5ecba16a906f9d7a8bc'}, 'date': {'date': '2022-11-24'}, 'block': {'height': 16042587}}, {'smartContract': {'address': {'address': '0xaa95c2d1b3f78e86c41b22f3d202d15200a23e23'}}, 'caller': {'address': '0xd1f60ebec593289daba5f5ecba16a906f9d7a8bc'}, 'date': {'date': '2022-11-24'}, 'block': {'height': 16042556}}, {'smartContract': {'address': {'address': '0xa321c2c8b9bdf4efbf94de1d920eaa7a5cca0c4f'}}, 'caller': {'address': '0xa6b71e26c5e0845f74c812102ca7114b6a896ab2'}, 'date': {'date': '2022-11-17'}, 'block': {'height': 15989155}}, {'smartContract': {'address': {'address': '0xef6e27fa2e89b5334bfa8889fb766e15896e6089'}}, 'caller': {'address': '0xd1f60ebec593289daba5f5ecba16a906f9d7a8bc'}, 'date': {'date': '2022-11-15'}, 'block': {'height': 15977536}}, {'smartContract': {'address': {'address': '0xb1fa1cf7a62d7c6d284fe1bcf7a4871b729a1e88'}}, 'caller': {'address': '0xd5cbd56a8c40b6d87e8ad0d7ed4d107556b3bf46'}, 'date': {'date': '2022-11-15'}, 'block': {'height': 15974974}}, {'smartContract': {'address': {'address': '0x70de788bf7327b8dd5e80606628c15e11008c74e'}}, 'caller': {'address': '0xd1f60ebec593289daba5f5ecba16a906f9d7a8bc'}, 'date': {'date': '2022-11-04'}, 'block': {'height': 15897144}}, {'smartContract': {'address': {'address': '0x8cd5d29f6469a980c85e88478d6087cb154af7ac'}}, 'caller': {'address': '0xd1f60ebec593289daba5f5ecba16a906f9d7a8bc'}, 'date': {'date': '2022-11-04'}, 'block': {'height': 15897140}}, {'smartContract': {'address': {'address': '0x777a91c5e1cae1533e32fe8ed5667022a1e0fbb6'}}, 'caller': {'address': '0xd1f60ebec593289daba5f5ecba16a906f9d7a8bc'}, 'date': {'date': '2022-11-01'}, 'block': {'height': 15875076}}, {'smartContract': {'address': {'address': '0xb589a8e4d5c47b721fd7e3def994c819ab8718c4'}}, 'caller': {'address': '0xd1f60ebec593289daba5f5ecba16a906f9d7a8bc'}, 'date': {'date': '2022-11-01'}, 'block': {'height': 15874967}}, {'smartContract': {'address': {'address': '0xf1c97d0c0f303b0aafe3974d36ed656b0a26cf99'}}, 'caller': {'address': '0xd1f60ebec593289daba5f5ecba16a906f9d7a8bc'}, 'date': {'date': '2022-11-01'}, 'block': {'height': 15874960}}, {'smartContract': {'address': {'address': '0xe63d394953908c3eda007cf4a94f9352bb22dec0'}}, 'caller': {'address': '0xd1f60ebec593289daba5f5ecba16a906f9d7a8bc'}, 'date': {'date': '2022-11-01'}, 'block': {'height': 15874941}}, {'smartContract': {'address': {'address': '0x7d14e9489cf554fc37c8a3efb7203059c8a4c485'}}, 'caller': {'address': '0x99bde8367d7b99d2b1ae6fce12068b49aba47207'}, 'date': {'date': '2022-10-31'}, 'block': {'height': 15869902}}, {'smartContract': {'address': {'address': '0xf0d08f183d01436801ff393f1d39a6c9a9629ece'}}, 'caller': {'address': '0xd1f60ebec593289daba5f5ecba16a906f9d7a8bc'}, 'date': {'date': '2022-10-26'}, 'block': {'height': 15834970}}, {'smartContract': {'address': {'address': '0x4c079389a125eef20180a6886ca5c8da535024ae'}}, 'caller': {'address': '0xd1f60ebec593289daba5f5ecba16a906f9d7a8bc'}, 'date': {'date': '2022-10-26'}, 'block': {'height': 15834800}}, {'smartContract': {'address': {'address': '0x366c727bd25d8479d8f799712f4deb1ff2353880'}}, 'caller': {'address': '0xd1f60ebec593289daba5f5ecba16a906f9d7a8bc'}, 'date': {'date': '2022-10-26'}, 'block': {'height': 15834778}}, {'smartContract': {'address': {'address': '0xd5cbd56a8c40b6d87e8ad0d7ed4d107556b3bf46'}}, 'caller': {'address': '0xd1f60ebec593289daba5f5ecba16a906f9d7a8bc'}, 'date': {'date': '2022-10-25'}, 'block': {'height': 15827006}}, {'smartContract': {'address': {'address': '0x4132d1ace559ad155d6d6b515d7a07f59c1363a1'}}, 'caller': {'address': '0xd1f60ebec593289daba5f5ecba16a906f9d7a8bc'}, 'date': {'date': '2022-10-25'}, 'block': {'height': 15827004}}, {'smartContract': {'address': {'address': '0x4ea4e7da68176be4fccff9fb0658e956012137b6'}}, 'caller': {'address': '0xd1f60ebec593289daba5f5ecba16a906f9d7a8bc'}, 'date': {'date': '2022-10-25'}, 'block': {'height': 15827003}}, {'smartContract': {'address': {'address': '0x42b747330b97b042b85ba5fbf3348e7966ee0f3d'}}, 'caller': {'address': '0xd1f60ebec593289daba5f5ecba16a906f9d7a8bc'}, 'date': {'date': '2022-10-25'}, 'block': {'height': 15826910}}, {'smartContract': {'address': {'address': '0x32e41714dcce1c4be08cc1e896bbca56f93e89c9'}}, 'caller': {'address': '0xd1f60ebec593289daba5f5ecba16a906f9d7a8bc'}, 'date': {'date': '2022-10-25'}, 'block': {'height': 15826838}}, {'smartContract': {'address': {'address': '0x5ce3269a34741c67c6a364b7312f80dd984e1da8'}}, 'caller': {'address': '0xd1f60ebec593289daba5f5ecba16a906f9d7a8bc'}, 'date': {'date': '2022-10-25'}, 'block': {'height': 15826834}}, {'smartContract': {'address': {'address': '0xe99ef129649343c7cdf14d8febd86c811b8eb43a'}}, 'caller': {'address': '0xd1f60ebec593289daba5f5ecba16a906f9d7a8bc'}, 'date': {'date': '2022-10-25'}, 'block': {'height': 15826818}}, {'smartContract': {'address': {'address': '0x408abe9a2f0086511a71703881fa9f54684b78a0'}}, 'caller': {'address': '0xd1f60ebec593289daba5f5ecba16a906f9d7a8bc'}, 'date': {'date': '2022-10-25'}, 'block': {'height': 15826727}}, {'smartContract': {'address': {'address': '0x6b724474f3de82fe4d37001bbe7235eec1de6035'}}, 'caller': {'address': '0xd1f60ebec593289daba5f5ecba16a906f9d7a8bc'}, 'date': {'date': '2022-10-24'}, 'block': {'height': 15817004}}, {'smartContract': {'address': {'address': '0x17a78cea1abad58a4f6d87dc94a4a748f2965b20'}}, 'caller': {'address': '0xd1f60ebec593289daba5f5ecba16a906f9d7a8bc'}, 'date': {'date': '2022-10-24'}, 'block': {'height': 15816986}}, {'smartContract': {'address': {'address': '0xfad844e28b309269bf7d11a7bc6b2ed993175598'}}, 'caller': {'address': '0xd1f60ebec593289daba5f5ecba16a906f9d7a8bc'}, 'date': {'date': '2022-10-24'}, 'block': {'height': 15816929}}, {'smartContract': {'address': {'address': '0x11ff91f17e43c2c5c241850d261cae5febb9b439'}}, 'caller': {'address': '0xd1f60ebec593289daba5f5ecba16a906f9d7a8bc'}, 'date': {'date': '2022-10-24'}, 'block': {'height': 15816900}}, {'smartContract': {'address': {'address': '0x55666407d146e19b0ca5f618ee29566c157c5d95'}}, 'caller': {'address': '0xd1f60ebec593289daba5f5ecba16a906f9d7a8bc'}, 'date': {'date': '2022-10-24'}, 'block': {'height': 15816898}}, {'smartContract': {'address': {'address': '0xe9e374ef997d9ee38d705cabac5b94f469506966'}}, 'caller': {'address': '0xd1f60ebec593289daba5f5ecba16a906f9d7a8bc'}, 'date': {'date': '2022-10-20'}, 'block': {'height': 15791465}}, {'smartContract': {'address': {'address': '0xce072aaaee46fdb3b0aa0be0516b9491ad88ec57'}}, 'caller': {'address': '0xd1f60ebec593289daba5f5ecba16a906f9d7a8bc'}, 'date': {'date': '2022-10-20'}, 'block': {'height': 15791410}}, {'smartContract': {'address': {'address': '0x65da0a824269e43a2fc9586ef2ffe2ae722c33be'}}, 'caller': {'address': '0xd1f60ebec593289daba5f5ecba16a906f9d7a8bc'}, 'date': {'date': '2022-10-20'}, 'block': {'height': 15791380}}, {'smartContract': {'address': {'address': '0x5a73e7a08099289c1de449e693f833594d2c976e'}}, 'caller': {'address': '0x99bde8367d7b99d2b1ae6fce12068b49aba47207'}, 'date': {'date': '2022-10-18'}, 'block': {'height': 15777702}}, {'smartContract': {'address': {'address': '0x47919d0b513c88e6ddfeead4ea0729c08003daee'}}, 'caller': {'address': '0xd1f60ebec593289daba5f5ecba16a906f9d7a8bc'}, 'date': {'date': '2022-10-06'}, 'block': {'height': 15692099}}, {'smartContract': {'address': {'address': '0x5a5d79e75016330f8b2a02b4f33b5e12003a63d7'}}, 'caller': {'address': '0xd1f60ebec593289daba5f5ecba16a906f9d7a8bc'}, 'date': {'date': '2022-10-06'}, 'block': {'height': 15692076}}, {'smartContract': {'address': {'address': '0xda8c9777febab8577a33f4750d165bc13b07b93d'}}, 'caller': {'address': '0xd1f60ebec593289daba5f5ecba16a906f9d7a8bc'}, 'date': {'date': '2022-10-06'}, 'block': {'height': 15692069}}, {'smartContract': {'address': {'address': '0x5ce3d90e359a0f5e841ac8696e736e6ebf8bf2f0'}}, 'caller': {'address': '0xd1f60ebec593289daba5f5ecba16a906f9d7a8bc'}, 'date': {'date': '2022-10-06'}, 'block': {'height': 15692050}}, {'smartContract': {'address': {'address': '0x780f467401430632ed0529f497c20806b2793dff'}}, 'caller': {'address': '0xd1f60ebec593289daba5f5ecba16a906f9d7a8bc'}, 'date': {'date': '2022-10-06'}, 'block': {'height': 15692040}}, {'smartContract': {'address': {'address': '0x43244977fae5ae5e2979533d5f0221d80840fa1a'}}, 'caller': {'address': '0xd1f60ebec593289daba5f5ecba16a906f9d7a8bc'}, 'date': {'date': '2022-10-03'}, 'block': {'height': 15670371}}, {'smartContract': {'address': {'address': '0x5c2cba783f2be59849ee1b01ffbf1ed768b444e0'}}, 'caller': {'address': '0xd1f60ebec593289daba5f5ecba16a906f9d7a8bc'}, 'date': {'date': '2022-10-03'}, 'block': {'height': 15670367}}, {'smartContract': {'address': {'address': '0xcfc8afac17d92796809a4b38a74a245011a96e83'}}, 'caller': {'address': '0xd1f60ebec593289daba5f5ecba16a906f9d7a8bc'}, 'date': {'date': '2022-10-03'}, 'block': {'height': 15670308}}, {'smartContract': {'address': {'address': '0xa4b4a1c7abea32ade0d33e0ba0f15a6442d68b8d'}}, 'caller': {'address': '0x6fc3d78aa67a6a0529ecb2fc71ed99ae232e2399'}, 'date': {'date': '2022-09-29'}, 'block': {'height': 15639882}}, {'smartContract': {'address': {'address': '0xbcd6bd170ea60bdac1bc054ced8c232b1a00fb59'}}, 'caller': {'address': '0xd1f60ebec593289daba5f5ecba16a906f9d7a8bc'}, 'date': {'date': '2022-09-29'}, 'block': {'height': 15639855}}, {'smartContract': {'address': {'address': '0x677d18ab5cf3de962a88bff2945b69b1fba8a905'}}, 'caller': {'address': '0xd1f60ebec593289daba5f5ecba16a906f9d7a8bc'}, 'date': {'date': '2022-09-28'}, 'block': {'height': 15633055}}, {'smartContract': {'address': {'address': '0x33eefb30f82308c1743b79c60a1fefe3fed5dff8'}}, 'caller': {'address': '0x6fc3d78aa67a6a0529ecb2fc71ed99ae232e2399'}, 'date': {'date': '2022-09-28'}, 'block': {'height': 15632975}}, {'smartContract': {'address': {'address': '0xcb19f011cffe6c38a5149da565f6de9403778e49'}}, 'caller': {'address': '0xd1f60ebec593289daba5f5ecba16a906f9d7a8bc'}, 'date': {'date': '2022-09-28'}, 'block': {'height': 15632882}}, {'smartContract': {'address': {'address': '0x6fc3d78aa67a6a0529ecb2fc71ed99ae232e2399'}}, 'caller': {'address': '0xd1f60ebec593289daba5f5ecba16a906f9d7a8bc'}, 'date': {'date': '2022-09-28'}, 'block': {'height': 15632837}}, {'smartContract': {'address': {'address': '0xe3715aad9dc857adbf0e7a120de18f30132bed82'}}, 'caller': {'address': '0xd1f60ebec593289daba5f5ecba16a906f9d7a8bc'}, 'date': {'date': '2022-09-28'}, 'block': {'height': 15632834}}, {'smartContract': {'address': {'address': '0xcd3d61b50fdc29b0a2ac872fb698d22382bc3452'}}, 'caller': {'address': '0xd1f60ebec593289daba5f5ecba16a906f9d7a8bc'}, 'date': {'date': '2022-09-28'}, 'block': {'height': 15632828}}, {'smartContract': {'address': {'address': '0xf2f6001725117b524c34895976a2464b069d7337'}}, 'caller': {'address': '0xd1f60ebec593289daba5f5ecba16a906f9d7a8bc'}, 'date': {'date': '2022-09-28'}, 'block': {'height': 15632826}}, {'smartContract': {'address': {'address': '0x50280672f1734893895f1aeb7d7db7bc1b811b40'}}, 'caller': {'address': '0xd1f60ebec593289daba5f5ecba16a906f9d7a8bc'}, 'date': {'date': '2022-09-08'}, 'block': {'height': 15495914}}, {'smartContract': {'address': {'address': '0x113296013d1d22c070381fd8a82a1ac3db8562e3'}}, 'caller': {'address': '0xd1f60ebec593289daba5f5ecba16a906f9d7a8bc'}, 'date': {'date': '2022-09-08'}, 'block': {'height': 15495695}}, {'smartContract': {'address': {'address': '0xdcbf673b01d80cace11699bb1511ee285ed62041'}}, 'caller': {'address': '0xd1f60ebec593289daba5f5ecba16a906f9d7a8bc'}, 'date': {'date': '2022-09-08'}, 'block': {'height': 15495691}}, {'smartContract': {'address': {'address': '0x69de3c627561f6a3a260e89c43c566c1f3c93e23'}}, 'caller': {'address': '0xd1f60ebec593289daba5f5ecba16a906f9d7a8bc'}, 'date': {'date': '2022-08-03'}, 'block': {'height': 15271469}}, {'smartContract': {'address': {'address': '0x57789a12fc3236b12201fabcd7c8b7cbb6a94727'}}, 'caller': {'address': '0xd1f60ebec593289daba5f5ecba16a906f9d7a8bc'}, 'date': {'date': '2022-08-03'}, 'block': {'height': 15271457}}, {'smartContract': {'address': {'address': '0x0177f957ef65ec18ee59058ea0435a4b7e8e532c'}}, 'caller': {'address': '0xd1f60ebec593289daba5f5ecba16a906f9d7a8bc'}, 'date': {'date': '2022-07-27'}, 'block': {'height': 15223221}}, {'smartContract': {'address': {'address': '0x00635eeb0e3738e8a6d8c44a5dbdee32e0242571'}}, 'caller': {'address': '0xd1f60ebec593289daba5f5ecba16a906f9d7a8bc'}, 'date': {'date': '2022-07-25'}, 'block': {'height': 15214411}}, {'smartContract': {'address': {'address': '0x30c40201f7af91c1b1eef6c7b4504669602a82f5'}}, 'caller': {'address': '0xd1f60ebec593289daba5f5ecba16a906f9d7a8bc'}, 'date': {'date': '2022-07-25'}, 'block': {'height': 15214382}}, {'smartContract': {'address': {'address': '0x58ff25d5da5fbe3962b239503caecd99f4d63676'}}, 'caller': {'address': '0xd1f60ebec593289daba5f5ecba16a906f9d7a8bc'}, 'date': {'date': '2022-07-25'}, 'block': {'height': 15214320}}, {'smartContract': {'address': {'address': '0x83355362ebb2180873844523044c866170f9d99c'}}, 'caller': {'address': '0xd1f60ebec593289daba5f5ecba16a906f9d7a8bc'}, 'date': {'date': '2022-07-25'}, 'block': {'height': 15214291}}, {'smartContract': {'address': {'address': '0x5188510a48e8f716e80338c2a2ad4fc415afc290'}}, 'caller': {'address': '0xd1f60ebec593289daba5f5ecba16a906f9d7a8bc'}, 'date': {'date': '2022-07-25'}, 'block': {'height': 15214272}}, {'smartContract': {'address': {'address': '0x3d60134fa81876f5afbad18a7520aa8596ba07ca'}}, 'caller': {'address': '0xd1f60ebec593289daba5f5ecba16a906f9d7a8bc'}, 'date': {'date': '2022-07-25'}, 'block': {'height': 15214249}}, {'smartContract': {'address': {'address': '0x109d97019eda5e32b31cd995ba3d29fc5a3e7c97'}}, 'caller': {'address': '0xd1f60ebec593289daba5f5ecba16a906f9d7a8bc'}, 'date': {'date': '2022-07-25'}, 'block': {'height': 15214241}}, {'smartContract': {'address': {'address': '0x397a7e7710f3a074da1b6823e94047e57a5db896'}}, 'caller': {'address': '0xd1f60ebec593289daba5f5ecba16a906f9d7a8bc'}, 'date': {'date': '2022-07-25'}, 'block': {'height': 15214229}}, {'smartContract': {'address': {'address': '0xc3d8e1fd31e55ede71ae1453ddf858461e23b59a'}}, 'caller': {'address': '0xd1f60ebec593289daba5f5ecba16a906f9d7a8bc'}, 'date': {'date': '2022-07-25'}, 'block': {'height': 15214209}}, {'smartContract': {'address': {'address': '0xb630f9ca1192a9ee70bab08ca4aa58cc2a235ff2'}}, 'caller': {'address': '0xd1f60ebec593289daba5f5ecba16a906f9d7a8bc'}, 'date': {'date': '2022-07-25'}, 'block': {'height': 15214184}}, {'smartContract': {'address': {'address': '0x3786f8ab0a0652e23c6503a9a44322b3295608fe'}}, 'caller': {'address': '0xd1f60ebec593289daba5f5ecba16a906f9d7a8bc'}, 'date': {'date': '2022-07-25'}, 'block': {'height': 15214165}}, {'smartContract': {'address': {'address': '0x397d11f822578b37b10582db5bceb43bf6e7c85b'}}, 'caller': {'address': '0xd1f60ebec593289daba5f5ecba16a906f9d7a8bc'}, 'date': {'date': '2022-07-25'}, 'block': {'height': 15214087}}, {'smartContract': {'address': {'address': '0xac2d3eda37ff0ecc1f2d31791e7e2dae1d133228'}}, 'caller': {'address': '0xd1f60ebec593289daba5f5ecba16a906f9d7a8bc'}, 'date': {'date': '2022-07-25'}, 'block': {'height': 15214084}}, {'smartContract': {'address': {'address': '0x9a4c75120b1c943e9314be15ef2b088e9bd69430'}}, 'caller': {'address': '0xd1f60ebec593289daba5f5ecba16a906f9d7a8bc'}, 'date': {'date': '2022-07-25'}, 'block': {'height': 15214075}}, {'smartContract': {'address': {'address': '0xb78bb3068d16803c3d643d166b69f084f46b98e4'}}, 'caller': {'address': '0xd1f60ebec593289daba5f5ecba16a906f9d7a8bc'}, 'date': {'date': '2022-07-15'}, 'block': {'height': 15145619}}, {'smartContract': {'address': {'address': '0xdce87c59124bd886d855a1560542f4bbe8d46a38'}}, 'caller': {'address': '0xa6b71e26c5e0845f74c812102ca7114b6a896ab2'}, 'date': {'date': '2022-06-27'}, 'block': {'height': 15036143}}, {'smartContract': {'address': {'address': '0x1e50dbce6c928888a80046ccace7c2a5fd9aff6e'}}, 'caller': {'address': '0xd1f60ebec593289daba5f5ecba16a906f9d7a8bc'}, 'date': {'date': '2022-06-15'}, 'block': {'height': 14968769}}, {'smartContract': {'address': {'address': '0xcec075ff61916085e6a18d79141efcb45607596c'}}, 'caller': {'address': '0xd1f60ebec593289daba5f5ecba16a906f9d7a8bc'}, 'date': {'date': '2022-06-14'}, 'block': {'height': 14961760}}, {'smartContract': {'address': {'address': '0xa7b06c501e89a963ac9b33a41a571ad23ffeb502'}}, 'caller': {'address': '0xd1f60ebec593289daba5f5ecba16a906f9d7a8bc'}, 'date': {'date': '2022-06-10'}, 'block': {'height': 14940430}}, {'smartContract': {'address': {'address': '0x588c13e685e44b22dc6647937481c816e5fee086'}}, 'caller': {'address': '0xd1f60ebec593289daba5f5ecba16a906f9d7a8bc'}, 'date': {'date': '2022-06-10'}, 'block': {'height': 14940419}}, {'smartContract': {'address': {'address': '0xfde76511a27a7a5b8c802e5fda14cc0f879bc2c6'}}, 'caller': {'address': '0xd1f60ebec593289daba5f5ecba16a906f9d7a8bc'}, 'date': {'date': '2022-06-10'}, 'block': {'height': 14940408}}, {'smartContract': {'address': {'address': '0x8141a76b4ebc71afc5e0503d2dc08eb6dfc2405e'}}, 'caller': {'address': '0xd1f60ebec593289daba5f5ecba16a906f9d7a8bc'}, 'date': {'date': '2022-06-10'}, 'block': {'height': 14940406}}, {'smartContract': {'address': {'address': '0x52719dca4137e3e92cbb038242feb9c063e63635'}}, 'caller': {'address': '0xd1f60ebec593289daba5f5ecba16a906f9d7a8bc'}, 'date': {'date': '2022-06-10'}, 'block': {'height': 14940402}}, {'smartContract': {'address': {'address': '0x3903e6ecd8bc610d5a01061b1dc31affd21f81c6'}}, 'caller': {'address': '0xd1f60ebec593289daba5f5ecba16a906f9d7a8bc'}, 'date': {'date': '2022-06-10'}, 'block': {'height': 14940351}}]",2021-05-20
179,179,0x3A880652F47bFaa771908C07Dd8673A787dAEd3A,DerivaDAO,,0xD29FC595d45b9E86684258F7aEf02e27234FD744,1645028.22,[],2020-12-04
180,180,0x94E0BAb2F6Ab1F19F4750E42d7349f2740513aD5,UNIC (UNIC),https://github.com/uniclyNFT/unicly-core,0x92b22149fec19094650f3f99dC141c8f77b03c15,1628803.979,"[{'smartContract': {'address': {'address': '0xd91ee91fd0f3fb15c9b9dd47f156396aa8c7c84b'}}, 'caller': {'address': '0x92b22149fec19094650f3f99dc141c8f77b03c15'}, 'date': {'date': '2022-05-06'}, 'block': {'height': 14725835}}, {'smartContract': {'address': {'address': '0xf904eaedd72ee667ab1dfda01091a1410a3125ee'}}, 'caller': {'address': '0x92b22149fec19094650f3f99dc141c8f77b03c15'}, 'date': {'date': '2022-05-06'}, 'block': {'height': 14725834}}, {'smartContract': {'address': {'address': '0x9b071f83bcad30d08329824ad1b4c719dcf608d6'}}, 'caller': {'address': '0x92b22149fec19094650f3f99dc141c8f77b03c15'}, 'date': {'date': '2022-05-06'}, 'block': {'height': 14725833}}, {'smartContract': {'address': {'address': '0x9baf76cc7c0eed94d2e7049f9c6df42b0cbee4ea'}}, 'caller': {'address': '0x92b22149fec19094650f3f99dc141c8f77b03c15'}, 'date': {'date': '2022-05-06'}, 'block': {'height': 14725830}}, {'smartContract': {'address': {'address': '0x4e30235a3c556ff509cd4f71ad6168ec60c89b28'}}, 'caller': {'address': '0x92b22149fec19094650f3f99dc141c8f77b03c15'}, 'date': {'date': '2022-05-06'}, 'block': {'height': 14725828}}, {'smartContract': {'address': {'address': '0xf06d5aa7a3bb23a4ebca0ad91ec5bfd34b000c1e'}}, 'caller': {'address': '0x92b22149fec19094650f3f99dc141c8f77b03c15'}, 'date': {'date': '2022-05-06'}, 'block': {'height': 14725825}}, {'smartContract': {'address': {'address': '0xcdcc535503cba9286489b338b36156b4b75008f6'}}, 'caller': {'address': '0x92b22149fec19094650f3f99dc141c8f77b03c15'}, 'date': {'date': '2021-10-31'}, 'block': {'height': 13521654}}, {'smartContract': {'address': {'address': '0xd3c41c85be295607e8ea5c58487ec5894300ee67'}}, 'caller': {'address': '0x92b22149fec19094650f3f99dc141c8f77b03c15'}, 'date': {'date': '2021-10-30'}, 'block': {'height': 13521372}}, {'smartContract': {'address': {'address': '0x01c4efb5d586c4d27bff2191d306f2c2c7d569cb'}}, 'caller': {'address': '0x92b22149fec19094650f3f99dc141c8f77b03c15'}, 'date': {'date': '2021-10-14'}, 'block': {'height': 13413319}}, {'smartContract': {'address': {'address': '0xa87b9878c62fdf011c0cbef76dafacf3280907af'}}, 'caller': {'address': '0x92b22149fec19094650f3f99dc141c8f77b03c15'}, 'date': {'date': '2021-10-14'}, 'block': {'height': 13413099}}, {'smartContract': {'address': {'address': '0x3fe1be2e1d9a98b22661c04034447777bfc915cf'}}, 'caller': {'address': '0x92b22149fec19094650f3f99dc141c8f77b03c15'}, 'date': {'date': '2021-10-12'}, 'block': {'height': 13405220}}, {'smartContract': {'address': {'address': '0xdf7b2d19b9ce76422147a17457f379830efba56d'}}, 'caller': {'address': '0x92b22149fec19094650f3f99dc141c8f77b03c15'}, 'date': {'date': '2021-09-25'}, 'block': {'height': 13292007}}, {'smartContract': {'address': {'address': '0x9d53f04b62f6a159c39dfc69e82dca1e2128c05c'}}, 'caller': {'address': '0x92b22149fec19094650f3f99dc141c8f77b03c15'}, 'date': {'date': '2021-09-24'}, 'block': {'height': 13290888}}, {'smartContract': {'address': {'address': '0x7438965c266519f21aca5cc7519fb657fa99afd3'}}, 'caller': {'address': '0x92b22149fec19094650f3f99dc141c8f77b03c15'}, 'date': {'date': '2021-09-24'}, 'block': {'height': 13285429}}, {'smartContract': {'address': {'address': '0xa63973a8b5b2b3d496b32395f5c9f256399ef177'}}, 'caller': {'address': '0x92b22149fec19094650f3f99dc141c8f77b03c15'}, 'date': {'date': '2021-09-21'}, 'block': {'height': 13271605}}, {'smartContract': {'address': {'address': '0xb33afbe764b223dd138efe3976cc9a32344cf7e0'}}, 'caller': {'address': '0x92b22149fec19094650f3f99dc141c8f77b03c15'}, 'date': {'date': '2021-09-17'}, 'block': {'height': 13243922}}, {'smartContract': {'address': {'address': '0x4b967c6f61958cd71cdfd63e0905496cb679fe6c'}}, 'caller': {'address': '0x92b22149fec19094650f3f99dc141c8f77b03c15'}, 'date': {'date': '2021-09-17'}, 'block': {'height': 13243670}}, {'smartContract': {'address': {'address': '0xe111b76d6c1316313d4b491887b4cdb2163c07b9'}}, 'caller': {'address': '0x92b22149fec19094650f3f99dc141c8f77b03c15'}, 'date': {'date': '2021-09-17'}, 'block': {'height': 13242181}}, {'smartContract': {'address': {'address': '0x7bbccfd5a0a847256c059cc0d6439cd69ff774fd'}}, 'caller': {'address': '0x92b22149fec19094650f3f99dc141c8f77b03c15'}, 'date': {'date': '2021-09-17'}, 'block': {'height': 13242181}}, {'smartContract': {'address': {'address': '0xcecf73a88c175a2cdcb186230de8f33c1942aeec'}}, 'caller': {'address': '0x92b22149fec19094650f3f99dc141c8f77b03c15'}, 'date': {'date': '2021-09-17'}, 'block': {'height': 13242181}}, {'smartContract': {'address': {'address': '0xc750ef837d4750095c32dfeeebc6f785b99e04c5'}}, 'caller': {'address': '0x92b22149fec19094650f3f99dc141c8f77b03c15'}, 'date': {'date': '2021-09-17'}, 'block': {'height': 13241879}}, {'smartContract': {'address': {'address': '0x68187ae6fb2c63098452ac4723cd31551d697aec'}}, 'caller': {'address': '0x92b22149fec19094650f3f99dc141c8f77b03c15'}, 'date': {'date': '2021-09-17'}, 'block': {'height': 13241851}}, {'smartContract': {'address': {'address': '0x9cdddaaeba5b03fed3d5eb615168564e3be713ec'}}, 'caller': {'address': '0x92b22149fec19094650f3f99dc141c8f77b03c15'}, 'date': {'date': '2021-09-17'}, 'block': {'height': 13241794}}, {'smartContract': {'address': {'address': '0x2e30b5fa7bfa8d51a4668284c763af112e664031'}}, 'caller': {'address': '0x92b22149fec19094650f3f99dc141c8f77b03c15'}, 'date': {'date': '2021-09-16'}, 'block': {'height': 13234103}}, {'smartContract': {'address': {'address': '0x0ae6abeaf3036097717e8d74fd8e8789eb5f5662'}}, 'caller': {'address': '0x92b22149fec19094650f3f99dc141c8f77b03c15'}, 'date': {'date': '2021-09-16'}, 'block': {'height': 13234096}}, {'smartContract': {'address': {'address': '0xb945dc2c07a14b1c02e0579cb1c645bc5c9ea499'}}, 'caller': {'address': '0x92b22149fec19094650f3f99dc141c8f77b03c15'}, 'date': {'date': '2021-09-16'}, 'block': {'height': 13234091}}, {'smartContract': {'address': {'address': '0xf7082ba933666fccc3dd0ce60c9dad9c066f7aee'}}, 'caller': {'address': '0x92b22149fec19094650f3f99dc141c8f77b03c15'}, 'date': {'date': '2021-09-15'}, 'block': {'height': 13232926}}, {'smartContract': {'address': {'address': '0x7df41afad3119967b8ffe03ce3bc620ed17c5469'}}, 'caller': {'address': '0x92b22149fec19094650f3f99dc141c8f77b03c15'}, 'date': {'date': '2021-09-14'}, 'block': {'height': 13221752}}, {'smartContract': {'address': {'address': '0xafd8df0bbace3ed25aa1bafd81db014a9f0c2409'}}, 'caller': {'address': '0x92b22149fec19094650f3f99dc141c8f77b03c15'}, 'date': {'date': '2021-09-14'}, 'block': {'height': 13221735}}, {'smartContract': {'address': {'address': '0xbebe15b9c3a3246a5b9d1a5b0c38a4b4b3c1cab4'}}, 'caller': {'address': '0x92b22149fec19094650f3f99dc141c8f77b03c15'}, 'date': {'date': '2021-09-14'}, 'block': {'height': 13221735}}, {'smartContract': {'address': {'address': '0x94249db06d5eca09d444100f153eb7db4ff80b60'}}, 'caller': {'address': '0x92b22149fec19094650f3f99dc141c8f77b03c15'}, 'date': {'date': '2021-09-10'}, 'block': {'height': 13196293}}, {'smartContract': {'address': {'address': '0xebe04cecde78566de2cfc76ef3c19fe75a944699'}}, 'caller': {'address': '0x92b22149fec19094650f3f99dc141c8f77b03c15'}, 'date': {'date': '2021-09-10'}, 'block': {'height': 13196282}}, {'smartContract': {'address': {'address': '0xe29ae1472715b1e73492a411cd010710bb1e3e2c'}}, 'caller': {'address': '0x92b22149fec19094650f3f99dc141c8f77b03c15'}, 'date': {'date': '2021-09-10'}, 'block': {'height': 13196276}}, {'smartContract': {'address': {'address': '0x6e5cdf514f1b68a7263f111c35a681308b9b69e7'}}, 'caller': {'address': '0x92b22149fec19094650f3f99dc141c8f77b03c15'}, 'date': {'date': '2021-09-10'}, 'block': {'height': 13196271}}, {'smartContract': {'address': {'address': '0x49c9e24175cc717ca672d92ce8dee682814f52a5'}}, 'caller': {'address': '0x92b22149fec19094650f3f99dc141c8f77b03c15'}, 'date': {'date': '2021-09-10'}, 'block': {'height': 13196270}}, {'smartContract': {'address': {'address': '0xcfd846274c32ba6539ba2554e28037d2ed9e4b61'}}, 'caller': {'address': '0x92b22149fec19094650f3f99dc141c8f77b03c15'}, 'date': {'date': '2021-09-10'}, 'block': {'height': 13196269}}, {'smartContract': {'address': {'address': '0x2499d1d165833e6f69ac4b5b34973df2dec43721'}}, 'caller': {'address': '0x92b22149fec19094650f3f99dc141c8f77b03c15'}, 'date': {'date': '2021-09-10'}, 'block': {'height': 13196257}}, {'smartContract': {'address': {'address': '0x4788eff8a1771239a3a38cd9aed02bd7ea8af729'}}, 'caller': {'address': '0x92b22149fec19094650f3f99dc141c8f77b03c15'}, 'date': {'date': '2021-08-12'}, 'block': {'height': 13012664}}, {'smartContract': {'address': {'address': '0xc6c4101539cda931484096b916414f9fc460d772'}}, 'caller': {'address': '0x92b22149fec19094650f3f99dc141c8f77b03c15'}, 'date': {'date': '2021-08-12'}, 'block': {'height': 13012662}}, {'smartContract': {'address': {'address': '0x1ebb6fb6cd33355e6d6a863e89a679f1e5b47b6b'}}, 'caller': {'address': '0x92b22149fec19094650f3f99dc141c8f77b03c15'}, 'date': {'date': '2021-08-12'}, 'block': {'height': 13012657}}, {'smartContract': {'address': {'address': '0x2ce18c5e0c3d39f44e9292a9c058048ae87b1816'}}, 'caller': {'address': '0x92b22149fec19094650f3f99dc141c8f77b03c15'}, 'date': {'date': '2021-08-12'}, 'block': {'height': 13012652}}, {'smartContract': {'address': {'address': '0x2e816615834ba06a150070ec318313113e1c8f0b'}}, 'caller': {'address': '0x92b22149fec19094650f3f99dc141c8f77b03c15'}, 'date': {'date': '2021-08-12'}, 'block': {'height': 13012641}}, {'smartContract': {'address': {'address': '0xf6e1f020316e015ecfef62c5513a0152ef735be7'}}, 'caller': {'address': '0x92b22149fec19094650f3f99dc141c8f77b03c15'}, 'date': {'date': '2021-08-02'}, 'block': {'height': 12947795}}, {'smartContract': {'address': {'address': '0x1f2f77dcf34c55c119a27e74249f4f234934d1c8'}}, 'caller': {'address': '0x92b22149fec19094650f3f99dc141c8f77b03c15'}, 'date': {'date': '2021-08-02'}, 'block': {'height': 12947633}}, {'smartContract': {'address': {'address': '0x2ff76442c62f1aa98a31f1362873ab6062939b5a'}}, 'caller': {'address': '0x92b22149fec19094650f3f99dc141c8f77b03c15'}, 'date': {'date': '2021-08-02'}, 'block': {'height': 12947602}}, {'smartContract': {'address': {'address': '0xd99fce61de02656796b1e6da6d2a13831c7d0e0b'}}, 'caller': {'address': '0x92b22149fec19094650f3f99dc141c8f77b03c15'}, 'date': {'date': '2021-07-29'}, 'block': {'height': 12922053}}, {'smartContract': {'address': {'address': '0x07306acccb482c8619e7ed119daa2bdf2b4389d0'}}, 'caller': {'address': '0x92b22149fec19094650f3f99dc141c8f77b03c15'}, 'date': {'date': '2021-07-28'}, 'block': {'height': 12911752}}, {'smartContract': {'address': {'address': '0xce924a7ac1641989b63bdd2ce96bda55e42d3164'}}, 'caller': {'address': '0x92b22149fec19094650f3f99dc141c8f77b03c15'}, 'date': {'date': '2021-07-28'}, 'block': {'height': 12911745}}, {'smartContract': {'address': {'address': '0xcfcec7e4ff52004e7e7a0f36fd1c639b1f448dd2'}}, 'caller': {'address': '0x92b22149fec19094650f3f99dc141c8f77b03c15'}, 'date': {'date': '2021-06-28'}, 'block': {'height': 12724465}}, {'smartContract': {'address': {'address': '0x3a76a51f2a6b99fe13ce2b7a501584467e8b5437'}}, 'caller': {'address': '0x92b22149fec19094650f3f99dc141c8f77b03c15'}, 'date': {'date': '2021-06-28'}, 'block': {'height': 12724455}}, {'smartContract': {'address': {'address': '0xf324c61e1cca65c1f545a9360c7846f8f18c7ef5'}}, 'caller': {'address': '0x92b22149fec19094650f3f99dc141c8f77b03c15'}, 'date': {'date': '2021-06-28'}, 'block': {'height': 12724443}}, {'smartContract': {'address': {'address': '0xe82f701799cb794fb89c7cfb682730b8981f81c7'}}, 'caller': {'address': '0x92b22149fec19094650f3f99dc141c8f77b03c15'}, 'date': {'date': '2021-06-28'}, 'block': {'height': 12724304}}, {'smartContract': {'address': {'address': '0xf3fe06efe68762be5e1ab51da1c586c6362e2aa7'}}, 'caller': {'address': '0x92b22149fec19094650f3f99dc141c8f77b03c15'}, 'date': {'date': '2021-06-22'}, 'block': {'height': 12685694}}, {'smartContract': {'address': {'address': '0xcae5bfec4680450e9ddb3e52eb6722b1e05b16fe'}}, 'caller': {'address': '0x92b22149fec19094650f3f99dc141c8f77b03c15'}, 'date': {'date': '2021-06-22'}, 'block': {'height': 12685650}}, {'smartContract': {'address': {'address': '0xd692f640d63e49e71b48f1899ad0fbfa8fa33df0'}}, 'caller': {'address': '0xb108c27139ca10462f6f802ee14e3e0cda4ab9f1'}, 'date': {'date': '2021-06-09'}, 'block': {'height': 12597102}}, {'smartContract': {'address': {'address': '0x3947215350049b787177bfa90bce52856caf341e'}}, 'caller': {'address': '0x92b22149fec19094650f3f99dc141c8f77b03c15'}, 'date': {'date': '2021-05-17'}, 'block': {'height': 12449136}}, {'smartContract': {'address': {'address': '0x314d7db4ba98d28b2356725b257ba4b0d675f165'}}, 'caller': {'address': '0xbacc776b231c571a7e6ab7bc2c8a099e07153377'}, 'date': {'date': '2021-05-15'}, 'block': {'height': 12441041}}, {'smartContract': {'address': {'address': '0x9e5b1f637a03976f2c472265806aa1bcc969ca85'}}, 'caller': {'address': '0x92b22149fec19094650f3f99dc141c8f77b03c15'}, 'date': {'date': '2021-05-14'}, 'block': {'height': 12435648}}, {'smartContract': {'address': {'address': '0xa62fb0c2fb3c7b27797dc04e1fea06c0a2db919a'}}, 'caller': {'address': '0x92b22149fec19094650f3f99dc141c8f77b03c15'}, 'date': {'date': '2021-05-14'}, 'block': {'height': 12435640}}, {'smartContract': {'address': {'address': '0x4a25e4df835b605a5848d2db450fa600d96ee818'}}, 'caller': {'address': '0x92b22149fec19094650f3f99dc141c8f77b03c15'}, 'date': {'date': '2021-05-14'}, 'block': {'height': 12435632}}, {'smartContract': {'address': {'address': '0x8bf26a3bffd9072ce12c7bfd5e3b1fce33768d2d'}}, 'caller': {'address': '0x92b22149fec19094650f3f99dc141c8f77b03c15'}, 'date': {'date': '2021-05-14'}, 'block': {'height': 12435602}}, {'smartContract': {'address': {'address': '0xf33079d70dbb83b2886d726dbe761671f84bc889'}}, 'caller': {'address': '0x92b22149fec19094650f3f99dc141c8f77b03c15'}, 'date': {'date': '2021-05-14'}, 'block': {'height': 12435597}}, {'smartContract': {'address': {'address': '0x94e0bab2f6ab1f19f4750e42d7349f2740513ad5'}}, 'caller': {'address': '0x92b22149fec19094650f3f99dc141c8f77b03c15'}, 'date': {'date': '2021-05-14'}, 'block': {'height': 12435589}}, {'smartContract': {'address': {'address': '0x22e8b71881b7c800beabc62b8075850b2fcf7851'}}, 'caller': {'address': '0x92b22149fec19094650f3f99dc141c8f77b03c15'}, 'date': {'date': '2021-05-14'}, 'block': {'height': 12435577}}, {'smartContract': {'address': {'address': '0xfe0e8c60891e221cd7b36ae50a64b6b21257c3e9'}}, 'caller': {'address': '0x92b22149fec19094650f3f99dc141c8f77b03c15'}, 'date': {'date': '2021-05-09'}, 'block': {'height': 12396981}}, {'smartContract': {'address': {'address': '0xc763dc7c46a7ae03ba99bb87070b126a2a2afa94'}}, 'caller': {'address': '0x92b22149fec19094650f3f99dc141c8f77b03c15'}, 'date': {'date': '2021-05-05'}, 'block': {'height': 12375948}}, {'smartContract': {'address': {'address': '0x900e5839c7bb3878f67c2c4e817ffca6cd2e477e'}}, 'caller': {'address': '0x92b22149fec19094650f3f99dc141c8f77b03c15'}, 'date': {'date': '2021-05-05'}, 'block': {'height': 12375921}}, {'smartContract': {'address': {'address': '0x3547b2f1d40d5bc2ebef8420214a9355c7850d50'}}, 'caller': {'address': '0x92b22149fec19094650f3f99dc141c8f77b03c15'}, 'date': {'date': '2021-05-05'}, 'block': {'height': 12375918}}, {'smartContract': {'address': {'address': '0x4e1f2860e7c0aaaea4cdbe322dde31ed1919681d'}}, 'caller': {'address': '0x92b22149fec19094650f3f99dc141c8f77b03c15'}, 'date': {'date': '2021-04-29'}, 'block': {'height': 12337622}}, {'smartContract': {'address': {'address': '0x30b75fef6a6521ae18393786a6927560365d5d9b'}}, 'caller': {'address': '0x92b22149fec19094650f3f99dc141c8f77b03c15'}, 'date': {'date': '2021-04-29'}, 'block': {'height': 12337607}}, {'smartContract': {'address': {'address': '0xe8b97c55caac6920a5d2efdbe4c6e590352caf35'}}, 'caller': {'address': '0xbacc776b231c571a7e6ab7bc2c8a099e07153377'}, 'date': {'date': '2021-04-01'}, 'block': {'height': 12155068}}, {'smartContract': {'address': {'address': '0x3d9233f15bb93c78a4f07b5c5f7a018630217cb3'}}, 'caller': {'address': '0x8696bde5cc30545b3b049f3529abbfb2b1e0c007'}, 'date': {'date': '2021-04-01'}, 'block': {'height': 12150989}}, {'smartContract': {'address': {'address': '0xcbc94be30e4b26f1a8016f38badcf22bdcfa10a7'}}, 'caller': {'address': '0xbacc776b231c571a7e6ab7bc2c8a099e07153377'}, 'date': {'date': '2021-03-31'}, 'block': {'height': 12149731}}, {'smartContract': {'address': {'address': '0x60c9f803a820836ad991572638fc98e99a9871a1'}}, 'caller': {'address': '0xbacc776b231c571a7e6ab7bc2c8a099e07153377'}, 'date': {'date': '2021-03-31'}, 'block': {'height': 12149689}}, {'smartContract': {'address': {'address': '0x1cf74bebb1974ecd077a308e07b5ef012a49aa98'}}, 'caller': {'address': '0xbacc776b231c571a7e6ab7bc2c8a099e07153377'}, 'date': {'date': '2021-03-31'}, 'block': {'height': 12149559}}, {'smartContract': {'address': {'address': '0x3bc6b9602568c1088a29a888f9661f57757e349f'}}, 'caller': {'address': '0xbacc776b231c571a7e6ab7bc2c8a099e07153377'}, 'date': {'date': '2021-03-31'}, 'block': {'height': 12149554}}, {'smartContract': {'address': {'address': '0x3f051df334f3b8d8aa70cc5374379f36a64f4b70'}}, 'caller': {'address': '0xbacc776b231c571a7e6ab7bc2c8a099e07153377'}, 'date': {'date': '2021-03-31'}, 'block': {'height': 12144595}}, {'smartContract': {'address': {'address': '0xfce761d7e0d99300897de97025558670bb269dd2'}}, 'caller': {'address': '0x92b22149fec19094650f3f99dc141c8f77b03c15'}, 'date': {'date': '2021-03-31'}, 'block': {'height': 12143987}}, {'smartContract': {'address': {'address': '0xb86b0daa5cabd74778492cc880d232c969f19c12'}}, 'caller': {'address': '0x92b22149fec19094650f3f99dc141c8f77b03c15'}, 'date': {'date': '2021-03-31'}, 'block': {'height': 12143977}}, {'smartContract': {'address': {'address': '0x1e3497f72440aa93b5149516225e342a29ff5ee4'}}, 'caller': {'address': '0x92b22149fec19094650f3f99dc141c8f77b03c15'}, 'date': {'date': '2021-03-31'}, 'block': {'height': 12143975}}, {'smartContract': {'address': {'address': '0x7f33725fad025eb22a31e10ca34936ab106d9a08'}}, 'caller': {'address': '0x92b22149fec19094650f3f99dc141c8f77b03c15'}, 'date': {'date': '2021-03-31'}, 'block': {'height': 12143971}}, {'smartContract': {'address': {'address': '0x9c042f6de5e08e64a00575c692e51f78455dba67'}}, 'caller': {'address': '0x92b22149fec19094650f3f99dc141c8f77b03c15'}, 'date': {'date': '2021-03-30'}, 'block': {'height': 12142718}}, {'smartContract': {'address': {'address': '0x79161df977aa152152ba8d07f701a14376f8207e'}}, 'caller': {'address': '0x92b22149fec19094650f3f99dc141c8f77b03c15'}, 'date': {'date': '2021-03-30'}, 'block': {'height': 12142710}}, {'smartContract': {'address': {'address': '0x2bf120458d1270d0f666cc75a70e8379270bc6e3'}}, 'caller': {'address': '0x92b22149fec19094650f3f99dc141c8f77b03c15'}, 'date': {'date': '2021-03-30'}, 'block': {'height': 12142683}}, {'smartContract': {'address': {'address': '0x8696bde5cc30545b3b049f3529abbfb2b1e0c007'}}, 'caller': {'address': '0x92b22149fec19094650f3f99dc141c8f77b03c15'}, 'date': {'date': '2021-03-30'}, 'block': {'height': 12142679}}, {'smartContract': {'address': {'address': '0x719c3abf7c2435be34ed479b98db85342d107755'}}, 'caller': {'address': '0x92b22149fec19094650f3f99dc141c8f77b03c15'}, 'date': {'date': '2021-03-30'}, 'block': {'height': 12142673}}, {'smartContract': {'address': {'address': '0x21ce5251d47aa72d2d1dc849b1bcce14d2467d1b'}}, 'caller': {'address': '0x92b22149fec19094650f3f99dc141c8f77b03c15'}, 'date': {'date': '2021-03-30'}, 'block': {'height': 12142654}}, {'smartContract': {'address': {'address': '0xe6e90bc9f3b95cdb69f48c7bfdd0ede1386b135a'}}, 'caller': {'address': '0x92b22149fec19094650f3f99dc141c8f77b03c15'}, 'date': {'date': '2021-03-30'}, 'block': {'height': 12142343}}, {'smartContract': {'address': {'address': '0xbacc776b231c571a7e6ab7bc2c8a099e07153377'}}, 'caller': {'address': '0x92b22149fec19094650f3f99dc141c8f77b03c15'}, 'date': {'date': '2021-03-30'}, 'block': {'height': 12142299}}]",2021-05-15
181,181,0xad32A8e6220741182940c5aBF610bDE99E737b2D,PieDAO DOUGH v2 (DOUGH),https://github.com/pie-dao/,0x909d05F384D0663eD4BE59863815aB43b4f347Ec,1594587.179,[],2020-09-11
182,182,0x0E192d382a36De7011F795Acc4391Cd302003606,(Proxy contract) Futureswap Token,,0x2df537Bab848f26047461716768791e68Bba27d7,1558772.28,"[{'smartContract': {'address': {'address': '0x4dc25ea85fad2f578685a4d8e404c12164ea405b'}}, 'caller': {'address': '0x2df537bab848f26047461716768791e68bba27d7'}, 'date': {'date': '2021-10-06'}, 'block': {'height': 13366914}}, {'smartContract': {'address': {'address': '0xb2889078e69dc8726a993c59e3ce919393c2d29a'}}, 'caller': {'address': '0x2df537bab848f26047461716768791e68bba27d7'}, 'date': {'date': '2021-10-06'}, 'block': {'height': 13366333}}, {'smartContract': {'address': {'address': '0xec2e910029fb9b26e2577f7341bc1aecd0332eee'}}, 'caller': {'address': '0x2df537bab848f26047461716768791e68bba27d7'}, 'date': {'date': '2021-10-06'}, 'block': {'height': 13366333}}, {'smartContract': {'address': {'address': '0x33ca8761d240e13d19cdfcd3c66d851d9d39f5f0'}}, 'caller': {'address': '0x2df537bab848f26047461716768791e68bba27d7'}, 'date': {'date': '2021-10-06'}, 'block': {'height': 13366322}}, {'smartContract': {'address': {'address': '0x0a7f8161605acc552fa38fdb8ee7d8177c9ac22a'}}, 'caller': {'address': '0x2df537bab848f26047461716768791e68bba27d7'}, 'date': {'date': '2021-10-06'}, 'block': {'height': 13366312}}, {'smartContract': {'address': {'address': '0x1b4a6853ad879b3788f22bf2d54902cb1bdf09d7'}}, 'caller': {'address': '0x2df537bab848f26047461716768791e68bba27d7'}, 'date': {'date': '2021-10-06'}, 'block': {'height': 13366307}}, {'smartContract': {'address': {'address': '0xd25ecaface94384e48219aae86eb0a748a9e2b48'}}, 'caller': {'address': '0x2df537bab848f26047461716768791e68bba27d7'}, 'date': {'date': '2021-10-06'}, 'block': {'height': 13366293}}, {'smartContract': {'address': {'address': '0x95004613022884ae31b7d3fc7c21a97d70488e97'}}, 'caller': {'address': '0x2df537bab848f26047461716768791e68bba27d7'}, 'date': {'date': '2021-10-06'}, 'block': {'height': 13366292}}, {'smartContract': {'address': {'address': '0xfb41dc64c454cbdf7d40cd728caae9f63f80bdcf'}}, 'caller': {'address': '0x2df537bab848f26047461716768791e68bba27d7'}, 'date': {'date': '2021-10-06'}, 'block': {'height': 13366288}}, {'smartContract': {'address': {'address': '0x55bc314d7a538c50942c7cc086b3db509bd73cbb'}}, 'caller': {'address': '0x2df537bab848f26047461716768791e68bba27d7'}, 'date': {'date': '2021-10-06'}, 'block': {'height': 13366268}}, {'smartContract': {'address': {'address': '0x0a34b8764cd7bf3d13deab674902452ae66b0d37'}}, 'caller': {'address': '0x2df537bab848f26047461716768791e68bba27d7'}, 'date': {'date': '2021-10-06'}, 'block': {'height': 13366260}}, {'smartContract': {'address': {'address': '0xb9449148aa1b0fca7aa8761fef5069136f6214d6'}}, 'caller': {'address': '0x2df537bab848f26047461716768791e68bba27d7'}, 'date': {'date': '2021-10-06'}, 'block': {'height': 13366256}}, {'smartContract': {'address': {'address': '0xb5f07178e60906c77041901b86052c31e066afd4'}}, 'caller': {'address': '0x2df537bab848f26047461716768791e68bba27d7'}, 'date': {'date': '2021-10-06'}, 'block': {'height': 13363444}}, {'smartContract': {'address': {'address': '0xe88396bde4be8a798be373508985be1989201dc5'}}, 'caller': {'address': '0x2df537bab848f26047461716768791e68bba27d7'}, 'date': {'date': '2021-10-06'}, 'block': {'height': 13363442}}, {'smartContract': {'address': {'address': '0xc9c668acb1cf8291b8bd394d56a4aabc93c2b5c1'}}, 'caller': {'address': '0x2df537bab848f26047461716768791e68bba27d7'}, 'date': {'date': '2021-10-06'}, 'block': {'height': 13363439}}, {'smartContract': {'address': {'address': '0x5264847bd5b5f182254e830e2d63088d50bba90e'}}, 'caller': {'address': '0x2df537bab848f26047461716768791e68bba27d7'}, 'date': {'date': '2021-03-27'}, 'block': {'height': 12123788}}, {'smartContract': {'address': {'address': '0x0870d3962bd025f302c6b57237e3896296ba3682'}}, 'caller': {'address': '0x2df537bab848f26047461716768791e68bba27d7'}, 'date': {'date': '2021-03-27'}, 'block': {'height': 12123709}}, {'smartContract': {'address': {'address': '0xcb1f63b5a0758be5fcb7ffab9916488f3871f588'}}, 'caller': {'address': '0x2df537bab848f26047461716768791e68bba27d7'}, 'date': {'date': '2021-01-14'}, 'block': {'height': 11654859}}, {'smartContract': {'address': {'address': '0x4ea5424c393869505cbd7f8d802595328aab89fe'}}, 'caller': {'address': '0x2df537bab848f26047461716768791e68bba27d7'}, 'date': {'date': '2021-01-11'}, 'block': {'height': 11630813}}, {'smartContract': {'address': {'address': '0xdeeb86214606ccd4ccc908c302466485c6643ffa'}}, 'caller': {'address': '0x2df537bab848f26047461716768791e68bba27d7'}, 'date': {'date': '2021-01-07'}, 'block': {'height': 11609967}}, {'smartContract': {'address': {'address': '0xe72809ea07bb249f3a4187b154c3b3d0618f4d1d'}}, 'caller': {'address': '0x2df537bab848f26047461716768791e68bba27d7'}, 'date': {'date': '2020-12-13'}, 'block': {'height': 11441391}}, {'smartContract': {'address': {'address': '0x1fc289460fa74a9a0f98a3c79f34e2639432b059'}}, 'caller': {'address': '0x2df537bab848f26047461716768791e68bba27d7'}, 'date': {'date': '2020-12-09'}, 'block': {'height': 11416247}}, {'smartContract': {'address': {'address': '0x91a154f9ad33da7e889c4b6fe4a9f9c3fc6b6081'}}, 'caller': {'address': '0xd1ed35a3ee043683a1833509de8f2c1a0d8777b7'}, 'date': {'date': '2020-12-09'}, 'block': {'height': 11416109}}, {'smartContract': {'address': {'address': '0x3b2ca01414f61ee00c1abf29f9f4428beb4a3024'}}, 'caller': {'address': '0xbba3089878fc07cdbb113da5012a0c7982aab821'}, 'date': {'date': '2020-12-09'}, 'block': {'height': 11416109}}, {'smartContract': {'address': {'address': '0x8fa7490cedb7207281a5ceabee12773046de664e'}}, 'caller': {'address': '0xb68023fa5ad90201caf09bd6438d7312cd907853'}, 'date': {'date': '2020-12-09'}, 'block': {'height': 11416109}}, {'smartContract': {'address': {'address': '0xb68023fa5ad90201caf09bd6438d7312cd907853'}}, 'caller': {'address': '0x2df537bab848f26047461716768791e68bba27d7'}, 'date': {'date': '2020-12-09'}, 'block': {'height': 11416034}}, {'smartContract': {'address': {'address': '0x9516e7635064005c3553ef56d28fa8bd2988c117'}}, 'caller': {'address': '0x2df537bab848f26047461716768791e68bba27d7'}, 'date': {'date': '2020-12-09'}, 'block': {'height': 11416032}}, {'smartContract': {'address': {'address': '0xd6111177146cc68e1c47e42df57e1dfa6bac6f58'}}, 'caller': {'address': '0x2df537bab848f26047461716768791e68bba27d7'}, 'date': {'date': '2020-12-09'}, 'block': {'height': 11416030}}, {'smartContract': {'address': {'address': '0xe11121cfa97dfb09fdbedf6b8c742a8fa997914c'}}, 'caller': {'address': '0x2df537bab848f26047461716768791e68bba27d7'}, 'date': {'date': '2020-12-09'}, 'block': {'height': 11416029}}, {'smartContract': {'address': {'address': '0xcfe8ce2d733dfa7c444122bd52bce9d3d0fb7f15'}}, 'caller': {'address': '0x2df537bab848f26047461716768791e68bba27d7'}, 'date': {'date': '2020-12-09'}, 'block': {'height': 11416028}}, {'smartContract': {'address': {'address': '0xe5278dde9df12085065685cb14b7e2f2397ed440'}}, 'caller': {'address': '0x2df537bab848f26047461716768791e68bba27d7'}, 'date': {'date': '2020-12-09'}, 'block': {'height': 11416027}}, {'smartContract': {'address': {'address': '0xb7c47edadfa7d885c7e711797283ccd15eb9073d'}}, 'caller': {'address': '0x2df537bab848f26047461716768791e68bba27d7'}, 'date': {'date': '2020-12-09'}, 'block': {'height': 11416025}}, {'smartContract': {'address': {'address': '0x833756f717dcc9fd6f024347a4ed046bb9e94fcd'}}, 'caller': {'address': '0x2df537bab848f26047461716768791e68bba27d7'}, 'date': {'date': '2020-12-09'}, 'block': {'height': 11416022}}, {'smartContract': {'address': {'address': '0xbba3089878fc07cdbb113da5012a0c7982aab821'}}, 'caller': {'address': '0x2df537bab848f26047461716768791e68bba27d7'}, 'date': {'date': '2020-12-09'}, 'block': {'height': 11416020}}, {'smartContract': {'address': {'address': '0x359d5613dfea0ba18266fea4415933df162f48ae'}}, 'caller': {'address': '0x2df537bab848f26047461716768791e68bba27d7'}, 'date': {'date': '2020-12-09'}, 'block': {'height': 11416016}}, {'smartContract': {'address': {'address': '0xb9db6326972360c5d15036dc5910f0e7dcb78803'}}, 'caller': {'address': '0x2df537bab848f26047461716768791e68bba27d7'}, 'date': {'date': '2020-12-09'}, 'block': {'height': 11415989}}, {'smartContract': {'address': {'address': '0xef9d095cd04e4e8240771b5fdcb8f2f74d0815ff'}}, 'caller': {'address': '0x2df537bab848f26047461716768791e68bba27d7'}, 'date': {'date': '2020-12-09'}, 'block': {'height': 11415987}}, {'smartContract': {'address': {'address': '0xec3b0a557b9b0e0e36fb9d6128b79dd7d22cbb5e'}}, 'caller': {'address': '0x2df537bab848f26047461716768791e68bba27d7'}, 'date': {'date': '2020-12-09'}, 'block': {'height': 11415980}}, {'smartContract': {'address': {'address': '0x7633b16c96c9a2d3ec40413b6cde49a6817bf284'}}, 'caller': {'address': '0x2df537bab848f26047461716768791e68bba27d7'}, 'date': {'date': '2020-12-09'}, 'block': {'height': 11415975}}, {'smartContract': {'address': {'address': '0xd1ed35a3ee043683a1833509de8f2c1a0d8777b7'}}, 'caller': {'address': '0x2df537bab848f26047461716768791e68bba27d7'}, 'date': {'date': '2020-12-09'}, 'block': {'height': 11415972}}, {'smartContract': {'address': {'address': '0xd9cf4ca71d2ed15040cc702c2b146bfb848b7a1b'}}, 'caller': {'address': '0x2df537bab848f26047461716768791e68bba27d7'}, 'date': {'date': '2020-12-09'}, 'block': {'height': 11415969}}, {'smartContract': {'address': {'address': '0x3659ae5f9b009603a4900891aabef828c8350df1'}}, 'caller': {'address': '0x2df537bab848f26047461716768791e68bba27d7'}, 'date': {'date': '2020-12-09'}, 'block': {'height': 11415968}}, {'smartContract': {'address': {'address': '0x14b6a5fe5453ba4ead91eef220085b0a65bfe9cd'}}, 'caller': {'address': '0x2df537bab848f26047461716768791e68bba27d7'}, 'date': {'date': '2020-12-09'}, 'block': {'height': 11415907}}, {'smartContract': {'address': {'address': '0x0e192d382a36de7011f795acc4391cd302003606'}}, 'caller': {'address': '0x2df537bab848f26047461716768791e68bba27d7'}, 'date': {'date': '2020-12-09'}, 'block': {'height': 11415873}}, {'smartContract': {'address': {'address': '0xd547bd7ebcda779f611192b2aae25c5cb6c7e497'}}, 'caller': {'address': '0x2df537bab848f26047461716768791e68bba27d7'}, 'date': {'date': '2020-12-09'}, 'block': {'height': 11415869}}, {'smartContract': {'address': {'address': '0xf2170f2374ebc64b2693d31a599b5983970cfdb6'}}, 'caller': {'address': '0x2df537bab848f26047461716768791e68bba27d7'}, 'date': {'date': '2020-12-09'}, 'block': {'height': 11415866}}]",2020-12-09
183,183,0xE0aD1806Fd3E7edF6FF52Fdb822432e847411033,OnX.finance,https://github.com/OnXFinance/,0xcf8360e28cF312ef0C3642Cb2c48C7539Ff1DB2a,1490491.437,"[{'smartContract': {'address': {'address': '0x9469f2cf03148ab166cb31473ed400fa5323482f'}}, 'caller': {'address': '0xcf8360e28cf312ef0c3642cb2c48c7539ff1db2a'}, 'date': {'date': '2021-07-19'}, 'block': {'height': 12854881}}, {'smartContract': {'address': {'address': '0xa3d2f183eb5962b713ea7f53bfa8fb5da9a63d95'}}, 'caller': {'address': '0xcf8360e28cf312ef0c3642cb2c48c7539ff1db2a'}, 'date': {'date': '2021-01-12'}, 'block': {'height': 11643055}}, {'smartContract': {'address': {'address': '0xa99f0ad2a539b2867fcfea47f7e71f240940b47c'}}, 'caller': {'address': '0xcf8360e28cf312ef0c3642cb2c48c7539ff1db2a'}, 'date': {'date': '2021-01-12'}, 'block': {'height': 11642829}}, {'smartContract': {'address': {'address': '0x168f8469ac17dd39cd9a2c2ead647f814a488ce9'}}, 'caller': {'address': '0xcf8360e28cf312ef0c3642cb2c48c7539ff1db2a'}, 'date': {'date': '2020-12-17'}, 'block': {'height': 11471629}}, {'smartContract': {'address': {'address': '0x5716749e23c94c0d03ed03b9ab951d6686d385e1'}}, 'caller': {'address': '0xcf8360e28cf312ef0c3642cb2c48c7539ff1db2a'}, 'date': {'date': '2020-12-17'}, 'block': {'height': 11471525}}, {'smartContract': {'address': {'address': '0xe0ad1806fd3e7edf6ff52fdb822432e847411033'}}, 'caller': {'address': '0xcf8360e28cf312ef0c3642cb2c48c7539ff1db2a'}, 'date': {'date': '2020-12-17'}, 'block': {'height': 11471494}}, {'smartContract': {'address': {'address': '0x51f3a15b0effe703dea9b4627deea5400ad49d66'}}, 'caller': {'address': '0xcf8360e28cf312ef0c3642cb2c48c7539ff1db2a'}, 'date': {'date': '2020-12-15'}, 'block': {'height': 11455575}}, {'smartContract': {'address': {'address': '0xbd852af274e5534b5c7e134b3535745680529fb6'}}, 'caller': {'address': '0xcf8360e28cf312ef0c3642cb2c48c7539ff1db2a'}, 'date': {'date': '2020-12-14'}, 'block': {'height': 11453789}}, {'smartContract': {'address': {'address': '0x8438c3115d90b6d0b21be5718c773c7258dfcf39'}}, 'caller': {'address': '0xcf8360e28cf312ef0c3642cb2c48c7539ff1db2a'}, 'date': {'date': '2020-12-14'}, 'block': {'height': 11453572}}]",2020-12-17
184,184,0x8861cfF2366C1128fd699B68304aD99a0764Ef9a,Cyclone Protocol,https://github.com/cycloneprotocol/cyclone-contracts,0x88b8Bfc7cC3F05579e2c0CDbd8488846e463684c,1447109.012,"[{'smartContract': {'address': {'address': '0x8861cff2366c1128fd699b68304ad99a0764ef9a'}}, 'caller': {'address': '0x88b8bfc7cc3f05579e2c0cdbd8488846e463684c'}, 'date': {'date': '2021-02-10'}, 'block': {'height': 11831864}}]",2021-02-11
185,185,0x773258b03c730F84aF10dFcB1BfAa7487558B8Ac,Secret Finance,https://github.com/enigmampc/SecretSwap,0x1d6C7B7C5Aa3D135068EE75eCBf479eaAa51b1bD,1439139.946,"[{'smartContract': {'address': {'address': '0xc3638b905e0b153cf24c3a99835e6a0ec0d3493f'}}, 'caller': {'address': '0x5c69bee701ef814a2b6a3edd4b1652cb9cc5aa6f'}, 'date': {'date': '2021-03-31'}, 'block': {'height': 12145805}}, {'smartContract': {'address': {'address': '0x421b003b056dad54de1fe44247c1e5b8e69f6286'}}, 'caller': {'address': '0x1d6c7b7c5aa3d135068ee75ecbf479eaaa51b1bd'}, 'date': {'date': '2021-03-30'}, 'block': {'height': 12141614}}, {'smartContract': {'address': {'address': '0x773258b03c730f84af10dfcb1bfaa7487558b8ac'}}, 'caller': {'address': '0x1d6c7b7c5aa3d135068ee75ecbf479eaaa51b1bd'}, 'date': {'date': '2021-03-30'}, 'block': {'height': 12141392}}]",2021-03-30
186,186,0x81859801b01764D4f0Fa5E64729f5a6C3b91435b,bearn.fi,,0x4C4871e1c48Bc7C1e86d9cf3D41846E9A2C24c36,1354966.584,"[{'smartContract': {'address': {'address': '0xa7cc3cec0bce2bdee57a6e794a7349d9b6cd9c36'}}, 'caller': {'address': '0x4c4871e1c48bc7c1e86d9cf3d41846e9a2c24c36'}, 'date': {'date': '2021-03-01'}, 'block': {'height': 11951117}}, {'smartContract': {'address': {'address': '0x635e4a8d23d9add975e931113ddd2ac3663a7325'}}, 'caller': {'address': '0x89822f305922c187d42db1017f9b61135be1c1e8'}, 'date': {'date': '2020-11-28'}, 'block': {'height': 11345931}}, {'smartContract': {'address': {'address': '0xf4d9c610519796578eb4d075aa686bcf4c82c862'}}, 'caller': {'address': '0x210f342802a95be9e8cc371961f23524a3d426e7'}, 'date': {'date': '2020-11-28'}, 'block': {'height': 11345931}}, {'smartContract': {'address': {'address': '0x249bfb1dc877a407be22deacb8df432f213175fe'}}, 'caller': {'address': '0x5c69bee701ef814a2b6a3edd4b1652cb9cc5aa6f'}, 'date': {'date': '2020-11-28'}, 'block': {'height': 11345721}}, {'smartContract': {'address': {'address': '0xc9c0159644d3789eceb4f8cdfcf99c7605ae505c'}}, 'caller': {'address': '0x4c4871e1c48bc7c1e86d9cf3d41846e9a2c24c36'}, 'date': {'date': '2020-11-28'}, 'block': {'height': 11345603}}, {'smartContract': {'address': {'address': '0xeb5c8d85f99b23287a1bdcf134e5dcd252a0e1ce'}}, 'caller': {'address': '0x4c4871e1c48bc7c1e86d9cf3d41846e9a2c24c36'}, 'date': {'date': '2020-11-28'}, 'block': {'height': 11345559}}, {'smartContract': {'address': {'address': '0x8c8369e267e8594bbdd9f2da200cda5e2f8bae05'}}, 'caller': {'address': '0x4c4871e1c48bc7c1e86d9cf3d41846e9a2c24c36'}, 'date': {'date': '2020-11-28'}, 'block': {'height': 11345501}}, {'smartContract': {'address': {'address': '0x81859801b01764d4f0fa5e64729f5a6c3b91435b'}}, 'caller': {'address': '0x4c4871e1c48bc7c1e86d9cf3d41846e9a2c24c36'}, 'date': {'date': '2020-11-28'}, 'block': {'height': 11345500}}]",2020-11-28
187,187,0xDb298285FE4C5410B05390cA80e8Fbe9DE1F259B,handleFOREX,,0x8DDF87C8247651D161Df0C283a4c11fDbd78F815,1332369.949,"[{'smartContract': {'address': {'address': '0xdb298285fe4c5410b05390ca80e8fbe9de1f259b'}}, 'caller': {'address': '0x8ddf87c8247651d161df0c283a4c11fdbd78f815'}, 'date': {'date': '2021-09-20'}, 'block': {'height': 13260965}}]",2021-09-20
188,188,0x1FCdcE58959f536621d76f5b7FfB955baa5A672F,The Force Token,https://github.com/theforceprotocolgroup/smartcontract,0xcC042A4c8A047C6381Ce9a341F38A33B36FD372a,1327867.21,[],2018-08-21
189,189,0x37C997B35C619C21323F3518B9357914E8B99525,Unipilot,https://github.com/VoirStudio,0xAd871E3e6094866874c7F6AD50B07e39057F9964,1319840.078,"[{'smartContract': {'address': {'address': '0x8fddc464ee63575463afd214586344a09b309102'}}, 'caller': {'address': '0xad871e3e6094866874c7f6ad50b07e39057f9964'}, 'date': {'date': '2021-11-25'}, 'block': {'height': 13684885}}, {'smartContract': {'address': {'address': '0x381e3c53380db31adc8f1d2eb6a5a8ddf793edab'}}, 'caller': {'address': '0xad871e3e6094866874c7f6ad50b07e39057f9964'}, 'date': {'date': '2021-11-23'}, 'block': {'height': 13672876}}, {'smartContract': {'address': {'address': '0x809dad6cfcfa220028e462a494d4e6378c7c3fbb'}}, 'caller': {'address': '0xad871e3e6094866874c7f6ad50b07e39057f9964'}, 'date': {'date': '2021-11-19'}, 'block': {'height': 13645020}}, {'smartContract': {'address': {'address': '0xbe46a8d428ef46cd3b816c8ff78c6409a5f787b1'}}, 'caller': {'address': '0xad871e3e6094866874c7f6ad50b07e39057f9964'}, 'date': {'date': '2021-11-19'}, 'block': {'height': 13644351}}, {'smartContract': {'address': {'address': '0xa7979d0592ecfc59b082552828ff36209ec94b11'}}, 'caller': {'address': '0xad871e3e6094866874c7f6ad50b07e39057f9964'}, 'date': {'date': '2021-11-19'}, 'block': {'height': 13644100}}, {'smartContract': {'address': {'address': '0x458766536f95b9333d48a78a91ab1aaf4226221a'}}, 'caller': {'address': '0xad871e3e6094866874c7f6ad50b07e39057f9964'}, 'date': {'date': '2021-11-19'}, 'block': {'height': 13643864}}, {'smartContract': {'address': {'address': '0x7b0909218ad3f30d49caa711b8274819281b21fd'}}, 'caller': {'address': '0xad871e3e6094866874c7f6ad50b07e39057f9964'}, 'date': {'date': '2021-11-19'}, 'block': {'height': 13643834}}, {'smartContract': {'address': {'address': '0x2148eb8fd9cbfd7d63d6f595e9ce8e2837e1f32f'}}, 'caller': {'address': '0xad871e3e6094866874c7f6ad50b07e39057f9964'}, 'date': {'date': '2021-11-19'}, 'block': {'height': 13643550}}, {'smartContract': {'address': {'address': '0x6e665791f0219a10a4d52ac0915931cf045220b8'}}, 'caller': {'address': '0xad871e3e6094866874c7f6ad50b07e39057f9964'}, 'date': {'date': '2021-11-19'}, 'block': {'height': 13642772}}, {'smartContract': {'address': {'address': '0xc4a8ec5b29a392dd6df0d18e07c33301e0275464'}}, 'caller': {'address': '0xad871e3e6094866874c7f6ad50b07e39057f9964'}, 'date': {'date': '2021-11-19'}, 'block': {'height': 13642715}}, {'smartContract': {'address': {'address': '0x84f9ce0901fdbbfd51a8c85488ebc2b9293205ec'}}, 'caller': {'address': '0xad871e3e6094866874c7f6ad50b07e39057f9964'}, 'date': {'date': '2021-11-19'}, 'block': {'height': 13642655}}, {'smartContract': {'address': {'address': '0xde5bf92e3372aa59c73ca7dfc6cec599e1b2b08c'}}, 'caller': {'address': '0xad871e3e6094866874c7f6ad50b07e39057f9964'}, 'date': {'date': '2021-11-19'}, 'block': {'height': 13642654}}, {'smartContract': {'address': {'address': '0x1538e779c6a25701c3cbc8133ee755f2adaf2a11'}}, 'caller': {'address': '0xad871e3e6094866874c7f6ad50b07e39057f9964'}, 'date': {'date': '2021-11-19'}, 'block': {'height': 13642491}}, {'smartContract': {'address': {'address': '0xee899a6007c46c28205e8760ddbd81ccbb30d8e3'}}, 'caller': {'address': '0xad871e3e6094866874c7f6ad50b07e39057f9964'}, 'date': {'date': '2021-11-18'}, 'block': {'height': 13642232}}, {'smartContract': {'address': {'address': '0xe0232573c6b0ce290e38334cbef840c1f5c09667'}}, 'caller': {'address': '0xad871e3e6094866874c7f6ad50b07e39057f9964'}, 'date': {'date': '2021-11-15'}, 'block': {'height': 13620748}}, {'smartContract': {'address': {'address': '0x95477f96f78ec38916b5457030387d844e886ab3'}}, 'caller': {'address': '0xad871e3e6094866874c7f6ad50b07e39057f9964'}, 'date': {'date': '2021-09-25'}, 'block': {'height': 13295293}}, {'smartContract': {'address': {'address': '0x341c9717f94a99c09480d523fd501b06cae6776f'}}, 'caller': {'address': '0xad871e3e6094866874c7f6ad50b07e39057f9964'}, 'date': {'date': '2021-08-20'}, 'block': {'height': 13061851}}, {'smartContract': {'address': {'address': '0xf72ea156694e10c7572a765167e69779d8ea15e3'}}, 'caller': {'address': '0xad871e3e6094866874c7f6ad50b07e39057f9964'}, 'date': {'date': '2021-07-31'}, 'block': {'height': 12934674}}, {'smartContract': {'address': {'address': '0x37c997b35c619c21323f3518b9357914e8b99525'}}, 'caller': {'address': '0xad871e3e6094866874c7f6ad50b07e39057f9964'}, 'date': {'date': '2021-07-20'}, 'block': {'height': 12865058}}, {'smartContract': {'address': {'address': '0x1684f4d3c7e27f02c2072ade8831338d1d13dbe5'}}, 'caller': {'address': '0xad871e3e6094866874c7f6ad50b07e39057f9964'}, 'date': {'date': '2021-07-20'}, 'block': {'height': 12864791}}, {'smartContract': {'address': {'address': '0x8d6a8ad2be417f0ef73e2f523d15e673d962765f'}}, 'caller': {'address': '0xad871e3e6094866874c7f6ad50b07e39057f9964'}, 'date': {'date': '2021-07-20'}, 'block': {'height': 12864627}}, {'smartContract': {'address': {'address': '0xc0d0c55bcf268d1d9e58af4df4e8755e6ce36a05'}}, 'caller': {'address': '0xad871e3e6094866874c7f6ad50b07e39057f9964'}, 'date': {'date': '2021-07-20'}, 'block': {'height': 12864608}}, {'smartContract': {'address': {'address': '0xfa855e50537571d3cb242243e70e617166e628e8'}}, 'caller': {'address': '0xad871e3e6094866874c7f6ad50b07e39057f9964'}, 'date': {'date': '2021-07-20'}, 'block': {'height': 12864590}}, {'smartContract': {'address': {'address': '0x4162989a2d97f3a4f082184e47aa61f81b21a7fd'}}, 'caller': {'address': '0xad871e3e6094866874c7f6ad50b07e39057f9964'}, 'date': {'date': '2021-07-20'}, 'block': {'height': 12864578}}, {'smartContract': {'address': {'address': '0x1922af4365b09a9d818833b730324f7ef6335c9f'}}, 'caller': {'address': '0xad871e3e6094866874c7f6ad50b07e39057f9964'}, 'date': {'date': '2021-07-20'}, 'block': {'height': 12864553}}]",2021-07-20
190,190,0xAB846Fb6C81370327e784Ae7CbB6d6a6af6Ff4BF,Paladin Token,https://github.com/PaladinFinance/,0x0C6B260900aA61f67228648d2a077Ea6d3b3EE19,1284068.842,"[{'smartContract': {'address': {'address': '0xe3a3ca91794a995fe0bb24060987e73931b15f3d'}}, 'caller': {'address': '0x4e7bbd911cf1efa442bc1b2e9ea01ffe785412ec'}, 'date': {'date': '2022-05-31'}, 'block': {'height': 14877709}}, {'smartContract': {'address': {'address': '0x03de3993f329a6051a593cb0e8a8517329aac816'}}, 'caller': {'address': '0x4e7bbd911cf1efa442bc1b2e9ea01ffe785412ec'}, 'date': {'date': '2022-05-27'}, 'block': {'height': 14854449}}, {'smartContract': {'address': {'address': '0x624d822934e87d3534e435b83ff5c19769efd9f6'}}, 'caller': {'address': '0x0c6b260900aa61f67228648d2a077ea6d3b3ee19'}, 'date': {'date': '2022-05-04'}, 'block': {'height': 14709709}}, {'smartContract': {'address': {'address': '0xd684e3cf1d06af87dc003532062c6ea4a9593b89'}}, 'caller': {'address': '0x0c6b260900aa61f67228648d2a077ea6d3b3ee19'}, 'date': {'date': '2022-05-04'}, 'block': {'height': 14709569}}, {'smartContract': {'address': {'address': '0xfbc87eac3f8cddea97e2e20eb703c0eb81ce0ccd'}}, 'caller': {'address': '0x0c6b260900aa61f67228648d2a077ea6d3b3ee19'}, 'date': {'date': '2022-05-04'}, 'block': {'height': 14709525}}, {'smartContract': {'address': {'address': '0x089cd3e9c8cbf8fab83e9af779ebe5fe35ca7e66'}}, 'caller': {'address': '0x0c6b260900aa61f67228648d2a077ea6d3b3ee19'}, 'date': {'date': '2022-03-24'}, 'block': {'height': 14449800}}, {'smartContract': {'address': {'address': '0x12e457a5fc7707d0fdda849068df6e664d7a8569'}}, 'caller': {'address': '0x0c6b260900aa61f67228648d2a077ea6d3b3ee19'}, 'date': {'date': '2022-03-17'}, 'block': {'height': 14402801}}, {'smartContract': {'address': {'address': '0x11bea26ffab87cedac70cd0e26094235733f1262'}}, 'caller': {'address': '0x0c6b260900aa61f67228648d2a077ea6d3b3ee19'}, 'date': {'date': '2022-01-04'}, 'block': {'height': 13937877}}, {'smartContract': {'address': {'address': '0x3d7d707b3d93aa7883e544d2cbf063dc1d843830'}}, 'caller': {'address': '0x0c6b260900aa61f67228648d2a077ea6d3b3ee19'}, 'date': {'date': '2021-11-23'}, 'block': {'height': 13670201}}, {'smartContract': {'address': {'address': '0x8bc439077e45800ac134798730f0e6f9f17b25b5'}}, 'caller': {'address': '0x0c6b260900aa61f67228648d2a077ea6d3b3ee19'}, 'date': {'date': '2021-11-23'}, 'block': {'height': 13670085}}, {'smartContract': {'address': {'address': '0x519e47942e39fd750d03bb8c72c329f606ee95d5'}}, 'caller': {'address': '0x0c6b260900aa61f67228648d2a077ea6d3b3ee19'}, 'date': {'date': '2021-11-18'}, 'block': {'height': 13639355}}, {'smartContract': {'address': {'address': '0x42cb5d611939695ba62e3431c501d1a53b7bda84'}}, 'caller': {'address': '0x0c6b260900aa61f67228648d2a077ea6d3b3ee19'}, 'date': {'date': '2021-11-18'}, 'block': {'height': 13639085}}, {'smartContract': {'address': {'address': '0xff8aa7aaa05e207a6ee475352b875caa85d6d81d'}}, 'caller': {'address': '0x0c6b260900aa61f67228648d2a077ea6d3b3ee19'}, 'date': {'date': '2021-11-18'}, 'block': {'height': 13638942}}, {'smartContract': {'address': {'address': '0xa02fb220072e977558a5c99e01983f22ea4b7294'}}, 'caller': {'address': '0x0c6b260900aa61f67228648d2a077ea6d3b3ee19'}, 'date': {'date': '2021-11-18'}, 'block': {'height': 13638795}}, {'smartContract': {'address': {'address': '0x42d8fdbb9945551f512935b286aedc24e321969e'}}, 'caller': {'address': '0x0c6b260900aa61f67228648d2a077ea6d3b3ee19'}, 'date': {'date': '2021-11-18'}, 'block': {'height': 13638735}}, {'smartContract': {'address': {'address': '0x89a31c259cce9a4374018093bea9665281ec7f47'}}, 'caller': {'address': '0x0c6b260900aa61f67228648d2a077ea6d3b3ee19'}, 'date': {'date': '2021-11-18'}, 'block': {'height': 13638532}}, {'smartContract': {'address': {'address': '0xe9471fe0d737c8b131acb23a8e04510a35dd802f'}}, 'caller': {'address': '0x0c6b260900aa61f67228648d2a077ea6d3b3ee19'}, 'date': {'date': '2021-11-15'}, 'block': {'height': 13619290}}, {'smartContract': {'address': {'address': '0xba6ce6bd717849793465bd015ff7b683b5b0655a'}}, 'caller': {'address': '0x0c6b260900aa61f67228648d2a077ea6d3b3ee19'}, 'date': {'date': '2021-11-15'}, 'block': {'height': 13619273}}, {'smartContract': {'address': {'address': '0xfbf2ad7e654c8035f2d946434c3203e6d7a06184'}}, 'caller': {'address': '0x0c6b260900aa61f67228648d2a077ea6d3b3ee19'}, 'date': {'date': '2021-11-15'}, 'block': {'height': 13619138}}, {'smartContract': {'address': {'address': '0xc05d8fa52d50c2678a319ab4c335f060f56b16b5'}}, 'caller': {'address': '0x0c6b260900aa61f67228648d2a077ea6d3b3ee19'}, 'date': {'date': '2021-11-15'}, 'block': {'height': 13619126}}, {'smartContract': {'address': {'address': '0x1cb287a7a5ccb17caf163a62ebb7a95426797f07'}}, 'caller': {'address': '0x0c6b260900aa61f67228648d2a077ea6d3b3ee19'}, 'date': {'date': '2021-11-15'}, 'block': {'height': 13619085}}, {'smartContract': {'address': {'address': '0x70a7e860b0253159d2ed414c7cafd343c4977ad1'}}, 'caller': {'address': '0x0c6b260900aa61f67228648d2a077ea6d3b3ee19'}, 'date': {'date': '2021-11-15'}, 'block': {'height': 13619066}}, {'smartContract': {'address': {'address': '0x975a0836a1be54306c3b12fdf134fbc527bd2483'}}, 'caller': {'address': '0x0c6b260900aa61f67228648d2a077ea6d3b3ee19'}, 'date': {'date': '2021-11-10'}, 'block': {'height': 13588257}}, {'smartContract': {'address': {'address': '0x8910668bbbdb94881ba8f5c5ba51227e67539545'}}, 'caller': {'address': '0x0c6b260900aa61f67228648d2a077ea6d3b3ee19'}, 'date': {'date': '2021-11-10'}, 'block': {'height': 13588241}}, {'smartContract': {'address': {'address': '0xe9bd84495fb77cacead5da6d1c1ffabb9e104eec'}}, 'caller': {'address': '0x0c6b260900aa61f67228648d2a077ea6d3b3ee19'}, 'date': {'date': '2021-11-10'}, 'block': {'height': 13588205}}, {'smartContract': {'address': {'address': '0xbdcf1001b8cd4a8fc06893a15fe00ee2d0ba36aa'}}, 'caller': {'address': '0x0c6b260900aa61f67228648d2a077ea6d3b3ee19'}, 'date': {'date': '2021-11-10'}, 'block': {'height': 13588165}}, {'smartContract': {'address': {'address': '0x11857ac76c7ba6fd2e28fee0531820db1de22c12'}}, 'caller': {'address': '0x0c6b260900aa61f67228648d2a077ea6d3b3ee19'}, 'date': {'date': '2021-11-10'}, 'block': {'height': 13588134}}, {'smartContract': {'address': {'address': '0xced1ac881e26246abdca11bff097d39cf4f473e8'}}, 'caller': {'address': '0x0c6b260900aa61f67228648d2a077ea6d3b3ee19'}, 'date': {'date': '2021-11-10'}, 'block': {'height': 13588123}}, {'smartContract': {'address': {'address': '0xc43f1eaf7e778250d52fda051dbb6513bb7bfcdb'}}, 'caller': {'address': '0x0c6b260900aa61f67228648d2a077ea6d3b3ee19'}, 'date': {'date': '2021-11-10'}, 'block': {'height': 13588066}}, {'smartContract': {'address': {'address': '0x3632df994c0c037e9029c993b273b731323f14ef'}}, 'caller': {'address': '0x0c6b260900aa61f67228648d2a077ea6d3b3ee19'}, 'date': {'date': '2021-11-10'}, 'block': {'height': 13588047}}, {'smartContract': {'address': {'address': '0x59d6415c80492cd1b7b1a7b8c512927039f19ae6'}}, 'caller': {'address': '0x0c6b260900aa61f67228648d2a077ea6d3b3ee19'}, 'date': {'date': '2021-11-10'}, 'block': {'height': 13588031}}, {'smartContract': {'address': {'address': '0x97688212a80a4a799635c8d96a50e86655b80865'}}, 'caller': {'address': '0x0c6b260900aa61f67228648d2a077ea6d3b3ee19'}, 'date': {'date': '2021-11-03'}, 'block': {'height': 13544212}}, {'smartContract': {'address': {'address': '0xab846fb6c81370327e784ae7cbb6d6a6af6ff4bf'}}, 'caller': {'address': '0x0c6b260900aa61f67228648d2a077ea6d3b3ee19'}, 'date': {'date': '2021-10-28'}, 'block': {'height': 13504554}}]",2021-10-28
191,191,0xB8BAa0e4287890a5F79863aB62b7F175ceCbD433,Swerve DAO Token,https://github.com/SwerveFinance/SwervContracts,0xA6dF4fcB1Ca559155A678e9AFf5DE3F210C0ff84,1267984.518,"[{'smartContract': {'address': {'address': '0xb902a1ddab091b63721987ccc6a8a99d7c22bbdf'}}, 'caller': {'address': '0xa6df4fcb1ca559155a678e9aff5de3f210c0ff84'}, 'date': {'date': '2020-09-04'}, 'block': {'height': 10797921}}, {'smartContract': {'address': {'address': '0x45a22c7c3192bec1bb92a4be9db7128db9c5a097'}}, 'caller': {'address': '0x125ed42ccdf7fb13ea1439b9d4c6745501b680c0'}, 'date': {'date': '2020-09-04'}, 'block': {'height': 10797727}}, {'smartContract': {'address': {'address': '0xdff7beb0cbf54d6553e4702ae0ffa60718822478'}}, 'caller': {'address': '0x125ed42ccdf7fb13ea1439b9d4c6745501b680c0'}, 'date': {'date': '2020-09-04'}, 'block': {'height': 10797712}}, {'smartContract': {'address': {'address': '0xba08a5dd30dfc2af10b5e954b25831708efb9979'}}, 'caller': {'address': '0xa6df4fcb1ca559155a678e9aff5de3f210c0ff84'}, 'date': {'date': '2020-09-04'}, 'block': {'height': 10797539}}, {'smartContract': {'address': {'address': '0x7e12d719563b4c8d6ef4b3465bdbfce0a45f49b4'}}, 'caller': {'address': '0xa6df4fcb1ca559155a678e9aff5de3f210c0ff84'}, 'date': {'date': '2020-09-04'}, 'block': {'height': 10797537}}, {'smartContract': {'address': {'address': '0xc1aaebbd5d6464cbe62ffa7e0156a7ba826af74e'}}, 'caller': {'address': '0xa6df4fcb1ca559155a678e9aff5de3f210c0ff84'}, 'date': {'date': '2020-09-04'}, 'block': {'height': 10797530}}, {'smartContract': {'address': {'address': '0x9ed6314706ec707dae9bdaeee9a14cb6e3151cbe'}}, 'caller': {'address': '0x125ed42ccdf7fb13ea1439b9d4c6745501b680c0'}, 'date': {'date': '2020-09-04'}, 'block': {'height': 10797324}}, {'smartContract': {'address': {'address': '0x5dadbf4ed01cba1afd990518443033863c6e3fd8'}}, 'caller': {'address': '0x125ed42ccdf7fb13ea1439b9d4c6745501b680c0'}, 'date': {'date': '2020-09-04'}, 'block': {'height': 10797321}}, {'smartContract': {'address': {'address': '0xcce356a37930e075921b486c746ba8ed6ebcf172'}}, 'caller': {'address': '0x125ed42ccdf7fb13ea1439b9d4c6745501b680c0'}, 'date': {'date': '2020-09-04'}, 'block': {'height': 10797316}}, {'smartContract': {'address': {'address': '0x5cfb6af2817f31151251913cbc006e1325e9fabe'}}, 'caller': {'address': '0x125ed42ccdf7fb13ea1439b9d4c6745501b680c0'}, 'date': {'date': '2020-09-04'}, 'block': {'height': 10797314}}, {'smartContract': {'address': {'address': '0x8026bbf07fe3fd538ff1da2a67b29abd14cda357'}}, 'caller': {'address': '0x125ed42ccdf7fb13ea1439b9d4c6745501b680c0'}, 'date': {'date': '2020-09-04'}, 'block': {'height': 10797314}}, {'smartContract': {'address': {'address': '0x125ed42ccdf7fb13ea1439b9d4c6745501b680c0'}}, 'caller': {'address': '0xb9da44c051c6cc9e04b7e0f95e95d69c6a6d8031'}, 'date': {'date': '2020-09-04'}, 'block': {'height': 10797314}}, {'smartContract': {'address': {'address': '0xb4d0c929cd3a1fbdc6d57e7d3315cf0c4d6b4bfa'}}, 'caller': {'address': '0xa6df4fcb1ca559155a678e9aff5de3f210c0ff84'}, 'date': {'date': '2020-09-04'}, 'block': {'height': 10797219}}, {'smartContract': {'address': {'address': '0x2c988c3974ad7e604e276ae0294a7228def67974'}}, 'caller': {'address': '0xa6df4fcb1ca559155a678e9aff5de3f210c0ff84'}, 'date': {'date': '2020-09-04'}, 'block': {'height': 10797191}}, {'smartContract': {'address': {'address': '0x2638d2680ab4914126ee05b9c5ee95bac311a95e'}}, 'caller': {'address': '0xa6df4fcb1ca559155a678e9aff5de3f210c0ff84'}, 'date': {'date': '2020-09-04'}, 'block': {'height': 10797189}}, {'smartContract': {'address': {'address': '0x0c4d90ca69104b4cb937fb21c8533c29554ae32c'}}, 'caller': {'address': '0xa6df4fcb1ca559155a678e9aff5de3f210c0ff84'}, 'date': {'date': '2020-09-04'}, 'block': {'height': 10797182}}, {'smartContract': {'address': {'address': '0xe5e7ddadd563018b0e692c1524b60b754fbd7f02'}}, 'caller': {'address': '0xa6df4fcb1ca559155a678e9aff5de3f210c0ff84'}, 'date': {'date': '2020-09-04'}, 'block': {'height': 10797172}}, {'smartContract': {'address': {'address': '0xb8baa0e4287890a5f79863ab62b7f175cecbd433'}}, 'caller': {'address': '0xa6df4fcb1ca559155a678e9aff5de3f210c0ff84'}, 'date': {'date': '2020-09-04'}, 'block': {'height': 10797159}}, {'smartContract': {'address': {'address': '0xaa8d5f6a7747c2c6c4149e1a06eb1bfb847d6de2'}}, 'caller': {'address': '0xa6df4fcb1ca559155a678e9aff5de3f210c0ff84'}, 'date': {'date': '2020-09-04'}, 'block': {'height': 10796090}}, {'smartContract': {'address': {'address': '0xa746c67eb7915fa832a4c2076d403d4b68085431'}}, 'caller': {'address': '0xa6df4fcb1ca559155a678e9aff5de3f210c0ff84'}, 'date': {'date': '2020-09-04'}, 'block': {'height': 10793317}}, {'smartContract': {'address': {'address': '0x329239599afb305da0a2ec69c58f8a6697f9f88d'}}, 'caller': {'address': '0xa6df4fcb1ca559155a678e9aff5de3f210c0ff84'}, 'date': {'date': '2020-09-04'}, 'block': {'height': 10793303}}, {'smartContract': {'address': {'address': '0x77c6e4a580c0dce4e5c7a17d0bc077188a83a059'}}, 'caller': {'address': '0xa6df4fcb1ca559155a678e9aff5de3f210c0ff84'}, 'date': {'date': '2020-09-04'}, 'block': {'height': 10793293}}, {'smartContract': {'address': {'address': '0x3871ddd4171cb4e28b407e47a483d1058f32c92f'}}, 'caller': {'address': '0xa6df4fcb1ca559155a678e9aff5de3f210c0ff84'}, 'date': {'date': '2020-09-04'}, 'block': {'height': 10793155}}, {'smartContract': {'address': {'address': '0x853c87822a4e756fb47b2c402db4ff09df0c2780'}}, 'caller': {'address': '0xa6df4fcb1ca559155a678e9aff5de3f210c0ff84'}, 'date': {'date': '2020-09-04'}, 'block': {'height': 10793139}}, {'smartContract': {'address': {'address': '0xe9f8ca518756911ba8ca01bcb571e12ce8a602b1'}}, 'caller': {'address': '0xa6df4fcb1ca559155a678e9aff5de3f210c0ff84'}, 'date': {'date': '2020-09-04'}, 'block': {'height': 10793119}}, {'smartContract': {'address': {'address': '0xc716ea18ee7f3e9c33fdb2fb5a1816d1fc2c9e3d'}}, 'caller': {'address': '0xa6df4fcb1ca559155a678e9aff5de3f210c0ff84'}, 'date': {'date': '2020-09-04'}, 'block': {'height': 10793100}}]",2020-09-04
192,192,0x4576E6825B462b6916D2a41E187626E9090A92c6,Donkey,,0xD3c03261ced959330A467edAB26aBba8F3230517,1266245.114,"[{'smartContract': {'address': {'address': '0x6ee4a5cf335d3ed3df6dc7fdeed75e0c0735d2fd'}}, 'caller': {'address': '0xd3c03261ced959330a467edab26abba8f3230517'}, 'date': {'date': '2022-07-18'}, 'block': {'height': 15164269}}, {'smartContract': {'address': {'address': '0x7d79af72993f82f1ba15a1d78ea84583466ae7c7'}}, 'caller': {'address': '0xd3c03261ced959330a467edab26abba8f3230517'}, 'date': {'date': '2022-03-18'}, 'block': {'height': 14408532}}, {'smartContract': {'address': {'address': '0xf8253115d5a88ad9961f76d7178004cc064d6bf6'}}, 'caller': {'address': '0xd3c03261ced959330a467edab26abba8f3230517'}, 'date': {'date': '2022-03-15'}, 'block': {'height': 14390352}}, {'smartContract': {'address': {'address': '0x45d5223beb16fbc155260fa96da3aebe75e9cfe7'}}, 'caller': {'address': '0xd3c03261ced959330a467edab26abba8f3230517'}, 'date': {'date': '2022-03-08'}, 'block': {'height': 14344602}}, {'smartContract': {'address': {'address': '0xf884a9c9600a5a3bc1f728eed344ae2aac9b6ae3'}}, 'caller': {'address': '0xd3c03261ced959330a467edab26abba8f3230517'}, 'date': {'date': '2022-03-08'}, 'block': {'height': 14343661}}, {'smartContract': {'address': {'address': '0x824622e00dcee572579f3a31da6cdcd55b17fb86'}}, 'caller': {'address': '0xd3c03261ced959330a467edab26abba8f3230517'}, 'date': {'date': '2022-03-08'}, 'block': {'height': 14343660}}, {'smartContract': {'address': {'address': '0xaaf37d6d86e916df06c9981a4ba837e31983c4ff'}}, 'caller': {'address': '0xd3c03261ced959330a467edab26abba8f3230517'}, 'date': {'date': '2022-02-16'}, 'block': {'height': 14216085}}, {'smartContract': {'address': {'address': '0x2d9810533281d05b7bbcf3b30160c416f139bfe0'}}, 'caller': {'address': '0xd3c03261ced959330a467edab26abba8f3230517'}, 'date': {'date': '2022-01-07'}, 'block': {'height': 13955432}}, {'smartContract': {'address': {'address': '0x9ce505822dc4a9b9ca767c74a1d135209966d02f'}}, 'caller': {'address': '0xd3c03261ced959330a467edab26abba8f3230517'}, 'date': {'date': '2022-01-07'}, 'block': {'height': 13955429}}, {'smartContract': {'address': {'address': '0x08497e5b7cf21bd0c53d63b757f7d59e1fa2f364'}}, 'caller': {'address': '0xd3c03261ced959330a467edab26abba8f3230517'}, 'date': {'date': '2022-01-05'}, 'block': {'height': 13944100}}, {'smartContract': {'address': {'address': '0x191fd838012b633eafd59ea4c821a076b9138114'}}, 'caller': {'address': '0xd3c03261ced959330a467edab26abba8f3230517'}, 'date': {'date': '2022-01-05'}, 'block': {'height': 13944097}}, {'smartContract': {'address': {'address': '0x53e505d422857d8f12489f7a7f0241dedd3c1ecb'}}, 'caller': {'address': '0xd3c03261ced959330a467edab26abba8f3230517'}, 'date': {'date': '2022-01-05'}, 'block': {'height': 13944095}}, {'smartContract': {'address': {'address': '0xcb8b0a5a26ec2ca82c213f86d611421daeada511'}}, 'caller': {'address': '0xd3c03261ced959330a467edab26abba8f3230517'}, 'date': {'date': '2021-12-14'}, 'block': {'height': 13800879}}, {'smartContract': {'address': {'address': '0x0e4d8708e0d809c23d49d7ab64a04eba46b6ff87'}}, 'caller': {'address': '0xd3c03261ced959330a467edab26abba8f3230517'}, 'date': {'date': '2021-11-23'}, 'block': {'height': 13667931}}, {'smartContract': {'address': {'address': '0x65ca80f2373c4943c9f0f476cf53167261e3208b'}}, 'caller': {'address': '0xd3c03261ced959330a467edab26abba8f3230517'}, 'date': {'date': '2021-11-22'}, 'block': {'height': 13663193}}, {'smartContract': {'address': {'address': '0x366a6c33ff4157b3759f5ca15af214d407aa4844'}}, 'caller': {'address': '0xd3c03261ced959330a467edab26abba8f3230517'}, 'date': {'date': '2021-11-22'}, 'block': {'height': 13663180}}, {'smartContract': {'address': {'address': '0x7137b420e591e51ba0efe9638a8a69b9e3f30979'}}, 'caller': {'address': '0xd3c03261ced959330a467edab26abba8f3230517'}, 'date': {'date': '2021-11-22'}, 'block': {'height': 13663175}}, {'smartContract': {'address': {'address': '0x151d2201c1a8ba0a5ea820e1684cb9524857f3cf'}}, 'caller': {'address': '0xd3c03261ced959330a467edab26abba8f3230517'}, 'date': {'date': '2021-11-22'}, 'block': {'height': 13662856}}, {'smartContract': {'address': {'address': '0x71b0e5a6f19ffff3218a8c7dcc049593626ef49b'}}, 'caller': {'address': '0xd3c03261ced959330a467edab26abba8f3230517'}, 'date': {'date': '2021-11-17'}, 'block': {'height': 13631558}}, {'smartContract': {'address': {'address': '0xde9de04267cd6477598ebd909105ddd976447222'}}, 'caller': {'address': '0xd3c03261ced959330a467edab26abba8f3230517'}, 'date': {'date': '2021-11-17'}, 'block': {'height': 13631550}}, {'smartContract': {'address': {'address': '0x78ccb22b368b7dcf946276b7f4ded33d0026452c'}}, 'caller': {'address': '0xd3c03261ced959330a467edab26abba8f3230517'}, 'date': {'date': '2021-11-05'}, 'block': {'height': 13554279}}, {'smartContract': {'address': {'address': '0x7df31e34980ae341bc519f6930f9d53621d1aa1b'}}, 'caller': {'address': '0xd3c03261ced959330a467edab26abba8f3230517'}, 'date': {'date': '2021-11-05'}, 'block': {'height': 13554277}}, {'smartContract': {'address': {'address': '0x63d21dbd5a30940c605d77882d065736e8fffc94'}}, 'caller': {'address': '0xd3c03261ced959330a467edab26abba8f3230517'}, 'date': {'date': '2021-11-05'}, 'block': {'height': 13554272}}, {'smartContract': {'address': {'address': '0x3d3d706f7221a4068033f58b631afe03ce986f3c'}}, 'caller': {'address': '0xd3c03261ced959330a467edab26abba8f3230517'}, 'date': {'date': '2021-11-05'}, 'block': {'height': 13554264}}, {'smartContract': {'address': {'address': '0x36d860ff331bb84ecd7c417fd5a33e7d0735f0d6'}}, 'caller': {'address': '0xd3c03261ced959330a467edab26abba8f3230517'}, 'date': {'date': '2021-11-05'}, 'block': {'height': 13554250}}, {'smartContract': {'address': {'address': '0x8e94b65c6dde412f2e42f6248c94b8b5df27fddb'}}, 'caller': {'address': '0xd3c03261ced959330a467edab26abba8f3230517'}, 'date': {'date': '2021-11-05'}, 'block': {'height': 13554246}}, {'smartContract': {'address': {'address': '0x849823a9fae664d7df34afd82139c7f5a906e916'}}, 'caller': {'address': '0xd3c03261ced959330a467edab26abba8f3230517'}, 'date': {'date': '2021-11-05'}, 'block': {'height': 13554217}}, {'smartContract': {'address': {'address': '0xbba617707f8c98c552360bfc497ee7263c9de9fe'}}, 'caller': {'address': '0xd3c03261ced959330a467edab26abba8f3230517'}, 'date': {'date': '2021-11-05'}, 'block': {'height': 13554216}}, {'smartContract': {'address': {'address': '0xb7f50c5c85a04ed0e5ea35bd48f78e040ee4f43b'}}, 'caller': {'address': '0xd3c03261ced959330a467edab26abba8f3230517'}, 'date': {'date': '2021-11-05'}, 'block': {'height': 13554195}}, {'smartContract': {'address': {'address': '0x76081093616e8cba6fb3822357e3af1fdb8e5faf'}}, 'caller': {'address': '0xd3c03261ced959330a467edab26abba8f3230517'}, 'date': {'date': '2021-10-06'}, 'block': {'height': 13364154}}, {'smartContract': {'address': {'address': '0x3e52b321894a57c7fc1f9575de6f2075e1a76bb3'}}, 'caller': {'address': '0xd3c03261ced959330a467edab26abba8f3230517'}, 'date': {'date': '2021-10-04'}, 'block': {'height': 13351469}}, {'smartContract': {'address': {'address': '0xdbc9859bd8d8ecfdf777e05a9b6690db318af454'}}, 'caller': {'address': '0xd3c03261ced959330a467edab26abba8f3230517'}, 'date': {'date': '2021-10-03'}, 'block': {'height': 13345843}}, {'smartContract': {'address': {'address': '0xf9c89a24d16ba5a15f29c72bed116a9e2aead39d'}}, 'caller': {'address': '0xd3c03261ced959330a467edab26abba8f3230517'}, 'date': {'date': '2021-10-03'}, 'block': {'height': 13345518}}, {'smartContract': {'address': {'address': '0x02adbcf2e84fb67ab1acc33cb3d2af5e05fab026'}}, 'caller': {'address': '0xd3c03261ced959330a467edab26abba8f3230517'}, 'date': {'date': '2021-10-03'}, 'block': {'height': 13345170}}, {'smartContract': {'address': {'address': '0x8c9886aca8b6984c10f988078c5e1d91976dfd16'}}, 'caller': {'address': '0xd3c03261ced959330a467edab26abba8f3230517'}, 'date': {'date': '2021-09-30'}, 'block': {'height': 13327644}}, {'smartContract': {'address': {'address': '0x2eacd2d7cf5cba9da031c0a9c5d7fdedc056216c'}}, 'caller': {'address': '0xd3c03261ced959330a467edab26abba8f3230517'}, 'date': {'date': '2021-09-30'}, 'block': {'height': 13327637}}, {'smartContract': {'address': {'address': '0x024510151204dec56cc4d54ed064f62efac264d5'}}, 'caller': {'address': '0xd3c03261ced959330a467edab26abba8f3230517'}, 'date': {'date': '2021-09-30'}, 'block': {'height': 13327635}}, {'smartContract': {'address': {'address': '0x4f2ed52bc4cbde54e2b3547d3758474a21598d7c'}}, 'caller': {'address': '0xd3c03261ced959330a467edab26abba8f3230517'}, 'date': {'date': '2021-09-30'}, 'block': {'height': 13327631}}, {'smartContract': {'address': {'address': '0x0c96e50e4c3a369ab2eab98e01dff752d6868663'}}, 'caller': {'address': '0xd3c03261ced959330a467edab26abba8f3230517'}, 'date': {'date': '2021-09-30'}, 'block': {'height': 13327625}}, {'smartContract': {'address': {'address': '0xcc62b24a9fc939502fee6269402329b90c91b847'}}, 'caller': {'address': '0xd3c03261ced959330a467edab26abba8f3230517'}, 'date': {'date': '2021-09-30'}, 'block': {'height': 13326931}}, {'smartContract': {'address': {'address': '0x30635728b43596fd07a855af332f82cffa95d80b'}}, 'caller': {'address': '0xd3c03261ced959330a467edab26abba8f3230517'}, 'date': {'date': '2021-09-30'}, 'block': {'height': 13326929}}, {'smartContract': {'address': {'address': '0xeb167917a8f2bf28d22cabb03ec597c386e04079'}}, 'caller': {'address': '0xd3c03261ced959330a467edab26abba8f3230517'}, 'date': {'date': '2021-09-30'}, 'block': {'height': 13326922}}, {'smartContract': {'address': {'address': '0x6106dfeeb137ce70843bb4e0b6122e62d932c069'}}, 'caller': {'address': '0xd3c03261ced959330a467edab26abba8f3230517'}, 'date': {'date': '2021-09-30'}, 'block': {'height': 13326885}}, {'smartContract': {'address': {'address': '0xdab711116c2366970249b4caaf5c067156c51f32'}}, 'caller': {'address': '0xd3c03261ced959330a467edab26abba8f3230517'}, 'date': {'date': '2021-09-30'}, 'block': {'height': 13326854}}, {'smartContract': {'address': {'address': '0xc1d7187a3ab7828443a218071b9c71b51044bf2d'}}, 'caller': {'address': '0xd3c03261ced959330a467edab26abba8f3230517'}, 'date': {'date': '2021-09-18'}, 'block': {'height': 13249538}}, {'smartContract': {'address': {'address': '0x2b194a6865b5c3ed51782fe4446e5b02b0b5c08e'}}, 'caller': {'address': '0xd3c03261ced959330a467edab26abba8f3230517'}, 'date': {'date': '2021-09-18'}, 'block': {'height': 13249534}}, {'smartContract': {'address': {'address': '0xbbdc8d915bf30d53df420ecb5dc2d8fb4538ed8a'}}, 'caller': {'address': '0xd3c03261ced959330a467edab26abba8f3230517'}, 'date': {'date': '2021-09-17'}, 'block': {'height': 13240663}}, {'smartContract': {'address': {'address': '0xabf4af023dc1d1f3f1cad9aab3863ee0cb834b80'}}, 'caller': {'address': '0xd3c03261ced959330a467edab26abba8f3230517'}, 'date': {'date': '2021-09-14'}, 'block': {'height': 13223105}}, {'smartContract': {'address': {'address': '0x9883480e59081fe8772bf01196965b0da0e770d1'}}, 'caller': {'address': '0xd3c03261ced959330a467edab26abba8f3230517'}, 'date': {'date': '2021-09-14'}, 'block': {'height': 13223101}}, {'smartContract': {'address': {'address': '0xb68d425b2f350dbcd2eae99e0c6431fc70b1a183'}}, 'caller': {'address': '0xd3c03261ced959330a467edab26abba8f3230517'}, 'date': {'date': '2021-09-14'}, 'block': {'height': 13223070}}, {'smartContract': {'address': {'address': '0x0acac6618aa881579e76948a7c407f6323325f94'}}, 'caller': {'address': '0xd3c03261ced959330a467edab26abba8f3230517'}, 'date': {'date': '2021-09-13'}, 'block': {'height': 13217140}}, {'smartContract': {'address': {'address': '0x41f44fd6cdf93f1831ac288d5c807bfbd67d2792'}}, 'caller': {'address': '0xd3c03261ced959330a467edab26abba8f3230517'}, 'date': {'date': '2021-09-13'}, 'block': {'height': 13216996}}, {'smartContract': {'address': {'address': '0x859122ca8f4df19e989125be3f16979c13c182ae'}}, 'caller': {'address': '0xd3c03261ced959330a467edab26abba8f3230517'}, 'date': {'date': '2021-09-13'}, 'block': {'height': 13216993}}, {'smartContract': {'address': {'address': '0xdd7d691a57137556e2a69350dc62b6a1fc16b0d6'}}, 'caller': {'address': '0xd3c03261ced959330a467edab26abba8f3230517'}, 'date': {'date': '2021-09-08'}, 'block': {'height': 13185247}}, {'smartContract': {'address': {'address': '0x6a4fb30dcb6fc184acf3c306081930f234d5a143'}}, 'caller': {'address': '0xd3c03261ced959330a467edab26abba8f3230517'}, 'date': {'date': '2021-09-07'}, 'block': {'height': 13176265}}, {'smartContract': {'address': {'address': '0xf732fddb3c5cc0ad7215d3db4875a94e67a09c26'}}, 'caller': {'address': '0xd3c03261ced959330a467edab26abba8f3230517'}, 'date': {'date': '2021-09-07'}, 'block': {'height': 13176264}}, {'smartContract': {'address': {'address': '0x3a52e4863c52d15b384be651939f8e33ee69716a'}}, 'caller': {'address': '0xd3c03261ced959330a467edab26abba8f3230517'}, 'date': {'date': '2021-09-04'}, 'block': {'height': 13158307}}, {'smartContract': {'address': {'address': '0x8622f8d39caea7f85ee1d50af2e4479fa2012923'}}, 'caller': {'address': '0xd3c03261ced959330a467edab26abba8f3230517'}, 'date': {'date': '2021-09-03'}, 'block': {'height': 13152081}}, {'smartContract': {'address': {'address': '0x4091fca6bfe996f1faa47f88c986d2b289e01b43'}}, 'caller': {'address': '0xd3c03261ced959330a467edab26abba8f3230517'}, 'date': {'date': '2021-08-31'}, 'block': {'height': 13136137}}, {'smartContract': {'address': {'address': '0xec0d3f28d37a3393cf09ee3ad446c485b6afdaa3'}}, 'caller': {'address': '0xd3c03261ced959330a467edab26abba8f3230517'}, 'date': {'date': '2021-08-31'}, 'block': {'height': 13135771}}, {'smartContract': {'address': {'address': '0x44ea07640609e60ad0cfc27e9d63b68a1e240a13'}}, 'caller': {'address': '0xd3c03261ced959330a467edab26abba8f3230517'}, 'date': {'date': '2021-08-31'}, 'block': {'height': 13135496}}, {'smartContract': {'address': {'address': '0x636f46b0a4b3c93ed8ff478998247cf73af5a469'}}, 'caller': {'address': '0xd3c03261ced959330a467edab26abba8f3230517'}, 'date': {'date': '2021-08-31'}, 'block': {'height': 13135494}}, {'smartContract': {'address': {'address': '0xbcabcda6488e06b72cf73ace5e69a33d7f7c6515'}}, 'caller': {'address': '0xd3c03261ced959330a467edab26abba8f3230517'}, 'date': {'date': '2021-08-31'}, 'block': {'height': 13135481}}, {'smartContract': {'address': {'address': '0x6d5267c3b7b38cf0d71f1715704d3914d309edcb'}}, 'caller': {'address': '0xd3c03261ced959330a467edab26abba8f3230517'}, 'date': {'date': '2021-08-31'}, 'block': {'height': 13135479}}, {'smartContract': {'address': {'address': '0x922bb502de4f82c61e96133f92286b291056e356'}}, 'caller': {'address': '0xd3c03261ced959330a467edab26abba8f3230517'}, 'date': {'date': '2021-08-31'}, 'block': {'height': 13135466}}, {'smartContract': {'address': {'address': '0x3f5fa4ba2e595230c3e89543f404631429d0dd26'}}, 'caller': {'address': '0xd3c03261ced959330a467edab26abba8f3230517'}, 'date': {'date': '2021-08-31'}, 'block': {'height': 13135464}}, {'smartContract': {'address': {'address': '0xc31a07bd0792f8fe556d607776ff4f6570efc3d5'}}, 'caller': {'address': '0xd3c03261ced959330a467edab26abba8f3230517'}, 'date': {'date': '2021-08-31'}, 'block': {'height': 13135449}}, {'smartContract': {'address': {'address': '0x303f5b535cbc47836d4bc8bce99992b8d7987e43'}}, 'caller': {'address': '0xd3c03261ced959330a467edab26abba8f3230517'}, 'date': {'date': '2021-08-31'}, 'block': {'height': 13135448}}, {'smartContract': {'address': {'address': '0x9dc533e6c168e153f0241e36e31436387631b1da'}}, 'caller': {'address': '0xd3c03261ced959330a467edab26abba8f3230517'}, 'date': {'date': '2021-08-31'}, 'block': {'height': 13135415}}, {'smartContract': {'address': {'address': '0x45f9be645c19f07c5643599435a7b106e5d8a79c'}}, 'caller': {'address': '0xd3c03261ced959330a467edab26abba8f3230517'}, 'date': {'date': '2021-08-31'}, 'block': {'height': 13135414}}, {'smartContract': {'address': {'address': '0x9d6dae758d5c2e81ea4d813cad0056e0de59c5b2'}}, 'caller': {'address': '0xd3c03261ced959330a467edab26abba8f3230517'}, 'date': {'date': '2021-08-31'}, 'block': {'height': 13135410}}, {'smartContract': {'address': {'address': '0x1dca9c08e493a6a2a5ef2e3cbed0df2380245511'}}, 'caller': {'address': '0xd3c03261ced959330a467edab26abba8f3230517'}, 'date': {'date': '2021-08-31'}, 'block': {'height': 13135398}}, {'smartContract': {'address': {'address': '0x1c07bca0cee9ff1b93057d8af98f18d1c1e203c5'}}, 'caller': {'address': '0xd3c03261ced959330a467edab26abba8f3230517'}, 'date': {'date': '2021-08-31'}, 'block': {'height': 13135396}}, {'smartContract': {'address': {'address': '0xb2ec0d90561044aa8f09844daf417c59be5345d1'}}, 'caller': {'address': '0xd3c03261ced959330a467edab26abba8f3230517'}, 'date': {'date': '2021-08-31'}, 'block': {'height': 13135395}}, {'smartContract': {'address': {'address': '0x8de66d3cbb0e660ef48165f7ef4ea35ad9625765'}}, 'caller': {'address': '0xd3c03261ced959330a467edab26abba8f3230517'}, 'date': {'date': '2021-08-31'}, 'block': {'height': 13135394}}, {'smartContract': {'address': {'address': '0xe3209f1d0ca79db548ef0b822a8af106ec4d4ea1'}}, 'caller': {'address': '0xd3c03261ced959330a467edab26abba8f3230517'}, 'date': {'date': '2021-08-31'}, 'block': {'height': 13135390}}, {'smartContract': {'address': {'address': '0x6d827ebb2d6303ff38aea22146b9799a846904c1'}}, 'caller': {'address': '0xd3c03261ced959330a467edab26abba8f3230517'}, 'date': {'date': '2021-08-31'}, 'block': {'height': 13135386}}, {'smartContract': {'address': {'address': '0x57e61b8dc1acea502c5f40a85e03d529a5722bc3'}}, 'caller': {'address': '0xd3c03261ced959330a467edab26abba8f3230517'}, 'date': {'date': '2021-08-31'}, 'block': {'height': 13135366}}, {'smartContract': {'address': {'address': '0x9e3e4372bc6a030eedd7417324243844c0db72f5'}}, 'caller': {'address': '0xd3c03261ced959330a467edab26abba8f3230517'}, 'date': {'date': '2021-08-31'}, 'block': {'height': 13135349}}, {'smartContract': {'address': {'address': '0x3b0d38cc9f78e071f7f53d889b7a74429511fa5d'}}, 'caller': {'address': '0xd3c03261ced959330a467edab26abba8f3230517'}, 'date': {'date': '2021-08-31'}, 'block': {'height': 13135349}}, {'smartContract': {'address': {'address': '0x8502175f622967fc0ae91e5b11e35c1db3ba8b94'}}, 'caller': {'address': '0xd3c03261ced959330a467edab26abba8f3230517'}, 'date': {'date': '2021-08-31'}, 'block': {'height': 13135169}}, {'smartContract': {'address': {'address': '0xaf592bea84d1a3931348a8cbabbe47aec4d69287'}}, 'caller': {'address': '0xd3c03261ced959330a467edab26abba8f3230517'}, 'date': {'date': '2021-08-31'}, 'block': {'height': 13135140}}, {'smartContract': {'address': {'address': '0x1c5b6239ac9d02b52d9730e20a11f7061ad96c6c'}}, 'caller': {'address': '0xd3c03261ced959330a467edab26abba8f3230517'}, 'date': {'date': '2021-08-31'}, 'block': {'height': 13135103}}, {'smartContract': {'address': {'address': '0xcbfcf3e4a6dc56a117f627aa345e814f052424f1'}}, 'caller': {'address': '0xd3c03261ced959330a467edab26abba8f3230517'}, 'date': {'date': '2021-08-31'}, 'block': {'height': 13135100}}, {'smartContract': {'address': {'address': '0xdf28e4714e5222ccecdb31120e0ee9280cbe5cdc'}}, 'caller': {'address': '0xd3c03261ced959330a467edab26abba8f3230517'}, 'date': {'date': '2021-08-31'}, 'block': {'height': 13135078}}, {'smartContract': {'address': {'address': '0xb82e605782ae206b35905fb0919053cc87ebe0dd'}}, 'caller': {'address': '0xd3c03261ced959330a467edab26abba8f3230517'}, 'date': {'date': '2021-08-31'}, 'block': {'height': 13135065}}, {'smartContract': {'address': {'address': '0x55e41bc3a99aa24e194d507517b1e8b65efdaa9e'}}, 'caller': {'address': '0xd3c03261ced959330a467edab26abba8f3230517'}, 'date': {'date': '2021-08-31'}, 'block': {'height': 13135047}}, {'smartContract': {'address': {'address': '0xde7b04c4292dd6c2b26caa07f8d6c4f46c0f6e9a'}}, 'caller': {'address': '0xd3c03261ced959330a467edab26abba8f3230517'}, 'date': {'date': '2021-08-31'}, 'block': {'height': 13135046}}, {'smartContract': {'address': {'address': '0x4576e6825b462b6916d2a41e187626e9090a92c6'}}, 'caller': {'address': '0xd3c03261ced959330a467edab26abba8f3230517'}, 'date': {'date': '2021-08-31'}, 'block': {'height': 13135025}}, {'smartContract': {'address': {'address': '0x4b762a29a5ccb2e61684b72384ab806a2884357c'}}, 'caller': {'address': '0xd3c03261ced959330a467edab26abba8f3230517'}, 'date': {'date': '2021-08-31'}, 'block': {'height': 13135024}}, {'smartContract': {'address': {'address': '0x2adb8188b4eef492c55621ff9f3fa43260bdacfc'}}, 'caller': {'address': '0xd3c03261ced959330a467edab26abba8f3230517'}, 'date': {'date': '2021-08-31'}, 'block': {'height': 13134999}}, {'smartContract': {'address': {'address': '0xa120d15bb37e1155152518b6368bf6217313cf74'}}, 'caller': {'address': '0xd3c03261ced959330a467edab26abba8f3230517'}, 'date': {'date': '2021-08-31'}, 'block': {'height': 13134997}}, {'smartContract': {'address': {'address': '0x844a0b6a108712cee954d1e2b4f7b42d5690e62c'}}, 'caller': {'address': '0xd3c03261ced959330a467edab26abba8f3230517'}, 'date': {'date': '2021-08-31'}, 'block': {'height': 13134996}}, {'smartContract': {'address': {'address': '0x52ad57e133cda236fcc47a9abc0f28638390556c'}}, 'caller': {'address': '0xd3c03261ced959330a467edab26abba8f3230517'}, 'date': {'date': '2021-08-31'}, 'block': {'height': 13134852}}]",2021-08-31
193,193,0x3593D125a4f7849a1B059E64F4517A86Dd60c95d,MANTRA DAO (OM),https://github.com/Mantradao,0xFa0e08b7e80E6e7eeCAd9800Bc32eF19132da295,1246143.506,"[{'smartContract': {'address': {'address': '0x108b0ae0762b078c41793190a0c45127ecd7ebc5'}}, 'caller': {'address': '0xbf515ff38d55737c56d62e8b6a8eea322ec38aa5'}, 'date': {'date': '2021-05-26'}, 'block': {'height': 12509479}}, {'smartContract': {'address': {'address': '0x1a22188b5f6faf7253a3defcc576884c0ff50a91'}}, 'caller': {'address': '0xfa0e08b7e80e6e7eecad9800bc32ef19132da295'}, 'date': {'date': '2020-12-23'}, 'block': {'height': 11509863}}, {'smartContract': {'address': {'address': '0x91fe14df53eae3a87e310ec6edcdd2d775e1a23f'}}, 'caller': {'address': '0xfa0e08b7e80e6e7eecad9800bc32ef19132da295'}, 'date': {'date': '2020-12-17'}, 'block': {'height': 11471870}}, {'smartContract': {'address': {'address': '0xa023d1e94027f11e39fe08eae1e3e5f250d49e4f'}}, 'caller': {'address': '0xfa0e08b7e80e6e7eecad9800bc32ef19132da295'}, 'date': {'date': '2020-12-17'}, 'block': {'height': 11471511}}, {'smartContract': {'address': {'address': '0x81d387219627833452f3d615a76b2eaa71383a5b'}}, 'caller': {'address': '0xfa0e08b7e80e6e7eecad9800bc32ef19132da295'}, 'date': {'date': '2020-12-17'}, 'block': {'height': 11471423}}, {'smartContract': {'address': {'address': '0x9e15ad979919bb4db331bfe864475ae3bffeba93'}}, 'caller': {'address': '0xfa0e08b7e80e6e7eecad9800bc32ef19132da295'}, 'date': {'date': '2020-12-17'}, 'block': {'height': 11471417}}, {'smartContract': {'address': {'address': '0xc8899da25423ac52aa711b97ae04c8888fa1e1d7'}}, 'caller': {'address': '0xfa0e08b7e80e6e7eecad9800bc32ef19132da295'}, 'date': {'date': '2020-12-17'}, 'block': {'height': 11470987}}, {'smartContract': {'address': {'address': '0x7a47a54233cb9826410b9187bf450b9f5bac2c69'}}, 'caller': {'address': '0xfa0e08b7e80e6e7eecad9800bc32ef19132da295'}, 'date': {'date': '2020-12-17'}, 'block': {'height': 11470978}}, {'smartContract': {'address': {'address': '0xd84701828745c98405a3e1153fccea627963859a'}}, 'caller': {'address': '0xfa0e08b7e80e6e7eecad9800bc32ef19132da295'}, 'date': {'date': '2020-12-17'}, 'block': {'height': 11470969}}, {'smartContract': {'address': {'address': '0x206fdbcfffabb3d186d1581f5d6a1ef78fbc970d'}}, 'caller': {'address': '0xfa0e08b7e80e6e7eecad9800bc32ef19132da295'}, 'date': {'date': '2020-12-17'}, 'block': {'height': 11470958}}, {'smartContract': {'address': {'address': '0xba028dad0c8adc0e5941b244ecd5fad2dff8e34b'}}, 'caller': {'address': '0xfa0e08b7e80e6e7eecad9800bc32ef19132da295'}, 'date': {'date': '2020-12-17'}, 'block': {'height': 11470938}}, {'smartContract': {'address': {'address': '0x649402f07f32d87e2f7c9c2ac24503cd1690817b'}}, 'caller': {'address': '0xfa0e08b7e80e6e7eecad9800bc32ef19132da295'}, 'date': {'date': '2020-12-17'}, 'block': {'height': 11470913}}, {'smartContract': {'address': {'address': '0xe4ff95557f9aba07507ac0851a54c1244be4b723'}}, 'caller': {'address': '0xfa0e08b7e80e6e7eecad9800bc32ef19132da295'}, 'date': {'date': '2020-12-17'}, 'block': {'height': 11470901}}, {'smartContract': {'address': {'address': '0x3593d125a4f7849a1b059e64f4517a86dd60c95d'}}, 'caller': {'address': '0xfa0e08b7e80e6e7eecad9800bc32ef19132da295'}, 'date': {'date': '2020-12-17'}, 'block': {'height': 11470888}}]",2020-12-17
194,194,0xA36FDBBAE3c9d55a1d67EE5821d53B50B63A1aB9,Tempus,https://github.com/tempus-finance,0x603d50BAd151Da8becf405E51a8c4Abc8bA1c95E,1196640.269,"[{'smartContract': {'address': {'address': '0x514f35a92a13bc7093f299af5d8ebb1387e42d6b'}}, 'caller': {'address': '0x8e9aa87e45e92bad84d5f8dd1bff34fb92637de9'}, 'date': {'date': '2021-11-18'}, 'block': {'height': 13640019}}, {'smartContract': {'address': {'address': '0xca65e71ee7fb8e85ede0e7ef30f029efa8fe4a08'}}, 'caller': {'address': '0x603d50bad151da8becf405e51a8c4abc8ba1c95e'}, 'date': {'date': '2021-11-08'}, 'block': {'height': 13575496}}, {'smartContract': {'address': {'address': '0x93360983414620c6d149722b4038ffdea60dc964'}}, 'caller': {'address': '0x76e2cfc1f5fa8f6a5b3fc4c8f4788f0116861f9b'}, 'date': {'date': '2021-11-05'}, 'block': {'height': 13557664}}, {'smartContract': {'address': {'address': '0xa36fdbbae3c9d55a1d67ee5821d53b50b63a1ab9'}}, 'caller': {'address': '0x603d50bad151da8becf405e51a8c4abc8ba1c95e'}, 'date': {'date': '2021-10-29'}, 'block': {'height': 13512104}}, {'smartContract': {'address': {'address': '0xb7fe76b03d58e7a6bf05229d740470723264e1d4'}}, 'caller': {'address': '0xa5409ec958c83c3f309868babaca7c86dcb077c1'}, 'date': {'date': '2021-10-22'}, 'block': {'height': 13466859}}]",2021-10-29
195,195,0x374CB8C27130E2c9E04F44303f3c8351B9De61C1,BaoToken,,0x3bC3c8aF8CFe3dFC9bA1A57c7C3b653e3f6d6951,1154370.305,"[{'smartContract': {'address': {'address': '0x38652eeab13efebab38f19b5d5d50ee8a8ca80af'}}, 'caller': {'address': '0x3bc3c8af8cfe3dfc9ba1a57c7c3b653e3f6d6951'}, 'date': {'date': '2021-05-08'}, 'block': {'height': 12394935}}, {'smartContract': {'address': {'address': '0x26da87250d7ee8ba9809c7c462ad24ee90ce960c'}}, 'caller': {'address': '0x76e2cfc1f5fa8f6a5b3fc4c8f4788f0116861f9b'}, 'date': {'date': '2021-03-08'}, 'block': {'height': 12000467}}, {'smartContract': {'address': {'address': '0x26c9b321ff9c10fbfdf20a57d92f1602e8e3dd46'}}, 'caller': {'address': '0x3bc3c8af8cfe3dfc9ba1a57c7c3b653e3f6d6951'}, 'date': {'date': '2021-01-30'}, 'block': {'height': 11755350}}, {'smartContract': {'address': {'address': '0xba310b765dc9a8f1fde36b21e5de17d82580c76e'}}, 'caller': {'address': '0x3bc3c8af8cfe3dfc9ba1a57c7c3b653e3f6d6951'}, 'date': {'date': '2021-01-30'}, 'block': {'height': 11755344}}, {'smartContract': {'address': {'address': '0x44e60ed5f6428202f83bdf3196af3af1a058079e'}}, 'caller': {'address': '0x3bc3c8af8cfe3dfc9ba1a57c7c3b653e3f6d6951'}, 'date': {'date': '2021-01-30'}, 'block': {'height': 11755325}}, {'smartContract': {'address': {'address': '0x1985b987c21d896080ebdbb69dafe82b0f9eb207'}}, 'caller': {'address': '0x5c69bee701ef814a2b6a3edd4b1652cb9cc5aa6f'}, 'date': {'date': '2021-01-25'}, 'block': {'height': 11726077}}, {'smartContract': {'address': {'address': '0xaed713175343d3aa83689f85ab9e7b800a297992'}}, 'caller': {'address': '0x3bc3c8af8cfe3dfc9ba1a57c7c3b653e3f6d6951'}, 'date': {'date': '2020-12-12'}, 'block': {'height': 11439444}}, {'smartContract': {'address': {'address': '0xbc2a615d85fad224dbf33e2a147e89835f5ef73a'}}, 'caller': {'address': '0x3bc3c8af8cfe3dfc9ba1a57c7c3b653e3f6d6951'}, 'date': {'date': '2020-12-12'}, 'block': {'height': 11439404}}, {'smartContract': {'address': {'address': '0x4283e14d46f274c0ebb560ca91603f5381fbcaaf'}}, 'caller': {'address': '0x3bc3c8af8cfe3dfc9ba1a57c7c3b653e3f6d6951'}, 'date': {'date': '2020-12-12'}, 'block': {'height': 11439291}}, {'smartContract': {'address': {'address': '0x158455287341bbf5c0a0bf8467525c05017d1fe4'}}, 'caller': {'address': '0x3bc3c8af8cfe3dfc9ba1a57c7c3b653e3f6d6951'}, 'date': {'date': '2020-12-12'}, 'block': {'height': 11439226}}, {'smartContract': {'address': {'address': '0x2dee6958272308ff5ae4831ae038abd4ac96be04'}}, 'caller': {'address': '0x3bc3c8af8cfe3dfc9ba1a57c7c3b653e3f6d6951'}, 'date': {'date': '2020-12-08'}, 'block': {'height': 11414961}}, {'smartContract': {'address': {'address': '0xbd530a1c060dc600b951f16dc656e4ea451d1a2d'}}, 'caller': {'address': '0x3bc3c8af8cfe3dfc9ba1a57c7c3b653e3f6d6951'}, 'date': {'date': '2020-12-05'}, 'block': {'height': 11395074}}, {'smartContract': {'address': {'address': '0x02444a8feead1a2e78da0e2a157f4c7b848ab021'}}, 'caller': {'address': '0x3bc3c8af8cfe3dfc9ba1a57c7c3b653e3f6d6951'}, 'date': {'date': '2020-12-02'}, 'block': {'height': 11375750}}, {'smartContract': {'address': {'address': '0xb2aaede065d3ede8db0c7c25dd69b2a0d0ee4da3'}}, 'caller': {'address': '0x3bc3c8af8cfe3dfc9ba1a57c7c3b653e3f6d6951'}, 'date': {'date': '2020-12-02'}, 'block': {'height': 11374045}}, {'smartContract': {'address': {'address': '0x9973bb0fe5f8df5de730776df09e946c74254fb3'}}, 'caller': {'address': '0x5c69bee701ef814a2b6a3edd4b1652cb9cc5aa6f'}, 'date': {'date': '2020-12-02'}, 'block': {'height': 11373856}}, {'smartContract': {'address': {'address': '0x9ad32bf5dafe152cbe027398219611db4e8753b3'}}, 'caller': {'address': '0x3bc3c8af8cfe3dfc9ba1a57c7c3b653e3f6d6951'}, 'date': {'date': '2020-12-01'}, 'block': {'height': 11368754}}, {'smartContract': {'address': {'address': '0x374cb8c27130e2c9e04f44303f3c8351b9de61c1'}}, 'caller': {'address': '0x3bc3c8af8cfe3dfc9ba1a57c7c3b653e3f6d6951'}, 'date': {'date': '2020-12-01'}, 'block': {'height': 11368530}}]",2020-12-01
196,196,0x618679dF9EfCd19694BB1daa8D00718Eacfa2883,XYZ Governance Token,,0xDf342Ac052B1dd10552Df81be77ef4a84b4cAE60,1132452.472,"[{'smartContract': {'address': {'address': '0x4865976e6c1400b68150466b9ece305ec8b75958'}}, 'caller': {'address': '0xdf342ac052b1dd10552df81be77ef4a84b4cae60'}, 'date': {'date': '2021-10-01'}, 'block': {'height': 13333665}}, {'smartContract': {'address': {'address': '0x0cd11ee015b766a61932caf6261d7586123c8a1d'}}, 'caller': {'address': '0xdf342ac052b1dd10552df81be77ef4a84b4cae60'}, 'date': {'date': '2021-06-13'}, 'block': {'height': 12627279}}, {'smartContract': {'address': {'address': '0xf2bdbef1240ba2052e81546197f662907bc27c68'}}, 'caller': {'address': '0xdf342ac052b1dd10552df81be77ef4a84b4cae60'}, 'date': {'date': '2021-06-09'}, 'block': {'height': 12599840}}, {'smartContract': {'address': {'address': '0x41092c27ca1ce17ed8c4caa34c4469cdbc75d757'}}, 'caller': {'address': '0xdf342ac052b1dd10552df81be77ef4a84b4cae60'}, 'date': {'date': '2021-06-07'}, 'block': {'height': 12588263}}, {'smartContract': {'address': {'address': '0x8b53814a884309dc7e280907582ecabb5a8cccb4'}}, 'caller': {'address': '0xdf342ac052b1dd10552df81be77ef4a84b4cae60'}, 'date': {'date': '2021-06-07'}, 'block': {'height': 12588258}}, {'smartContract': {'address': {'address': '0x3736ceb4a896f7dddde7df29e3958dc74ef10214'}}, 'caller': {'address': '0xdf342ac052b1dd10552df81be77ef4a84b4cae60'}, 'date': {'date': '2021-05-29'}, 'block': {'height': 12530809}}, {'smartContract': {'address': {'address': '0x54ae049c62935d6d7b40b7135717e1467a2b49cb'}}, 'caller': {'address': '0xdf342ac052b1dd10552df81be77ef4a84b4cae60'}, 'date': {'date': '2021-05-29'}, 'block': {'height': 12530228}}, {'smartContract': {'address': {'address': '0xd847d728964f0bfe5246f487cc56701a4d5608c5'}}, 'caller': {'address': '0xdf342ac052b1dd10552df81be77ef4a84b4cae60'}, 'date': {'date': '2021-05-29'}, 'block': {'height': 12529940}}, {'smartContract': {'address': {'address': '0xdf42c0e8c1d80f3b02f298a8ab00b9b68ccdd5b3'}}, 'caller': {'address': '0xdf342ac052b1dd10552df81be77ef4a84b4cae60'}, 'date': {'date': '2021-05-29'}, 'block': {'height': 12529928}}, {'smartContract': {'address': {'address': '0x5f6a1e45df5eaffa82148c23115ba989bc2749cc'}}, 'caller': {'address': '0xdf342ac052b1dd10552df81be77ef4a84b4cae60'}, 'date': {'date': '2021-05-29'}, 'block': {'height': 12529923}}, {'smartContract': {'address': {'address': '0x8315124c30ccfd55a204a34badd7e20fecb45765'}}, 'caller': {'address': '0xdf342ac052b1dd10552df81be77ef4a84b4cae60'}, 'date': {'date': '2021-05-29'}, 'block': {'height': 12529917}}, {'smartContract': {'address': {'address': '0xead154c123c345923265b29f7945094575ced8ba'}}, 'caller': {'address': '0xdf342ac052b1dd10552df81be77ef4a84b4cae60'}, 'date': {'date': '2021-05-29'}, 'block': {'height': 12529903}}, {'smartContract': {'address': {'address': '0xea0c0cc51608207aac3975c948066c6cef41d036'}}, 'caller': {'address': '0xdf342ac052b1dd10552df81be77ef4a84b4cae60'}, 'date': {'date': '2021-05-29'}, 'block': {'height': 12529896}}, {'smartContract': {'address': {'address': '0x11131648a7961439f5d92af074d03eadfb5ee755'}}, 'caller': {'address': '0xdf342ac052b1dd10552df81be77ef4a84b4cae60'}, 'date': {'date': '2021-05-29'}, 'block': {'height': 12529894}}, {'smartContract': {'address': {'address': '0xaaff4c18e871e26edaa5f2443382d4f3f1917c5b'}}, 'caller': {'address': '0xdf342ac052b1dd10552df81be77ef4a84b4cae60'}, 'date': {'date': '2021-05-29'}, 'block': {'height': 12529873}}, {'smartContract': {'address': {'address': '0x7800cde240aeb966be7b8d77f41d8ebc1431751e'}}, 'caller': {'address': '0xdf342ac052b1dd10552df81be77ef4a84b4cae60'}, 'date': {'date': '2021-05-29'}, 'block': {'height': 12529863}}, {'smartContract': {'address': {'address': '0x3f2de6badba37f387d6a02be77671e1314acce7c'}}, 'caller': {'address': '0xdf342ac052b1dd10552df81be77ef4a84b4cae60'}, 'date': {'date': '2021-05-29'}, 'block': {'height': 12529855}}, {'smartContract': {'address': {'address': '0xd0f6a858728e00c841c978ade75e288be24c85f6'}}, 'caller': {'address': '0xdf342ac052b1dd10552df81be77ef4a84b4cae60'}, 'date': {'date': '2021-05-29'}, 'block': {'height': 12529849}}, {'smartContract': {'address': {'address': '0xc25045167526951c1dc50034efc6ea71e2d60154'}}, 'caller': {'address': '0xdf342ac052b1dd10552df81be77ef4a84b4cae60'}, 'date': {'date': '2021-05-29'}, 'block': {'height': 12529846}}, {'smartContract': {'address': {'address': '0x074bbf1d2169370201d514b912d575cd5f461249'}}, 'caller': {'address': '0xdf342ac052b1dd10552df81be77ef4a84b4cae60'}, 'date': {'date': '2021-05-29'}, 'block': {'height': 12529831}}, {'smartContract': {'address': {'address': '0x18c5203287bdd3a7098d11ad7f67cb1e66e7e7c5'}}, 'caller': {'address': '0xdf342ac052b1dd10552df81be77ef4a84b4cae60'}, 'date': {'date': '2021-05-29'}, 'block': {'height': 12529829}}, {'smartContract': {'address': {'address': '0xd0bd07a31411423d10752a03c18f0fd26eb6937d'}}, 'caller': {'address': '0xdf342ac052b1dd10552df81be77ef4a84b4cae60'}, 'date': {'date': '2021-05-29'}, 'block': {'height': 12529806}}, {'smartContract': {'address': {'address': '0x222c142d8ac0adf27d20801464de93431c00f822'}}, 'caller': {'address': '0xdf342ac052b1dd10552df81be77ef4a84b4cae60'}, 'date': {'date': '2021-05-29'}, 'block': {'height': 12529799}}, {'smartContract': {'address': {'address': '0x82bcd4e405fdc2851b400c5fb36bbddf66a9ff83'}}, 'caller': {'address': '0xdf342ac052b1dd10552df81be77ef4a84b4cae60'}, 'date': {'date': '2021-05-29'}, 'block': {'height': 12529791}}, {'smartContract': {'address': {'address': '0xbb773d84bc0e24c66abf9c94dbdca278de0ab3c6'}}, 'caller': {'address': '0xdf342ac052b1dd10552df81be77ef4a84b4cae60'}, 'date': {'date': '2021-05-29'}, 'block': {'height': 12529790}}, {'smartContract': {'address': {'address': '0xe6fa7cc2ab8cab5f77a752d8161a0e9978ea2935'}}, 'caller': {'address': '0xdf342ac052b1dd10552df81be77ef4a84b4cae60'}, 'date': {'date': '2021-05-29'}, 'block': {'height': 12529779}}, {'smartContract': {'address': {'address': '0x036654cf1f0fea99d58ef045e5bad6587efded99'}}, 'caller': {'address': '0xdf342ac052b1dd10552df81be77ef4a84b4cae60'}, 'date': {'date': '2021-05-29'}, 'block': {'height': 12529771}}, {'smartContract': {'address': {'address': '0x9c9cbc1b82672aabb26d76b1e09035a354b9991a'}}, 'caller': {'address': '0xdf342ac052b1dd10552df81be77ef4a84b4cae60'}, 'date': {'date': '2021-05-29'}, 'block': {'height': 12529763}}, {'smartContract': {'address': {'address': '0xef2abbd50d83e40219af4f66c50e6789a70c26e5'}}, 'caller': {'address': '0xdf342ac052b1dd10552df81be77ef4a84b4cae60'}, 'date': {'date': '2021-05-29'}, 'block': {'height': 12529748}}, {'smartContract': {'address': {'address': '0x25ea79601432559245d938372735e341dd10b242'}}, 'caller': {'address': '0xdf342ac052b1dd10552df81be77ef4a84b4cae60'}, 'date': {'date': '2021-05-29'}, 'block': {'height': 12529731}}, {'smartContract': {'address': {'address': '0x4243b297ccfbfc6f7615fb4b4e6e3373ecf2955b'}}, 'caller': {'address': '0xdf342ac052b1dd10552df81be77ef4a84b4cae60'}, 'date': {'date': '2021-05-29'}, 'block': {'height': 12529728}}, {'smartContract': {'address': {'address': '0x4cc488da00dd587f1d664c7af5345a9d6cfe1807'}}, 'caller': {'address': '0xdf342ac052b1dd10552df81be77ef4a84b4cae60'}, 'date': {'date': '2021-05-29'}, 'block': {'height': 12529720}}, {'smartContract': {'address': {'address': '0x910fa90bb0335f7d5539775fd9a494e64e1a0785'}}, 'caller': {'address': '0xdf342ac052b1dd10552df81be77ef4a84b4cae60'}, 'date': {'date': '2021-05-29'}, 'block': {'height': 12529719}}, {'smartContract': {'address': {'address': '0x19b1351891e8a5589ef5df4af6cb0a0f3cee853e'}}, 'caller': {'address': '0xdf342ac052b1dd10552df81be77ef4a84b4cae60'}, 'date': {'date': '2021-05-29'}, 'block': {'height': 12529710}}, {'smartContract': {'address': {'address': '0x6b96e1df9529ec1a39514767b15167b2ad1bb61f'}}, 'caller': {'address': '0xdf342ac052b1dd10552df81be77ef4a84b4cae60'}, 'date': {'date': '2021-05-29'}, 'block': {'height': 12529708}}, {'smartContract': {'address': {'address': '0x646d08da23adb3d71004c44ae99caa2ebfb43a0c'}}, 'caller': {'address': '0xdf342ac052b1dd10552df81be77ef4a84b4cae60'}, 'date': {'date': '2021-05-29'}, 'block': {'height': 12529702}}, {'smartContract': {'address': {'address': '0xe7ca02be246e0bcb649c8ab2a0ff42696dd2b0f9'}}, 'caller': {'address': '0xdf342ac052b1dd10552df81be77ef4a84b4cae60'}, 'date': {'date': '2021-05-29'}, 'block': {'height': 12529675}}, {'smartContract': {'address': {'address': '0xac545197817c592b4a3202c561e6f6ee27a3a36c'}}, 'caller': {'address': '0xdf342ac052b1dd10552df81be77ef4a84b4cae60'}, 'date': {'date': '2021-05-29'}, 'block': {'height': 12529653}}, {'smartContract': {'address': {'address': '0x7d2691f5ceb0f423d9d5f0ee411b29ae56f8aeda'}}, 'caller': {'address': '0xdf342ac052b1dd10552df81be77ef4a84b4cae60'}, 'date': {'date': '2021-05-29'}, 'block': {'height': 12529642}}, {'smartContract': {'address': {'address': '0x07afd4d6b73fa8de268868f398d4a50f1a10a7cc'}}, 'caller': {'address': '0xdf342ac052b1dd10552df81be77ef4a84b4cae60'}, 'date': {'date': '2021-05-29'}, 'block': {'height': 12529641}}, {'smartContract': {'address': {'address': '0xd480c9325029528740376ce567e8b39bf27a98fc'}}, 'caller': {'address': '0xdf342ac052b1dd10552df81be77ef4a84b4cae60'}, 'date': {'date': '2021-05-29'}, 'block': {'height': 12529633}}, {'smartContract': {'address': {'address': '0x14f768075368d21095416dc9504c91f77288cb34'}}, 'caller': {'address': '0xdf342ac052b1dd10552df81be77ef4a84b4cae60'}, 'date': {'date': '2021-05-29'}, 'block': {'height': 12529632}}, {'smartContract': {'address': {'address': '0xb9adef4f1938884f2b82095c6e837b77e5d39af1'}}, 'caller': {'address': '0xdf342ac052b1dd10552df81be77ef4a84b4cae60'}, 'date': {'date': '2021-05-29'}, 'block': {'height': 12529615}}, {'smartContract': {'address': {'address': '0xded5c1693a4d1362c9ae250d9b4b10380ac9f690'}}, 'caller': {'address': '0xdf342ac052b1dd10552df81be77ef4a84b4cae60'}, 'date': {'date': '2021-05-29'}, 'block': {'height': 12529610}}, {'smartContract': {'address': {'address': '0x63ed6e696c5783409c396ddca3ced1f8e9b7c206'}}, 'caller': {'address': '0xdf342ac052b1dd10552df81be77ef4a84b4cae60'}, 'date': {'date': '2021-05-29'}, 'block': {'height': 12529600}}, {'smartContract': {'address': {'address': '0x0c638d2ca0f41a01da831f57087cb09a4438531e'}}, 'caller': {'address': '0xdf342ac052b1dd10552df81be77ef4a84b4cae60'}, 'date': {'date': '2021-05-29'}, 'block': {'height': 12529597}}, {'smartContract': {'address': {'address': '0xc387dce727163bed366dc3c8a681974df0b4ef87'}}, 'caller': {'address': '0xdf342ac052b1dd10552df81be77ef4a84b4cae60'}, 'date': {'date': '2021-05-29'}, 'block': {'height': 12529594}}, {'smartContract': {'address': {'address': '0xb7d4079d6890f7fdca7be2329cf985fbfd6209a7'}}, 'caller': {'address': '0xdf342ac052b1dd10552df81be77ef4a84b4cae60'}, 'date': {'date': '2021-05-29'}, 'block': {'height': 12529588}}, {'smartContract': {'address': {'address': '0xca46fd4e7c14c3c095dc0e226abcb24b511ded64'}}, 'caller': {'address': '0xdf342ac052b1dd10552df81be77ef4a84b4cae60'}, 'date': {'date': '2021-05-29'}, 'block': {'height': 12529571}}, {'smartContract': {'address': {'address': '0xa5d9b86abd9c5be4d82ace958dde9e6d1ea315db'}}, 'caller': {'address': '0xdf342ac052b1dd10552df81be77ef4a84b4cae60'}, 'date': {'date': '2021-05-29'}, 'block': {'height': 12529563}}, {'smartContract': {'address': {'address': '0x0321d99ef353fd25a29b0805125f9203c75352f8'}}, 'caller': {'address': '0xdf342ac052b1dd10552df81be77ef4a84b4cae60'}, 'date': {'date': '2021-05-29'}, 'block': {'height': 12529562}}, {'smartContract': {'address': {'address': '0x51022e453e2b779ff943b4e95b23e3fd2946d607'}}, 'caller': {'address': '0xdf342ac052b1dd10552df81be77ef4a84b4cae60'}, 'date': {'date': '2021-05-29'}, 'block': {'height': 12529552}}, {'smartContract': {'address': {'address': '0x99cd8c52da9bce099fc443ee968e00f3bbbc31f5'}}, 'caller': {'address': '0xdf342ac052b1dd10552df81be77ef4a84b4cae60'}, 'date': {'date': '2021-05-29'}, 'block': {'height': 12529542}}, {'smartContract': {'address': {'address': '0x2b014d5869a827c86a4dc68ec442c38e414f88d1'}}, 'caller': {'address': '0xdf342ac052b1dd10552df81be77ef4a84b4cae60'}, 'date': {'date': '2021-05-29'}, 'block': {'height': 12529539}}, {'smartContract': {'address': {'address': '0xfea490228b441f03076a69ba5e084ae2c6e057e1'}}, 'caller': {'address': '0xdf342ac052b1dd10552df81be77ef4a84b4cae60'}, 'date': {'date': '2021-05-29'}, 'block': {'height': 12529528}}, {'smartContract': {'address': {'address': '0x6b0f2f581df2a857d562cfcf9d89a0f14d7510f7'}}, 'caller': {'address': '0xdf342ac052b1dd10552df81be77ef4a84b4cae60'}, 'date': {'date': '2021-05-29'}, 'block': {'height': 12529516}}, {'smartContract': {'address': {'address': '0x6b91b1893e9be183baede5ad32c9418ec5fd56eb'}}, 'caller': {'address': '0xdf342ac052b1dd10552df81be77ef4a84b4cae60'}, 'date': {'date': '2021-05-29'}, 'block': {'height': 12529513}}, {'smartContract': {'address': {'address': '0xb43b25ce9cbd9a6073fbe5b3ffc0aef8f49373ac'}}, 'caller': {'address': '0xdf342ac052b1dd10552df81be77ef4a84b4cae60'}, 'date': {'date': '2021-05-29'}, 'block': {'height': 12529507}}, {'smartContract': {'address': {'address': '0xd756ea477f5e14e9971fae626d1251efd07fe2a6'}}, 'caller': {'address': '0xdf342ac052b1dd10552df81be77ef4a84b4cae60'}, 'date': {'date': '2021-05-29'}, 'block': {'height': 12529493}}, {'smartContract': {'address': {'address': '0xd397951a94342b8a9bd5dc6518e304e75f225882'}}, 'caller': {'address': '0xdf342ac052b1dd10552df81be77ef4a84b4cae60'}, 'date': {'date': '2021-05-29'}, 'block': {'height': 12529474}}, {'smartContract': {'address': {'address': '0x786ee8962a30d5bee8a848e98cf75c6a01eb190a'}}, 'caller': {'address': '0xdf342ac052b1dd10552df81be77ef4a84b4cae60'}, 'date': {'date': '2021-05-29'}, 'block': {'height': 12529419}}, {'smartContract': {'address': {'address': '0xc94c554bfcc7d5fdbabd46817d235892e2d62201'}}, 'caller': {'address': '0xdf342ac052b1dd10552df81be77ef4a84b4cae60'}, 'date': {'date': '2021-05-29'}, 'block': {'height': 12529404}}, {'smartContract': {'address': {'address': '0xdfb5124b60d03cb33405d86d2906a52804955f27'}}, 'caller': {'address': '0xdf342ac052b1dd10552df81be77ef4a84b4cae60'}, 'date': {'date': '2021-05-29'}, 'block': {'height': 12529395}}, {'smartContract': {'address': {'address': '0x889a70b0f8b49340812fee9f1ba229225bc47b95'}}, 'caller': {'address': '0xdf342ac052b1dd10552df81be77ef4a84b4cae60'}, 'date': {'date': '2021-05-29'}, 'block': {'height': 12529386}}, {'smartContract': {'address': {'address': '0xf4ab1932c85b8fd52c7b605e108e1e01a069da18'}}, 'caller': {'address': '0xdf342ac052b1dd10552df81be77ef4a84b4cae60'}, 'date': {'date': '2021-05-29'}, 'block': {'height': 12529384}}, {'smartContract': {'address': {'address': '0x4d0640b22c701ff95d6f66faa1bddd76c1c9e8ab'}}, 'caller': {'address': '0xdf342ac052b1dd10552df81be77ef4a84b4cae60'}, 'date': {'date': '2021-05-29'}, 'block': {'height': 12529384}}, {'smartContract': {'address': {'address': '0xad6eb0fb104091fa71e2c3861eccbc3a6916c75a'}}, 'caller': {'address': '0xdf342ac052b1dd10552df81be77ef4a84b4cae60'}, 'date': {'date': '2021-05-29'}, 'block': {'height': 12529376}}, {'smartContract': {'address': {'address': '0x4955ca593e557674b4a9fee2466be9295b8242db'}}, 'caller': {'address': '0xdf342ac052b1dd10552df81be77ef4a84b4cae60'}, 'date': {'date': '2021-05-29'}, 'block': {'height': 12529375}}, {'smartContract': {'address': {'address': '0x6592fbeeb3de5aca466167e49ec66e0258a4115b'}}, 'caller': {'address': '0xdf342ac052b1dd10552df81be77ef4a84b4cae60'}, 'date': {'date': '2021-05-29'}, 'block': {'height': 12529364}}, {'smartContract': {'address': {'address': '0x40fcb910b9fefc9c6402750b733e469b4bcd44d1'}}, 'caller': {'address': '0xdf342ac052b1dd10552df81be77ef4a84b4cae60'}, 'date': {'date': '2021-05-29'}, 'block': {'height': 12529361}}, {'smartContract': {'address': {'address': '0x7336afa7198e913376d3a34563ec034ba6f2f191'}}, 'caller': {'address': '0xdf342ac052b1dd10552df81be77ef4a84b4cae60'}, 'date': {'date': '2021-05-29'}, 'block': {'height': 12529357}}, {'smartContract': {'address': {'address': '0xa1bbadb01f9b85176b0ced3e344b7a8141043841'}}, 'caller': {'address': '0xdf342ac052b1dd10552df81be77ef4a84b4cae60'}, 'date': {'date': '2021-05-29'}, 'block': {'height': 12529343}}, {'smartContract': {'address': {'address': '0xd6173b942766e250cc87e1841d572f8c214c3cc4'}}, 'caller': {'address': '0xdf342ac052b1dd10552df81be77ef4a84b4cae60'}, 'date': {'date': '2021-05-29'}, 'block': {'height': 12529327}}, {'smartContract': {'address': {'address': '0x6c132088def7c6b6c2f245362c3c14f9a7ebef85'}}, 'caller': {'address': '0xdf342ac052b1dd10552df81be77ef4a84b4cae60'}, 'date': {'date': '2021-05-29'}, 'block': {'height': 12529321}}, {'smartContract': {'address': {'address': '0xe050e0696fb9eb7c2a424025aad3bdcc5b877793'}}, 'caller': {'address': '0xdf342ac052b1dd10552df81be77ef4a84b4cae60'}, 'date': {'date': '2021-05-29'}, 'block': {'height': 12529317}}, {'smartContract': {'address': {'address': '0x3d44a19ae6217381bdb782505b6d2b0642aa4a13'}}, 'caller': {'address': '0xdf342ac052b1dd10552df81be77ef4a84b4cae60'}, 'date': {'date': '2021-05-29'}, 'block': {'height': 12529314}}, {'smartContract': {'address': {'address': '0x9d063ca9c7f92089614da196b2d88afdf343b0c7'}}, 'caller': {'address': '0xdf342ac052b1dd10552df81be77ef4a84b4cae60'}, 'date': {'date': '2021-05-29'}, 'block': {'height': 12529310}}, {'smartContract': {'address': {'address': '0x1fdc8d2e6b73329677011d9f2a1c2ec4d9dc00f7'}}, 'caller': {'address': '0xdf342ac052b1dd10552df81be77ef4a84b4cae60'}, 'date': {'date': '2021-05-29'}, 'block': {'height': 12529309}}, {'smartContract': {'address': {'address': '0x3e26b62df967da08eba64b9800cc422a8c79caa8'}}, 'caller': {'address': '0xdf342ac052b1dd10552df81be77ef4a84b4cae60'}, 'date': {'date': '2021-05-29'}, 'block': {'height': 12529301}}, {'smartContract': {'address': {'address': '0x1cc6316ef595f7e299065ea33c74d11a1cf1eea3'}}, 'caller': {'address': '0xdf342ac052b1dd10552df81be77ef4a84b4cae60'}, 'date': {'date': '2021-05-29'}, 'block': {'height': 12529296}}, {'smartContract': {'address': {'address': '0xe83aab72f4e016cde12ada331d28a4dafa3b74f3'}}, 'caller': {'address': '0xdf342ac052b1dd10552df81be77ef4a84b4cae60'}, 'date': {'date': '2021-05-29'}, 'block': {'height': 12529291}}, {'smartContract': {'address': {'address': '0x783cf9cf627c87ac5790fc6a9d78e348f890e42f'}}, 'caller': {'address': '0xdf342ac052b1dd10552df81be77ef4a84b4cae60'}, 'date': {'date': '2021-05-29'}, 'block': {'height': 12529281}}, {'smartContract': {'address': {'address': '0xa3e080d9ace354c3a6c0e3b2b0a9f23298d94353'}}, 'caller': {'address': '0xdf342ac052b1dd10552df81be77ef4a84b4cae60'}, 'date': {'date': '2021-05-29'}, 'block': {'height': 12529266}}, {'smartContract': {'address': {'address': '0xa2e754ab02cd8b9780e872c3dd1b7735373351e5'}}, 'caller': {'address': '0xdf342ac052b1dd10552df81be77ef4a84b4cae60'}, 'date': {'date': '2021-05-29'}, 'block': {'height': 12529264}}, {'smartContract': {'address': {'address': '0xd5ca084b66b4c6279e75e0a79246140b189c6e32'}}, 'caller': {'address': '0xdf342ac052b1dd10552df81be77ef4a84b4cae60'}, 'date': {'date': '2021-05-29'}, 'block': {'height': 12529241}}, {'smartContract': {'address': {'address': '0x3363fac31fdbd00707c339bb117992b0fff8a5dc'}}, 'caller': {'address': '0xdf342ac052b1dd10552df81be77ef4a84b4cae60'}, 'date': {'date': '2021-05-29'}, 'block': {'height': 12529240}}, {'smartContract': {'address': {'address': '0xffa1cd61e21b16b78e3fd3481267e67d3316980e'}}, 'caller': {'address': '0xdf342ac052b1dd10552df81be77ef4a84b4cae60'}, 'date': {'date': '2021-05-29'}, 'block': {'height': 12529236}}, {'smartContract': {'address': {'address': '0x64f9f22fa7f761c21d169df2b3343b18a9b50a15'}}, 'caller': {'address': '0xdf342ac052b1dd10552df81be77ef4a84b4cae60'}, 'date': {'date': '2021-05-29'}, 'block': {'height': 12529223}}, {'smartContract': {'address': {'address': '0xa9a534ea789b0fa20266fb6a036f5aa318b61e85'}}, 'caller': {'address': '0xdf342ac052b1dd10552df81be77ef4a84b4cae60'}, 'date': {'date': '2021-05-29'}, 'block': {'height': 12529213}}, {'smartContract': {'address': {'address': '0xef243965ac864423b43335d0a4c23067755e7f4c'}}, 'caller': {'address': '0xdf342ac052b1dd10552df81be77ef4a84b4cae60'}, 'date': {'date': '2021-05-29'}, 'block': {'height': 12529203}}, {'smartContract': {'address': {'address': '0x11dd9d239d9b047d3b8ec870f40ad207c1dcb414'}}, 'caller': {'address': '0xdf342ac052b1dd10552df81be77ef4a84b4cae60'}, 'date': {'date': '2021-05-29'}, 'block': {'height': 12529175}}, {'smartContract': {'address': {'address': '0xd292c518636e37ad622a1f96b1b55535cc97e95c'}}, 'caller': {'address': '0xdf342ac052b1dd10552df81be77ef4a84b4cae60'}, 'date': {'date': '2021-05-29'}, 'block': {'height': 12529172}}, {'smartContract': {'address': {'address': '0x26e1164582258851889a0256d4bbc11c47deead1'}}, 'caller': {'address': '0xdf342ac052b1dd10552df81be77ef4a84b4cae60'}, 'date': {'date': '2021-05-29'}, 'block': {'height': 12529167}}, {'smartContract': {'address': {'address': '0xed15b185fb42003b03b89fa185ee6a6de0778618'}}, 'caller': {'address': '0xdf342ac052b1dd10552df81be77ef4a84b4cae60'}, 'date': {'date': '2021-05-29'}, 'block': {'height': 12529159}}, {'smartContract': {'address': {'address': '0x45b90ed252646dbf744a1f6ab315cf19239c6039'}}, 'caller': {'address': '0xdf342ac052b1dd10552df81be77ef4a84b4cae60'}, 'date': {'date': '2021-05-29'}, 'block': {'height': 12529155}}, {'smartContract': {'address': {'address': '0xf25ecb13715e9d0bfd9db4e6a499b0ff0cf05b3e'}}, 'caller': {'address': '0xdf342ac052b1dd10552df81be77ef4a84b4cae60'}, 'date': {'date': '2021-05-29'}, 'block': {'height': 12529147}}, {'smartContract': {'address': {'address': '0xdd510bc858eb0cfba39e3e2f328f6ef91fb50d3e'}}, 'caller': {'address': '0xdf342ac052b1dd10552df81be77ef4a84b4cae60'}, 'date': {'date': '2021-05-29'}, 'block': {'height': 12529142}}, {'smartContract': {'address': {'address': '0xf081eec13be8d99eafcc2e6ced6091ce7a18b764'}}, 'caller': {'address': '0xdf342ac052b1dd10552df81be77ef4a84b4cae60'}, 'date': {'date': '2021-05-29'}, 'block': {'height': 12529127}}, {'smartContract': {'address': {'address': '0x3d282d2861fefdb0da6c038b05435beda49a9b86'}}, 'caller': {'address': '0xdf342ac052b1dd10552df81be77ef4a84b4cae60'}, 'date': {'date': '2021-05-29'}, 'block': {'height': 12529124}}, {'smartContract': {'address': {'address': '0x854a238c133fed2a40a875729c679a1341e9e9ca'}}, 'caller': {'address': '0xdf342ac052b1dd10552df81be77ef4a84b4cae60'}, 'date': {'date': '2021-05-29'}, 'block': {'height': 12529112}}]",2021-05-25
197,197,0xeEAA40B28A2d1b0B08f6f97bB1DD4B75316c6107,GOVI (GOVI),https://github.com/coti-io/cvi-contracts,0xCedAD8C0Ae5e0a878c01cC8c81E0Ca2DbA909deD,1132048.486,"[{'smartContract': {'address': {'address': '0x7b1e5d6c4c82bea3d8c509c52b62daf53b748363'}}, 'caller': {'address': '0xcedad8c0ae5e0a878c01cc8c81e0ca2dba909ded'}, 'date': {'date': '2022-01-04'}, 'block': {'height': 13939861}}, {'smartContract': {'address': {'address': '0x27f57fd24f8a179f5b57586d809afa7cb649151f'}}, 'caller': {'address': '0xcedad8c0ae5e0a878c01cc8c81e0ca2dba909ded'}, 'date': {'date': '2021-12-08'}, 'block': {'height': 13765739}}, {'smartContract': {'address': {'address': '0xa9f8754a34aed9efab3d543ce199b4aaf6a506c7'}}, 'caller': {'address': '0xcedad8c0ae5e0a878c01cc8c81e0ca2dba909ded'}, 'date': {'date': '2021-12-02'}, 'block': {'height': 13727610}}, {'smartContract': {'address': {'address': '0xfe1185a6066fcd9ceafd24cb2fc8dcf13874177e'}}, 'caller': {'address': '0xcedad8c0ae5e0a878c01cc8c81e0ca2dba909ded'}, 'date': {'date': '2021-11-30'}, 'block': {'height': 13716234}}, {'smartContract': {'address': {'address': '0x581ed39ff93ad50700f18e00857811935cb222ff'}}, 'caller': {'address': '0xcedad8c0ae5e0a878c01cc8c81e0ca2dba909ded'}, 'date': {'date': '2021-11-30'}, 'block': {'height': 13716216}}, {'smartContract': {'address': {'address': '0x55ab074cfb5d07bbb5d1561969a079914df5053a'}}, 'caller': {'address': '0xcedad8c0ae5e0a878c01cc8c81e0ca2dba909ded'}, 'date': {'date': '2021-11-25'}, 'block': {'height': 13683329}}, {'smartContract': {'address': {'address': '0x78852f82632da2f00d931f9465d7162d1ed8b93c'}}, 'caller': {'address': '0xcedad8c0ae5e0a878c01cc8c81e0ca2dba909ded'}, 'date': {'date': '2021-11-24'}, 'block': {'height': 13677757}}, {'smartContract': {'address': {'address': '0xf9057e3189a357422933535d8022a25412b31f8c'}}, 'caller': {'address': '0xcedad8c0ae5e0a878c01cc8c81e0ca2dba909ded'}, 'date': {'date': '2021-11-24'}, 'block': {'height': 13677748}}, {'smartContract': {'address': {'address': '0x9ad0e2cae661eab5cb42f23d7be66352fcb0219d'}}, 'caller': {'address': '0xcedad8c0ae5e0a878c01cc8c81e0ca2dba909ded'}, 'date': {'date': '2021-11-21'}, 'block': {'height': 13659834}}, {'smartContract': {'address': {'address': '0x337f91f5a3f688445d2f29496f33f75ec1b93728'}}, 'caller': {'address': '0xcedad8c0ae5e0a878c01cc8c81e0ca2dba909ded'}, 'date': {'date': '2021-11-16'}, 'block': {'height': 13627382}}, {'smartContract': {'address': {'address': '0x31b1d6b8a54df568ab9a3659ef269534b9cd5d1e'}}, 'caller': {'address': '0xcedad8c0ae5e0a878c01cc8c81e0ca2dba909ded'}, 'date': {'date': '2021-11-16'}, 'block': {'height': 13627377}}, {'smartContract': {'address': {'address': '0xf2cab8d689c8cdf7cb7927c8eddc65d5cef18642'}}, 'caller': {'address': '0xcedad8c0ae5e0a878c01cc8c81e0ca2dba909ded'}, 'date': {'date': '2021-11-16'}, 'block': {'height': 13626646}}, {'smartContract': {'address': {'address': '0x717508a974cca423343d8c2a71d257f799ac4dbd'}}, 'caller': {'address': '0xcedad8c0ae5e0a878c01cc8c81e0ca2dba909ded'}, 'date': {'date': '2021-11-16'}, 'block': {'height': 13626532}}, {'smartContract': {'address': {'address': '0x2167eefb9ecb52fb6fcf1ff8f7dae6f0121f4fbc'}}, 'caller': {'address': '0xcedad8c0ae5e0a878c01cc8c81e0ca2dba909ded'}, 'date': {'date': '2021-11-16'}, 'block': {'height': 13626461}}, {'smartContract': {'address': {'address': '0x959fde094d975a2ae4f266d528b5ae28bfa51ec4'}}, 'caller': {'address': '0xcedad8c0ae5e0a878c01cc8c81e0ca2dba909ded'}, 'date': {'date': '2021-11-16'}, 'block': {'height': 13626456}}, {'smartContract': {'address': {'address': '0xc19cdd1b4e7c12edfbfbd12c9cf4cd1cde29e70d'}}, 'caller': {'address': '0xcedad8c0ae5e0a878c01cc8c81e0ca2dba909ded'}, 'date': {'date': '2021-11-16'}, 'block': {'height': 13626448}}, {'smartContract': {'address': {'address': '0xf359e1bd63c3308b77d6424a6dc9bfc78bb64922'}}, 'caller': {'address': '0xcedad8c0ae5e0a878c01cc8c81e0ca2dba909ded'}, 'date': {'date': '2021-11-16'}, 'block': {'height': 13626445}}, {'smartContract': {'address': {'address': '0x44f671c28454d8f490088fa77f564a06a8caeba2'}}, 'caller': {'address': '0xcedad8c0ae5e0a878c01cc8c81e0ca2dba909ded'}, 'date': {'date': '2021-11-16'}, 'block': {'height': 13626412}}, {'smartContract': {'address': {'address': '0x284c036d52c4fd52af1cedeea5efc9160587133b'}}, 'caller': {'address': '0xcedad8c0ae5e0a878c01cc8c81e0ca2dba909ded'}, 'date': {'date': '2021-10-05'}, 'block': {'height': 13358303}}, {'smartContract': {'address': {'address': '0x967440f87132008184c25b9c385860e908df1a6d'}}, 'caller': {'address': '0xcedad8c0ae5e0a878c01cc8c81e0ca2dba909ded'}, 'date': {'date': '2021-09-26'}, 'block': {'height': 13302540}}, {'smartContract': {'address': {'address': '0x130d6a27c254d3492779b06e186cd5c90f57aa99'}}, 'caller': {'address': '0xcedad8c0ae5e0a878c01cc8c81e0ca2dba909ded'}, 'date': {'date': '2021-09-05'}, 'block': {'height': 13167210}}, {'smartContract': {'address': {'address': '0xb18db09645801c74e26cee4a09cc11fa8aeba751'}}, 'caller': {'address': '0xcedad8c0ae5e0a878c01cc8c81e0ca2dba909ded'}, 'date': {'date': '2021-09-05'}, 'block': {'height': 13166766}}, {'smartContract': {'address': {'address': '0xb3fd83aef518df231bfece15ede5702b710d8da7'}}, 'caller': {'address': '0xcedad8c0ae5e0a878c01cc8c81e0ca2dba909ded'}, 'date': {'date': '2021-07-28'}, 'block': {'height': 12913509}}, {'smartContract': {'address': {'address': '0x36bab6b3b722f90475b8e681b4b0a4dc68ee5399'}}, 'caller': {'address': '0xcedad8c0ae5e0a878c01cc8c81e0ca2dba909ded'}, 'date': {'date': '2021-07-27'}, 'block': {'height': 12909423}}, {'smartContract': {'address': {'address': '0x43b576de0fd3e9f2b43f824608aceae8e2a4a912'}}, 'caller': {'address': '0xcedad8c0ae5e0a878c01cc8c81e0ca2dba909ded'}, 'date': {'date': '2021-07-27'}, 'block': {'height': 12909413}}, {'smartContract': {'address': {'address': '0xd966f0235ca332e92809f9aeed0fe615a9ee7c88'}}, 'caller': {'address': '0xcedad8c0ae5e0a878c01cc8c81e0ca2dba909ded'}, 'date': {'date': '2021-07-27'}, 'block': {'height': 12909411}}, {'smartContract': {'address': {'address': '0xb4e50da25a1f8c75dcd19209de222759f422a468'}}, 'caller': {'address': '0xcedad8c0ae5e0a878c01cc8c81e0ca2dba909ded'}, 'date': {'date': '2021-07-27'}, 'block': {'height': 12909263}}, {'smartContract': {'address': {'address': '0x0e0da40101d8f6eb1b1d6b0215327e8452e0bc60'}}, 'caller': {'address': '0xcedad8c0ae5e0a878c01cc8c81e0ca2dba909ded'}, 'date': {'date': '2021-07-27'}, 'block': {'height': 12909261}}, {'smartContract': {'address': {'address': '0x2eab109de23905fefd65784820e44fc06ce7eeab'}}, 'caller': {'address': '0xcedad8c0ae5e0a878c01cc8c81e0ca2dba909ded'}, 'date': {'date': '2021-07-27'}, 'block': {'height': 12909255}}, {'smartContract': {'address': {'address': '0x6cdd3d250fe4bcd65822415ade4ac00040c404d6'}}, 'caller': {'address': '0xcedad8c0ae5e0a878c01cc8c81e0ca2dba909ded'}, 'date': {'date': '2021-07-27'}, 'block': {'height': 12909248}}, {'smartContract': {'address': {'address': '0x558de8ff1fd1d12b8f73e7780e460b9e10b7b249'}}, 'caller': {'address': '0xcedad8c0ae5e0a878c01cc8c81e0ca2dba909ded'}, 'date': {'date': '2021-07-27'}, 'block': {'height': 12909243}}, {'smartContract': {'address': {'address': '0xcf672fdcee6d19dfdedc8f2f0219c61172d4a53a'}}, 'caller': {'address': '0xcedad8c0ae5e0a878c01cc8c81e0ca2dba909ded'}, 'date': {'date': '2021-07-27'}, 'block': {'height': 12909237}}, {'smartContract': {'address': {'address': '0x0b38d97d6616485ae3390c8843121a37ad725619'}}, 'caller': {'address': '0xcedad8c0ae5e0a878c01cc8c81e0ca2dba909ded'}, 'date': {'date': '2021-07-27'}, 'block': {'height': 12909179}}, {'smartContract': {'address': {'address': '0x9bc99ed62555f8f0dd1566681a2327500f62a19e'}}, 'caller': {'address': '0xcedad8c0ae5e0a878c01cc8c81e0ca2dba909ded'}, 'date': {'date': '2021-07-27'}, 'block': {'height': 12909074}}, {'smartContract': {'address': {'address': '0x2d05ba27fe35410972ea1d3f59dc358e95e16c6f'}}, 'caller': {'address': '0xcedad8c0ae5e0a878c01cc8c81e0ca2dba909ded'}, 'date': {'date': '2021-06-24'}, 'block': {'height': 12697857}}, {'smartContract': {'address': {'address': '0x1fff08dbde98afce0b0af2bf634bc2f95242c584'}}, 'caller': {'address': '0xcedad8c0ae5e0a878c01cc8c81e0ca2dba909ded'}, 'date': {'date': '2021-06-23'}, 'block': {'height': 12691044}}, {'smartContract': {'address': {'address': '0x4b1fc384928406a08bee9cca204cd57cc942bf69'}}, 'caller': {'address': '0xcedad8c0ae5e0a878c01cc8c81e0ca2dba909ded'}, 'date': {'date': '2021-06-18'}, 'block': {'height': 12658425}}, {'smartContract': {'address': {'address': '0x2444722a73564060808e0124f4b80bda436599a0'}}, 'caller': {'address': '0xcedad8c0ae5e0a878c01cc8c81e0ca2dba909ded'}, 'date': {'date': '2021-06-17'}, 'block': {'height': 12652651}}, {'smartContract': {'address': {'address': '0x3d37c21745e254737d7290eb2af9ca8dd23ede5f'}}, 'caller': {'address': '0xcedad8c0ae5e0a878c01cc8c81e0ca2dba909ded'}, 'date': {'date': '2021-06-17'}, 'block': {'height': 12652641}}, {'smartContract': {'address': {'address': '0xf4e153d2622700840588b68c2de6f65b79f972fa'}}, 'caller': {'address': '0xcedad8c0ae5e0a878c01cc8c81e0ca2dba909ded'}, 'date': {'date': '2021-06-17'}, 'block': {'height': 12652638}}, {'smartContract': {'address': {'address': '0x2878f5baf3ebf1de939916901da0a825ad37f7a1'}}, 'caller': {'address': '0xcedad8c0ae5e0a878c01cc8c81e0ca2dba909ded'}, 'date': {'date': '2021-06-17'}, 'block': {'height': 12652577}}, {'smartContract': {'address': {'address': '0x858d7cc649b5bd484caf859749cf17ed89249e11'}}, 'caller': {'address': '0xcedad8c0ae5e0a878c01cc8c81e0ca2dba909ded'}, 'date': {'date': '2021-06-17'}, 'block': {'height': 12652571}}, {'smartContract': {'address': {'address': '0xfa045835008058392ebfe2372ec6a1b1049b2c79'}}, 'caller': {'address': '0xcedad8c0ae5e0a878c01cc8c81e0ca2dba909ded'}, 'date': {'date': '2021-06-17'}, 'block': {'height': 12652566}}, {'smartContract': {'address': {'address': '0xbdfe39742b998eff02ad3d2cc44380475e7f9a03'}}, 'caller': {'address': '0xcedad8c0ae5e0a878c01cc8c81e0ca2dba909ded'}, 'date': {'date': '2021-06-17'}, 'block': {'height': 12652376}}, {'smartContract': {'address': {'address': '0x95ef0eb38b203167035131743dd32d02470d9a25'}}, 'caller': {'address': '0xcedad8c0ae5e0a878c01cc8c81e0ca2dba909ded'}, 'date': {'date': '2021-06-17'}, 'block': {'height': 12652373}}, {'smartContract': {'address': {'address': '0x544d18b97fab267d7059f8415366cd019e923cd1'}}, 'caller': {'address': '0xcedad8c0ae5e0a878c01cc8c81e0ca2dba909ded'}, 'date': {'date': '2021-06-17'}, 'block': {'height': 12652035}}, {'smartContract': {'address': {'address': '0x0a6bb1cae5a282a92cc5592bd8dd6495823f6a7f'}}, 'caller': {'address': '0xcedad8c0ae5e0a878c01cc8c81e0ca2dba909ded'}, 'date': {'date': '2021-06-16'}, 'block': {'height': 12646486}}, {'smartContract': {'address': {'address': '0xc9529ca1d341b6b4791a4527915a96706d805e21'}}, 'caller': {'address': '0xcedad8c0ae5e0a878c01cc8c81e0ca2dba909ded'}, 'date': {'date': '2021-06-16'}, 'block': {'height': 12646484}}, {'smartContract': {'address': {'address': '0x70a18d240003d20b8f82c769bbbfc0d92079cc00'}}, 'caller': {'address': '0xcedad8c0ae5e0a878c01cc8c81e0ca2dba909ded'}, 'date': {'date': '2021-05-23'}, 'block': {'height': 12493254}}, {'smartContract': {'address': {'address': '0x2e5069474e75ec596064f8b4c68ac1c166231732'}}, 'caller': {'address': '0xcedad8c0ae5e0a878c01cc8c81e0ca2dba909ded'}, 'date': {'date': '2021-05-23'}, 'block': {'height': 12493251}}, {'smartContract': {'address': {'address': '0xba67c8e5c5fae26b9d30f1792ef863a598a0c0ab'}}, 'caller': {'address': '0xcedad8c0ae5e0a878c01cc8c81e0ca2dba909ded'}, 'date': {'date': '2021-05-23'}, 'block': {'height': 12493247}}, {'smartContract': {'address': {'address': '0x1c746415d73d4cbc995e5eb80ddd07e698a32c8c'}}, 'caller': {'address': '0xcedad8c0ae5e0a878c01cc8c81e0ca2dba909ded'}, 'date': {'date': '2021-04-27'}, 'block': {'height': 12323687}}, {'smartContract': {'address': {'address': '0xd5a222b80788e36f707addc74c3cb5de7e43f1b0'}}, 'caller': {'address': '0xcedad8c0ae5e0a878c01cc8c81e0ca2dba909ded'}, 'date': {'date': '2021-04-27'}, 'block': {'height': 12323684}}, {'smartContract': {'address': {'address': '0xd5c0a6094f005d75b6e99a3da8d0b80127027c99'}}, 'caller': {'address': '0xcedad8c0ae5e0a878c01cc8c81e0ca2dba909ded'}, 'date': {'date': '2021-03-30'}, 'block': {'height': 12141180}}, {'smartContract': {'address': {'address': '0x40d203332b0a262f1a371ae9da1788fe6825a6f6'}}, 'caller': {'address': '0xcedad8c0ae5e0a878c01cc8c81e0ca2dba909ded'}, 'date': {'date': '2021-03-30'}, 'block': {'height': 12139448}}, {'smartContract': {'address': {'address': '0x5005e8dc0033e78af80cfc8d10f5163f2fcf0e79'}}, 'caller': {'address': '0xcedad8c0ae5e0a878c01cc8c81e0ca2dba909ded'}, 'date': {'date': '2021-03-30'}, 'block': {'height': 12139444}}, {'smartContract': {'address': {'address': '0x05ba528f40feb3347f14af3bb6d97bf4826cd94f'}}, 'caller': {'address': '0xcedad8c0ae5e0a878c01cc8c81e0ca2dba909ded'}, 'date': {'date': '2021-03-30'}, 'block': {'height': 12139438}}, {'smartContract': {'address': {'address': '0x8d55c22ea6610e3fa4659d3d5f4d751ca1e62573'}}, 'caller': {'address': '0xcedad8c0ae5e0a878c01cc8c81e0ca2dba909ded'}, 'date': {'date': '2021-03-30'}, 'block': {'height': 12139433}}, {'smartContract': {'address': {'address': '0xcf05a60bcbc9c85cb2548dafdc444c666a8f466a'}}, 'caller': {'address': '0xcedad8c0ae5e0a878c01cc8c81e0ca2dba909ded'}, 'date': {'date': '2021-03-21'}, 'block': {'height': 12083328}}, {'smartContract': {'address': {'address': '0x8eed31c1b0e147e56db836c40129eeb03cb62abd'}}, 'caller': {'address': '0xcedad8c0ae5e0a878c01cc8c81e0ca2dba909ded'}, 'date': {'date': '2021-03-21'}, 'block': {'height': 12083321}}, {'smartContract': {'address': {'address': '0x406830a59faac461b846f15598689defd56fb0ad'}}, 'caller': {'address': '0xcedad8c0ae5e0a878c01cc8c81e0ca2dba909ded'}, 'date': {'date': '2021-03-13'}, 'block': {'height': 12030976}}, {'smartContract': {'address': {'address': '0x287839632973f7754c04a9e23d393aa09fa5b6de'}}, 'caller': {'address': '0xcedad8c0ae5e0a878c01cc8c81e0ca2dba909ded'}, 'date': {'date': '2021-03-13'}, 'block': {'height': 12030609}}, {'smartContract': {'address': {'address': '0xe5586fb97720c5559bee7d885ac711b56f11a5c6'}}, 'caller': {'address': '0xcedad8c0ae5e0a878c01cc8c81e0ca2dba909ded'}, 'date': {'date': '2021-03-13'}, 'block': {'height': 12030560}}, {'smartContract': {'address': {'address': '0x0f3ce829151fc85a11b7d8c1dda3aed1fc860195'}}, 'caller': {'address': '0xcedad8c0ae5e0a878c01cc8c81e0ca2dba909ded'}, 'date': {'date': '2021-03-13'}, 'block': {'height': 12030557}}, {'smartContract': {'address': {'address': '0x145e6df857b241efdcb9b78a1b97a032606d47a7'}}, 'caller': {'address': '0xcedad8c0ae5e0a878c01cc8c81e0ca2dba909ded'}, 'date': {'date': '2021-03-13'}, 'block': {'height': 12029602}}, {'smartContract': {'address': {'address': '0x78bb4b95a8063bc55bc0fba620e30c7aa3cef929'}}, 'caller': {'address': '0xcedad8c0ae5e0a878c01cc8c81e0ca2dba909ded'}, 'date': {'date': '2021-03-10'}, 'block': {'height': 12010335}}, {'smartContract': {'address': {'address': '0xe31424213003ac2ab9b3c7a77e56313cbff7e5f8'}}, 'caller': {'address': '0xcedad8c0ae5e0a878c01cc8c81e0ca2dba909ded'}, 'date': {'date': '2021-03-10'}, 'block': {'height': 12010331}}, {'smartContract': {'address': {'address': '0xbe857e635d7b2b471e5fe7c76e605878d252be72'}}, 'caller': {'address': '0xcedad8c0ae5e0a878c01cc8c81e0ca2dba909ded'}, 'date': {'date': '2021-03-10'}, 'block': {'height': 12010322}}, {'smartContract': {'address': {'address': '0x6d48b988d8c206939d3ae08896bac8e0f6e8736d'}}, 'caller': {'address': '0xcedad8c0ae5e0a878c01cc8c81e0ca2dba909ded'}, 'date': {'date': '2021-03-10'}, 'block': {'height': 12010263}}, {'smartContract': {'address': {'address': '0x6fc8cc3e6d3da8b29c4480e77e24dea298293ace'}}, 'caller': {'address': '0xcedad8c0ae5e0a878c01cc8c81e0ca2dba909ded'}, 'date': {'date': '2021-03-10'}, 'block': {'height': 12010260}}, {'smartContract': {'address': {'address': '0x5c2324ac57764b5ce2e333041bc41ea5757b1184'}}, 'caller': {'address': '0xcedad8c0ae5e0a878c01cc8c81e0ca2dba909ded'}, 'date': {'date': '2021-03-10'}, 'block': {'height': 12010250}}, {'smartContract': {'address': {'address': '0x1d752c16ab0e242d9e5c8468422f4a551b18ce4b'}}, 'caller': {'address': '0xcedad8c0ae5e0a878c01cc8c81e0ca2dba909ded'}, 'date': {'date': '2021-02-28'}, 'block': {'height': 11945759}}, {'smartContract': {'address': {'address': '0x404cd4c297e215dbebacdbee68654d64c844d8a0'}}, 'caller': {'address': '0xcedad8c0ae5e0a878c01cc8c81e0ca2dba909ded'}, 'date': {'date': '2021-02-25'}, 'block': {'height': 11926285}}, {'smartContract': {'address': {'address': '0x0c0502cf9a6c0abd7dbbcd6a6bf450d0b0196155'}}, 'caller': {'address': '0xcedad8c0ae5e0a878c01cc8c81e0ca2dba909ded'}, 'date': {'date': '2021-02-25'}, 'block': {'height': 11926281}}, {'smartContract': {'address': {'address': '0x197c25c75ad7e7d211f179c130d94c19ac72e8e8'}}, 'caller': {'address': '0xcedad8c0ae5e0a878c01cc8c81e0ca2dba909ded'}, 'date': {'date': '2021-02-24'}, 'block': {'height': 11922600}}, {'smartContract': {'address': {'address': '0xe9d634d2767079a2bff2ced1584f8f5623492ab4'}}, 'caller': {'address': '0xcedad8c0ae5e0a878c01cc8c81e0ca2dba909ded'}, 'date': {'date': '2021-02-21'}, 'block': {'height': 11903195}}, {'smartContract': {'address': {'address': '0x936dd3112a9d39af39adda798503d9e7e7975fb7'}}, 'caller': {'address': '0xcedad8c0ae5e0a878c01cc8c81e0ca2dba909ded'}, 'date': {'date': '2021-01-31'}, 'block': {'height': 11764622}}, {'smartContract': {'address': {'address': '0xe6e5220291cf78b6d93bd1d08d746abbc115c64b'}}, 'caller': {'address': '0xcedad8c0ae5e0a878c01cc8c81e0ca2dba909ded'}, 'date': {'date': '2021-01-26'}, 'block': {'height': 11733193}}, {'smartContract': {'address': {'address': '0x21032cce4b54a2e856a0a006552e593d627cb077'}}, 'caller': {'address': '0xcedad8c0ae5e0a878c01cc8c81e0ca2dba909ded'}, 'date': {'date': '2021-01-26'}, 'block': {'height': 11733171}}, {'smartContract': {'address': {'address': '0xdb3130952ed9b5fa7108dedaaa921ae8f59beacb'}}, 'caller': {'address': '0xcedad8c0ae5e0a878c01cc8c81e0ca2dba909ded'}, 'date': {'date': '2021-01-19'}, 'block': {'height': 11687644}}, {'smartContract': {'address': {'address': '0xdb14a3b5bdfd0cd7b2ef5075b2689290d9edc915'}}, 'caller': {'address': '0xcedad8c0ae5e0a878c01cc8c81e0ca2dba909ded'}, 'date': {'date': '2021-01-19'}, 'block': {'height': 11686891}}, {'smartContract': {'address': {'address': '0xe0437beb5bb7cf980e90983f6029033d710bd1da'}}, 'caller': {'address': '0xcedad8c0ae5e0a878c01cc8c81e0ca2dba909ded'}, 'date': {'date': '2021-01-19'}, 'block': {'height': 11686790}}, {'smartContract': {'address': {'address': '0x0a281e990e07c49d2b96e02234fbfa7893869435'}}, 'caller': {'address': '0xcedad8c0ae5e0a878c01cc8c81e0ca2dba909ded'}, 'date': {'date': '2021-01-19'}, 'block': {'height': 11686720}}, {'smartContract': {'address': {'address': '0x4ee7d2a5e155b721282065279e76da908d9e1db3'}}, 'caller': {'address': '0xcedad8c0ae5e0a878c01cc8c81e0ca2dba909ded'}, 'date': {'date': '2021-01-19'}, 'block': {'height': 11686302}}, {'smartContract': {'address': {'address': '0xf86237a47700b13398870295cc0058ef84098dca'}}, 'caller': {'address': '0xcedad8c0ae5e0a878c01cc8c81e0ca2dba909ded'}, 'date': {'date': '2021-01-19'}, 'block': {'height': 11686295}}, {'smartContract': {'address': {'address': '0xb5b935df34061bab956f9488b985ba4722736b19'}}, 'caller': {'address': '0xcedad8c0ae5e0a878c01cc8c81e0ca2dba909ded'}, 'date': {'date': '2021-01-19'}, 'block': {'height': 11686243}}, {'smartContract': {'address': {'address': '0xbb2a8986f1feb41c374658bcd4a5e0b6b536ba1a'}}, 'caller': {'address': '0xcedad8c0ae5e0a878c01cc8c81e0ca2dba909ded'}, 'date': {'date': '2021-01-19'}, 'block': {'height': 11686237}}, {'smartContract': {'address': {'address': '0x6c5f18b0f37cd18871c67378c2478565779131d0'}}, 'caller': {'address': '0xcedad8c0ae5e0a878c01cc8c81e0ca2dba909ded'}, 'date': {'date': '2021-01-19'}, 'block': {'height': 11686235}}, {'smartContract': {'address': {'address': '0xf5ebf50661ee5b128dad3d71050520ccccc10601'}}, 'caller': {'address': '0xcedad8c0ae5e0a878c01cc8c81e0ca2dba909ded'}, 'date': {'date': '2021-01-19'}, 'block': {'height': 11686212}}, {'smartContract': {'address': {'address': '0x1ff4434e0a41dbf903aa68923d6da76904546f23'}}, 'caller': {'address': '0xcedad8c0ae5e0a878c01cc8c81e0ca2dba909ded'}, 'date': {'date': '2021-01-19'}, 'block': {'height': 11686198}}, {'smartContract': {'address': {'address': '0x4fde21b467f6cccfdea1b2b51886d9d0fd05491f'}}, 'caller': {'address': '0xcedad8c0ae5e0a878c01cc8c81e0ca2dba909ded'}, 'date': {'date': '2021-01-19'}, 'block': {'height': 11686190}}, {'smartContract': {'address': {'address': '0x59349976bd52f968f1c46ecd1221b203ccd0ab62'}}, 'caller': {'address': '0xcedad8c0ae5e0a878c01cc8c81e0ca2dba909ded'}, 'date': {'date': '2021-01-19'}, 'block': {'height': 11684847}}, {'smartContract': {'address': {'address': '0xeeaa40b28a2d1b0b08f6f97bb1dd4b75316c6107'}}, 'caller': {'address': '0xcedad8c0ae5e0a878c01cc8c81e0ca2dba909ded'}, 'date': {'date': '2020-12-23'}, 'block': {'height': 11510182}}]",2020-12-23
198,198,0x752Efadc0a7E05ad1BCCcDA22c141D01a75EF1e4,CompliFi,https://github.com/CompliFi,0x0FB21490A878AA2Af08117C96F897095797bD91C,1117113.945,"[{'smartContract': {'address': {'address': '0x1e1ae9eac542fcdc2c7dbd9d3d3b92b63fd43861'}}, 'caller': {'address': '0x0fb21490a878aa2af08117c96f897095797bd91c'}, 'date': {'date': '2021-05-06'}, 'block': {'height': 12381481}}, {'smartContract': {'address': {'address': '0x8a5827ad1f28d3f397b748ce89895e437b8ef90d'}}, 'caller': {'address': '0x0fb21490a878aa2af08117c96f897095797bd91c'}, 'date': {'date': '2021-05-04'}, 'block': {'height': 12367015}}, {'smartContract': {'address': {'address': '0x22e1fe5bbb98a0eda715b56a7bf04ed462bca8d2'}}, 'caller': {'address': '0x0fb21490a878aa2af08117c96f897095797bd91c'}, 'date': {'date': '2021-05-04'}, 'block': {'height': 12367014}}, {'smartContract': {'address': {'address': '0x626bd6a5bd5e5f31b21615a6797fb0cdc49903bc'}}, 'caller': {'address': '0x0fb21490a878aa2af08117c96f897095797bd91c'}, 'date': {'date': '2021-05-04'}, 'block': {'height': 12367010}}, {'smartContract': {'address': {'address': '0xee981eb86df4569b6368d9cb2172ff971bf453de'}}, 'caller': {'address': '0x0fb21490a878aa2af08117c96f897095797bd91c'}, 'date': {'date': '2021-04-29'}, 'block': {'height': 12334809}}, {'smartContract': {'address': {'address': '0x4ca85d552422c10158511829fb58b48b85accf58'}}, 'caller': {'address': '0x0fb21490a878aa2af08117c96f897095797bd91c'}, 'date': {'date': '2021-04-29'}, 'block': {'height': 12334799}}, {'smartContract': {'address': {'address': '0xdb635eebaedef9801653f559e2c859aa81ac1ff4'}}, 'caller': {'address': '0x0fb21490a878aa2af08117c96f897095797bd91c'}, 'date': {'date': '2021-04-29'}, 'block': {'height': 12334780}}, {'smartContract': {'address': {'address': '0xc7ed42b4321d4a5649ac84db76ffdb4a14dea039'}}, 'caller': {'address': '0x0fb21490a878aa2af08117c96f897095797bd91c'}, 'date': {'date': '2021-04-29'}, 'block': {'height': 12334777}}, {'smartContract': {'address': {'address': '0x6abc46b0706c798177cf9eb00e44f359ba31a8e0'}}, 'caller': {'address': '0x0fb21490a878aa2af08117c96f897095797bd91c'}, 'date': {'date': '2021-04-29'}, 'block': {'height': 12333793}}, {'smartContract': {'address': {'address': '0xff09f637bb739ca6c4989a91263ea0b26be4da35'}}, 'caller': {'address': '0x0fb21490a878aa2af08117c96f897095797bd91c'}, 'date': {'date': '2021-03-29'}, 'block': {'height': 12134394}}, {'smartContract': {'address': {'address': '0x33470ba8cec0fb345158701f83b96cf9390a09d8'}}, 'caller': {'address': '0x0fb21490a878aa2af08117c96f897095797bd91c'}, 'date': {'date': '2021-03-23'}, 'block': {'height': 12093894}}, {'smartContract': {'address': {'address': '0xfd0bbd821aabc0d91c49fe245a579f220e5f59ba'}}, 'caller': {'address': '0x0fb21490a878aa2af08117c96f897095797bd91c'}, 'date': {'date': '2021-03-23'}, 'block': {'height': 12093875}}, {'smartContract': {'address': {'address': '0x2d417a609079f7526ff3d18b1fa1eff06ccce85d'}}, 'caller': {'address': '0x0fb21490a878aa2af08117c96f897095797bd91c'}, 'date': {'date': '2021-03-23'}, 'block': {'height': 12093870}}, {'smartContract': {'address': {'address': '0x66356d0e324337620c0d27dd95fbb368ac8d2432'}}, 'caller': {'address': '0x0fb21490a878aa2af08117c96f897095797bd91c'}, 'date': {'date': '2021-03-23'}, 'block': {'height': 12093868}}, {'smartContract': {'address': {'address': '0x8afeb0bfe04383572dad1cf4be961c3f7f33e4ae'}}, 'caller': {'address': '0x0fb21490a878aa2af08117c96f897095797bd91c'}, 'date': {'date': '2021-03-23'}, 'block': {'height': 12093867}}, {'smartContract': {'address': {'address': '0x1aaf2cc01d532958808ad339ee8c90b788c6a153'}}, 'caller': {'address': '0x0fb21490a878aa2af08117c96f897095797bd91c'}, 'date': {'date': '2021-03-23'}, 'block': {'height': 12093858}}, {'smartContract': {'address': {'address': '0x1f0aaf2ca2dcc2a8ec5d86d578ff03fb1b2c211c'}}, 'caller': {'address': '0x0fb21490a878aa2af08117c96f897095797bd91c'}, 'date': {'date': '2021-03-23'}, 'block': {'height': 12093852}}, {'smartContract': {'address': {'address': '0xfca05757a70154a8dc7b50064f1462142ee453d9'}}, 'caller': {'address': '0x0fb21490a878aa2af08117c96f897095797bd91c'}, 'date': {'date': '2021-03-23'}, 'block': {'height': 12093761}}, {'smartContract': {'address': {'address': '0x5431ad3ca7a0ef299eb6e4c26657f046c358c1e6'}}, 'caller': {'address': '0x0fb21490a878aa2af08117c96f897095797bd91c'}, 'date': {'date': '2021-03-23'}, 'block': {'height': 12093745}}, {'smartContract': {'address': {'address': '0x3269deb913363ee58e221808661cfdda9d898127'}}, 'caller': {'address': '0x0fb21490a878aa2af08117c96f897095797bd91c'}, 'date': {'date': '2021-03-23'}, 'block': {'height': 12093712}}, {'smartContract': {'address': {'address': '0x4fdb3b6ff4d2e2a6edb218af105f1df7744186ea'}}, 'caller': {'address': '0x0fb21490a878aa2af08117c96f897095797bd91c'}, 'date': {'date': '2021-03-23'}, 'block': {'height': 12093710}}, {'smartContract': {'address': {'address': '0x69dce1f77427a5d5c31c61cce6aa0a7a13da9676'}}, 'caller': {'address': '0x0fb21490a878aa2af08117c96f897095797bd91c'}, 'date': {'date': '2021-03-23'}, 'block': {'height': 12093705}}, {'smartContract': {'address': {'address': '0x203fad25d500758457f9335d881f4a9b64bb5dbb'}}, 'caller': {'address': '0x0fb21490a878aa2af08117c96f897095797bd91c'}, 'date': {'date': '2021-03-23'}, 'block': {'height': 12093700}}, {'smartContract': {'address': {'address': '0xf40e97c87071610c9fb73438e8c92d1fc1f6c1c4'}}, 'caller': {'address': '0x0fb21490a878aa2af08117c96f897095797bd91c'}, 'date': {'date': '2021-03-23'}, 'block': {'height': 12093696}}, {'smartContract': {'address': {'address': '0x472c498586130015608ba561e358e6a7c1523f7f'}}, 'caller': {'address': '0x0fb21490a878aa2af08117c96f897095797bd91c'}, 'date': {'date': '2021-03-23'}, 'block': {'height': 12093694}}, {'smartContract': {'address': {'address': '0x029fac98fdc8fb0b74e0fdd3c2d356000c8cb232'}}, 'caller': {'address': '0x0fb21490a878aa2af08117c96f897095797bd91c'}, 'date': {'date': '2021-03-23'}, 'block': {'height': 12093691}}, {'smartContract': {'address': {'address': '0x6b1326e81e089ffb3d67cf67b389982e2aea6526'}}, 'caller': {'address': '0x0fb21490a878aa2af08117c96f897095797bd91c'}, 'date': {'date': '2021-03-23'}, 'block': {'height': 12093681}}, {'smartContract': {'address': {'address': '0x9357999608507707a252ef313fd0436da87cd00b'}}, 'caller': {'address': '0x0fb21490a878aa2af08117c96f897095797bd91c'}, 'date': {'date': '2021-03-23'}, 'block': {'height': 12093678}}, {'smartContract': {'address': {'address': '0x856c60dad8ab4f90b6569d0b3757946bba97e57f'}}, 'caller': {'address': '0x0fb21490a878aa2af08117c96f897095797bd91c'}, 'date': {'date': '2021-03-23'}, 'block': {'height': 12093672}}, {'smartContract': {'address': {'address': '0xad4720321ea6f99f9cbc6a624c59fc8daade50ca'}}, 'caller': {'address': '0x0fb21490a878aa2af08117c96f897095797bd91c'}, 'date': {'date': '2021-03-23'}, 'block': {'height': 12093670}}, {'smartContract': {'address': {'address': '0x1747191a0c83013423594c9dc27ec57a00230d87'}}, 'caller': {'address': '0x0fb21490a878aa2af08117c96f897095797bd91c'}, 'date': {'date': '2021-03-23'}, 'block': {'height': 12093668}}, {'smartContract': {'address': {'address': '0x59afad5c47ebb5b2871a53f3153c5342efccef1e'}}, 'caller': {'address': '0x0fb21490a878aa2af08117c96f897095797bd91c'}, 'date': {'date': '2021-03-23'}, 'block': {'height': 12093662}}, {'smartContract': {'address': {'address': '0x8935b32acdefb92936c02a97ca960722cfb9c962'}}, 'caller': {'address': '0x0fb21490a878aa2af08117c96f897095797bd91c'}, 'date': {'date': '2021-03-23'}, 'block': {'height': 12093540}}, {'smartContract': {'address': {'address': '0x5e82800fe708c49c311336d3855e70a66ce60b8c'}}, 'caller': {'address': '0x0fb21490a878aa2af08117c96f897095797bd91c'}, 'date': {'date': '2021-03-23'}, 'block': {'height': 12093490}}, {'smartContract': {'address': {'address': '0x752efadc0a7e05ad1bcccda22c141d01a75ef1e4'}}, 'caller': {'address': '0x0fb21490a878aa2af08117c96f897095797bd91c'}, 'date': {'date': '2020-11-17'}, 'block': {'height': 11276012}}, {'smartContract': {'address': {'address': '0xa3a94a5bf0e0bad459a83d3cd639d5c716688c6b'}}, 'caller': {'address': '0x0fb21490a878aa2af08117c96f897095797bd91c'}, 'date': {'date': '2020-11-17'}, 'block': {'height': 11276010}}, {'smartContract': {'address': {'address': '0xb26909a66d781bf728c3d2f376c2d278f0986ada'}}, 'caller': {'address': '0x0fb21490a878aa2af08117c96f897095797bd91c'}, 'date': {'date': '2020-11-08'}, 'block': {'height': 11215664}}, {'smartContract': {'address': {'address': '0x7ab85606ec7427e7d40675db42bcc8783c2ebdeb'}}, 'caller': {'address': '0x0fb21490a878aa2af08117c96f897095797bd91c'}, 'date': {'date': '2020-11-08'}, 'block': {'height': 11215217}}, {'smartContract': {'address': {'address': '0x892a92c2c452867805ca0cbb18501f8712b2486e'}}, 'caller': {'address': '0x0fb21490a878aa2af08117c96f897095797bd91c'}, 'date': {'date': '2020-11-08'}, 'block': {'height': 11215208}}, {'smartContract': {'address': {'address': '0xdc3ac5ac781b63605e9ec39a41c9f59b15828f56'}}, 'caller': {'address': '0x0fb21490a878aa2af08117c96f897095797bd91c'}, 'date': {'date': '2020-11-08'}, 'block': {'height': 11215201}}, {'smartContract': {'address': {'address': '0x0a1a5492493738778327cd50e33be45daf4e3d9a'}}, 'caller': {'address': '0x0fb21490a878aa2af08117c96f897095797bd91c'}, 'date': {'date': '2020-11-08'}, 'block': {'height': 11215177}}, {'smartContract': {'address': {'address': '0xa1fae3291f6d708640dc8cf4fbbc80a3f3b26563'}}, 'caller': {'address': '0x0fb21490a878aa2af08117c96f897095797bd91c'}, 'date': {'date': '2020-11-08'}, 'block': {'height': 11215172}}, {'smartContract': {'address': {'address': '0x5202505089c269c46b50e99261e8e4ab67e1207c'}}, 'caller': {'address': '0x0fb21490a878aa2af08117c96f897095797bd91c'}, 'date': {'date': '2020-11-08'}, 'block': {'height': 11215166}}, {'smartContract': {'address': {'address': '0xd06189c54c6316c348ecd182cf5597ea7e438924'}}, 'caller': {'address': '0x0fb21490a878aa2af08117c96f897095797bd91c'}, 'date': {'date': '2020-11-08'}, 'block': {'height': 11215132}}, {'smartContract': {'address': {'address': '0x182d9245d4276b71ed75f608a9d9a888083117e7'}}, 'caller': {'address': '0x0fb21490a878aa2af08117c96f897095797bd91c'}, 'date': {'date': '2020-11-08'}, 'block': {'height': 11215127}}, {'smartContract': {'address': {'address': '0xbcd2631444ca86e54d11136658fb6d09014c25ec'}}, 'caller': {'address': '0x0fb21490a878aa2af08117c96f897095797bd91c'}, 'date': {'date': '2020-11-08'}, 'block': {'height': 11215125}}, {'smartContract': {'address': {'address': '0xe786f585bdf61d1a6b1b22d37edf55b5eff34319'}}, 'caller': {'address': '0x0fb21490a878aa2af08117c96f897095797bd91c'}, 'date': {'date': '2020-11-08'}, 'block': {'height': 11215110}}, {'smartContract': {'address': {'address': '0xd5f35afa715517621d36285577162e56c7bb5ebc'}}, 'caller': {'address': '0x0fb21490a878aa2af08117c96f897095797bd91c'}, 'date': {'date': '2020-11-08'}, 'block': {'height': 11215103}}, {'smartContract': {'address': {'address': '0x618f4408e054ff40f096e29d01ba0b90ff6b533a'}}, 'caller': {'address': '0x0fb21490a878aa2af08117c96f897095797bd91c'}, 'date': {'date': '2020-11-08'}, 'block': {'height': 11215088}}, {'smartContract': {'address': {'address': '0x1fd191d5ea95b8fb8ec5529b398d0de9f9827a4b'}}, 'caller': {'address': '0x0fb21490a878aa2af08117c96f897095797bd91c'}, 'date': {'date': '2020-11-08'}, 'block': {'height': 11215083}}, {'smartContract': {'address': {'address': '0xbddf5385498d87805d52f334880a08793232fa7d'}}, 'caller': {'address': '0x0fb21490a878aa2af08117c96f897095797bd91c'}, 'date': {'date': '2020-11-08'}, 'block': {'height': 11215039}}, {'smartContract': {'address': {'address': '0x750c71714ae6a89f31b758b2ac69157834747597'}}, 'caller': {'address': '0x0fb21490a878aa2af08117c96f897095797bd91c'}, 'date': {'date': '2020-11-08'}, 'block': {'height': 11215005}}, {'smartContract': {'address': {'address': '0x8a4e6889facdd5b2aa0af17e016d6d755712c5eb'}}, 'caller': {'address': '0x0fb21490a878aa2af08117c96f897095797bd91c'}, 'date': {'date': '2020-11-08'}, 'block': {'height': 11214999}}, {'smartContract': {'address': {'address': '0xcc7b152145c77c7c532be65263e64df95f2308a2'}}, 'caller': {'address': '0x0fb21490a878aa2af08117c96f897095797bd91c'}, 'date': {'date': '2020-11-08'}, 'block': {'height': 11214996}}, {'smartContract': {'address': {'address': '0x23b7bb0b67737c56dd6378b8211074cbb663d08c'}}, 'caller': {'address': '0x0fb21490a878aa2af08117c96f897095797bd91c'}, 'date': {'date': '2020-11-08'}, 'block': {'height': 11214991}}, {'smartContract': {'address': {'address': '0xdba26d5822ec11eb4cc2d6283a81d38a8a1d81b3'}}, 'caller': {'address': '0x0fb21490a878aa2af08117c96f897095797bd91c'}, 'date': {'date': '2020-11-08'}, 'block': {'height': 11214987}}, {'smartContract': {'address': {'address': '0x43953c18fab266f00f3a203ee3abb57695b3db1b'}}, 'caller': {'address': '0x0fb21490a878aa2af08117c96f897095797bd91c'}, 'date': {'date': '2020-11-08'}, 'block': {'height': 11214985}}, {'smartContract': {'address': {'address': '0x7e60b9fba5e15f260022a94544a5f610467a03e7'}}, 'caller': {'address': '0x0fb21490a878aa2af08117c96f897095797bd91c'}, 'date': {'date': '2020-11-08'}, 'block': {'height': 11214981}}, {'smartContract': {'address': {'address': '0xdfc8a32d2307a48916f79fb710eedab1e142438b'}}, 'caller': {'address': '0x0fb21490a878aa2af08117c96f897095797bd91c'}, 'date': {'date': '2020-10-22'}, 'block': {'height': 11106280}}, {'smartContract': {'address': {'address': '0xbcfe9ef78cbe7131d3cc0db8b6099cf9bdc8ab26'}}, 'caller': {'address': '0x0fb21490a878aa2af08117c96f897095797bd91c'}, 'date': {'date': '2020-10-22'}, 'block': {'height': 11106263}}, {'smartContract': {'address': {'address': '0xebcd2b691d747afa4509d3ece454322184f9e8a6'}}, 'caller': {'address': '0x0fb21490a878aa2af08117c96f897095797bd91c'}, 'date': {'date': '2020-10-21'}, 'block': {'height': 11097536}}, {'smartContract': {'address': {'address': '0x7db377645def9f4053e8f9fa15091cd68247678a'}}, 'caller': {'address': '0x0fb21490a878aa2af08117c96f897095797bd91c'}, 'date': {'date': '2020-10-21'}, 'block': {'height': 11097528}}, {'smartContract': {'address': {'address': '0xc2cf869412d5f31256361a22b2f0f0d0dfd0e6ec'}}, 'caller': {'address': '0x0fb21490a878aa2af08117c96f897095797bd91c'}, 'date': {'date': '2020-10-21'}, 'block': {'height': 11097520}}, {'smartContract': {'address': {'address': '0x0501c1753f6e294ebda91d75d393c565f88f8a19'}}, 'caller': {'address': '0x0fb21490a878aa2af08117c96f897095797bd91c'}, 'date': {'date': '2020-10-21'}, 'block': {'height': 11097516}}, {'smartContract': {'address': {'address': '0x8180974484d6d591d78bb9bc65b6297c768b24fd'}}, 'caller': {'address': '0x0fb21490a878aa2af08117c96f897095797bd91c'}, 'date': {'date': '2020-10-21'}, 'block': {'height': 11097512}}, {'smartContract': {'address': {'address': '0x4fcade84079144d137e595f47198203e71d15415'}}, 'caller': {'address': '0x0fb21490a878aa2af08117c96f897095797bd91c'}, 'date': {'date': '2020-10-21'}, 'block': {'height': 11097509}}, {'smartContract': {'address': {'address': '0x96fa0ea1f8fda83c079f82b393f6ea71bf85b165'}}, 'caller': {'address': '0x0fb21490a878aa2af08117c96f897095797bd91c'}, 'date': {'date': '2020-10-21'}, 'block': {'height': 11097499}}, {'smartContract': {'address': {'address': '0xb80eefb6f5233123c7af519205aa28dce72f1a83'}}, 'caller': {'address': '0x0fb21490a878aa2af08117c96f897095797bd91c'}, 'date': {'date': '2020-10-21'}, 'block': {'height': 11097466}}, {'smartContract': {'address': {'address': '0xa9eee81042d1537f293a4f67816b634a8626f138'}}, 'caller': {'address': '0x0fb21490a878aa2af08117c96f897095797bd91c'}, 'date': {'date': '2020-10-21'}, 'block': {'height': 11097455}}, {'smartContract': {'address': {'address': '0xd068f3ae126199405aaf99b1e812c71ea419519c'}}, 'caller': {'address': '0x0fb21490a878aa2af08117c96f897095797bd91c'}, 'date': {'date': '2020-10-21'}, 'block': {'height': 11097449}}, {'smartContract': {'address': {'address': '0x3ce9392ca63a79f02cee491dbcdc2c074ebb8ef4'}}, 'caller': {'address': '0x0fb21490a878aa2af08117c96f897095797bd91c'}, 'date': {'date': '2020-10-21'}, 'block': {'height': 11097387}}, {'smartContract': {'address': {'address': '0x2550e48d919571859e23153a5909f4c57aa37f6b'}}, 'caller': {'address': '0x0fb21490a878aa2af08117c96f897095797bd91c'}, 'date': {'date': '2020-09-24'}, 'block': {'height': 10926053}}, {'smartContract': {'address': {'address': '0x59c310c0b259303c9578934901ea2257b682a6ad'}}, 'caller': {'address': '0x0fb21490a878aa2af08117c96f897095797bd91c'}, 'date': {'date': '2020-09-22'}, 'block': {'height': 10910493}}, {'smartContract': {'address': {'address': '0x7a93d98128b63e5991b615dd522c247467faaa46'}}, 'caller': {'address': '0x0fb21490a878aa2af08117c96f897095797bd91c'}, 'date': {'date': '2020-09-22'}, 'block': {'height': 10910486}}, {'smartContract': {'address': {'address': '0x1825ea63606ed52fdd407c79abbdfba0b4e4c132'}}, 'caller': {'address': '0x0fb21490a878aa2af08117c96f897095797bd91c'}, 'date': {'date': '2020-09-22'}, 'block': {'height': 10910483}}, {'smartContract': {'address': {'address': '0x19b64eac1117b5a03e8f72d7b6fec7e7b074dae4'}}, 'caller': {'address': '0x0fb21490a878aa2af08117c96f897095797bd91c'}, 'date': {'date': '2020-09-22'}, 'block': {'height': 10910477}}, {'smartContract': {'address': {'address': '0xb7808add0b42877f473d83b36525c1533dfae729'}}, 'caller': {'address': '0x0fb21490a878aa2af08117c96f897095797bd91c'}, 'date': {'date': '2020-09-22'}, 'block': {'height': 10910473}}, {'smartContract': {'address': {'address': '0x8472670d913aeecdcda13a68f41a0c26bfa062e1'}}, 'caller': {'address': '0x0fb21490a878aa2af08117c96f897095797bd91c'}, 'date': {'date': '2020-09-22'}, 'block': {'height': 10910470}}, {'smartContract': {'address': {'address': '0xe373290c4724ad49a8119ea959dcd9f434b245b1'}}, 'caller': {'address': '0x0fb21490a878aa2af08117c96f897095797bd91c'}, 'date': {'date': '2020-09-22'}, 'block': {'height': 10910452}}, {'smartContract': {'address': {'address': '0x9fa008f0ff2773a3f0f7ef3ad53458372ef4678c'}}, 'caller': {'address': '0x0fb21490a878aa2af08117c96f897095797bd91c'}, 'date': {'date': '2020-09-22'}, 'block': {'height': 10910451}}, {'smartContract': {'address': {'address': '0xf0a6abc3cf06e52b48b5a606ca83c492fd4378b1'}}, 'caller': {'address': '0x0fb21490a878aa2af08117c96f897095797bd91c'}, 'date': {'date': '2020-09-22'}, 'block': {'height': 10910446}}, {'smartContract': {'address': {'address': '0x6d2d6368596f33c2b7a2e0a34793af6ce700c7cd'}}, 'caller': {'address': '0x0fb21490a878aa2af08117c96f897095797bd91c'}, 'date': {'date': '2020-09-22'}, 'block': {'height': 10910445}}, {'smartContract': {'address': {'address': '0x822a80a36b34c956899aa5944b19618310e98678'}}, 'caller': {'address': '0x0fb21490a878aa2af08117c96f897095797bd91c'}, 'date': {'date': '2020-09-22'}, 'block': {'height': 10910442}}, {'smartContract': {'address': {'address': '0xabd9702ee816dc89b6180441fa616e216bb0aaf5'}}, 'caller': {'address': '0x0fb21490a878aa2af08117c96f897095797bd91c'}, 'date': {'date': '2020-09-22'}, 'block': {'height': 10910440}}, {'smartContract': {'address': {'address': '0x78b0f6cad3a447c288211bc158e608f308626456'}}, 'caller': {'address': '0x0fb21490a878aa2af08117c96f897095797bd91c'}, 'date': {'date': '2020-09-22'}, 'block': {'height': 10910424}}, {'smartContract': {'address': {'address': '0xe68f9842082df3141c000c3698ff19e0f67f42fb'}}, 'caller': {'address': '0x0fb21490a878aa2af08117c96f897095797bd91c'}, 'date': {'date': '2020-09-22'}, 'block': {'height': 10910422}}, {'smartContract': {'address': {'address': '0x416110f7a7aba02f21d87ee14cfbdc673a828ad9'}}, 'caller': {'address': '0x0fb21490a878aa2af08117c96f897095797bd91c'}, 'date': {'date': '2020-09-22'}, 'block': {'height': 10910420}}, {'smartContract': {'address': {'address': '0x70d27369413878fe6c648b83249b83b1313b88a6'}}, 'caller': {'address': '0x0fb21490a878aa2af08117c96f897095797bd91c'}, 'date': {'date': '2020-09-22'}, 'block': {'height': 10910366}}, {'smartContract': {'address': {'address': '0x56b284c4618291e80739c7c055373a54c4131d35'}}, 'caller': {'address': '0x0fb21490a878aa2af08117c96f897095797bd91c'}, 'date': {'date': '2020-09-22'}, 'block': {'height': 10910364}}, {'smartContract': {'address': {'address': '0x7dd7c3025ec3621a7ef2b2e0224f4b60f58e08f7'}}, 'caller': {'address': '0x0fb21490a878aa2af08117c96f897095797bd91c'}, 'date': {'date': '2020-09-22'}, 'block': {'height': 10910362}}, {'smartContract': {'address': {'address': '0x2fdf355e22ef92b712c65b72d560dec697260709'}}, 'caller': {'address': '0x0fb21490a878aa2af08117c96f897095797bd91c'}, 'date': {'date': '2020-09-14'}, 'block': {'height': 10858167}}, {'smartContract': {'address': {'address': '0x7a0e74c1cc7ebe52c073e332ae194b3b03b444f1'}}, 'caller': {'address': '0x0fb21490a878aa2af08117c96f897095797bd91c'}, 'date': {'date': '2020-09-14'}, 'block': {'height': 10858148}}, {'smartContract': {'address': {'address': '0xd36932d563b0c4b888c54ee69300ed8749042471'}}, 'caller': {'address': '0x0fb21490a878aa2af08117c96f897095797bd91c'}, 'date': {'date': '2020-09-14'}, 'block': {'height': 10858107}}, {'smartContract': {'address': {'address': '0xd2f6685b39cbf28e073b6331ea7875f110a32a03'}}, 'caller': {'address': '0x0fb21490a878aa2af08117c96f897095797bd91c'}, 'date': {'date': '2020-09-06'}, 'block': {'height': 10806543}}, {'smartContract': {'address': {'address': '0x8f05bffa7cd5f6e47712b7ab16c9bcf6ce68dc8f'}}, 'caller': {'address': '0x0fb21490a878aa2af08117c96f897095797bd91c'}, 'date': {'date': '2020-09-06'}, 'block': {'height': 10805805}}, {'smartContract': {'address': {'address': '0x1a934077a4f30fefc2411480e051c9eea928ee0d'}}, 'caller': {'address': '0x0fb21490a878aa2af08117c96f897095797bd91c'}, 'date': {'date': '2020-09-06'}, 'block': {'height': 10805802}}, {'smartContract': {'address': {'address': '0xbcdc4265f11072b76bdbd96b122dd337a47bc44d'}}, 'caller': {'address': '0x0fb21490a878aa2af08117c96f897095797bd91c'}, 'date': {'date': '2020-09-06'}, 'block': {'height': 10805799}}, {'smartContract': {'address': {'address': '0x29823582824add454e8e551a96d45f005dc5b23d'}}, 'caller': {'address': '0x0fb21490a878aa2af08117c96f897095797bd91c'}, 'date': {'date': '2020-09-06'}, 'block': {'height': 10805793}}, {'smartContract': {'address': {'address': '0x352a5441d4c79228632df6aea9251a4da0c40fde'}}, 'caller': {'address': '0x0fb21490a878aa2af08117c96f897095797bd91c'}, 'date': {'date': '2020-09-06'}, 'block': {'height': 10805788}}, {'smartContract': {'address': {'address': '0x17fc4e352c02619ac569f37330436104d828c9fb'}}, 'caller': {'address': '0x0fb21490a878aa2af08117c96f897095797bd91c'}, 'date': {'date': '2020-09-06'}, 'block': {'height': 10805784}}]",2020-11-17
199,199,0x0f51bb10119727a7e5eA3538074fb341F56B09Ad,DAO Maker,https://github.com/daomaker,0x29dcEE0513F729f0a8C3E591aeed224695ED5c1F,1106802.86,"[{'smartContract': {'address': {'address': '0x0f51bb10119727a7e5ea3538074fb341f56b09ad'}}, 'caller': {'address': '0x29dcee0513f729f0a8c3e591aeed224695ed5c1f'}, 'date': {'date': '2021-01-07'}, 'block': {'height': 11607504}}]",2021-01-07
200,200,0x68a3637bA6E75c0f66B61A42639c4e9fCD3D4824,MoonToken,https://github.com/moon-migration,0xeF71a18bb044d98A861e7Ee9d6ff9262Fff32f12,1104488.366,"[{'smartContract': {'address': {'address': '0x759b036730a3c1f6bea4603bd696c58e213e479d'}}, 'caller': {'address': '0xef71a18bb044d98a861e7ee9d6ff9262fff32f12'}, 'date': {'date': '2021-04-26'}, 'block': {'height': 12316554}}, {'smartContract': {'address': {'address': '0xf932150cd0d39b908481fb32c19c90dd53e00cf3'}}, 'caller': {'address': '0x9ae110d8d733575a3b1e306f1146a5ff8fa173f4'}, 'date': {'date': '2020-11-11'}, 'block': {'height': 11235603}}, {'smartContract': {'address': {'address': '0x7841d812a70e05a2d2a83e858a5e1ab4a25cfef2'}}, 'caller': {'address': '0x9ae110d8d733575a3b1e306f1146a5ff8fa173f4'}, 'date': {'date': '2020-11-11'}, 'block': {'height': 11235602}}, {'smartContract': {'address': {'address': '0x8555d3fd8d28e3dacc6a25272d257e74c6fcc655'}}, 'caller': {'address': '0x9ae110d8d733575a3b1e306f1146a5ff8fa173f4'}, 'date': {'date': '2020-11-11'}, 'block': {'height': 11235601}}, {'smartContract': {'address': {'address': '0x51b845945e29fdf97fb040bb3a9b923f51ae2280'}}, 'caller': {'address': '0xef71a18bb044d98a861e7ee9d6ff9262fff32f12'}, 'date': {'date': '2020-11-10'}, 'block': {'height': 11228147}}, {'smartContract': {'address': {'address': '0x016f4b8e65b9569bed848bb0f61ea408871f0999'}}, 'caller': {'address': '0x9ae110d8d733575a3b1e306f1146a5ff8fa173f4'}, 'date': {'date': '2020-09-23'}, 'block': {'height': 10916988}}, {'smartContract': {'address': {'address': '0xc5509ca9913362c806693f1e51d48c6b93fa5b73'}}, 'caller': {'address': '0x9ae110d8d733575a3b1e306f1146a5ff8fa173f4'}, 'date': {'date': '2020-09-23'}, 'block': {'height': 10916986}}, {'smartContract': {'address': {'address': '0x9d8bf6a668c2d2dd8bfa2d96eba189533c2e6f9a'}}, 'caller': {'address': '0x9ae110d8d733575a3b1e306f1146a5ff8fa173f4'}, 'date': {'date': '2020-09-23'}, 'block': {'height': 10916984}}, {'smartContract': {'address': {'address': '0xdf674b5c0b2bb2bfafbc171641fc9b065eeecaa3'}}, 'caller': {'address': '0x9ae110d8d733575a3b1e306f1146a5ff8fa173f4'}, 'date': {'date': '2020-09-23'}, 'block': {'height': 10916983}}, {'smartContract': {'address': {'address': '0xe0c6b1f58b8992c7b9d481cf54c2b85d0176a689'}}, 'caller': {'address': '0x9ae110d8d733575a3b1e306f1146a5ff8fa173f4'}, 'date': {'date': '2020-09-23'}, 'block': {'height': 10916982}}, {'smartContract': {'address': {'address': '0xe1c20a469803b84d7c58222cebf586a4ba2260bd'}}, 'caller': {'address': '0x9ae110d8d733575a3b1e306f1146a5ff8fa173f4'}, 'date': {'date': '2020-09-23'}, 'block': {'height': 10916980}}, {'smartContract': {'address': {'address': '0x66b7452972a3678f83a09c4350f4817aedb37b2c'}}, 'caller': {'address': '0x9ae110d8d733575a3b1e306f1146a5ff8fa173f4'}, 'date': {'date': '2020-09-23'}, 'block': {'height': 10916979}}, {'smartContract': {'address': {'address': '0x1500af5e1b7bded686ed7588fae0a0f9ce4afcf5'}}, 'caller': {'address': '0x9ae110d8d733575a3b1e306f1146a5ff8fa173f4'}, 'date': {'date': '2020-09-23'}, 'block': {'height': 10916977}}, {'smartContract': {'address': {'address': '0x23f88f5f7932c14970a5e97f89fb51b6a69fcfd2'}}, 'caller': {'address': '0x9ae110d8d733575a3b1e306f1146a5ff8fa173f4'}, 'date': {'date': '2020-09-23'}, 'block': {'height': 10916976}}, {'smartContract': {'address': {'address': '0xcf89f349eecfa6e23a89977e084bdc0cdbe8f16b'}}, 'caller': {'address': '0x9ae110d8d733575a3b1e306f1146a5ff8fa173f4'}, 'date': {'date': '2020-09-23'}, 'block': {'height': 10916974}}, {'smartContract': {'address': {'address': '0xfc560f17b1ece3b37fde3d3ec3e33f2b03498dd0'}}, 'caller': {'address': '0x9ae110d8d733575a3b1e306f1146a5ff8fa173f4'}, 'date': {'date': '2020-09-23'}, 'block': {'height': 10916972}}, {'smartContract': {'address': {'address': '0xda5ae56485c8b308e4ab92a2e9aa047973028022'}}, 'caller': {'address': '0x9ae110d8d733575a3b1e306f1146a5ff8fa173f4'}, 'date': {'date': '2020-09-23'}, 'block': {'height': 10916970}}, {'smartContract': {'address': {'address': '0x5ce53d8a8af2f94b9c711b41eac09a2eaabee528'}}, 'caller': {'address': '0x9ae110d8d733575a3b1e306f1146a5ff8fa173f4'}, 'date': {'date': '2020-09-23'}, 'block': {'height': 10916968}}, {'smartContract': {'address': {'address': '0xe4c0ff258af3b6bb78b0986e33639d8e788641e6'}}, 'caller': {'address': '0x9ae110d8d733575a3b1e306f1146a5ff8fa173f4'}, 'date': {'date': '2020-09-23'}, 'block': {'height': 10916967}}, {'smartContract': {'address': {'address': '0x1fbbd5bd4feb79747f234023e269293741b7e4bc'}}, 'caller': {'address': '0x9ae110d8d733575a3b1e306f1146a5ff8fa173f4'}, 'date': {'date': '2020-09-23'}, 'block': {'height': 10916965}}, {'smartContract': {'address': {'address': '0x0e462db1f22198bbe81bd90b8facc7440edb12f3'}}, 'caller': {'address': '0x9ae110d8d733575a3b1e306f1146a5ff8fa173f4'}, 'date': {'date': '2020-09-23'}, 'block': {'height': 10916964}}, {'smartContract': {'address': {'address': '0xb61ffa6ac4dd2255a4b30c7a7bfe4736eba5ff50'}}, 'caller': {'address': '0xef71a18bb044d98a861e7ee9d6ff9262fff32f12'}, 'date': {'date': '2020-09-23'}, 'block': {'height': 10916174}}, {'smartContract': {'address': {'address': '0xaabc605bd6751e6d38e5685c2c040e63f74fcab4'}}, 'caller': {'address': '0xef71a18bb044d98a861e7ee9d6ff9262fff32f12'}, 'date': {'date': '2020-09-23'}, 'block': {'height': 10916011}}, {'smartContract': {'address': {'address': '0x9ae110d8d733575a3b1e306f1146a5ff8fa173f4'}}, 'caller': {'address': '0xef71a18bb044d98a861e7ee9d6ff9262fff32f12'}, 'date': {'date': '2020-09-23'}, 'block': {'height': 10915940}}, {'smartContract': {'address': {'address': '0xb60283dccd170559db4ee422bedd043ffd8cfac9'}}, 'caller': {'address': '0xef71a18bb044d98a861e7ee9d6ff9262fff32f12'}, 'date': {'date': '2020-09-17'}, 'block': {'height': 10879231}}, {'smartContract': {'address': {'address': '0x0770ae0c808b2b3bd402f86e8d023c17e7689fff'}}, 'caller': {'address': '0xef71a18bb044d98a861e7ee9d6ff9262fff32f12'}, 'date': {'date': '2020-09-17'}, 'block': {'height': 10879204}}, {'smartContract': {'address': {'address': '0xc65e282a82b5f0b02dec20d32dcf12a89f5580bc'}}, 'caller': {'address': '0xef71a18bb044d98a861e7ee9d6ff9262fff32f12'}, 'date': {'date': '2020-09-13'}, 'block': {'height': 10853975}}, {'smartContract': {'address': {'address': '0x8927616110cf23c4e87dc98614eb9fbaae95216c'}}, 'caller': {'address': '0x5c69bee701ef814a2b6a3edd4b1652cb9cc5aa6f'}, 'date': {'date': '2020-09-09'}, 'block': {'height': 10828184}}, {'smartContract': {'address': {'address': '0xb60c12d2a4069d339f49943fc45df6785b436096'}}, 'caller': {'address': '0xef71a18bb044d98a861e7ee9d6ff9262fff32f12'}, 'date': {'date': '2020-09-09'}, 'block': {'height': 10828146}}, {'smartContract': {'address': {'address': '0x68a3637ba6e75c0f66b61a42639c4e9fcd3d4824'}}, 'caller': {'address': '0xef71a18bb044d98a861e7ee9d6ff9262fff32f12'}, 'date': {'date': '2020-09-09'}, 'block': {'height': 10828134}}]",2020-09-09
201,201,0xB1f66997A5760428D3a87D68b90BfE0aE64121cC,LuaToken,https://github.com/tomochain/luaswap,0x22f617efb6FD3F9F2cDE15D16c39c22930d0081A,1068132.187,"[{'smartContract': {'address': {'address': '0xd69f2f363bedc738a248aaeb2331582732c7d0a7'}}, 'caller': {'address': '0x22f617efb6fd3f9f2cde15d16c39c22930d0081a'}, 'date': {'date': '2021-04-27'}, 'block': {'height': 12321011}}, {'smartContract': {'address': {'address': '0xbcf9cb98bdee36e5d2f049bace7cff47bf2d64e8'}}, 'caller': {'address': '0x22f617efb6fd3f9f2cde15d16c39c22930d0081a'}, 'date': {'date': '2020-11-25'}, 'block': {'height': 11324965}}, {'smartContract': {'address': {'address': '0x2821a9ef6a88bf395e1c3a1de1657c9a042116c2'}}, 'caller': {'address': '0x22f617efb6fd3f9f2cde15d16c39c22930d0081a'}, 'date': {'date': '2020-11-11'}, 'block': {'height': 11235114}}, {'smartContract': {'address': {'address': '0xe11a87506fe17f9fb5eecab14e85af27a7c10e19'}}, 'caller': {'address': '0x22f617efb6fd3f9f2cde15d16c39c22930d0081a'}, 'date': {'date': '2020-10-30'}, 'block': {'height': 11159755}}, {'smartContract': {'address': {'address': '0x4c6933664a52f9bc7dbab592eca600791ccd4473'}}, 'caller': {'address': '0x22f617efb6fd3f9f2cde15d16c39c22930d0081a'}, 'date': {'date': '2020-10-30'}, 'block': {'height': 11159664}}, {'smartContract': {'address': {'address': '0x0f6fa5cf935fc84a6a43af4ddce02ddb84a14aa6'}}, 'caller': {'address': '0x22f617efb6fd3f9f2cde15d16c39c22930d0081a'}, 'date': {'date': '2020-10-30'}, 'block': {'height': 11157700}}, {'smartContract': {'address': {'address': '0xc61b5a128722711296f62527d6ee5988affb0515'}}, 'caller': {'address': '0x22f617efb6fd3f9f2cde15d16c39c22930d0081a'}, 'date': {'date': '2020-10-30'}, 'block': {'height': 11157566}}, {'smartContract': {'address': {'address': '0xcda6bf97911bad6695bb45680db7b1e4308f3662'}}, 'caller': {'address': '0x22f617efb6fd3f9f2cde15d16c39c22930d0081a'}, 'date': {'date': '2020-10-30'}, 'block': {'height': 11157484}}, {'smartContract': {'address': {'address': '0x94b894499588293690c3d5435821a60f922321c5'}}, 'caller': {'address': '0x22f617efb6fd3f9f2cde15d16c39c22930d0081a'}, 'date': {'date': '2020-10-30'}, 'block': {'height': 11157271}}, {'smartContract': {'address': {'address': '0xa406d72ed7bde82ad532c5cc11070294ac3e349d'}}, 'caller': {'address': '0x22f617efb6fd3f9f2cde15d16c39c22930d0081a'}, 'date': {'date': '2020-10-30'}, 'block': {'height': 11156955}}, {'smartContract': {'address': {'address': '0xb195325642431b6aa6cd3c646591e7825bb3f90c'}}, 'caller': {'address': '0x0388c1e0f210abae597b7de712b9510c6c36c857'}, 'date': {'date': '2020-10-29'}, 'block': {'height': 11149624}}, {'smartContract': {'address': {'address': '0x66e10dea0019dc7353d2e4106e9b84f1cfc17cba'}}, 'caller': {'address': '0x0388c1e0f210abae597b7de712b9510c6c36c857'}, 'date': {'date': '2020-10-29'}, 'block': {'height': 11149624}}, {'smartContract': {'address': {'address': '0xb3558f47fa914f7ec1da1a6f52ab41ee63e81301'}}, 'caller': {'address': '0x0388c1e0f210abae597b7de712b9510c6c36c857'}, 'date': {'date': '2020-10-29'}, 'block': {'height': 11149623}}, {'smartContract': {'address': {'address': '0xeaac91b4b28b97236605b1d40178d83c273dbe80'}}, 'caller': {'address': '0x0388c1e0f210abae597b7de712b9510c6c36c857'}, 'date': {'date': '2020-10-29'}, 'block': {'height': 11149619}}, {'smartContract': {'address': {'address': '0x38f9307839a8e82b071ea6fcbef029814ed88fcb'}}, 'caller': {'address': '0x0388c1e0f210abae597b7de712b9510c6c36c857'}, 'date': {'date': '2020-10-29'}, 'block': {'height': 11149609}}, {'smartContract': {'address': {'address': '0x65fabaf7e6c5380243e063d8559d84e589db6438'}}, 'caller': {'address': '0x0388c1e0f210abae597b7de712b9510c6c36c857'}, 'date': {'date': '2020-10-29'}, 'block': {'height': 11149609}}, {'smartContract': {'address': {'address': '0x26da27cd29d75bcd925665223b4416025450d756'}}, 'caller': {'address': '0x0388c1e0f210abae597b7de712b9510c6c36c857'}, 'date': {'date': '2020-10-29'}, 'block': {'height': 11149604}}, {'smartContract': {'address': {'address': '0xc9a72cc23f900b381fc6355afd8ee674b1f12df6'}}, 'caller': {'address': '0x0388c1e0f210abae597b7de712b9510c6c36c857'}, 'date': {'date': '2020-10-29'}, 'block': {'height': 11149603}}, {'smartContract': {'address': {'address': '0x97e1081c5decb27606dbcdea9d8e615757ab11c4'}}, 'caller': {'address': '0x0388c1e0f210abae597b7de712b9510c6c36c857'}, 'date': {'date': '2020-10-29'}, 'block': {'height': 11149602}}, {'smartContract': {'address': {'address': '0xe2f4cc0198150a7bea98e0a2a66fecafc30a5cd0'}}, 'caller': {'address': '0x0388c1e0f210abae597b7de712b9510c6c36c857'}, 'date': {'date': '2020-10-29'}, 'block': {'height': 11149601}}, {'smartContract': {'address': {'address': '0xb10c1840f562f0ac914da2bad3290833c75fdddf'}}, 'caller': {'address': '0x0388c1e0f210abae597b7de712b9510c6c36c857'}, 'date': {'date': '2020-10-29'}, 'block': {'height': 11149600}}, {'smartContract': {'address': {'address': '0x96258bb42779bf300cf69c9b5bd2ba5245cb4bc4'}}, 'caller': {'address': '0x0388c1e0f210abae597b7de712b9510c6c36c857'}, 'date': {'date': '2020-10-29'}, 'block': {'height': 11149600}}, {'smartContract': {'address': {'address': '0xbffd9ff55685a3b6940c59dcdcc69b1737363be0'}}, 'caller': {'address': '0x0388c1e0f210abae597b7de712b9510c6c36c857'}, 'date': {'date': '2020-10-29'}, 'block': {'height': 11149598}}, {'smartContract': {'address': {'address': '0x7885e359a085372ebcf1ed6829402f149d02c600'}}, 'caller': {'address': '0x0388c1e0f210abae597b7de712b9510c6c36c857'}, 'date': {'date': '2020-10-29'}, 'block': {'height': 11149596}}, {'smartContract': {'address': {'address': '0xfa1b8f29d9505d18b22f823b82e7da886dfc8bdf'}}, 'caller': {'address': '0x0388c1e0f210abae597b7de712b9510c6c36c857'}, 'date': {'date': '2020-10-29'}, 'block': {'height': 11149296}}, {'smartContract': {'address': {'address': '0xf591a2e7170863986ed3f73f086bb945f911f5a1'}}, 'caller': {'address': '0x22f617efb6fd3f9f2cde15d16c39c22930d0081a'}, 'date': {'date': '2020-10-28'}, 'block': {'height': 11144498}}, {'smartContract': {'address': {'address': '0x9abf23f4e439d695a7fd341a1b25873c50cfa52e'}}, 'caller': {'address': '0x22f617efb6fd3f9f2cde15d16c39c22930d0081a'}, 'date': {'date': '2020-10-28'}, 'block': {'height': 11144457}}, {'smartContract': {'address': {'address': '0x0ea7dc413c6209112101b6ef99a27f9ed56b4a4b'}}, 'caller': {'address': '0x22f617efb6fd3f9f2cde15d16c39c22930d0081a'}, 'date': {'date': '2020-10-28'}, 'block': {'height': 11142524}}, {'smartContract': {'address': {'address': '0x1d5c6f1607a171ad52efb270121331b3039dd83e'}}, 'caller': {'address': '0x22f617efb6fd3f9f2cde15d16c39c22930d0081a'}, 'date': {'date': '2020-10-28'}, 'block': {'height': 11142486}}, {'smartContract': {'address': {'address': '0x0388c1e0f210abae597b7de712b9510c6c36c857'}}, 'caller': {'address': '0x22f617efb6fd3f9f2cde15d16c39c22930d0081a'}, 'date': {'date': '2020-10-28'}, 'block': {'height': 11142434}}, {'smartContract': {'address': {'address': '0x623e6248ba61f8ab694b1e2fd0aac7965cf3f5c4'}}, 'caller': {'address': '0x22f617efb6fd3f9f2cde15d16c39c22930d0081a'}, 'date': {'date': '2020-10-23'}, 'block': {'height': 11110237}}, {'smartContract': {'address': {'address': '0x3d210a28c443a7aafc4fae2f61543cf43f794d9f'}}, 'caller': {'address': '0x22f617efb6fd3f9f2cde15d16c39c22930d0081a'}, 'date': {'date': '2020-10-23'}, 'block': {'height': 11110235}}, {'smartContract': {'address': {'address': '0x0160835743d9bbd788321dfeff9f58f231677d6a'}}, 'caller': {'address': '0x22f617efb6fd3f9f2cde15d16c39c22930d0081a'}, 'date': {'date': '2020-10-23'}, 'block': {'height': 11110218}}, {'smartContract': {'address': {'address': '0xdc127cca2f0f059af6a414ec6da19a92a6b3812c'}}, 'caller': {'address': '0x22f617efb6fd3f9f2cde15d16c39c22930d0081a'}, 'date': {'date': '2020-10-01'}, 'block': {'height': 10969591}}, {'smartContract': {'address': {'address': '0xb67d7a6644d9e191cac4da2b88d6817351c7ff62'}}, 'caller': {'address': '0x22f617efb6fd3f9f2cde15d16c39c22930d0081a'}, 'date': {'date': '2020-09-25'}, 'block': {'height': 10930879}}, {'smartContract': {'address': {'address': '0xb1f66997a5760428d3a87d68b90bfe0ae64121cc'}}, 'caller': {'address': '0x22f617efb6fd3f9f2cde15d16c39c22930d0081a'}, 'date': {'date': '2020-09-25'}, 'block': {'height': 10930877}}]",2020-09-25
202,202,0x4C2e59D098DF7b6cBaE0848d66DE2f8A4889b9C3,Fodl,,0xFF5039700e8f404A58c1d259ea5b722fEdc280E5,1053533.453,"[{'smartContract': {'address': {'address': '0x7023a32c1cfadf7bbf33999e3e35b9a417d1d32a'}}, 'caller': {'address': '0xff5039700e8f404a58c1d259ea5b722fedc280e5'}, 'date': {'date': '2022-08-12'}, 'block': {'height': 15326569}}, {'smartContract': {'address': {'address': '0x5c1295f234fbda4b6611a61cdb6b3f7a74659918'}}, 'caller': {'address': '0xff5039700e8f404a58c1d259ea5b722fedc280e5'}, 'date': {'date': '2022-08-12'}, 'block': {'height': 15326568}}, {'smartContract': {'address': {'address': '0x95725e8d2f9fca1a122296f366f0deedabe6d88a'}}, 'caller': {'address': '0xff5039700e8f404a58c1d259ea5b722fedc280e5'}, 'date': {'date': '2022-07-29'}, 'block': {'height': 15236795}}, {'smartContract': {'address': {'address': '0x8e039371b4b604000de50ee5600c29e758446c48'}}, 'caller': {'address': '0xff5039700e8f404a58c1d259ea5b722fedc280e5'}, 'date': {'date': '2022-04-05'}, 'block': {'height': 14525937}}, {'smartContract': {'address': {'address': '0x262d626247fd93c7d1cd548d8bc262633c1d93d9'}}, 'caller': {'address': '0xff5039700e8f404a58c1d259ea5b722fedc280e5'}, 'date': {'date': '2022-02-28'}, 'block': {'height': 14296879}}, {'smartContract': {'address': {'address': '0xb37e05fd13c24ecf3edc8f629ddcb5f916081b9e'}}, 'caller': {'address': '0xff5039700e8f404a58c1d259ea5b722fedc280e5'}, 'date': {'date': '2022-02-28'}, 'block': {'height': 14296875}}, {'smartContract': {'address': {'address': '0x437f7add2974487dd188c7fb3781993661552785'}}, 'caller': {'address': '0xff5039700e8f404a58c1d259ea5b722fedc280e5'}, 'date': {'date': '2022-02-19'}, 'block': {'height': 14233806}}, {'smartContract': {'address': {'address': '0xdd4c2f5cb09469e8182f93cd33fe3862587651f0'}}, 'caller': {'address': '0xff5039700e8f404a58c1d259ea5b722fedc280e5'}, 'date': {'date': '2022-02-19'}, 'block': {'height': 14233795}}, {'smartContract': {'address': {'address': '0x7fb33cfa8170991f128cb363facdfe608571568d'}}, 'caller': {'address': '0xff5039700e8f404a58c1d259ea5b722fedc280e5'}, 'date': {'date': '2022-02-17'}, 'block': {'height': 14226134}}, {'smartContract': {'address': {'address': '0x89e1d5607f813afaeb9ec6ec3f3b8972d40ab10f'}}, 'caller': {'address': '0xff5039700e8f404a58c1d259ea5b722fedc280e5'}, 'date': {'date': '2022-02-14'}, 'block': {'height': 14206522}}, {'smartContract': {'address': {'address': '0x91891d478a42ab18f70da3ecd7c342891dba3235'}}, 'caller': {'address': '0xff5039700e8f404a58c1d259ea5b722fedc280e5'}, 'date': {'date': '2022-02-04'}, 'block': {'height': 14140565}}, {'smartContract': {'address': {'address': '0xbeb37ee33df558e8bd57d94810a79df8ffb1a7d2'}}, 'caller': {'address': '0xff5039700e8f404a58c1d259ea5b722fedc280e5'}, 'date': {'date': '2022-02-04'}, 'block': {'height': 14140563}}, {'smartContract': {'address': {'address': '0xad49a0607dc8df85ba3534ad45ec1a28e5a9bc81'}}, 'caller': {'address': '0xff5039700e8f404a58c1d259ea5b722fedc280e5'}, 'date': {'date': '2022-02-04'}, 'block': {'height': 14138910}}, {'smartContract': {'address': {'address': '0xafde8f44270a8d7996ab0ed5fa1d1b12d10ca143'}}, 'caller': {'address': '0xff5039700e8f404a58c1d259ea5b722fedc280e5'}, 'date': {'date': '2022-02-04'}, 'block': {'height': 14138909}}, {'smartContract': {'address': {'address': '0x07778633df5a0700280e8fb13f2ae7dbe330732d'}}, 'caller': {'address': '0xff5039700e8f404a58c1d259ea5b722fedc280e5'}, 'date': {'date': '2022-02-04'}, 'block': {'height': 14138907}}, {'smartContract': {'address': {'address': '0xb9bab59766cd9dbe593b8a2e0d707acc1f464c6b'}}, 'caller': {'address': '0xff5039700e8f404a58c1d259ea5b722fedc280e5'}, 'date': {'date': '2022-02-04'}, 'block': {'height': 14138905}}, {'smartContract': {'address': {'address': '0x96f15da7c8c516240f9238f5512578166b01cec4'}}, 'caller': {'address': '0xff5039700e8f404a58c1d259ea5b722fedc280e5'}, 'date': {'date': '2022-02-04'}, 'block': {'height': 14138904}}, {'smartContract': {'address': {'address': '0x7dc33f16c4817b91a0a843c190394795f910bc66'}}, 'caller': {'address': '0xff5039700e8f404a58c1d259ea5b722fedc280e5'}, 'date': {'date': '2022-01-24'}, 'block': {'height': 14069868}}, {'smartContract': {'address': {'address': '0xa6385fb35846cc7d5ace260f3a25766aa5d10802'}}, 'caller': {'address': '0xff5039700e8f404a58c1d259ea5b722fedc280e5'}, 'date': {'date': '2022-01-24'}, 'block': {'height': 14069865}}, {'smartContract': {'address': {'address': '0xb84ec23b4ffb1996a385b92ff7e5c7ac16fbdc42'}}, 'caller': {'address': '0xff5039700e8f404a58c1d259ea5b722fedc280e5'}, 'date': {'date': '2022-01-24'}, 'block': {'height': 14069840}}, {'smartContract': {'address': {'address': '0x0f4c8c96dcf9ee267d5caef410fe38f501845c3a'}}, 'caller': {'address': '0xff5039700e8f404a58c1d259ea5b722fedc280e5'}, 'date': {'date': '2022-01-24'}, 'block': {'height': 14069765}}, {'smartContract': {'address': {'address': '0x1c6231cec1f08c3c365afbae3bc69d42594a94fe'}}, 'caller': {'address': '0xff5039700e8f404a58c1d259ea5b722fedc280e5'}, 'date': {'date': '2021-12-30'}, 'block': {'height': 13907723}}, {'smartContract': {'address': {'address': '0xba0ff6dfdaf4c14333ce260f8d82032c79d14b56'}}, 'caller': {'address': '0xff5039700e8f404a58c1d259ea5b722fedc280e5'}, 'date': {'date': '2021-12-30'}, 'block': {'height': 13907710}}, {'smartContract': {'address': {'address': '0x70febba7d45cfe6d99847ba4ccc393373b1ea8aa'}}, 'caller': {'address': '0xff5039700e8f404a58c1d259ea5b722fedc280e5'}, 'date': {'date': '2021-12-30'}, 'block': {'height': 13907514}}, {'smartContract': {'address': {'address': '0x7dbcea059841457fe185a4fa68b2f1234c160713'}}, 'caller': {'address': '0xff5039700e8f404a58c1d259ea5b722fedc280e5'}, 'date': {'date': '2021-12-30'}, 'block': {'height': 13906221}}, {'smartContract': {'address': {'address': '0xad814ae0cb4213ae8313b5623d4159edae934b62'}}, 'caller': {'address': '0xff5039700e8f404a58c1d259ea5b722fedc280e5'}, 'date': {'date': '2021-12-30'}, 'block': {'height': 13906220}}, {'smartContract': {'address': {'address': '0xde6e50a78718fae0f097b0de59468e7b927d13b4'}}, 'caller': {'address': '0xff5039700e8f404a58c1d259ea5b722fedc280e5'}, 'date': {'date': '2021-12-30'}, 'block': {'height': 13906219}}, {'smartContract': {'address': {'address': '0xb1d099e2ea5d85a69d87e245aff22e2342433903'}}, 'caller': {'address': '0xff5039700e8f404a58c1d259ea5b722fedc280e5'}, 'date': {'date': '2021-12-13'}, 'block': {'height': 13798106}}, {'smartContract': {'address': {'address': '0xf1172af86152b24009d5cd175dd79b9e1fb8ea59'}}, 'caller': {'address': '0xff5039700e8f404a58c1d259ea5b722fedc280e5'}, 'date': {'date': '2021-12-08'}, 'block': {'height': 13765792}}, {'smartContract': {'address': {'address': '0xf2b6312861c94da8f3b0214706f52de3c5ce7a4f'}}, 'caller': {'address': '0xff5039700e8f404a58c1d259ea5b722fedc280e5'}, 'date': {'date': '2021-12-01'}, 'block': {'height': 13722500}}, {'smartContract': {'address': {'address': '0x7e05540a61b531793742fde0514e6c136b5fbafe'}}, 'caller': {'address': '0xff5039700e8f404a58c1d259ea5b722fedc280e5'}, 'date': {'date': '2021-11-25'}, 'block': {'height': 13684767}}, {'smartContract': {'address': {'address': '0x3d0c4c56cada30d089b80ed0044036006d5e578c'}}, 'caller': {'address': '0xff5039700e8f404a58c1d259ea5b722fedc280e5'}, 'date': {'date': '2021-11-22'}, 'block': {'height': 13667406}}, {'smartContract': {'address': {'address': '0xde874ad7ce27b6a01a996a03e5e1b81305ac6837'}}, 'caller': {'address': '0xff5039700e8f404a58c1d259ea5b722fedc280e5'}, 'date': {'date': '2021-11-22'}, 'block': {'height': 13666892}}, {'smartContract': {'address': {'address': '0x530231da74f82290390b00b4c92768c7fac482f5'}}, 'caller': {'address': '0xff5039700e8f404a58c1d259ea5b722fedc280e5'}, 'date': {'date': '2021-10-27'}, 'block': {'height': 13499315}}, {'smartContract': {'address': {'address': '0x47cdcae79b3a03ef1ac05daabf7820a25983435b'}}, 'caller': {'address': '0xff5039700e8f404a58c1d259ea5b722fedc280e5'}, 'date': {'date': '2021-10-27'}, 'block': {'height': 13499312}}, {'smartContract': {'address': {'address': '0xed16f524ddc0896368dc99ace1b5d318a0834cf2'}}, 'caller': {'address': '0xff5039700e8f404a58c1d259ea5b722fedc280e5'}, 'date': {'date': '2021-10-27'}, 'block': {'height': 13499309}}, {'smartContract': {'address': {'address': '0x1d8e50d9ff117ace87d7c6ac8a391b8f513a80a2'}}, 'caller': {'address': '0xff5039700e8f404a58c1d259ea5b722fedc280e5'}, 'date': {'date': '2021-10-27'}, 'block': {'height': 13499294}}, {'smartContract': {'address': {'address': '0xfdff342e37121dad22fb09b8df21913fcae63ca5'}}, 'caller': {'address': '0xff5039700e8f404a58c1d259ea5b722fedc280e5'}, 'date': {'date': '2021-10-27'}, 'block': {'height': 13499291}}, {'smartContract': {'address': {'address': '0x9011260a6af51d92362b111e6d83b192b0db0e5f'}}, 'caller': {'address': '0xff5039700e8f404a58c1d259ea5b722fedc280e5'}, 'date': {'date': '2021-10-07'}, 'block': {'height': 13373792}}, {'smartContract': {'address': {'address': '0x080155c42b0854c3a718b610cc5183e963851afb'}}, 'caller': {'address': '0xff5039700e8f404a58c1d259ea5b722fedc280e5'}, 'date': {'date': '2021-10-07'}, 'block': {'height': 13373787}}, {'smartContract': {'address': {'address': '0x119320ec88fce9bf3196430637c56368cce48575'}}, 'caller': {'address': '0xff5039700e8f404a58c1d259ea5b722fedc280e5'}, 'date': {'date': '2021-10-07'}, 'block': {'height': 13373786}}, {'smartContract': {'address': {'address': '0x61971936f7f6d6ab70d7ef0ae4a5ebd4598a5b81'}}, 'caller': {'address': '0xff5039700e8f404a58c1d259ea5b722fedc280e5'}, 'date': {'date': '2021-10-07'}, 'block': {'height': 13373780}}, {'smartContract': {'address': {'address': '0x741dc35685325c73b6f6c6ccf69363acf1f59517'}}, 'caller': {'address': '0xff5039700e8f404a58c1d259ea5b722fedc280e5'}, 'date': {'date': '2021-10-07'}, 'block': {'height': 13373775}}, {'smartContract': {'address': {'address': '0x3a5be45fb114c7c5ebfce1462eaa140f53892f0a'}}, 'caller': {'address': '0xff5039700e8f404a58c1d259ea5b722fedc280e5'}, 'date': {'date': '2021-10-07'}, 'block': {'height': 13373771}}, {'smartContract': {'address': {'address': '0x0508363b69b22c4a23d864636b2135d6e87e9708'}}, 'caller': {'address': '0xff5039700e8f404a58c1d259ea5b722fedc280e5'}, 'date': {'date': '2021-10-07'}, 'block': {'height': 13373768}}, {'smartContract': {'address': {'address': '0xc6421c08f6e7ea5a4bbecefacd5602b2a0a2ea94'}}, 'caller': {'address': '0xff5039700e8f404a58c1d259ea5b722fedc280e5'}, 'date': {'date': '2021-10-07'}, 'block': {'height': 13373765}}, {'smartContract': {'address': {'address': '0x450db06e802ee13dc1711855e6ac3b351114903c'}}, 'caller': {'address': '0xff5039700e8f404a58c1d259ea5b722fedc280e5'}, 'date': {'date': '2021-10-07'}, 'block': {'height': 13373757}}, {'smartContract': {'address': {'address': '0x77751fb0ea54edb5542481ca8a1d53df8ab65aee'}}, 'caller': {'address': '0xff5039700e8f404a58c1d259ea5b722fedc280e5'}, 'date': {'date': '2021-10-07'}, 'block': {'height': 13373752}}, {'smartContract': {'address': {'address': '0x6bef01fa1ee5f6346057fd6ee4c127789ebcf671'}}, 'caller': {'address': '0xff5039700e8f404a58c1d259ea5b722fedc280e5'}, 'date': {'date': '2021-10-07'}, 'block': {'height': 13373747}}, {'smartContract': {'address': {'address': '0x7ff11d2c0364511ac5b0418e269d957188e0234c'}}, 'caller': {'address': '0xff5039700e8f404a58c1d259ea5b722fedc280e5'}, 'date': {'date': '2021-10-07'}, 'block': {'height': 13373746}}, {'smartContract': {'address': {'address': '0xec6b351778aaa2349a8726b4837e05232ef20d03'}}, 'caller': {'address': '0xff5039700e8f404a58c1d259ea5b722fedc280e5'}, 'date': {'date': '2021-10-07'}, 'block': {'height': 13373735}}, {'smartContract': {'address': {'address': '0x92e782badab8d21dde8cc2aae06e5ceb61d23139'}}, 'caller': {'address': '0xff5039700e8f404a58c1d259ea5b722fedc280e5'}, 'date': {'date': '2021-10-07'}, 'block': {'height': 13373734}}, {'smartContract': {'address': {'address': '0xefdded313daf7b9da4a1a2f19ce079a4c82548e8'}}, 'caller': {'address': '0xff5039700e8f404a58c1d259ea5b722fedc280e5'}, 'date': {'date': '2021-10-07'}, 'block': {'height': 13373695}}, {'smartContract': {'address': {'address': '0xb410075e1e13c182475b2d0ece9445f2710ab197'}}, 'caller': {'address': '0xff5039700e8f404a58c1d259ea5b722fedc280e5'}, 'date': {'date': '2021-10-07'}, 'block': {'height': 13373694}}, {'smartContract': {'address': {'address': '0x4c2e59d098df7b6cbae0848d66de2f8a4889b9c3'}}, 'caller': {'address': '0xff5039700e8f404a58c1d259ea5b722fedc280e5'}, 'date': {'date': '2021-10-07'}, 'block': {'height': 13373693}}]",2021-10-07
203,203,0x09e64c2B61a5f1690Ee6fbeD9baf5D6990F8dFd0,Growth,,0x239ebcFB32372F8cF7E31deA1b7A702b6fC2B92D,1043580.465,"[{'smartContract': {'address': {'address': '0x96d918196669909736c0a6495d733c6dfebafc15'}}, 'caller': {'address': '0x239ebcfb32372f8cf7e31dea1b7a702b6fc2b92d'}, 'date': {'date': '2020-10-14'}, 'block': {'height': 11053482}}, {'smartContract': {'address': {'address': '0x09e64c2b61a5f1690ee6fbed9baf5d6990f8dfd0'}}, 'caller': {'address': '0x239ebcfb32372f8cf7e31dea1b7a702b6fc2b92d'}, 'date': {'date': '2020-08-25'}, 'block': {'height': 10729870}}]",2020-08-25
204,204,0x888888435FDe8e7d4c54cAb67f206e4199454c60,DFX Token,https://github.com/dfx-finance/contracts,0xcC6B626faba67507D2328364085e9c614879fbd5,1039648.886,[],2021-01-14
205,205,0x488E0369f9BC5C40C002eA7c1fe4fd01A198801c,Golff.finance,,0xFdEfAb1926f04Bf988e3FFe2A325c657beA39dFB,1021972.988,"[{'smartContract': {'address': {'address': '0x052bd415b45555c10c4a52e4dc999691833eb87b'}}, 'caller': {'address': '0xfdefab1926f04bf988e3ffe2a325c657bea39dfb'}, 'date': {'date': '2022-05-18'}, 'block': {'height': 14797367}}, {'smartContract': {'address': {'address': '0xccbeba86ca476be73fffd664b86e6c3ce7f76323'}}, 'caller': {'address': '0xfdefab1926f04bf988e3ffe2a325c657bea39dfb'}, 'date': {'date': '2021-03-03'}, 'block': {'height': 11965269}}, {'smartContract': {'address': {'address': '0x238b0a15cc28e621bcc0bd78db1987e14b6929f3'}}, 'caller': {'address': '0xfdefab1926f04bf988e3ffe2a325c657bea39dfb'}, 'date': {'date': '2021-03-03'}, 'block': {'height': 11965264}}, {'smartContract': {'address': {'address': '0x06d521866410c2e4a741ee8b53fc416adc08b06c'}}, 'caller': {'address': '0xfdefab1926f04bf988e3ffe2a325c657bea39dfb'}, 'date': {'date': '2021-02-17'}, 'block': {'height': 11873882}}, {'smartContract': {'address': {'address': '0x364c1a4e384c959b218567ed25bb4107502bb20a'}}, 'caller': {'address': '0xfdefab1926f04bf988e3ffe2a325c657bea39dfb'}, 'date': {'date': '2021-02-17'}, 'block': {'height': 11873878}}, {'smartContract': {'address': {'address': '0x6358c7078ff073a53ffde34ca9918362064e6b46'}}, 'caller': {'address': '0xfdefab1926f04bf988e3ffe2a325c657bea39dfb'}, 'date': {'date': '2021-02-17'}, 'block': {'height': 11873822}}, {'smartContract': {'address': {'address': '0x33305317a3a08922dbc059f27e782682cd8a3d3f'}}, 'caller': {'address': '0xfdefab1926f04bf988e3ffe2a325c657bea39dfb'}, 'date': {'date': '2021-02-17'}, 'block': {'height': 11873819}}, {'smartContract': {'address': {'address': '0xcc7f328b4dc918ff951d471448d4821f8b8575d8'}}, 'caller': {'address': '0xfdefab1926f04bf988e3ffe2a325c657bea39dfb'}, 'date': {'date': '2021-02-17'}, 'block': {'height': 11873813}}, {'smartContract': {'address': {'address': '0xadb93a041245516a5c4538ef2bd97404cafc826c'}}, 'caller': {'address': '0xfdefab1926f04bf988e3ffe2a325c657bea39dfb'}, 'date': {'date': '2021-02-17'}, 'block': {'height': 11873794}}, {'smartContract': {'address': {'address': '0x52d67522a631b84d9e0ffea12efc5a7c25ffbea2'}}, 'caller': {'address': '0xfdefab1926f04bf988e3ffe2a325c657bea39dfb'}, 'date': {'date': '2021-02-17'}, 'block': {'height': 11873787}}, {'smartContract': {'address': {'address': '0x2ae02122824d7bf7f36ff39471bfd94097639ee2'}}, 'caller': {'address': '0xfdefab1926f04bf988e3ffe2a325c657bea39dfb'}, 'date': {'date': '2021-02-17'}, 'block': {'height': 11873785}}, {'smartContract': {'address': {'address': '0xc0ba67fd734bfac2ce19c82011dc161ab5faa177'}}, 'caller': {'address': '0xfdefab1926f04bf988e3ffe2a325c657bea39dfb'}, 'date': {'date': '2021-02-17'}, 'block': {'height': 11873767}}, {'smartContract': {'address': {'address': '0x86acf89c3a72cee9f82799289f5c1199464d9377'}}, 'caller': {'address': '0xfdefab1926f04bf988e3ffe2a325c657bea39dfb'}, 'date': {'date': '2021-02-17'}, 'block': {'height': 11873762}}, {'smartContract': {'address': {'address': '0x127478e20666d95ce95642123fd8305863e3d881'}}, 'caller': {'address': '0xfdefab1926f04bf988e3ffe2a325c657bea39dfb'}, 'date': {'date': '2021-02-17'}, 'block': {'height': 11873757}}, {'smartContract': {'address': {'address': '0xfb0950fad2b07c4627e40f6f3da8ddb0213071ff'}}, 'caller': {'address': '0xfdefab1926f04bf988e3ffe2a325c657bea39dfb'}, 'date': {'date': '2021-02-17'}, 'block': {'height': 11873722}}, {'smartContract': {'address': {'address': '0x960203a47168a6201d8f820a9335a28324e786a0'}}, 'caller': {'address': '0xfdefab1926f04bf988e3ffe2a325c657bea39dfb'}, 'date': {'date': '2021-02-17'}, 'block': {'height': 11873713}}, {'smartContract': {'address': {'address': '0x556ac70e2cf196f90f08c4e822df2e941b82fb2b'}}, 'caller': {'address': '0xfdefab1926f04bf988e3ffe2a325c657bea39dfb'}, 'date': {'date': '2021-02-17'}, 'block': {'height': 11873709}}, {'smartContract': {'address': {'address': '0x1b658a5804ee3985723114eeed6a9a22d18caa42'}}, 'caller': {'address': '0xfdefab1926f04bf988e3ffe2a325c657bea39dfb'}, 'date': {'date': '2021-02-17'}, 'block': {'height': 11873669}}, {'smartContract': {'address': {'address': '0xc347d03c18eef2bdc6eaf948df4f1cc516266c98'}}, 'caller': {'address': '0xfdefab1926f04bf988e3ffe2a325c657bea39dfb'}, 'date': {'date': '2021-02-17'}, 'block': {'height': 11873662}}, {'smartContract': {'address': {'address': '0xf22874f4ac836f23379f5dbd08dca79afc523396'}}, 'caller': {'address': '0xfdefab1926f04bf988e3ffe2a325c657bea39dfb'}, 'date': {'date': '2021-02-17'}, 'block': {'height': 11873619}}, {'smartContract': {'address': {'address': '0x612447169e27586a5922d3d7ef082023352ae641'}}, 'caller': {'address': '0xfdefab1926f04bf988e3ffe2a325c657bea39dfb'}, 'date': {'date': '2021-02-17'}, 'block': {'height': 11873614}}, {'smartContract': {'address': {'address': '0x669da2e4ff319d7981cf785d8cf2a165375dfb8f'}}, 'caller': {'address': '0xfdefab1926f04bf988e3ffe2a325c657bea39dfb'}, 'date': {'date': '2021-02-05'}, 'block': {'height': 11793487}}, {'smartContract': {'address': {'address': '0xf7e8aa9540928c7cb57ade63a599a2cd4a29bd7d'}}, 'caller': {'address': '0xfdefab1926f04bf988e3ffe2a325c657bea39dfb'}, 'date': {'date': '2021-01-20'}, 'block': {'height': 11690759}}, {'smartContract': {'address': {'address': '0x719fe87079f7bd55468d35c4472aae687fe7ca59'}}, 'caller': {'address': '0xfdefab1926f04bf988e3ffe2a325c657bea39dfb'}, 'date': {'date': '2021-01-20'}, 'block': {'height': 11690725}}, {'smartContract': {'address': {'address': '0x141f1dccbf839dcdb74ce59ffa5cfc078d4209fa'}}, 'caller': {'address': '0xfdefab1926f04bf988e3ffe2a325c657bea39dfb'}, 'date': {'date': '2020-12-15'}, 'block': {'height': 11456723}}, {'smartContract': {'address': {'address': '0x22a259f8a78cf2d38dd5ff92ae9d1ae7bfff7419'}}, 'caller': {'address': '0xfdefab1926f04bf988e3ffe2a325c657bea39dfb'}, 'date': {'date': '2020-12-15'}, 'block': {'height': 11456047}}, {'smartContract': {'address': {'address': '0xa8cc8230e3192dbc2513e3134043bf5605b3db4c'}}, 'caller': {'address': '0xfdefab1926f04bf988e3ffe2a325c657bea39dfb'}, 'date': {'date': '2020-12-15'}, 'block': {'height': 11456043}}, {'smartContract': {'address': {'address': '0x9e5cb9b16fc47cf6c63ffb73b5c64fc39a58e771'}}, 'caller': {'address': '0xfdefab1926f04bf988e3ffe2a325c657bea39dfb'}, 'date': {'date': '2020-11-18'}, 'block': {'height': 11281886}}, {'smartContract': {'address': {'address': '0xc5a0e0dab0ae0755a09411cb45147608b73a829b'}}, 'caller': {'address': '0xfdefab1926f04bf988e3ffe2a325c657bea39dfb'}, 'date': {'date': '2020-11-18'}, 'block': {'height': 11281884}}, {'smartContract': {'address': {'address': '0x3515532d84aacb8e1e45b0ef85f123559671d587'}}, 'caller': {'address': '0xfdefab1926f04bf988e3ffe2a325c657bea39dfb'}, 'date': {'date': '2020-11-18'}, 'block': {'height': 11281881}}, {'smartContract': {'address': {'address': '0x6aa0ba5bcd234fdd9a17372b40e5fbdb9dc71bd0'}}, 'caller': {'address': '0xfdefab1926f04bf988e3ffe2a325c657bea39dfb'}, 'date': {'date': '2020-11-18'}, 'block': {'height': 11281135}}, {'smartContract': {'address': {'address': '0xe14837aff06d0a88ac9d40ad570393aa8ef245f8'}}, 'caller': {'address': '0xfdefab1926f04bf988e3ffe2a325c657bea39dfb'}, 'date': {'date': '2020-11-18'}, 'block': {'height': 11281081}}, {'smartContract': {'address': {'address': '0x94d1e9463fe3e11d275b44397ffa2473d98d4442'}}, 'caller': {'address': '0xfdefab1926f04bf988e3ffe2a325c657bea39dfb'}, 'date': {'date': '2020-11-18'}, 'block': {'height': 11281065}}, {'smartContract': {'address': {'address': '0xcbb0db9bce0de4bd1a256bef610b7dc13c214f79'}}, 'caller': {'address': '0xfdefab1926f04bf988e3ffe2a325c657bea39dfb'}, 'date': {'date': '2020-11-18'}, 'block': {'height': 11281017}}, {'smartContract': {'address': {'address': '0x51ba478d285d2770067b51502eb30d2eee61f5cd'}}, 'caller': {'address': '0xfdefab1926f04bf988e3ffe2a325c657bea39dfb'}, 'date': {'date': '2020-11-18'}, 'block': {'height': 11280985}}, {'smartContract': {'address': {'address': '0x5f602935fdbf37b395f93c8439b73e0d79c7222a'}}, 'caller': {'address': '0xfdefab1926f04bf988e3ffe2a325c657bea39dfb'}, 'date': {'date': '2020-11-18'}, 'block': {'height': 11280963}}, {'smartContract': {'address': {'address': '0xd63904c454c40c96a88e8d77fb1251213703f7e0'}}, 'caller': {'address': '0xfdefab1926f04bf988e3ffe2a325c657bea39dfb'}, 'date': {'date': '2020-11-12'}, 'block': {'height': 11241162}}, {'smartContract': {'address': {'address': '0xa7299cda1eed61772558ef20decaf854887a3c5b'}}, 'caller': {'address': '0xfdefab1926f04bf988e3ffe2a325c657bea39dfb'}, 'date': {'date': '2020-11-12'}, 'block': {'height': 11241154}}, {'smartContract': {'address': {'address': '0x4936d5ac67b18614b0102a112d310de89da2e20a'}}, 'caller': {'address': '0xfdefab1926f04bf988e3ffe2a325c657bea39dfb'}, 'date': {'date': '2020-11-12'}, 'block': {'height': 11241147}}, {'smartContract': {'address': {'address': '0xb11517d8f7d75eda76a522fddb9e1958686b06fe'}}, 'caller': {'address': '0xfdefab1926f04bf988e3ffe2a325c657bea39dfb'}, 'date': {'date': '2020-11-12'}, 'block': {'height': 11241142}}, {'smartContract': {'address': {'address': '0x90588ddcb6716ecbdc3bbb6890fd4de5518cc307'}}, 'caller': {'address': '0xfdefab1926f04bf988e3ffe2a325c657bea39dfb'}, 'date': {'date': '2020-11-12'}, 'block': {'height': 11241111}}, {'smartContract': {'address': {'address': '0xe343a498049c8e631986d84cfc6750de53e385f0'}}, 'caller': {'address': '0xfdefab1926f04bf988e3ffe2a325c657bea39dfb'}, 'date': {'date': '2020-11-11'}, 'block': {'height': 11236986}}, {'smartContract': {'address': {'address': '0x7fe428e78e8d7eb9ec5c2d241fff859d56d54fd2'}}, 'caller': {'address': '0xfdefab1926f04bf988e3ffe2a325c657bea39dfb'}, 'date': {'date': '2020-11-11'}, 'block': {'height': 11236971}}, {'smartContract': {'address': {'address': '0x392c9cabf31c6b46f10065559cca8420ea31d4ed'}}, 'caller': {'address': '0xfdefab1926f04bf988e3ffe2a325c657bea39dfb'}, 'date': {'date': '2020-11-11'}, 'block': {'height': 11236914}}, {'smartContract': {'address': {'address': '0xc29bd4a996dac898fd17814d7e186871bb99bf7c'}}, 'caller': {'address': '0xfdefab1926f04bf988e3ffe2a325c657bea39dfb'}, 'date': {'date': '2020-11-11'}, 'block': {'height': 11236902}}, {'smartContract': {'address': {'address': '0x281bf86573d69ce7b30cffcad837307fc2b88a0f'}}, 'caller': {'address': '0xfdefab1926f04bf988e3ffe2a325c657bea39dfb'}, 'date': {'date': '2020-11-11'}, 'block': {'height': 11236849}}, {'smartContract': {'address': {'address': '0x8547dd883eb951b94ece674df4820333f78ec732'}}, 'caller': {'address': '0xfdefab1926f04bf988e3ffe2a325c657bea39dfb'}, 'date': {'date': '2020-11-11'}, 'block': {'height': 11236801}}, {'smartContract': {'address': {'address': '0x42eaedc585c7a1b5f41a24c845b82821f629a9d9'}}, 'caller': {'address': '0xfdefab1926f04bf988e3ffe2a325c657bea39dfb'}, 'date': {'date': '2020-11-11'}, 'block': {'height': 11236795}}, {'smartContract': {'address': {'address': '0x790f04ac1eccb288ae216a5848eb0f2038f7fc9e'}}, 'caller': {'address': '0xfdefab1926f04bf988e3ffe2a325c657bea39dfb'}, 'date': {'date': '2020-11-11'}, 'block': {'height': 11234887}}, {'smartContract': {'address': {'address': '0xad66133698ece6c1a51c3cdaba3379b2d326bdbc'}}, 'caller': {'address': '0xfdefab1926f04bf988e3ffe2a325c657bea39dfb'}, 'date': {'date': '2020-11-06'}, 'block': {'height': 11202925}}, {'smartContract': {'address': {'address': '0x767575b1c3f653b3842cf1f77a1e6105c3744952'}}, 'caller': {'address': '0xfdefab1926f04bf988e3ffe2a325c657bea39dfb'}, 'date': {'date': '2020-11-06'}, 'block': {'height': 11202864}}, {'smartContract': {'address': {'address': '0x1384d257bc11c11bc01e2429fe0dde36f4083f45'}}, 'caller': {'address': '0xfdefab1926f04bf988e3ffe2a325c657bea39dfb'}, 'date': {'date': '2020-11-06'}, 'block': {'height': 11202810}}, {'smartContract': {'address': {'address': '0x5055cfadfbf9927ded44c183979085e2ec79ed9d'}}, 'caller': {'address': '0xfdefab1926f04bf988e3ffe2a325c657bea39dfb'}, 'date': {'date': '2020-11-06'}, 'block': {'height': 11202750}}, {'smartContract': {'address': {'address': '0xc01246075666e462bf2854a3422da59a613f4055'}}, 'caller': {'address': '0xfdefab1926f04bf988e3ffe2a325c657bea39dfb'}, 'date': {'date': '2020-10-28'}, 'block': {'height': 11143524}}, {'smartContract': {'address': {'address': '0x41661ede53ed7ccb165edc5f442e1bbcdb12b0f8'}}, 'caller': {'address': '0xfdefab1926f04bf988e3ffe2a325c657bea39dfb'}, 'date': {'date': '2020-10-14'}, 'block': {'height': 11052267}}, {'smartContract': {'address': {'address': '0x87ee842c0f53cb79ce4d1595b11cdafe09f53450'}}, 'caller': {'address': '0xfdefab1926f04bf988e3ffe2a325c657bea39dfb'}, 'date': {'date': '2020-10-14'}, 'block': {'height': 11052255}}, {'smartContract': {'address': {'address': '0x4a7d0012971f7cf9ba0d6e1addbbc1c65cbfd5a5'}}, 'caller': {'address': '0xfdefab1926f04bf988e3ffe2a325c657bea39dfb'}, 'date': {'date': '2020-09-30'}, 'block': {'height': 10962413}}, {'smartContract': {'address': {'address': '0xa1b450670556b69d1b391dc200b80273e88f0d06'}}, 'caller': {'address': '0xfdefab1926f04bf988e3ffe2a325c657bea39dfb'}, 'date': {'date': '2020-09-30'}, 'block': {'height': 10962410}}, {'smartContract': {'address': {'address': '0x212c77fe4779f88e7a01163a04b556731dc5f455'}}, 'caller': {'address': '0xfdefab1926f04bf988e3ffe2a325c657bea39dfb'}, 'date': {'date': '2020-09-30'}, 'block': {'height': 10962408}}, {'smartContract': {'address': {'address': '0x297b4dd40e0f88947344e2c53cb064f5a98588fb'}}, 'caller': {'address': '0xfdefab1926f04bf988e3ffe2a325c657bea39dfb'}, 'date': {'date': '2020-09-28'}, 'block': {'height': 10951151}}, {'smartContract': {'address': {'address': '0x3741a91920251cbd59f66c86499f639ae265f352'}}, 'caller': {'address': '0xfdefab1926f04bf988e3ffe2a325c657bea39dfb'}, 'date': {'date': '2020-09-28'}, 'block': {'height': 10950103}}, {'smartContract': {'address': {'address': '0xc63dac4501665e64c7ae60b5860bbc0188687716'}}, 'caller': {'address': '0xfdefab1926f04bf988e3ffe2a325c657bea39dfb'}, 'date': {'date': '2020-09-28'}, 'block': {'height': 10950091}}, {'smartContract': {'address': {'address': '0xb149e5f355411217fee85043042013f8916a3279'}}, 'caller': {'address': '0xfdefab1926f04bf988e3ffe2a325c657bea39dfb'}, 'date': {'date': '2020-09-27'}, 'block': {'height': 10945293}}, {'smartContract': {'address': {'address': '0xd8c89b89bdcac2d6280b5fa80202f9213b37a0f3'}}, 'caller': {'address': '0xfdefab1926f04bf988e3ffe2a325c657bea39dfb'}, 'date': {'date': '2020-09-27'}, 'block': {'height': 10945198}}, {'smartContract': {'address': {'address': '0xc209784b2e88d678041830a934c5a0cb25a14c0d'}}, 'caller': {'address': '0xfdefab1926f04bf988e3ffe2a325c657bea39dfb'}, 'date': {'date': '2020-09-27'}, 'block': {'height': 10945193}}, {'smartContract': {'address': {'address': '0x876cd22e50b16e2b3f4b28a635379099b365598c'}}, 'caller': {'address': '0xfdefab1926f04bf988e3ffe2a325c657bea39dfb'}, 'date': {'date': '2020-09-17'}, 'block': {'height': 10879775}}, {'smartContract': {'address': {'address': '0x6e0d4a8dd44e9efe5b614190acbac18b4cd5cd5d'}}, 'caller': {'address': '0xfdefab1926f04bf988e3ffe2a325c657bea39dfb'}, 'date': {'date': '2020-09-16'}, 'block': {'height': 10873208}}, {'smartContract': {'address': {'address': '0x69c33b02939160de26f395e29380e98add4f76e5'}}, 'caller': {'address': '0xfdefab1926f04bf988e3ffe2a325c657bea39dfb'}, 'date': {'date': '2020-09-16'}, 'block': {'height': 10870643}}, {'smartContract': {'address': {'address': '0xc1efa237c880ce6ee92466f62e202013bbd8352d'}}, 'caller': {'address': '0xfdefab1926f04bf988e3ffe2a325c657bea39dfb'}, 'date': {'date': '2020-09-16'}, 'block': {'height': 10870640}}, {'smartContract': {'address': {'address': '0x4e81626eb309b9690a4a3a4592b5f29aaac0f183'}}, 'caller': {'address': '0xfdefab1926f04bf988e3ffe2a325c657bea39dfb'}, 'date': {'date': '2020-09-08'}, 'block': {'height': 10820779}}, {'smartContract': {'address': {'address': '0xc46188a5a7c1dfb04a99903544660ea83f986fb8'}}, 'caller': {'address': '0xfdefab1926f04bf988e3ffe2a325c657bea39dfb'}, 'date': {'date': '2020-09-08'}, 'block': {'height': 10820769}}, {'smartContract': {'address': {'address': '0x214324c8a613ef7775b9180aab1e239de6db8395'}}, 'caller': {'address': '0xfdefab1926f04bf988e3ffe2a325c657bea39dfb'}, 'date': {'date': '2020-09-08'}, 'block': {'height': 10820766}}, {'smartContract': {'address': {'address': '0x02cc8f37c64c48cee5e3b81d8fe803d4968312ee'}}, 'caller': {'address': '0xfdefab1926f04bf988e3ffe2a325c657bea39dfb'}, 'date': {'date': '2020-09-08'}, 'block': {'height': 10820762}}, {'smartContract': {'address': {'address': '0x08ed8e144170f3d66260bcc34c8e7484b6dd1ce8'}}, 'caller': {'address': '0xfdefab1926f04bf988e3ffe2a325c657bea39dfb'}, 'date': {'date': '2020-09-08'}, 'block': {'height': 10820756}}, {'smartContract': {'address': {'address': '0x308a61e8b52430342295583ea3641b49ad832e22'}}, 'caller': {'address': '0xfdefab1926f04bf988e3ffe2a325c657bea39dfb'}, 'date': {'date': '2020-09-08'}, 'block': {'height': 10820752}}, {'smartContract': {'address': {'address': '0x488e0369f9bc5c40c002ea7c1fe4fd01a198801c'}}, 'caller': {'address': '0xfdefab1926f04bf988e3ffe2a325c657bea39dfb'}, 'date': {'date': '2020-09-07'}, 'block': {'height': 10814796}}]",2020-09-07
206,206,0x221657776846890989a759BA2973e427DfF5C9bB,Reputation (REPv2),https://github.com/AugurProject/augur-core,0xBCc9946143534E28C3baD116cea0F81b9b208799,1002291.518,[],2020-07-28
207,207,0xf16e81dce15B08F326220742020379B855B87DF9,IceToken (ICE),https://github.com/Popsicle-Finance/,0x5c82F157964dE5BB292774E27ac331d1e647020b,969298.655,"[{'smartContract': {'address': {'address': '0xff3ac80c1caa08cbd43a7e90d20c398d54c7342f'}}, 'caller': {'address': '0x5c82f157964de5bb292774e27ac331d1e647020b'}, 'date': {'date': '2021-07-09'}, 'block': {'height': 12795033}}, {'smartContract': {'address': {'address': '0x45b6dabe659fd8ba4411cc3d13c794fa17aa2af2'}}, 'caller': {'address': '0x5c82f157964de5bb292774e27ac331d1e647020b'}, 'date': {'date': '2021-07-09'}, 'block': {'height': 12794990}}, {'smartContract': {'address': {'address': '0x07ab4886566b7ab782a9d627e8554db66fb06357'}}, 'caller': {'address': '0x5c82f157964de5bb292774e27ac331d1e647020b'}, 'date': {'date': '2021-03-29'}, 'block': {'height': 12137247}}, {'smartContract': {'address': {'address': '0x1ac25ef0375270fa5d06f0a9ad2d627bd87260a6'}}, 'caller': {'address': '0x5c82f157964de5bb292774e27ac331d1e647020b'}, 'date': {'date': '2021-03-29'}, 'block': {'height': 12137021}}, {'smartContract': {'address': {'address': '0x2cce22c7a4a9f66ee589464d883e85d91f35dd6b'}}, 'caller': {'address': '0x5c82f157964de5bb292774e27ac331d1e647020b'}, 'date': {'date': '2021-03-29'}, 'block': {'height': 12135763}}, {'smartContract': {'address': {'address': '0xf16e81dce15b08f326220742020379b855b87df9'}}, 'caller': {'address': '0x5c82f157964de5bb292774e27ac331d1e647020b'}, 'date': {'date': '2021-03-27'}, 'block': {'height': 12121350}}]",2021-03-27
208,208,0xdab396cCF3d84Cf2D07C4454e10C8A6F5b008D2b,Goldfinch,https://github.com/goldfinch-eng/community-docs,0xE2cEF88ab090185299A997E90226Ad9d01B3b347,962674.1939,"[{'smartContract': {'address': {'address': '0xdab396ccf3d84cf2d07c4454e10c8a6f5b008d2b'}}, 'caller': {'address': '0xe2cef88ab090185299a997e90226ad9d01b3b347'}, 'date': {'date': '2021-10-22'}, 'block': {'height': 13464840}}]",2021-10-22
209,209,0x95a4492F028aa1fd432Ea71146b433E7B4446611,(Proxy contract) APY Governance Token,,0x7E9b0669018a70D6EfCCA2b11850A704DB0E5b04,947420.1927,"[{'smartContract': {'address': {'address': '0xc3b6c116b7a37373dfe37fb77b8cfbfc89fc8358'}}, 'caller': {'address': '0x7e9b0669018a70d6efcca2b11850a704db0e5b04'}, 'date': {'date': '2022-04-07'}, 'block': {'height': 14540177}}, {'smartContract': {'address': {'address': '0x95a4492f028aa1fd432ea71146b433e7b4446611'}}, 'caller': {'address': '0x7e9b0669018a70d6efcca2b11850a704db0e5b04'}, 'date': {'date': '2020-11-05'}, 'block': {'height': 11194620}}, {'smartContract': {'address': {'address': '0x561af1ec26491a89e3907fb11eed479843240b62'}}, 'caller': {'address': '0x7e9b0669018a70d6efcca2b11850a704db0e5b04'}, 'date': {'date': '2020-11-05'}, 'block': {'height': 11194619}}, {'smartContract': {'address': {'address': '0x3dea1f053ab24b0c5b0c663b1c07b6b702e973d9'}}, 'caller': {'address': '0x7e9b0669018a70d6efcca2b11850a704db0e5b04'}, 'date': {'date': '2020-11-05'}, 'block': {'height': 11194618}}]",2020-11-05
210,210,0x120a3879da835A5aF037bB2d1456beBd6B54d4bA,Revest,,0x81245E489Cf1e02e38A83C2B9618826747410C50,946331.0358,"[{'smartContract': {'address': {'address': '0x5b7a093949aaa9ef70e5a563e50aaf5f60154602'}}, 'caller': {'address': '0x81245e489cf1e02e38a83c2b9618826747410c50'}, 'date': {'date': '2021-09-26'}, 'block': {'height': 13303603}}, {'smartContract': {'address': {'address': '0x1b8a0bf64bc0290c8ba2570bade02201a099530c'}}, 'caller': {'address': '0x81245e489cf1e02e38a83c2b9618826747410c50'}, 'date': {'date': '2021-09-24'}, 'block': {'height': 13290607}}, {'smartContract': {'address': {'address': '0x717f30ee8d7217ae4fb4bc42d32047defc71ff64'}}, 'caller': {'address': '0x81245e489cf1e02e38a83c2b9618826747410c50'}, 'date': {'date': '2021-09-24'}, 'block': {'height': 13290601}}, {'smartContract': {'address': {'address': '0x86eaf259dbfa7a0013e52b503b010dff81a4cfa1'}}, 'caller': {'address': '0x81245e489cf1e02e38a83c2b9618826747410c50'}, 'date': {'date': '2021-09-24'}, 'block': {'height': 13290599}}, {'smartContract': {'address': {'address': '0x57388e7acbaba2ee722ebb37abea97dc7b7b5a21'}}, 'caller': {'address': '0x81245e489cf1e02e38a83c2b9618826747410c50'}, 'date': {'date': '2021-09-24'}, 'block': {'height': 13290596}}, {'smartContract': {'address': {'address': '0x9b3cab26947f15b4fcbf70d258989d58fc8e1d66'}}, 'caller': {'address': '0x81245e489cf1e02e38a83c2b9618826747410c50'}, 'date': {'date': '2021-09-24'}, 'block': {'height': 13290590}}, {'smartContract': {'address': {'address': '0x2320a28f52334d62622cc2eafa15de55f9987ed9'}}, 'caller': {'address': '0x81245e489cf1e02e38a83c2b9618826747410c50'}, 'date': {'date': '2021-09-24'}, 'block': {'height': 13290587}}, {'smartContract': {'address': {'address': '0xa81bd16aa6f6b25e66965a2f842e9c806c0aa11f'}}, 'caller': {'address': '0x81245e489cf1e02e38a83c2b9618826747410c50'}, 'date': {'date': '2021-09-24'}, 'block': {'height': 13290580}}, {'smartContract': {'address': {'address': '0x9c061b1880d587331de977aecc39a0425bd9f195'}}, 'caller': {'address': '0x81245e489cf1e02e38a83c2b9618826747410c50'}, 'date': {'date': '2021-09-24'}, 'block': {'height': 13290569}}, {'smartContract': {'address': {'address': '0x120a3879da835a5af037bb2d1456bebd6b54d4ba'}}, 'caller': {'address': '0x81245e489cf1e02e38a83c2b9618826747410c50'}, 'date': {'date': '2021-09-24'}, 'block': {'height': 13290568}}, {'smartContract': {'address': {'address': '0x0fb4c53ddd53161bd0087abd1aac918ee97e4894'}}, 'caller': {'address': '0x81245e489cf1e02e38a83c2b9618826747410c50'}, 'date': {'date': '2021-09-24'}, 'block': {'height': 13290561}}, {'smartContract': {'address': {'address': '0x226124e83868812d3dae87eb3c5f28047e1070b7'}}, 'caller': {'address': '0x81245e489cf1e02e38a83c2b9618826747410c50'}, 'date': {'date': '2021-09-24'}, 'block': {'height': 13290552}}, {'smartContract': {'address': {'address': '0xe952bda8c06481506e4731c4f54ced2d4ab81659'}}, 'caller': {'address': '0x81245e489cf1e02e38a83c2b9618826747410c50'}, 'date': {'date': '2021-09-24'}, 'block': {'height': 13290542}}, {'smartContract': {'address': {'address': '0xd721a90dd7e010c8c5e022cc0100c55ac78e0fc4'}}, 'caller': {'address': '0x81245e489cf1e02e38a83c2b9618826747410c50'}, 'date': {'date': '2021-09-24'}, 'block': {'height': 13290537}}, {'smartContract': {'address': {'address': '0xa4aaa9d28fe87a1d6f2feba75ee931517671ba47'}}, 'caller': {'address': '0x81245e489cf1e02e38a83c2b9618826747410c50'}, 'date': {'date': '2021-09-23'}, 'block': {'height': 13283835}}, {'smartContract': {'address': {'address': '0xb807c14e06b18fef1d09ca7ed5cc9a32c7c083c6'}}, 'caller': {'address': '0x81245e489cf1e02e38a83c2b9618826747410c50'}, 'date': {'date': '2021-09-21'}, 'block': {'height': 13267036}}]",2021-09-24
211,211,0x5d30aD9C6374Bf925D0A75454fa327AACf778492,Peri Finance Token,https://github.com/perifinance,0x918153D6e806dF9d4D33664D1cC580416171f720,944508.565,"[{'smartContract': {'address': {'address': '0xcae0761d96cd1a5bb784177d6c604aa502b34303'}}, 'caller': {'address': '0x918153d6e806df9d4d33664d1cc580416171f720'}, 'date': {'date': '2022-08-19'}, 'block': {'height': 15368765}}, {'smartContract': {'address': {'address': '0x6c35993b50b3f33da4bca2a31cf6fd20cf1f6739'}}, 'caller': {'address': '0x918153d6e806df9d4d33664d1cc580416171f720'}, 'date': {'date': '2022-07-01'}, 'block': {'height': 15055666}}, {'smartContract': {'address': {'address': '0x7edd97cfe3605a609c1fba852102eb19b2a6f084'}}, 'caller': {'address': '0x918153d6e806df9d4d33664d1cc580416171f720'}, 'date': {'date': '2022-06-24'}, 'block': {'height': 15016582}}, {'smartContract': {'address': {'address': '0x5115f8287c908ae8c7407e417e8dd595b952b625'}}, 'caller': {'address': '0x918153d6e806df9d4d33664d1cc580416171f720'}, 'date': {'date': '2022-06-24'}, 'block': {'height': 15016566}}, {'smartContract': {'address': {'address': '0x67eb349a9fac8ba00614051fb02d90a3cfee45a8'}}, 'caller': {'address': '0x918153d6e806df9d4d33664d1cc580416171f720'}, 'date': {'date': '2022-06-24'}, 'block': {'height': 15016550}}, {'smartContract': {'address': {'address': '0x965d8f6bae4aa2ee8f2b85077bdfc4a70db542ef'}}, 'caller': {'address': '0x918153d6e806df9d4d33664d1cc580416171f720'}, 'date': {'date': '2022-06-09'}, 'block': {'height': 14929892}}, {'smartContract': {'address': {'address': '0x6ddaccf2a9aa2b3b1563ff02ac53d85fce6bbe23'}}, 'caller': {'address': '0x918153d6e806df9d4d33664d1cc580416171f720'}, 'date': {'date': '2022-06-09'}, 'block': {'height': 14929870}}, {'smartContract': {'address': {'address': '0x3bb0682bd2fd8a844bc6c84a068a2334587d93b4'}}, 'caller': {'address': '0x918153d6e806df9d4d33664d1cc580416171f720'}, 'date': {'date': '2022-06-09'}, 'block': {'height': 14929855}}, {'smartContract': {'address': {'address': '0xbf3beee52aa8cf367105647bc6c9235caf6fd508'}}, 'caller': {'address': '0x918153d6e806df9d4d33664d1cc580416171f720'}, 'date': {'date': '2022-05-11'}, 'block': {'height': 14753803}}, {'smartContract': {'address': {'address': '0xcfa36f8484a873c70a8cc3c07f2bd9bdfcc04467'}}, 'caller': {'address': '0x918153d6e806df9d4d33664d1cc580416171f720'}, 'date': {'date': '2022-05-06'}, 'block': {'height': 14722212}}, {'smartContract': {'address': {'address': '0x1b2635bef448c611e1211677afe72ebfe6e51193'}}, 'caller': {'address': '0x918153d6e806df9d4d33664d1cc580416171f720'}, 'date': {'date': '2022-05-06'}, 'block': {'height': 14721994}}, {'smartContract': {'address': {'address': '0x80efcf3b562b0a7c98275094e00f280aa44c1b36'}}, 'caller': {'address': '0x918153d6e806df9d4d33664d1cc580416171f720'}, 'date': {'date': '2022-05-06'}, 'block': {'height': 14721993}}, {'smartContract': {'address': {'address': '0x5dd57c9f0f2d91b3735e11e1fa9a5992ca317d26'}}, 'caller': {'address': '0x918153d6e806df9d4d33664d1cc580416171f720'}, 'date': {'date': '2022-04-29'}, 'block': {'height': 14680241}}, {'smartContract': {'address': {'address': '0xc1ea777ab4f7c7feb0912c110fb9ac72612b2478'}}, 'caller': {'address': '0x918153d6e806df9d4d33664d1cc580416171f720'}, 'date': {'date': '2022-04-29'}, 'block': {'height': 14677402}}, {'smartContract': {'address': {'address': '0x613a4def4209d15fe3e30ec32d5af4b895385392'}}, 'caller': {'address': '0x918153d6e806df9d4d33664d1cc580416171f720'}, 'date': {'date': '2022-04-29'}, 'block': {'height': 14677401}}, {'smartContract': {'address': {'address': '0x2deca03453c3e4affa434a212ea6a3fe81c7f1f7'}}, 'caller': {'address': '0x918153d6e806df9d4d33664d1cc580416171f720'}, 'date': {'date': '2022-04-29'}, 'block': {'height': 14677398}}, {'smartContract': {'address': {'address': '0x48d9489f37274a1ebcd93dc5f8423f070b4cf467'}}, 'caller': {'address': '0x918153d6e806df9d4d33664d1cc580416171f720'}, 'date': {'date': '2022-04-29'}, 'block': {'height': 14677387}}, {'smartContract': {'address': {'address': '0x9766b0c6c61fdb1d8958c5f2b29999432183a4b2'}}, 'caller': {'address': '0x918153d6e806df9d4d33664d1cc580416171f720'}, 'date': {'date': '2022-04-29'}, 'block': {'height': 14677386}}, {'smartContract': {'address': {'address': '0xf21b9c315ae01d7e9ecb130da89d0ed025e1b4c6'}}, 'caller': {'address': '0x918153d6e806df9d4d33664d1cc580416171f720'}, 'date': {'date': '2022-04-29'}, 'block': {'height': 14677249}}, {'smartContract': {'address': {'address': '0xb0ee0ac65bb9f91fdd6a4feb54e0bd482e866c25'}}, 'caller': {'address': '0x918153d6e806df9d4d33664d1cc580416171f720'}, 'date': {'date': '2022-04-29'}, 'block': {'height': 14677241}}, {'smartContract': {'address': {'address': '0x40af5ea5f929aa4da758ca362332c32736b40f29'}}, 'caller': {'address': '0x918153d6e806df9d4d33664d1cc580416171f720'}, 'date': {'date': '2022-04-29'}, 'block': {'height': 14677208}}, {'smartContract': {'address': {'address': '0xc02d2d849b168c37b4cf43635dfb6b6e5d85fdcd'}}, 'caller': {'address': '0x918153d6e806df9d4d33664d1cc580416171f720'}, 'date': {'date': '2022-04-29'}, 'block': {'height': 14677183}}, {'smartContract': {'address': {'address': '0xc0ea07da274ab54d3a6d76293100f7370d74f0e8'}}, 'caller': {'address': '0x918153d6e806df9d4d33664d1cc580416171f720'}, 'date': {'date': '2021-08-11'}, 'block': {'height': 13003153}}, {'smartContract': {'address': {'address': '0xc407d683d2299a30dc30d337b1f0ceb26ad02358'}}, 'caller': {'address': '0x918153d6e806df9d4d33664d1cc580416171f720'}, 'date': {'date': '2021-08-11'}, 'block': {'height': 13003015}}, {'smartContract': {'address': {'address': '0xe3b624871cac0e10d2a27a0964665b45fbc3c805'}}, 'caller': {'address': '0x918153d6e806df9d4d33664d1cc580416171f720'}, 'date': {'date': '2021-08-11'}, 'block': {'height': 13003007}}, {'smartContract': {'address': {'address': '0xa73b16cafa47d80bbc5b04967cde7ce73a350767'}}, 'caller': {'address': '0x918153d6e806df9d4d33664d1cc580416171f720'}, 'date': {'date': '2021-08-11'}, 'block': {'height': 13002960}}, {'smartContract': {'address': {'address': '0x5d20d931cc3b02195d2484b7fd80bbb4d14d2a9f'}}, 'caller': {'address': '0x918153d6e806df9d4d33664d1cc580416171f720'}, 'date': {'date': '2021-08-11'}, 'block': {'height': 13002958}}, {'smartContract': {'address': {'address': '0x373f5612ccc70b06e87117fddac61dc74da7a956'}}, 'caller': {'address': '0x918153d6e806df9d4d33664d1cc580416171f720'}, 'date': {'date': '2021-08-11'}, 'block': {'height': 13002957}}, {'smartContract': {'address': {'address': '0x7f717b34bc0e5742b3d169cbf7fcf1ee9048b7fa'}}, 'caller': {'address': '0x918153d6e806df9d4d33664d1cc580416171f720'}, 'date': {'date': '2021-08-11'}, 'block': {'height': 13002863}}, {'smartContract': {'address': {'address': '0x4714ca039da99986a15862f785555a44e702d972'}}, 'caller': {'address': '0x918153d6e806df9d4d33664d1cc580416171f720'}, 'date': {'date': '2021-08-11'}, 'block': {'height': 13002665}}, {'smartContract': {'address': {'address': '0x62d0a4428f97fd398840dcd1c321f757430983ee'}}, 'caller': {'address': '0x918153d6e806df9d4d33664d1cc580416171f720'}, 'date': {'date': '2021-08-11'}, 'block': {'height': 13002576}}, {'smartContract': {'address': {'address': '0x422cf798b43093a26cdb70d2aafe295aec2f2b15'}}, 'caller': {'address': '0x918153d6e806df9d4d33664d1cc580416171f720'}, 'date': {'date': '2021-08-11'}, 'block': {'height': 13002538}}, {'smartContract': {'address': {'address': '0x3a28f25456ba5cf7a00d6cf3bd2999aa9ef93afd'}}, 'caller': {'address': '0x918153d6e806df9d4d33664d1cc580416171f720'}, 'date': {'date': '2021-08-11'}, 'block': {'height': 13002537}}, {'smartContract': {'address': {'address': '0x0b8ea0e1c965c32b26b31fe4a55bd9ec29c78fdf'}}, 'caller': {'address': '0x918153d6e806df9d4d33664d1cc580416171f720'}, 'date': {'date': '2021-08-11'}, 'block': {'height': 13002536}}, {'smartContract': {'address': {'address': '0xbbec49dc5c0fbc95491945342e6476c4735c7e26'}}, 'caller': {'address': '0x918153d6e806df9d4d33664d1cc580416171f720'}, 'date': {'date': '2021-08-11'}, 'block': {'height': 13002534}}, {'smartContract': {'address': {'address': '0xa063e36b3ebcc7c47bbd684d7bd45f684e534463'}}, 'caller': {'address': '0x918153d6e806df9d4d33664d1cc580416171f720'}, 'date': {'date': '2021-08-11'}, 'block': {'height': 13002532}}, {'smartContract': {'address': {'address': '0xac9978d9c02f1ce574aef5d5849d8703d98a29f8'}}, 'caller': {'address': '0x918153d6e806df9d4d33664d1cc580416171f720'}, 'date': {'date': '2021-08-11'}, 'block': {'height': 13002526}}, {'smartContract': {'address': {'address': '0x40757d827022e37ef1fbb7e24dcb325104be1621'}}, 'caller': {'address': '0x918153d6e806df9d4d33664d1cc580416171f720'}, 'date': {'date': '2021-08-11'}, 'block': {'height': 13002521}}, {'smartContract': {'address': {'address': '0x82995a4170318f5e26ca6b650a337738dcc8114c'}}, 'caller': {'address': '0x918153d6e806df9d4d33664d1cc580416171f720'}, 'date': {'date': '2021-08-11'}, 'block': {'height': 13002502}}, {'smartContract': {'address': {'address': '0x263b671648675bda5263525eca554e4d5697e210'}}, 'caller': {'address': '0x918153d6e806df9d4d33664d1cc580416171f720'}, 'date': {'date': '2021-08-11'}, 'block': {'height': 13002501}}, {'smartContract': {'address': {'address': '0x3d6963e60080184d6b48cd006b4e84b59b195d3c'}}, 'caller': {'address': '0x918153d6e806df9d4d33664d1cc580416171f720'}, 'date': {'date': '2021-08-11'}, 'block': {'height': 13002486}}, {'smartContract': {'address': {'address': '0x0a51952e61a990e585316caa3d6d15c8d3e55976'}}, 'caller': {'address': '0x918153d6e806df9d4d33664d1cc580416171f720'}, 'date': {'date': '2021-08-11'}, 'block': {'height': 13002486}}, {'smartContract': {'address': {'address': '0x899138dcbd1161f9c950ed3a14c6fba0cc224ba9'}}, 'caller': {'address': '0x918153d6e806df9d4d33664d1cc580416171f720'}, 'date': {'date': '2021-08-11'}, 'block': {'height': 13002456}}, {'smartContract': {'address': {'address': '0x6dbf080f54955c50e7ba9c3f5e0b4ed17f7275f8'}}, 'caller': {'address': '0x918153d6e806df9d4d33664d1cc580416171f720'}, 'date': {'date': '2021-08-11'}, 'block': {'height': 13002392}}, {'smartContract': {'address': {'address': '0xf31e4177332b135250fbd986a57c6c488df1c143'}}, 'caller': {'address': '0x918153d6e806df9d4d33664d1cc580416171f720'}, 'date': {'date': '2021-08-11'}, 'block': {'height': 13002388}}, {'smartContract': {'address': {'address': '0x7b57f318d33e4416b2e30581cb3d6b56f5405957'}}, 'caller': {'address': '0x918153d6e806df9d4d33664d1cc580416171f720'}, 'date': {'date': '2021-08-11'}, 'block': {'height': 13002382}}, {'smartContract': {'address': {'address': '0xffad69a7a451fb51bc4fc7feced58c4f2cb88a12'}}, 'caller': {'address': '0x918153d6e806df9d4d33664d1cc580416171f720'}, 'date': {'date': '2021-08-11'}, 'block': {'height': 13002377}}, {'smartContract': {'address': {'address': '0x4d8b1cd12746311f7c9564dc3bdf9187d20305fe'}}, 'caller': {'address': '0x918153d6e806df9d4d33664d1cc580416171f720'}, 'date': {'date': '2021-08-11'}, 'block': {'height': 13002373}}, {'smartContract': {'address': {'address': '0xe7e47045ab9aa5146129845dfd5a85471196b026'}}, 'caller': {'address': '0x918153d6e806df9d4d33664d1cc580416171f720'}, 'date': {'date': '2021-08-11'}, 'block': {'height': 13002372}}, {'smartContract': {'address': {'address': '0x9cec55dedf0f59ddce77c1c9067fa92f256202fd'}}, 'caller': {'address': '0x918153d6e806df9d4d33664d1cc580416171f720'}, 'date': {'date': '2021-08-11'}, 'block': {'height': 13002371}}, {'smartContract': {'address': {'address': '0xb2112b646c7fc53e8d121e709fc32f725c9590ac'}}, 'caller': {'address': '0x918153d6e806df9d4d33664d1cc580416171f720'}, 'date': {'date': '2021-08-11'}, 'block': {'height': 13002367}}, {'smartContract': {'address': {'address': '0x3a9a93a04efb22e632632ab584ff45deb7321ac8'}}, 'caller': {'address': '0x918153d6e806df9d4d33664d1cc580416171f720'}, 'date': {'date': '2021-08-11'}, 'block': {'height': 13002262}}, {'smartContract': {'address': {'address': '0x75090bd6240d35469ea7287cce64f379b7942e13'}}, 'caller': {'address': '0x918153d6e806df9d4d33664d1cc580416171f720'}, 'date': {'date': '2021-08-11'}, 'block': {'height': 13002255}}, {'smartContract': {'address': {'address': '0x00c4cb57617b06c5f3903f62eb6050b110379e90'}}, 'caller': {'address': '0x918153d6e806df9d4d33664d1cc580416171f720'}, 'date': {'date': '2021-08-11'}, 'block': {'height': 13002241}}, {'smartContract': {'address': {'address': '0x7bf33abe3f22b5b68bac013958ee2f892edeaae2'}}, 'caller': {'address': '0x918153d6e806df9d4d33664d1cc580416171f720'}, 'date': {'date': '2021-08-11'}, 'block': {'height': 13002224}}, {'smartContract': {'address': {'address': '0x23b87d8fd364199e2b61a1d8f8ed858af5a78076'}}, 'caller': {'address': '0x918153d6e806df9d4d33664d1cc580416171f720'}, 'date': {'date': '2021-08-11'}, 'block': {'height': 13002208}}, {'smartContract': {'address': {'address': '0x3a1614720e8df3a5ef722834793c8fe844ca3139'}}, 'caller': {'address': '0x918153d6e806df9d4d33664d1cc580416171f720'}, 'date': {'date': '2021-08-11'}, 'block': {'height': 13002205}}, {'smartContract': {'address': {'address': '0xf67ead79f5d2d502a36ec93843ac6d62762a259e'}}, 'caller': {'address': '0x918153d6e806df9d4d33664d1cc580416171f720'}, 'date': {'date': '2021-08-11'}, 'block': {'height': 13002204}}, {'smartContract': {'address': {'address': '0xbaf488d47341a9679913748ce62268dd76bbb09f'}}, 'caller': {'address': '0x918153d6e806df9d4d33664d1cc580416171f720'}, 'date': {'date': '2021-08-11'}, 'block': {'height': 13002190}}, {'smartContract': {'address': {'address': '0x92e9770c08f90a80799fd31ff5f739247e9f8776'}}, 'caller': {'address': '0x918153d6e806df9d4d33664d1cc580416171f720'}, 'date': {'date': '2021-08-11'}, 'block': {'height': 13002184}}, {'smartContract': {'address': {'address': '0x9082de4e7bf8a4cb49c3f6c1229e9d78b207d936'}}, 'caller': {'address': '0x918153d6e806df9d4d33664d1cc580416171f720'}, 'date': {'date': '2021-08-11'}, 'block': {'height': 13002178}}, {'smartContract': {'address': {'address': '0x8489b923b02d118c42c121c577007fa6baa3ae2e'}}, 'caller': {'address': '0x918153d6e806df9d4d33664d1cc580416171f720'}, 'date': {'date': '2021-08-11'}, 'block': {'height': 13002177}}, {'smartContract': {'address': {'address': '0xa732d6fe7768a671ebee13aaf8e70c250d3f83b7'}}, 'caller': {'address': '0x918153d6e806df9d4d33664d1cc580416171f720'}, 'date': {'date': '2021-08-11'}, 'block': {'height': 13002176}}, {'smartContract': {'address': {'address': '0xb74bc1cae5569c4171d2a23f53010c00999af309'}}, 'caller': {'address': '0x918153d6e806df9d4d33664d1cc580416171f720'}, 'date': {'date': '2021-08-11'}, 'block': {'height': 13002159}}, {'smartContract': {'address': {'address': '0x765e76b260667084accd3957739558ba412843a7'}}, 'caller': {'address': '0x918153d6e806df9d4d33664d1cc580416171f720'}, 'date': {'date': '2021-08-11'}, 'block': {'height': 13002151}}, {'smartContract': {'address': {'address': '0x1e91bfa475401791cc8ae8f6614bd8f0be2b84f6'}}, 'caller': {'address': '0x918153d6e806df9d4d33664d1cc580416171f720'}, 'date': {'date': '2021-08-11'}, 'block': {'height': 13002149}}, {'smartContract': {'address': {'address': '0x7015cd1e78ba1428d103b0c2513077b2826b64fc'}}, 'caller': {'address': '0x918153d6e806df9d4d33664d1cc580416171f720'}, 'date': {'date': '2021-08-11'}, 'block': {'height': 13002137}}, {'smartContract': {'address': {'address': '0xc64a056d25c8536a42fd82f28a755cea031143d7'}}, 'caller': {'address': '0x918153d6e806df9d4d33664d1cc580416171f720'}, 'date': {'date': '2021-08-11'}, 'block': {'height': 13002136}}, {'smartContract': {'address': {'address': '0x978bb72569dc790154fab64f3274e4af7a6a890b'}}, 'caller': {'address': '0x918153d6e806df9d4d33664d1cc580416171f720'}, 'date': {'date': '2021-08-11'}, 'block': {'height': 13002133}}, {'smartContract': {'address': {'address': '0x6e0bff12512a94f3b1ecebe08203fe7f8f8fae64'}}, 'caller': {'address': '0x918153d6e806df9d4d33664d1cc580416171f720'}, 'date': {'date': '2021-08-11'}, 'block': {'height': 13002131}}, {'smartContract': {'address': {'address': '0x6eacbf55c4032bb8f555fa3ec0c154a229eb286f'}}, 'caller': {'address': '0x918153d6e806df9d4d33664d1cc580416171f720'}, 'date': {'date': '2021-07-11'}, 'block': {'height': 12805827}}, {'smartContract': {'address': {'address': '0x65e393bb8c9f5e6ee4238c3b8863506f76789880'}}, 'caller': {'address': '0x918153d6e806df9d4d33664d1cc580416171f720'}, 'date': {'date': '2021-07-11'}, 'block': {'height': 12805826}}, {'smartContract': {'address': {'address': '0x173cd8709205105548a1371f97c5399215706cae'}}, 'caller': {'address': '0x73a001e72f0fe3ca366d6079dc3427af7865839b'}, 'date': {'date': '2021-07-11'}, 'block': {'height': 12805654}}, {'smartContract': {'address': {'address': '0xca4f304f58df2231ef04e63d85c88a9d46d0ca94'}}, 'caller': {'address': '0x918153d6e806df9d4d33664d1cc580416171f720'}, 'date': {'date': '2021-07-07'}, 'block': {'height': 12777366}}, {'smartContract': {'address': {'address': '0x8b6ab9f79f8b9d89d1d7a269ae8a780b5c04ce61'}}, 'caller': {'address': '0x918153d6e806df9d4d33664d1cc580416171f720'}, 'date': {'date': '2021-07-07'}, 'block': {'height': 12777338}}, {'smartContract': {'address': {'address': '0xfca5bb8d7ab484596b76f3b62df0efcc9bcaa5e6'}}, 'caller': {'address': '0x918153d6e806df9d4d33664d1cc580416171f720'}, 'date': {'date': '2021-07-07'}, 'block': {'height': 12777162}}, {'smartContract': {'address': {'address': '0xd8afcfaa97b2d685dfe790d9fa82004ae426ee33'}}, 'caller': {'address': '0x918153d6e806df9d4d33664d1cc580416171f720'}, 'date': {'date': '2021-07-06'}, 'block': {'height': 12772100}}, {'smartContract': {'address': {'address': '0xa326bde05fbda43201dff22d86424e35b3cc218a'}}, 'caller': {'address': '0x918153d6e806df9d4d33664d1cc580416171f720'}, 'date': {'date': '2021-07-06'}, 'block': {'height': 12772046}}, {'smartContract': {'address': {'address': '0x018a06bf0b1550e2dbb693aae68d60d4d951012d'}}, 'caller': {'address': '0x918153d6e806df9d4d33664d1cc580416171f720'}, 'date': {'date': '2021-07-05'}, 'block': {'height': 12766074}}, {'smartContract': {'address': {'address': '0x493496a275ff9408d8b2ba4dc33c431485307fa1'}}, 'caller': {'address': '0x918153d6e806df9d4d33664d1cc580416171f720'}, 'date': {'date': '2021-07-05'}, 'block': {'height': 12765986}}, {'smartContract': {'address': {'address': '0x4364ec3201f62eb13f83f5b5cff4c9d6ac3790ef'}}, 'caller': {'address': '0x918153d6e806df9d4d33664d1cc580416171f720'}, 'date': {'date': '2021-07-04'}, 'block': {'height': 12761776}}, {'smartContract': {'address': {'address': '0xda1ea956b85f0b15d468297cb1bc7c95ea44ef84'}}, 'caller': {'address': '0xbf515ff38d55737c56d62e8b6a8eea322ec38aa5'}, 'date': {'date': '2021-05-09'}, 'block': {'height': 12400346}}, {'smartContract': {'address': {'address': '0xea8b776bcdef61cc70dc839df1c8cff9c4d83a90'}}, 'caller': {'address': '0x918153d6e806df9d4d33664d1cc580416171f720'}, 'date': {'date': '2021-05-07'}, 'block': {'height': 12385094}}, {'smartContract': {'address': {'address': '0x138506b2f8e55d27350b90a666edc02ea31030df'}}, 'caller': {'address': '0x918153d6e806df9d4d33664d1cc580416171f720'}, 'date': {'date': '2021-05-07'}, 'block': {'height': 12385009}}, {'smartContract': {'address': {'address': '0xf18935d122abefaa79070d7f6138d5da1bfb5d09'}}, 'caller': {'address': '0x918153d6e806df9d4d33664d1cc580416171f720'}, 'date': {'date': '2021-05-06'}, 'block': {'height': 12381662}}, {'smartContract': {'address': {'address': '0x5d30ad9c6374bf925d0a75454fa327aacf778492'}}, 'caller': {'address': '0x918153d6e806df9d4d33664d1cc580416171f720'}, 'date': {'date': '2021-05-06'}, 'block': {'height': 12381642}}, {'smartContract': {'address': {'address': '0x38b0f3df6057b3c9cbcb3a1002ac948f53a2bf41'}}, 'caller': {'address': '0x918153d6e806df9d4d33664d1cc580416171f720'}, 'date': {'date': '2021-05-06'}, 'block': {'height': 12381118}}, {'smartContract': {'address': {'address': '0x4f9a594cb81565371165dd20e2239286f9bdad53'}}, 'caller': {'address': '0x918153d6e806df9d4d33664d1cc580416171f720'}, 'date': {'date': '2021-05-06'}, 'block': {'height': 12380959}}, {'smartContract': {'address': {'address': '0x65bce046253f7b644a062252e89a8c2337f08a3d'}}, 'caller': {'address': '0x918153d6e806df9d4d33664d1cc580416171f720'}, 'date': {'date': '2021-05-06'}, 'block': {'height': 12380957}}, {'smartContract': {'address': {'address': '0x42cf57c7d0ae8b527edd92b583634949074435ee'}}, 'caller': {'address': '0x918153d6e806df9d4d33664d1cc580416171f720'}, 'date': {'date': '2021-05-06'}, 'block': {'height': 12380864}}, {'smartContract': {'address': {'address': '0x32968b00565993c7ff66834273649cd1b36dc605'}}, 'caller': {'address': '0x918153d6e806df9d4d33664d1cc580416171f720'}, 'date': {'date': '2021-05-06'}, 'block': {'height': 12380861}}, {'smartContract': {'address': {'address': '0xa960a3fb10349637e0401547380d05dfefbf60f8'}}, 'caller': {'address': '0x918153d6e806df9d4d33664d1cc580416171f720'}, 'date': {'date': '2021-05-06'}, 'block': {'height': 12380504}}, {'smartContract': {'address': {'address': '0xda3392d37302e911a38a70ffadfe9ee33bef3a2d'}}, 'caller': {'address': '0x918153d6e806df9d4d33664d1cc580416171f720'}, 'date': {'date': '2021-05-06'}, 'block': {'height': 12380202}}, {'smartContract': {'address': {'address': '0x843e7773a4cb3295ed7f155d066286c64f5461f0'}}, 'caller': {'address': '0x918153d6e806df9d4d33664d1cc580416171f720'}, 'date': {'date': '2021-03-24'}, 'block': {'height': 12099670}}, {'smartContract': {'address': {'address': '0x99e03ea04b346999204cfd6d6a36db4c5bba4a33'}}, 'caller': {'address': '0x918153d6e806df9d4d33664d1cc580416171f720'}, 'date': {'date': '2021-03-02'}, 'block': {'height': 11956667}}, {'smartContract': {'address': {'address': '0x40ee175b073a1ac2a5dd02695c9a9612973c317a'}}, 'caller': {'address': '0x918153d6e806df9d4d33664d1cc580416171f720'}, 'date': {'date': '2021-03-02'}, 'block': {'height': 11956663}}, {'smartContract': {'address': {'address': '0xc5878cc2172d64918553515973a5b0fd4aff6c32'}}, 'caller': {'address': '0x918153d6e806df9d4d33664d1cc580416171f720'}, 'date': {'date': '2021-03-02'}, 'block': {'height': 11956654}}, {'smartContract': {'address': {'address': '0xed0e19473b13ae62facf016ffdccc2bea43c9a46'}}, 'caller': {'address': '0x918153d6e806df9d4d33664d1cc580416171f720'}, 'date': {'date': '2021-03-02'}, 'block': {'height': 11956471}}, {'smartContract': {'address': {'address': '0xb90d26b3595bb55f5902498a2bbd8ce88d46fc7f'}}, 'caller': {'address': '0x918153d6e806df9d4d33664d1cc580416171f720'}, 'date': {'date': '2021-03-02'}, 'block': {'height': 11956427}}, {'smartContract': {'address': {'address': '0xdc0e17eae3b9651875030244b971fa0223a1764f'}}, 'caller': {'address': '0x918153d6e806df9d4d33664d1cc580416171f720'}, 'date': {'date': '2021-03-02'}, 'block': {'height': 11956410}}]",2021-05-06
212,212,0x474021845C4643113458ea4414bdb7fB74A01A77,UnoRe,https://github.com/Uno-Re,0xb782425E27A88921189a05bE7199748DdbDB71bf,905757.7166,"[{'smartContract': {'address': {'address': '0xbf68b9a94c655e9931e94ea0923b51608896939d'}}, 'caller': {'address': '0xb782425e27a88921189a05be7199748ddbdb71bf'}, 'date': {'date': '2021-04-28'}, 'block': {'height': 12328215}}, {'smartContract': {'address': {'address': '0x3d5c21b29aa68114a523b55685133381a221cd6a'}}, 'caller': {'address': '0xb782425e27a88921189a05be7199748ddbdb71bf'}, 'date': {'date': '2021-04-28'}, 'block': {'height': 12328195}}, {'smartContract': {'address': {'address': '0x474021845c4643113458ea4414bdb7fb74a01a77'}}, 'caller': {'address': '0xb782425e27a88921189a05be7199748ddbdb71bf'}, 'date': {'date': '2021-04-26'}, 'block': {'height': 12318842}}]",2021-04-27
213,213,0xEd1480d12bE41d92F36f5f7bDd88212E381A3677,FIAT DAO Token,https://github.com/fiatdao,0x81919659ee08C4a36Eec956EF3170cAaA415AFF9,873605.3505,"[{'smartContract': {'address': {'address': '0x2422e88092461be2ccd4cce8064b7b2475c40d0f'}}, 'caller': {'address': '0xbd22352db4ceee461f80bd5140026fe5a5ff265d'}, 'date': {'date': '2022-11-11'}, 'block': {'height': 15949512}}, {'smartContract': {'address': {'address': '0x36d9f7465822eec6ab8090de665738397ef5711c'}}, 'caller': {'address': '0x81919659ee08c4a36eec956ef3170caaa415aff9'}, 'date': {'date': '2022-03-17'}, 'block': {'height': 14404590}}, {'smartContract': {'address': {'address': '0x314d7df34b72e485a5c5fdfaeff7ded6335b3a6e'}}, 'caller': {'address': '0x81919659ee08c4a36eec956ef3170caaa415aff9'}, 'date': {'date': '2022-03-07'}, 'block': {'height': 14341390}}, {'smartContract': {'address': {'address': '0x64213bbde685f87d1776c62388e34dc3fbfed073'}}, 'caller': {'address': '0x81919659ee08c4a36eec956ef3170caaa415aff9'}, 'date': {'date': '2021-12-27'}, 'block': {'height': 13886208}}, {'smartContract': {'address': {'address': '0x0ec2031af041f77c1fb11f807dcc66c766e53f0e'}}, 'caller': {'address': '0x81919659ee08c4a36eec956ef3170caaa415aff9'}, 'date': {'date': '2021-12-21'}, 'block': {'height': 13848610}}, {'smartContract': {'address': {'address': '0x2345746db9aff42060aa02d8c67d041058634143'}}, 'caller': {'address': '0x81919659ee08c4a36eec956ef3170caaa415aff9'}, 'date': {'date': '2021-12-20'}, 'block': {'height': 13841363}}, {'smartContract': {'address': {'address': '0xca95d46156a5cd5791bf4b428057776d85a908f6'}}, 'caller': {'address': '0x81919659ee08c4a36eec956ef3170caaa415aff9'}, 'date': {'date': '2021-12-14'}, 'block': {'height': 13803979}}, {'smartContract': {'address': {'address': '0x0d91206a30a9978d2fec2878575e95d8547945b0'}}, 'caller': {'address': '0x81919659ee08c4a36eec956ef3170caaa415aff9'}, 'date': {'date': '2021-12-13'}, 'block': {'height': 13795867}}, {'smartContract': {'address': {'address': '0xc914059e7742b8a2bdd750d8d26928a2e8db3a1d'}}, 'caller': {'address': '0x81919659ee08c4a36eec956ef3170caaa415aff9'}, 'date': {'date': '2021-12-07'}, 'block': {'height': 13758871}}, {'smartContract': {'address': {'address': '0xc67def08b67943d93404b9a786eb240674077a14'}}, 'caller': {'address': '0x81919659ee08c4a36eec956ef3170caaa415aff9'}, 'date': {'date': '2021-12-06'}, 'block': {'height': 13751246}}, {'smartContract': {'address': {'address': '0xf9e68aca402bb841084e185e6f89201927f90903'}}, 'caller': {'address': '0x81919659ee08c4a36eec956ef3170caaa415aff9'}, 'date': {'date': '2021-12-02'}, 'block': {'height': 13727603}}, {'smartContract': {'address': {'address': '0xe6052737e294e2c0c2d2f1160614edd0b37f34a8'}}, 'caller': {'address': '0x81919659ee08c4a36eec956ef3170caaa415aff9'}, 'date': {'date': '2021-11-30'}, 'block': {'height': 13715338}}, {'smartContract': {'address': {'address': '0x49aee6e914083531fed6429a52bd75f966c90dea'}}, 'caller': {'address': '0x81919659ee08c4a36eec956ef3170caaa415aff9'}, 'date': {'date': '2021-11-29'}, 'block': {'height': 13707489}}, {'smartContract': {'address': {'address': '0xe9f9936a639809e766685a436511eac3fb1c85bc'}}, 'caller': {'address': '0x81919659ee08c4a36eec956ef3170caaa415aff9'}, 'date': {'date': '2021-11-29'}, 'block': {'height': 13707477}}, {'smartContract': {'address': {'address': '0x0f89df9c2e2add5372a42e5245d58baf4b21c214'}}, 'caller': {'address': '0x81919659ee08c4a36eec956ef3170caaa415aff9'}, 'date': {'date': '2021-11-28'}, 'block': {'height': 13702813}}, {'smartContract': {'address': {'address': '0x3658d9be7eadadd55accbc31a6fd232aec1719ed'}}, 'caller': {'address': '0x81919659ee08c4a36eec956ef3170caaa415aff9'}, 'date': {'date': '2021-11-22'}, 'block': {'height': 13665111}}, {'smartContract': {'address': {'address': '0x598b1007a5a9b83dc50e06c668a4eae0986cb6ab'}}, 'caller': {'address': '0x81919659ee08c4a36eec956ef3170caaa415aff9'}, 'date': {'date': '2021-11-22'}, 'block': {'height': 13665018}}, {'smartContract': {'address': {'address': '0x2049a23dc486b365db0082edbd44bf1890b5973c'}}, 'caller': {'address': '0x81919659ee08c4a36eec956ef3170caaa415aff9'}, 'date': {'date': '2021-11-15'}, 'block': {'height': 13620864}}, {'smartContract': {'address': {'address': '0x6666bc44f481dffe39803eb29f840125f03aee0e'}}, 'caller': {'address': '0x81919659ee08c4a36eec956ef3170caaa415aff9'}, 'date': {'date': '2021-11-15'}, 'block': {'height': 13620063}}, {'smartContract': {'address': {'address': '0xb3a5eaedb57b3e7240d6a9b7e6f95275d4748836'}}, 'caller': {'address': '0x81919659ee08c4a36eec956ef3170caaa415aff9'}, 'date': {'date': '2021-11-14'}, 'block': {'height': 13616920}}, {'smartContract': {'address': {'address': '0xacdc51cf282964284577f536a985b1ac15e28152'}}, 'caller': {'address': '0x81919659ee08c4a36eec956ef3170caaa415aff9'}, 'date': {'date': '2021-11-14'}, 'block': {'height': 13616904}}, {'smartContract': {'address': {'address': '0x6ca9676a79bc6cbc1575108d4cf278da7dd832a3'}}, 'caller': {'address': '0x81919659ee08c4a36eec956ef3170caaa415aff9'}, 'date': {'date': '2021-11-14'}, 'block': {'height': 13616884}}, {'smartContract': {'address': {'address': '0x4aa17d3a740470f2db035cda76414447d14194d0'}}, 'caller': {'address': '0x81919659ee08c4a36eec956ef3170caaa415aff9'}, 'date': {'date': '2021-11-14'}, 'block': {'height': 13616817}}, {'smartContract': {'address': {'address': '0xa181a417c8dc4a67af547b7097eb511c41bcc473'}}, 'caller': {'address': '0x81919659ee08c4a36eec956ef3170caaa415aff9'}, 'date': {'date': '2021-11-14'}, 'block': {'height': 13616642}}, {'smartContract': {'address': {'address': '0x78179fb76d80359855d9f8b48a99fd63c4f7deb6'}}, 'caller': {'address': '0x81919659ee08c4a36eec956ef3170caaa415aff9'}, 'date': {'date': '2021-11-14'}, 'block': {'height': 13616624}}, {'smartContract': {'address': {'address': '0xf07e5ed4c9e0dd0119b228cea557831cb1f42677'}}, 'caller': {'address': '0x81919659ee08c4a36eec956ef3170caaa415aff9'}, 'date': {'date': '2021-11-14'}, 'block': {'height': 13616609}}, {'smartContract': {'address': {'address': '0xde56d62f058e047902409bd4f5b63f7df91f0c2a'}}, 'caller': {'address': '0x81919659ee08c4a36eec956ef3170caaa415aff9'}, 'date': {'date': '2021-11-14'}, 'block': {'height': 13616513}}, {'smartContract': {'address': {'address': '0xfb4d8a8988128a596f006b3f197dbbb44285ad68'}}, 'caller': {'address': '0x81919659ee08c4a36eec956ef3170caaa415aff9'}, 'date': {'date': '2021-11-14'}, 'block': {'height': 13616417}}, {'smartContract': {'address': {'address': '0x02c66f92516031a890759a6acf279f9c451e3d89'}}, 'caller': {'address': '0x81919659ee08c4a36eec956ef3170caaa415aff9'}, 'date': {'date': '2021-11-14'}, 'block': {'height': 13616388}}, {'smartContract': {'address': {'address': '0xfe425029311a7271df9a68461fe88b9b00d43079'}}, 'caller': {'address': '0x81919659ee08c4a36eec956ef3170caaa415aff9'}, 'date': {'date': '2021-11-13'}, 'block': {'height': 13610247}}, {'smartContract': {'address': {'address': '0x8f0b76f858b87e64479322a5b5f8212fbfc84abf'}}, 'caller': {'address': '0x81919659ee08c4a36eec956ef3170caaa415aff9'}, 'date': {'date': '2021-11-13'}, 'block': {'height': 13610215}}, {'smartContract': {'address': {'address': '0xb8879ea8cea136cdbe55b4abc569ae9f3aa93496'}}, 'caller': {'address': '0x81919659ee08c4a36eec956ef3170caaa415aff9'}, 'date': {'date': '2021-11-13'}, 'block': {'height': 13610185}}, {'smartContract': {'address': {'address': '0x7922120ba0d43d069482d99233cbf07649f3a8c2'}}, 'caller': {'address': '0x81919659ee08c4a36eec956ef3170caaa415aff9'}, 'date': {'date': '2021-11-13'}, 'block': {'height': 13610131}}, {'smartContract': {'address': {'address': '0x014d6bb4ba3ba6b4087e8d4af2d6377caf9bbac8'}}, 'caller': {'address': '0x81919659ee08c4a36eec956ef3170caaa415aff9'}, 'date': {'date': '2021-11-13'}, 'block': {'height': 13610073}}, {'smartContract': {'address': {'address': '0xcc9ad16e0f4a4fdfec5606221b8de3d596db4e47'}}, 'caller': {'address': '0x81919659ee08c4a36eec956ef3170caaa415aff9'}, 'date': {'date': '2021-11-13'}, 'block': {'height': 13609987}}, {'smartContract': {'address': {'address': '0x1b9fd50bb2ceecd5b9dd67b6f56a617410dd5eda'}}, 'caller': {'address': '0x81919659ee08c4a36eec956ef3170caaa415aff9'}, 'date': {'date': '2021-11-13'}, 'block': {'height': 13609925}}, {'smartContract': {'address': {'address': '0x79c7a44fb04c9581fe618439e0ce79ebbc5debac'}}, 'caller': {'address': '0x81919659ee08c4a36eec956ef3170caaa415aff9'}, 'date': {'date': '2021-11-13'}, 'block': {'height': 13609888}}, {'smartContract': {'address': {'address': '0x0362b959723d79aecb601eba2921608d175492fd'}}, 'caller': {'address': '0x81919659ee08c4a36eec956ef3170caaa415aff9'}, 'date': {'date': '2021-11-13'}, 'block': {'height': 13609863}}, {'smartContract': {'address': {'address': '0x0b508e53f819e49873be4c60c499c7f1729c154e'}}, 'caller': {'address': '0x81919659ee08c4a36eec956ef3170caaa415aff9'}, 'date': {'date': '2021-11-13'}, 'block': {'height': 13609810}}, {'smartContract': {'address': {'address': '0x7120f2aef6f4cf0da8754e0ec31f62b636394795'}}, 'caller': {'address': '0x81919659ee08c4a36eec956ef3170caaa415aff9'}, 'date': {'date': '2021-11-13'}, 'block': {'height': 13609789}}, {'smartContract': {'address': {'address': '0x3313ad9a9a1de90b0c9c6adc11d444fae4562a6c'}}, 'caller': {'address': '0x81919659ee08c4a36eec956ef3170caaa415aff9'}, 'date': {'date': '2021-11-13'}, 'block': {'height': 13609541}}, {'smartContract': {'address': {'address': '0x68f56a4ec3ccbd7f8902f6a6429b0a94fb65cb9b'}}, 'caller': {'address': '0x81919659ee08c4a36eec956ef3170caaa415aff9'}, 'date': {'date': '2021-11-13'}, 'block': {'height': 13609526}}, {'smartContract': {'address': {'address': '0x5fb4ecef40ee77423a9a666bfa0f13df3a26c8c6'}}, 'caller': {'address': '0x81919659ee08c4a36eec956ef3170caaa415aff9'}, 'date': {'date': '2021-11-13'}, 'block': {'height': 13609424}}, {'smartContract': {'address': {'address': '0xc3440fbe3a2b2c8c461414948ce04fcae1574de9'}}, 'caller': {'address': '0x81919659ee08c4a36eec956ef3170caaa415aff9'}, 'date': {'date': '2021-11-13'}, 'block': {'height': 13609237}}, {'smartContract': {'address': {'address': '0x09aa9e14094a389ddb2795db3d4308aa4549458e'}}, 'caller': {'address': '0x81919659ee08c4a36eec956ef3170caaa415aff9'}, 'date': {'date': '2021-11-13'}, 'block': {'height': 13609195}}, {'smartContract': {'address': {'address': '0x9022e0c4d48f818bb600eb7f9069be0804afc4f9'}}, 'caller': {'address': '0x81919659ee08c4a36eec956ef3170caaa415aff9'}, 'date': {'date': '2021-11-13'}, 'block': {'height': 13609145}}, {'smartContract': {'address': {'address': '0xefb2955782f138a0517dc9028bb85891b8c6fe42'}}, 'caller': {'address': '0x81919659ee08c4a36eec956ef3170caaa415aff9'}, 'date': {'date': '2021-11-13'}, 'block': {'height': 13608652}}, {'smartContract': {'address': {'address': '0xc1c9fc49994364fbd79ec81c9b76db76f1ff25bd'}}, 'caller': {'address': '0x81919659ee08c4a36eec956ef3170caaa415aff9'}, 'date': {'date': '2021-11-13'}, 'block': {'height': 13608536}}, {'smartContract': {'address': {'address': '0x7428e91a7e231d7d5591fc82d727e7737e89f8d8'}}, 'caller': {'address': '0x81919659ee08c4a36eec956ef3170caaa415aff9'}, 'date': {'date': '2021-11-13'}, 'block': {'height': 13608513}}, {'smartContract': {'address': {'address': '0x9fe6738007b2d4dfaf2c4a94ef994632dab5de89'}}, 'caller': {'address': '0x81919659ee08c4a36eec956ef3170caaa415aff9'}, 'date': {'date': '2021-11-13'}, 'block': {'height': 13608259}}, {'smartContract': {'address': {'address': '0xc82938146e563c17bc098d26234c39e52bfe1e5d'}}, 'caller': {'address': '0x81919659ee08c4a36eec956ef3170caaa415aff9'}, 'date': {'date': '2021-11-13'}, 'block': {'height': 13608176}}, {'smartContract': {'address': {'address': '0xb3c1ffaf1ab53782300e5b95111f721f9ad06f85'}}, 'caller': {'address': '0x81919659ee08c4a36eec956ef3170caaa415aff9'}, 'date': {'date': '2021-11-13'}, 'block': {'height': 13608138}}, {'smartContract': {'address': {'address': '0xfe97042f9f81fad6b3692e18d0504c46b8281ae9'}}, 'caller': {'address': '0x81919659ee08c4a36eec956ef3170caaa415aff9'}, 'date': {'date': '2021-11-13'}, 'block': {'height': 13608109}}, {'smartContract': {'address': {'address': '0x069cbb0efa8eb3616a253a8e46f6405e2c9f825d'}}, 'caller': {'address': '0x81919659ee08c4a36eec956ef3170caaa415aff9'}, 'date': {'date': '2021-11-13'}, 'block': {'height': 13608042}}, {'smartContract': {'address': {'address': '0xd7ac56be86008f90956ff2987f597a54aa5eed71'}}, 'caller': {'address': '0x81919659ee08c4a36eec956ef3170caaa415aff9'}, 'date': {'date': '2021-11-13'}, 'block': {'height': 13604551}}, {'smartContract': {'address': {'address': '0x4831dbcd1608d2dfa80aee1ada6342cfe7467bd4'}}, 'caller': {'address': '0x81919659ee08c4a36eec956ef3170caaa415aff9'}, 'date': {'date': '2021-11-13'}, 'block': {'height': 13604524}}, {'smartContract': {'address': {'address': '0xf1decf037bd47af05518a6664026e1a52f5e454e'}}, 'caller': {'address': '0x81919659ee08c4a36eec956ef3170caaa415aff9'}, 'date': {'date': '2021-11-13'}, 'block': {'height': 13604481}}, {'smartContract': {'address': {'address': '0xe11beb100ea8aac998c6457ff0991e70894c0b97'}}, 'caller': {'address': '0x81919659ee08c4a36eec956ef3170caaa415aff9'}, 'date': {'date': '2021-11-13'}, 'block': {'height': 13604459}}, {'smartContract': {'address': {'address': '0x006dfa6d6aa7ebd0c8c706bf433a80c70d703a06'}}, 'caller': {'address': '0x81919659ee08c4a36eec956ef3170caaa415aff9'}, 'date': {'date': '2021-11-13'}, 'block': {'height': 13604441}}, {'smartContract': {'address': {'address': '0x338656d41c03f8baf3ae672a74f035bbac4d6c2a'}}, 'caller': {'address': '0x81919659ee08c4a36eec956ef3170caaa415aff9'}, 'date': {'date': '2021-11-13'}, 'block': {'height': 13604399}}, {'smartContract': {'address': {'address': '0x5f83588987c87ebc92328b56f6df6d37f90bec63'}}, 'caller': {'address': '0x8fe00a685bcb3b2cc296ff6ffeab10aca4ce1538'}, 'date': {'date': '2021-11-04'}, 'block': {'height': 13551677}}, {'smartContract': {'address': {'address': '0x0d728866da7780db8a0488adb5300b721ac5211d'}}, 'caller': {'address': '0x81919659ee08c4a36eec956ef3170caaa415aff9'}, 'date': {'date': '2021-11-03'}, 'block': {'height': 13543103}}, {'smartContract': {'address': {'address': '0x00952a036f2098c82c75eb9cfaee2c9849e39a2a'}}, 'caller': {'address': '0x81919659ee08c4a36eec956ef3170caaa415aff9'}, 'date': {'date': '2021-11-03'}, 'block': {'height': 13543077}}, {'smartContract': {'address': {'address': '0x665286cb1237261cc2d2eda969ef0c12f60d3e76'}}, 'caller': {'address': '0x81919659ee08c4a36eec956ef3170caaa415aff9'}, 'date': {'date': '2021-11-03'}, 'block': {'height': 13543041}}, {'smartContract': {'address': {'address': '0xed6bab596dcb7032142a36ec2048279d0047fa83'}}, 'caller': {'address': '0x81919659ee08c4a36eec956ef3170caaa415aff9'}, 'date': {'date': '2021-11-03'}, 'block': {'height': 13542983}}, {'smartContract': {'address': {'address': '0x217c4636329aceb9309f83d2f57e460d3e6c96b5'}}, 'caller': {'address': '0x81919659ee08c4a36eec956ef3170caaa415aff9'}, 'date': {'date': '2021-11-03'}, 'block': {'height': 13542966}}, {'smartContract': {'address': {'address': '0xa0a3637e09cd7beff98889946a4dfd60fe2db23c'}}, 'caller': {'address': '0x81919659ee08c4a36eec956ef3170caaa415aff9'}, 'date': {'date': '2021-11-03'}, 'block': {'height': 13542844}}, {'smartContract': {'address': {'address': '0xe98ae8cd25cdc06562c29231db339d17d02fd486'}}, 'caller': {'address': '0x81919659ee08c4a36eec956ef3170caaa415aff9'}, 'date': {'date': '2021-11-03'}, 'block': {'height': 13542757}}, {'smartContract': {'address': {'address': '0xa55e0d3d697c4692e9c37bc3a7062b1beceef45b'}}, 'caller': {'address': '0x81919659ee08c4a36eec956ef3170caaa415aff9'}, 'date': {'date': '2021-11-03'}, 'block': {'height': 13542599}}, {'smartContract': {'address': {'address': '0x2458fd408f5d2c61a4819e9d6db43a81011e42a7'}}, 'caller': {'address': '0x81919659ee08c4a36eec956ef3170caaa415aff9'}, 'date': {'date': '2021-11-03'}, 'block': {'height': 13542437}}, {'smartContract': {'address': {'address': '0x4645d1cf3f4ce59b06008642e74e60e8f80c8b58'}}, 'caller': {'address': '0x81919659ee08c4a36eec956ef3170caaa415aff9'}, 'date': {'date': '2021-11-03'}, 'block': {'height': 13542426}}, {'smartContract': {'address': {'address': '0x6cc9fc46d8436ac5302d1145258344a3cfbae559'}}, 'caller': {'address': '0x81919659ee08c4a36eec956ef3170caaa415aff9'}, 'date': {'date': '2021-11-03'}, 'block': {'height': 13542425}}, {'smartContract': {'address': {'address': '0x138f85d004b6333365e9a8282972c74132128f74'}}, 'caller': {'address': '0x81919659ee08c4a36eec956ef3170caaa415aff9'}, 'date': {'date': '2021-11-03'}, 'block': {'height': 13542423}}, {'smartContract': {'address': {'address': '0xdbd604f170980910283d46d7f30e2cc2f1983871'}}, 'caller': {'address': '0x81919659ee08c4a36eec956ef3170caaa415aff9'}, 'date': {'date': '2021-11-03'}, 'block': {'height': 13542413}}, {'smartContract': {'address': {'address': '0xbdb02f99cf77fadda54f418663139b636a16c1e1'}}, 'caller': {'address': '0x81919659ee08c4a36eec956ef3170caaa415aff9'}, 'date': {'date': '2021-11-03'}, 'block': {'height': 13542410}}, {'smartContract': {'address': {'address': '0x9d666232eb3cb0b8eda590024ff46fbc94c75eca'}}, 'caller': {'address': '0x81919659ee08c4a36eec956ef3170caaa415aff9'}, 'date': {'date': '2021-11-03'}, 'block': {'height': 13542389}}, {'smartContract': {'address': {'address': '0x34d53e1af009ffdd6878413cc8e83d5a6906b8cb'}}, 'caller': {'address': '0x81919659ee08c4a36eec956ef3170caaa415aff9'}, 'date': {'date': '2021-11-03'}, 'block': {'height': 13542333}}, {'smartContract': {'address': {'address': '0xed1480d12be41d92f36f5f7bdd88212e381a3677'}}, 'caller': {'address': '0x81919659ee08c4a36eec956ef3170caaa415aff9'}, 'date': {'date': '2021-11-03'}, 'block': {'height': 13542271}}]",2021-11-03
214,214,0x321C2fE4446C7c963dc41Dd58879AF648838f98D,Cryptex,https://github.com/cryptexfinance,0x294CB241EBF6fe95bbb76071c7cDa8DD62EB138e,856138.7308,"[{'smartContract': {'address': {'address': '0x2364536f4891ed560a6728f4b36871de8176ee5c'}}, 'caller': {'address': '0x294cb241ebf6fe95bbb76071c7cda8dd62eb138e'}, 'date': {'date': '2022-05-11'}, 'block': {'height': 14757668}}, {'smartContract': {'address': {'address': '0xa8cca36a624215a39d5af6854ac24868559424d3'}}, 'caller': {'address': '0x294cb241ebf6fe95bbb76071c7cda8dd62eb138e'}, 'date': {'date': '2022-05-11'}, 'block': {'height': 14757666}}, {'smartContract': {'address': {'address': '0xa5b3bb6e1f206624b3b8ce0c6a0f7614fd35fa03'}}, 'caller': {'address': '0x294cb241ebf6fe95bbb76071c7cda8dd62eb138e'}, 'date': {'date': '2022-05-11'}, 'block': {'height': 14757664}}, {'smartContract': {'address': {'address': '0xc2ba6b8e0ee3cf48b045d966f1dcda767df74833'}}, 'caller': {'address': '0x294cb241ebf6fe95bbb76071c7cda8dd62eb138e'}, 'date': {'date': '2022-05-11'}, 'block': {'height': 14757663}}, {'smartContract': {'address': {'address': '0x904d86064da7ee54d893ef77c36ed6145897c6b9'}}, 'caller': {'address': '0x294cb241ebf6fe95bbb76071c7cda8dd62eb138e'}, 'date': {'date': '2022-05-11'}, 'block': {'height': 14757660}}, {'smartContract': {'address': {'address': '0xada39d170551daf42822e1d3da64efebbd14d1d3'}}, 'caller': {'address': '0x294cb241ebf6fe95bbb76071c7cda8dd62eb138e'}, 'date': {'date': '2021-12-06'}, 'block': {'height': 13749552}}, {'smartContract': {'address': {'address': '0x6443854207cc897ac826c8f843d834f0ee94c732'}}, 'caller': {'address': '0x294cb241ebf6fe95bbb76071c7cda8dd62eb138e'}, 'date': {'date': '2021-12-06'}, 'block': {'height': 13749550}}, {'smartContract': {'address': {'address': '0xbeb44febc550f69ff17f8aa8eec070b95ef369ba'}}, 'caller': {'address': '0x294cb241ebf6fe95bbb76071c7cda8dd62eb138e'}, 'date': {'date': '2021-12-06'}, 'block': {'height': 13749549}}, {'smartContract': {'address': {'address': '0x92c4bcdb5c13d9c67f84ba2aaa0879b0ece6d128'}}, 'caller': {'address': '0x294cb241ebf6fe95bbb76071c7cda8dd62eb138e'}, 'date': {'date': '2021-12-06'}, 'block': {'height': 13749548}}, {'smartContract': {'address': {'address': '0xbd291b8dc2ff25544b5ed19bddc4aefc58c1ad1a'}}, 'caller': {'address': '0x70236b36f86ab4bd557fe9934e1246537b472918'}, 'date': {'date': '2021-10-05'}, 'block': {'height': 13362007}}, {'smartContract': {'address': {'address': '0x11f0ec1aad2c33179a026d9b340a6d78186c6161'}}, 'caller': {'address': '0x70236b36f86ab4bd557fe9934e1246537b472918'}, 'date': {'date': '2021-10-05'}, 'block': {'height': 13362007}}, {'smartContract': {'address': {'address': '0x571b9b70b121d2e64aa92c10d74446dd63c81376'}}, 'caller': {'address': '0x70236b36f86ab4bd557fe9934e1246537b472918'}, 'date': {'date': '2021-10-05'}, 'block': {'height': 13362007}}, {'smartContract': {'address': {'address': '0xb119b634a44d2cf7f586276b91e5568127980ad4'}}, 'caller': {'address': '0x70236b36f86ab4bd557fe9934e1246537b472918'}, 'date': {'date': '2021-10-05'}, 'block': {'height': 13362000}}, {'smartContract': {'address': {'address': '0x46565d72e9cdedea27fb9863217c6cd303799875'}}, 'caller': {'address': '0x70236b36f86ab4bd557fe9934e1246537b472918'}, 'date': {'date': '2021-10-05'}, 'block': {'height': 13361990}}, {'smartContract': {'address': {'address': '0x01248d9297d94cd7fc2de5c0d794085a7fe2f457'}}, 'caller': {'address': '0x70236b36f86ab4bd557fe9934e1246537b472918'}, 'date': {'date': '2021-10-05'}, 'block': {'height': 13361984}}, {'smartContract': {'address': {'address': '0x836903ba32914ae9ed8c81e5875842061b53e8c5'}}, 'caller': {'address': '0x70236b36f86ab4bd557fe9934e1246537b472918'}, 'date': {'date': '2021-10-05'}, 'block': {'height': 13361960}}, {'smartContract': {'address': {'address': '0xc48d130f53c731358ecb4993ee9f49318b24ebd3'}}, 'caller': {'address': '0x70236b36f86ab4bd557fe9934e1246537b472918'}, 'date': {'date': '2021-10-05'}, 'block': {'height': 13361948}}, {'smartContract': {'address': {'address': '0xfb45d717a3d16d03c47f0d6b03d38e10bc38bd42'}}, 'caller': {'address': '0x70236b36f86ab4bd557fe9934e1246537b472918'}, 'date': {'date': '2021-10-05'}, 'block': {'height': 13361946}}, {'smartContract': {'address': {'address': '0xb0e5795b2302b362b8e20202674066e9f659d10c'}}, 'caller': {'address': '0x70236b36f86ab4bd557fe9934e1246537b472918'}, 'date': {'date': '2021-10-05'}, 'block': {'height': 13361942}}, {'smartContract': {'address': {'address': '0x29ee31361492a77baa6511d43c600e89de08c954'}}, 'caller': {'address': '0x70236b36f86ab4bd557fe9934e1246537b472918'}, 'date': {'date': '2021-10-05'}, 'block': {'height': 13361937}}, {'smartContract': {'address': {'address': '0x833951a226532d48ec15ce403fa30af6a17d71e9'}}, 'caller': {'address': '0x70236b36f86ab4bd557fe9934e1246537b472918'}, 'date': {'date': '2021-10-05'}, 'block': {'height': 13361927}}, {'smartContract': {'address': {'address': '0xdf4c62c2bcc1bfa08458469ba3d814eb50a58e9e'}}, 'caller': {'address': '0x70236b36f86ab4bd557fe9934e1246537b472918'}, 'date': {'date': '2021-10-05'}, 'block': {'height': 13361619}}, {'smartContract': {'address': {'address': '0x70236b36f86ab4bd557fe9934e1246537b472918'}}, 'caller': {'address': '0x294cb241ebf6fe95bbb76071c7cda8dd62eb138e'}, 'date': {'date': '2021-10-05'}, 'block': {'height': 13360296}}, {'smartContract': {'address': {'address': '0x874c5d592afc6803c3dd60d6442357879f196d5b'}}, 'caller': {'address': '0x294cb241ebf6fe95bbb76071c7cda8dd62eb138e'}, 'date': {'date': '2021-07-15'}, 'block': {'height': 12833919}}, {'smartContract': {'address': {'address': '0xa62a082bb8f9f0e63f69053f070fa5c12df1c07e'}}, 'caller': {'address': '0x294cb241ebf6fe95bbb76071c7cda8dd62eb138e'}, 'date': {'date': '2021-05-17'}, 'block': {'height': 12450923}}, {'smartContract': {'address': {'address': '0x2121b3f1719a90e4ded5918cf24a2cc9fca4f1c5'}}, 'caller': {'address': '0x294cb241ebf6fe95bbb76071c7cda8dd62eb138e'}, 'date': {'date': '2021-05-17'}, 'block': {'height': 12450923}}, {'smartContract': {'address': {'address': '0x7059928231d115bb47d46fdfd5e574c5e4fe38c0'}}, 'caller': {'address': '0x294cb241ebf6fe95bbb76071c7cda8dd62eb138e'}, 'date': {'date': '2021-05-17'}, 'block': {'height': 12450923}}, {'smartContract': {'address': {'address': '0xbda4e4f1fc8092b951731cf62d6295398d4a8049'}}, 'caller': {'address': '0x294cb241ebf6fe95bbb76071c7cda8dd62eb138e'}, 'date': {'date': '2021-05-02'}, 'block': {'height': 12355152}}, {'smartContract': {'address': {'address': '0xa729daf9d5c286db7e70aa42f1ca65a3878bd53f'}}, 'caller': {'address': '0x294cb241ebf6fe95bbb76071c7cda8dd62eb138e'}, 'date': {'date': '2021-05-02'}, 'block': {'height': 12355148}}, {'smartContract': {'address': {'address': '0x47aaec4caff8e5e95cc4de66a22ef02627f187b4'}}, 'caller': {'address': '0x294cb241ebf6fe95bbb76071c7cda8dd62eb138e'}, 'date': {'date': '2021-05-02'}, 'block': {'height': 12355137}}, {'smartContract': {'address': {'address': '0xdc4cdd5db9ee777efd891690dc283638cb3a5f94'}}, 'caller': {'address': '0x294cb241ebf6fe95bbb76071c7cda8dd62eb138e'}, 'date': {'date': '2021-04-20'}, 'block': {'height': 12280101}}, {'smartContract': {'address': {'address': '0xc8bb1cd417d20116387a5e0603e195ca4f3cf59a'}}, 'caller': {'address': '0x294cb241ebf6fe95bbb76071c7cda8dd62eb138e'}, 'date': {'date': '2021-04-07'}, 'block': {'height': 12194882}}, {'smartContract': {'address': {'address': '0xe0c99c503c4ae5ec50ac63c59c7ef4725c355fdd'}}, 'caller': {'address': '0x294cb241ebf6fe95bbb76071c7cda8dd62eb138e'}, 'date': {'date': '2021-04-06'}, 'block': {'height': 12184057}}, {'smartContract': {'address': {'address': '0x443366a7a5821619d8d57405511e4fadd9964771'}}, 'caller': {'address': '0x294cb241ebf6fe95bbb76071c7cda8dd62eb138e'}, 'date': {'date': '2021-04-06'}, 'block': {'height': 12184055}}, {'smartContract': {'address': {'address': '0x5b577578565c2404bb84e734f583cf8523236ef1'}}, 'caller': {'address': '0x294cb241ebf6fe95bbb76071c7cda8dd62eb138e'}, 'date': {'date': '2021-04-06'}, 'block': {'height': 12184053}}, {'smartContract': {'address': {'address': '0x717170b66654292dfbd89c39f5ae6753d2ac1381'}}, 'caller': {'address': '0x294cb241ebf6fe95bbb76071c7cda8dd62eb138e'}, 'date': {'date': '2021-04-06'}, 'block': {'height': 12184052}}, {'smartContract': {'address': {'address': '0x1a14f9367db41400be5d38a0bc48d4cc2e4b7157'}}, 'caller': {'address': '0x294cb241ebf6fe95bbb76071c7cda8dd62eb138e'}, 'date': {'date': '2021-04-06'}, 'block': {'height': 12184044}}, {'smartContract': {'address': {'address': '0x56549e2fe1d9f0a9556f92494d04f263a5011a00'}}, 'caller': {'address': '0x294cb241ebf6fe95bbb76071c7cda8dd62eb138e'}, 'date': {'date': '2021-04-06'}, 'block': {'height': 12184043}}, {'smartContract': {'address': {'address': '0x6b5a75f38bea1ef59bc43a5d9602e77bcbe65e46'}}, 'caller': {'address': '0x294cb241ebf6fe95bbb76071c7cda8dd62eb138e'}, 'date': {'date': '2021-04-06'}, 'block': {'height': 12184041}}, {'smartContract': {'address': {'address': '0x2cfeaf282fe9ae050b210e7bda65d288c40c6104'}}, 'caller': {'address': '0x294cb241ebf6fe95bbb76071c7cda8dd62eb138e'}, 'date': {'date': '2021-04-06'}, 'block': {'height': 12184039}}, {'smartContract': {'address': {'address': '0x07ef20895cef20855d29acedca35e6f96af4ff49'}}, 'caller': {'address': '0x294cb241ebf6fe95bbb76071c7cda8dd62eb138e'}, 'date': {'date': '2021-04-06'}, 'block': {'height': 12184038}}, {'smartContract': {'address': {'address': '0xa4e581bd159b869e8290707a7fbf841fe7fe97b6'}}, 'caller': {'address': '0x294cb241ebf6fe95bbb76071c7cda8dd62eb138e'}, 'date': {'date': '2021-04-06'}, 'block': {'height': 12184036}}, {'smartContract': {'address': {'address': '0x16c52ceece2ed57dad87319d91b5e3637d50afa4'}}, 'caller': {'address': '0x294cb241ebf6fe95bbb76071c7cda8dd62eb138e'}, 'date': {'date': '2021-04-06'}, 'block': {'height': 12184035}}, {'smartContract': {'address': {'address': '0x373c74bce7893097ab26d22f05691907d4f2c18e'}}, 'caller': {'address': '0x294cb241ebf6fe95bbb76071c7cda8dd62eb138e'}, 'date': {'date': '2021-04-06'}, 'block': {'height': 12184034}}, {'smartContract': {'address': {'address': '0x271901c3268d0959bbc9543de4f073d3708c88f7'}}, 'caller': {'address': '0x294cb241ebf6fe95bbb76071c7cda8dd62eb138e'}, 'date': {'date': '2021-04-06'}, 'block': {'height': 12184033}}, {'smartContract': {'address': {'address': '0xa54074b2cc0e96a43048d4a68472f7f046ac0da8'}}, 'caller': {'address': '0x294cb241ebf6fe95bbb76071c7cda8dd62eb138e'}, 'date': {'date': '2021-04-06'}, 'block': {'height': 12183941}}, {'smartContract': {'address': {'address': '0x321c2fe4446c7c963dc41dd58879af648838f98d'}}, 'caller': {'address': '0x294cb241ebf6fe95bbb76071c7cda8dd62eb138e'}, 'date': {'date': '2021-04-06'}, 'block': {'height': 12183936}}]",2021-04-06
215,215,0xd38BB40815d2B0c2d2c866e0c72c5728ffC76dd9,Symbiosis,https://github.com/symbiosis-finance,0x23580eE21e7b438CC7995FdB0BDE885E58c2B3E0,852960.4883,"[{'smartContract': {'address': {'address': '0x1ee74172e04b98d2821bcb76423dc4e83ffc7bef'}}, 'caller': {'address': '0x23580ee21e7b438cc7995fdb0bde885e58c2b3e0'}, 'date': {'date': '2022-02-15'}, 'block': {'height': 14211891}}, {'smartContract': {'address': {'address': '0xf911f2f5b5e4b12bb2d5cbdcec717d3c6222bbc3'}}, 'caller': {'address': '0x23580ee21e7b438cc7995fdb0bde885e58c2b3e0'}, 'date': {'date': '2021-12-07'}, 'block': {'height': 13758857}}, {'smartContract': {'address': {'address': '0xe05de631122d95ef347f6fca85d1bb149fcc6df2'}}, 'caller': {'address': '0x23580ee21e7b438cc7995fdb0bde885e58c2b3e0'}, 'date': {'date': '2021-12-07'}, 'block': {'height': 13758856}}, {'smartContract': {'address': {'address': '0xc5ebd4bca64ff7ec0bb837cdbf4ea958270a848d'}}, 'caller': {'address': '0x23580ee21e7b438cc7995fdb0bde885e58c2b3e0'}, 'date': {'date': '2021-11-30'}, 'block': {'height': 13715751}}, {'smartContract': {'address': {'address': '0x6ef7dd4d7782c27a4c509585db60695d8c7231bf'}}, 'caller': {'address': '0x23580ee21e7b438cc7995fdb0bde885e58c2b3e0'}, 'date': {'date': '2021-11-30'}, 'block': {'height': 13715694}}, {'smartContract': {'address': {'address': '0xe99a090b75b0aa9355dd61c3b6e61abed18c1fcb'}}, 'caller': {'address': '0x23580ee21e7b438cc7995fdb0bde885e58c2b3e0'}, 'date': {'date': '2021-11-30'}, 'block': {'height': 13715646}}, {'smartContract': {'address': {'address': '0x931c6728470394507049f5642bab16da029f48f6'}}, 'caller': {'address': '0x23580ee21e7b438cc7995fdb0bde885e58c2b3e0'}, 'date': {'date': '2021-11-21'}, 'block': {'height': 13659208}}, {'smartContract': {'address': {'address': '0x3086ac03b0347bee2ce3fd9079452db13fc76827'}}, 'caller': {'address': '0x23580ee21e7b438cc7995fdb0bde885e58c2b3e0'}, 'date': {'date': '2021-11-21'}, 'block': {'height': 13658129}}, {'smartContract': {'address': {'address': '0xd38bb40815d2b0c2d2c866e0c72c5728ffc76dd9'}}, 'caller': {'address': '0x23580ee21e7b438cc7995fdb0bde885e58c2b3e0'}, 'date': {'date': '2021-11-18'}, 'block': {'height': 13641309}}]",2021-11-18
216,216,0x0AeE8703D34DD9aE107386d3eFF22AE75Dd616D1,Tranche Finance (SLICE),,0x5aD3330AeBDd74D7Dda641D37273Ac1835EE9330,823436.2951,"[{'smartContract': {'address': {'address': '0xe8988c2156fbf670e0caf6ea21309b236fb39900'}}, 'caller': {'address': '0x8cae1786645184bbc9078e50ced90ac9ee0b3ade'}, 'date': {'date': '2021-08-30'}, 'block': {'height': 13126977}}, {'smartContract': {'address': {'address': '0xf94cb5735a8a68c670734128ca45542ac96052db'}}, 'caller': {'address': '0x8cae1786645184bbc9078e50ced90ac9ee0b3ade'}, 'date': {'date': '2021-08-30'}, 'block': {'height': 13126977}}, {'smartContract': {'address': {'address': '0x57866541f993b66357acb00e2bc6cf9c5067539e'}}, 'caller': {'address': '0x8cae1786645184bbc9078e50ced90ac9ee0b3ade'}, 'date': {'date': '2021-08-30'}, 'block': {'height': 13126965}}, {'smartContract': {'address': {'address': '0xf73183ac8f7158f40593cca3108969a5a859ced0'}}, 'caller': {'address': '0x8cae1786645184bbc9078e50ced90ac9ee0b3ade'}, 'date': {'date': '2021-08-30'}, 'block': {'height': 13126965}}, {'smartContract': {'address': {'address': '0x9862fba6a698ccd9c323a536bceb733a88c7dcec'}}, 'caller': {'address': '0x5ad3330aebdd74d7dda641d37273ac1835ee9330'}, 'date': {'date': '2021-08-09'}, 'block': {'height': 12990647}}, {'smartContract': {'address': {'address': '0xab4235a9acf00a45557e90f7db127f3b293ca45a'}}, 'caller': {'address': '0x5ad3330aebdd74d7dda641d37273ac1835ee9330'}, 'date': {'date': '2021-07-01'}, 'block': {'height': 12740438}}, {'smartContract': {'address': {'address': '0x915560d5298567826ebf11bb95b11b1cea1267ca'}}, 'caller': {'address': '0x5ad3330aebdd74d7dda641d37273ac1835ee9330'}, 'date': {'date': '2021-07-01'}, 'block': {'height': 12740436}}, {'smartContract': {'address': {'address': '0xfa60776984740f0138d588b9dea3606306ef7027'}}, 'caller': {'address': '0x5ad3330aebdd74d7dda641d37273ac1835ee9330'}, 'date': {'date': '2021-05-27'}, 'block': {'height': 12515288}}, {'smartContract': {'address': {'address': '0x5f5b8ef49fbaeadaba3611b43c68fbcaeacda5b1'}}, 'caller': {'address': '0x8cae1786645184bbc9078e50ced90ac9ee0b3ade'}, 'date': {'date': '2021-05-18'}, 'block': {'height': 12458326}}, {'smartContract': {'address': {'address': '0xc3777a4ab9d62403d08550193f74c769986bff6c'}}, 'caller': {'address': '0x8cae1786645184bbc9078e50ced90ac9ee0b3ade'}, 'date': {'date': '2021-05-18'}, 'block': {'height': 12458326}}, {'smartContract': {'address': {'address': '0x769fbf12016c9df5247b2a13d1ae3c93d6b4cb0f'}}, 'caller': {'address': '0x8cae1786645184bbc9078e50ced90ac9ee0b3ade'}, 'date': {'date': '2021-05-18'}, 'block': {'height': 12458322}}, {'smartContract': {'address': {'address': '0x0f18f632e2046f5c28f94498905806f2d52ff6f1'}}, 'caller': {'address': '0x8cae1786645184bbc9078e50ced90ac9ee0b3ade'}, 'date': {'date': '2021-05-18'}, 'block': {'height': 12458322}}, {'smartContract': {'address': {'address': '0x05060f5ab3e7a98e180b418a96ffc82a85b115e7'}}, 'caller': {'address': '0x5ad3330aebdd74d7dda641d37273ac1835ee9330'}, 'date': {'date': '2021-05-18'}, 'block': {'height': 12458318}}, {'smartContract': {'address': {'address': '0x423c85750281a21db0cf6f493309020aee657ea4'}}, 'caller': {'address': '0x5ad3330aebdd74d7dda641d37273ac1835ee9330'}, 'date': {'date': '2021-05-18'}, 'block': {'height': 12458313}}, {'smartContract': {'address': {'address': '0x8cae1786645184bbc9078e50ced90ac9ee0b3ade'}}, 'caller': {'address': '0x5ad3330aebdd74d7dda641d37273ac1835ee9330'}, 'date': {'date': '2021-05-18'}, 'block': {'height': 12458311}}, {'smartContract': {'address': {'address': '0x9b1c86829139787bee029c91dd7cffc3330edaf7'}}, 'caller': {'address': '0x5ad3330aebdd74d7dda641d37273ac1835ee9330'}, 'date': {'date': '2021-05-18'}, 'block': {'height': 12458302}}, {'smartContract': {'address': {'address': '0x16d7dfba832722f240915e63198e411153ac602b'}}, 'caller': {'address': '0x5ad3330aebdd74d7dda641d37273ac1835ee9330'}, 'date': {'date': '2021-05-18'}, 'block': {'height': 12458288}}, {'smartContract': {'address': {'address': '0x44caa1719045f3299024f5371a8cf5c5a03841b6'}}, 'caller': {'address': '0x5ad3330aebdd74d7dda641d37273ac1835ee9330'}, 'date': {'date': '2021-05-18'}, 'block': {'height': 12458281}}, {'smartContract': {'address': {'address': '0x8532477a282da1f68bb49f0893714e10f03d6186'}}, 'caller': {'address': '0x5ad3330aebdd74d7dda641d37273ac1835ee9330'}, 'date': {'date': '2021-05-18'}, 'block': {'height': 12458280}}, {'smartContract': {'address': {'address': '0x444782b759cbd0529a8ebed01a017711d3f0dc5b'}}, 'caller': {'address': '0x5ad3330aebdd74d7dda641d37273ac1835ee9330'}, 'date': {'date': '2021-05-18'}, 'block': {'height': 12458278}}, {'smartContract': {'address': {'address': '0x1d10bca89afaeff35f8f56275e8b67fb9c7a8836'}}, 'caller': {'address': '0x5ad3330aebdd74d7dda641d37273ac1835ee9330'}, 'date': {'date': '2021-03-18'}, 'block': {'height': 12061761}}, {'smartContract': {'address': {'address': '0xbc2834e142bbba3704d6855c63ca99cfc5b0e929'}}, 'caller': {'address': '0x5ad3330aebdd74d7dda641d37273ac1835ee9330'}, 'date': {'date': '2021-03-18'}, 'block': {'height': 12061759}}, {'smartContract': {'address': {'address': '0xab414c6380d6ac782085786debd04d291f8b34c8'}}, 'caller': {'address': '0x5ad3330aebdd74d7dda641d37273ac1835ee9330'}, 'date': {'date': '2021-03-18'}, 'block': {'height': 12061755}}, {'smartContract': {'address': {'address': '0x05db908e095662745595ee42c9c90aadc5d51c98'}}, 'caller': {'address': '0x5ad3330aebdd74d7dda641d37273ac1835ee9330'}, 'date': {'date': '2021-03-18'}, 'block': {'height': 12061753}}, {'smartContract': {'address': {'address': '0xdb40dd5c49590cfdc8b4ca9cf2ca66c4275eca05'}}, 'caller': {'address': '0x5ad3330aebdd74d7dda641d37273ac1835ee9330'}, 'date': {'date': '2021-03-18'}, 'block': {'height': 12061747}}, {'smartContract': {'address': {'address': '0xf0c55438cc6f8925a96d30134bbaf03a47a3685c'}}, 'caller': {'address': '0x5ad3330aebdd74d7dda641d37273ac1835ee9330'}, 'date': {'date': '2021-03-18'}, 'block': {'height': 12061746}}, {'smartContract': {'address': {'address': '0x5ce49f584257606426498bfd16d770c50bb20254'}}, 'caller': {'address': '0x5ad3330aebdd74d7dda641d37273ac1835ee9330'}, 'date': {'date': '2021-03-18'}, 'block': {'height': 12061745}}, {'smartContract': {'address': {'address': '0x13595b1bfeda7547b0e6b72a478e016cb3a4a542'}}, 'caller': {'address': '0x5ad3330aebdd74d7dda641d37273ac1835ee9330'}, 'date': {'date': '2021-03-18'}, 'block': {'height': 12061739}}, {'smartContract': {'address': {'address': '0x587b63d2f073285416f4dc45223a494e69a3628c'}}, 'caller': {'address': '0x5ad3330aebdd74d7dda641d37273ac1835ee9330'}, 'date': {'date': '2021-03-18'}, 'block': {'height': 12061737}}, {'smartContract': {'address': {'address': '0x74201e50401c495114a2e3d5ebbf7f62683ddac5'}}, 'caller': {'address': '0x5ad3330aebdd74d7dda641d37273ac1835ee9330'}, 'date': {'date': '2021-03-18'}, 'block': {'height': 12061733}}, {'smartContract': {'address': {'address': '0x896eebeb02f81445f5a88ff7884af8d937294ee8'}}, 'caller': {'address': '0x5c69bee701ef814a2b6a3edd4b1652cb9cc5aa6f'}, 'date': {'date': '2021-02-28'}, 'block': {'height': 11947466}}, {'smartContract': {'address': {'address': '0xa21ece44cc5dac03e3805362bd3f68f22a49ea1e'}}, 'caller': {'address': '0x5c69bee701ef814a2b6a3edd4b1652cb9cc5aa6f'}, 'date': {'date': '2021-02-28'}, 'block': {'height': 11947370}}, {'smartContract': {'address': {'address': '0xdb005b73f591922b4689824aa4035053269ffa44'}}, 'caller': {'address': '0x5ad3330aebdd74d7dda641d37273ac1835ee9330'}, 'date': {'date': '2021-01-24'}, 'block': {'height': 11717771}}, {'smartContract': {'address': {'address': '0x03f44e563dd447449f48f8103b5df70aff7cf577'}}, 'caller': {'address': '0x5ad3330aebdd74d7dda641d37273ac1835ee9330'}, 'date': {'date': '2021-01-24'}, 'block': {'height': 11717769}}, {'smartContract': {'address': {'address': '0x29239c0d9cfa980d978964ce436652a7d36c6ea5'}}, 'caller': {'address': '0x5ad3330aebdd74d7dda641d37273ac1835ee9330'}, 'date': {'date': '2021-01-24'}, 'block': {'height': 11717764}}, {'smartContract': {'address': {'address': '0xb97926c8850e621facabf3a5b54ec46a3a3a0fdd'}}, 'caller': {'address': '0x5ad3330aebdd74d7dda641d37273ac1835ee9330'}, 'date': {'date': '2021-01-24'}, 'block': {'height': 11717763}}, {'smartContract': {'address': {'address': '0x3bfcb57fee22e37b08f1f79aedc4d674a171e059'}}, 'caller': {'address': '0x5ad3330aebdd74d7dda641d37273ac1835ee9330'}, 'date': {'date': '2021-01-24'}, 'block': {'height': 11717598}}, {'smartContract': {'address': {'address': '0xb6cfa5779d35827c0552a0152fbebe38ac5ca50d'}}, 'caller': {'address': '0x5ad3330aebdd74d7dda641d37273ac1835ee9330'}, 'date': {'date': '2021-01-24'}, 'block': {'height': 11717597}}, {'smartContract': {'address': {'address': '0x2b4684903e05c90c3e3449d397b127297e5312f6'}}, 'caller': {'address': '0x5ad3330aebdd74d7dda641d37273ac1835ee9330'}, 'date': {'date': '2021-01-24'}, 'block': {'height': 11717596}}, {'smartContract': {'address': {'address': '0x720b27f2e5649943600e15b749980ebec18e71ac'}}, 'caller': {'address': '0x5ad3330aebdd74d7dda641d37273ac1835ee9330'}, 'date': {'date': '2021-01-24'}, 'block': {'height': 11717593}}, {'smartContract': {'address': {'address': '0x0aee8703d34dd9ae107386d3eff22ae75dd616d1'}}, 'caller': {'address': '0x5ad3330aebdd74d7dda641d37273ac1835ee9330'}, 'date': {'date': '2020-12-29'}, 'block': {'height': 11549168}}]",2020-12-29
217,217,0x5D8d9F5b96f4438195BE9b99eee6118Ed4304286,Old Cover Protocol,,0xDd79dc5B781B14FF091686961ADc5d47e434f4B0,815379.4576,"[{'smartContract': {'address': {'address': '0x6759d286c4ec4febe35233385fd3eb950de5a030'}}, 'caller': {'address': '0xdd79dc5b781b14ff091686961adc5d47e434f4b0'}, 'date': {'date': '2021-08-18'}, 'block': {'height': 13052042}}, {'smartContract': {'address': {'address': '0x7c0e033b8feb3d4795f08812aded7c0f6c5ee385'}}, 'caller': {'address': '0xdd79dc5b781b14ff091686961adc5d47e434f4b0'}, 'date': {'date': '2021-08-18'}, 'block': {'height': 13051922}}, {'smartContract': {'address': {'address': '0x658f89326691b14bdcddbeaa893c6032e8c7ad7e'}}, 'caller': {'address': '0xf19f4490a7fccfef2dab8199acdb2dc1b9027c18'}, 'date': {'date': '2021-08-10'}, 'block': {'height': 12999985}}, {'smartContract': {'address': {'address': '0x8341c03f454aa4d756b83f262d1911f79c75e242'}}, 'caller': {'address': '0xf19f4490a7fccfef2dab8199acdb2dc1b9027c18'}, 'date': {'date': '2021-08-10'}, 'block': {'height': 12999985}}, {'smartContract': {'address': {'address': '0x57ac47b594a6c5341c908649103ed240472320d9'}}, 'caller': {'address': '0xf19f4490a7fccfef2dab8199acdb2dc1b9027c18'}, 'date': {'date': '2021-07-31'}, 'block': {'height': 12935466}}, {'smartContract': {'address': {'address': '0xbeaeab7634d0bba8b76eb9321a515f385dba5fa7'}}, 'caller': {'address': '0xf19f4490a7fccfef2dab8199acdb2dc1b9027c18'}, 'date': {'date': '2021-07-31'}, 'block': {'height': 12935466}}, {'smartContract': {'address': {'address': '0xd124fa50064b7613bb3090360973903d5350837f'}}, 'caller': {'address': '0xf19f4490a7fccfef2dab8199acdb2dc1b9027c18'}, 'date': {'date': '2021-07-31'}, 'block': {'height': 12935466}}, {'smartContract': {'address': {'address': '0xd6f207d1c9dc693b729dc93cada0a3c921d93024'}}, 'caller': {'address': '0xf19f4490a7fccfef2dab8199acdb2dc1b9027c18'}, 'date': {'date': '2021-07-31'}, 'block': {'height': 12935466}}, {'smartContract': {'address': {'address': '0xc83eb679dbcdaf69ce0c78a6a9f7cebf72d7afc1'}}, 'caller': {'address': '0xf19f4490a7fccfef2dab8199acdb2dc1b9027c18'}, 'date': {'date': '2021-07-31'}, 'block': {'height': 12935466}}, {'smartContract': {'address': {'address': '0x3238efef52f1141734b17cdefcf70539c01ea7a9'}}, 'caller': {'address': '0xf19f4490a7fccfef2dab8199acdb2dc1b9027c18'}, 'date': {'date': '2021-07-31'}, 'block': {'height': 12935466}}, {'smartContract': {'address': {'address': '0xe9704bf488809935fb502487f5193f62e148f4cc'}}, 'caller': {'address': '0xf19f4490a7fccfef2dab8199acdb2dc1b9027c18'}, 'date': {'date': '2021-07-31'}, 'block': {'height': 12935466}}, {'smartContract': {'address': {'address': '0x5922a5f93d55aa25b162d407b938be9beacb7585'}}, 'caller': {'address': '0xf19f4490a7fccfef2dab8199acdb2dc1b9027c18'}, 'date': {'date': '2021-07-31'}, 'block': {'height': 12935466}}, {'smartContract': {'address': {'address': '0x36258b62096126cd5e97610745e1faba0293dbd1'}}, 'caller': {'address': '0xf19f4490a7fccfef2dab8199acdb2dc1b9027c18'}, 'date': {'date': '2021-07-31'}, 'block': {'height': 12935466}}, {'smartContract': {'address': {'address': '0x4ef32658a6a2a63e42e31b342bd2aebf11a1be09'}}, 'caller': {'address': '0xf19f4490a7fccfef2dab8199acdb2dc1b9027c18'}, 'date': {'date': '2021-07-31'}, 'block': {'height': 12935466}}, {'smartContract': {'address': {'address': '0x31c1dcf1a63c52418f20b8df4d95411cb76df433'}}, 'caller': {'address': '0xf19f4490a7fccfef2dab8199acdb2dc1b9027c18'}, 'date': {'date': '2021-07-28'}, 'block': {'height': 12917157}}, {'smartContract': {'address': {'address': '0x5a60d9cdf0e38e42526f3e53f1dc2db99734d4cb'}}, 'caller': {'address': '0xf19f4490a7fccfef2dab8199acdb2dc1b9027c18'}, 'date': {'date': '2021-07-28'}, 'block': {'height': 12917157}}, {'smartContract': {'address': {'address': '0x9dc379f80ee50d0af48636c468de508f509ff95c'}}, 'caller': {'address': '0xf19f4490a7fccfef2dab8199acdb2dc1b9027c18'}, 'date': {'date': '2021-07-28'}, 'block': {'height': 12917157}}, {'smartContract': {'address': {'address': '0xa06716feb1173976ff2fb86e565f0305aabb6e85'}}, 'caller': {'address': '0xf19f4490a7fccfef2dab8199acdb2dc1b9027c18'}, 'date': {'date': '2021-07-28'}, 'block': {'height': 12917157}}, {'smartContract': {'address': {'address': '0x4edb72a79bb45eba718163ac790231b2d152f0d0'}}, 'caller': {'address': '0xf19f4490a7fccfef2dab8199acdb2dc1b9027c18'}, 'date': {'date': '2021-07-28'}, 'block': {'height': 12917147}}, {'smartContract': {'address': {'address': '0x7e57f752940a47f6666a45722935f66a5a62b1d2'}}, 'caller': {'address': '0xf19f4490a7fccfef2dab8199acdb2dc1b9027c18'}, 'date': {'date': '2021-07-28'}, 'block': {'height': 12917147}}, {'smartContract': {'address': {'address': '0xfce8204c8b0e1320a086ff3b227a04e64b13503a'}}, 'caller': {'address': '0xf19f4490a7fccfef2dab8199acdb2dc1b9027c18'}, 'date': {'date': '2021-07-28'}, 'block': {'height': 12917147}}, {'smartContract': {'address': {'address': '0xff44d68b85adebc6e4613dd00e33fc775610c17b'}}, 'caller': {'address': '0xf19f4490a7fccfef2dab8199acdb2dc1b9027c18'}, 'date': {'date': '2021-07-28'}, 'block': {'height': 12917147}}, {'smartContract': {'address': {'address': '0x250960b4ace3faacd9724bde66a4af290499c92c'}}, 'caller': {'address': '0xf19f4490a7fccfef2dab8199acdb2dc1b9027c18'}, 'date': {'date': '2021-07-28'}, 'block': {'height': 12917147}}, {'smartContract': {'address': {'address': '0x078257279c897583879fed84fae2c313f4653d57'}}, 'caller': {'address': '0xf19f4490a7fccfef2dab8199acdb2dc1b9027c18'}, 'date': {'date': '2021-07-28'}, 'block': {'height': 12917147}}, {'smartContract': {'address': {'address': '0x493fc11fddbae0465ce08aacbf536abdcf2f35c5'}}, 'caller': {'address': '0xf19f4490a7fccfef2dab8199acdb2dc1b9027c18'}, 'date': {'date': '2021-07-28'}, 'block': {'height': 12917147}}, {'smartContract': {'address': {'address': '0x3368f2b9a0758556de65186eb7dce977543a30ae'}}, 'caller': {'address': '0xf19f4490a7fccfef2dab8199acdb2dc1b9027c18'}, 'date': {'date': '2021-07-28'}, 'block': {'height': 12917147}}, {'smartContract': {'address': {'address': '0x16972961f0ed017e28a2e2b70eda4a64ae44b1df'}}, 'caller': {'address': '0x237d01ece6d4799f62504ee85b413e3c13ffba6c'}, 'date': {'date': '2021-07-14'}, 'block': {'height': 12827898}}, {'smartContract': {'address': {'address': '0x237d01ece6d4799f62504ee85b413e3c13ffba6c'}}, 'caller': {'address': '0x3fcdb4c569707ba8ae932427329f8e2b8d24795f'}, 'date': {'date': '2021-07-14'}, 'block': {'height': 12827898}}, {'smartContract': {'address': {'address': '0x742a4a320c2104cf70b10820736a277b1eeb7725'}}, 'caller': {'address': '0x237d01ece6d4799f62504ee85b413e3c13ffba6c'}, 'date': {'date': '2021-07-14'}, 'block': {'height': 12827898}}, {'smartContract': {'address': {'address': '0xffe584a6a712df94a1248c72eed33e0dd921c6f0'}}, 'caller': {'address': '0x237d01ece6d4799f62504ee85b413e3c13ffba6c'}, 'date': {'date': '2021-07-14'}, 'block': {'height': 12827898}}, {'smartContract': {'address': {'address': '0x2420b871a2a4c4b7740300ef35dad1cbf13e2b63'}}, 'caller': {'address': '0x237d01ece6d4799f62504ee85b413e3c13ffba6c'}, 'date': {'date': '2021-07-14'}, 'block': {'height': 12827898}}, {'smartContract': {'address': {'address': '0x88de0e02835489a94b2066ed779b3af8ee26a4fd'}}, 'caller': {'address': '0x237d01ece6d4799f62504ee85b413e3c13ffba6c'}, 'date': {'date': '2021-07-14'}, 'block': {'height': 12827898}}, {'smartContract': {'address': {'address': '0x3fcdb4c569707ba8ae932427329f8e2b8d24795f'}}, 'caller': {'address': '0x1cb3391feff3806a6f7fa11b372cb70659304791'}, 'date': {'date': '2021-07-14'}, 'block': {'height': 12827898}}, {'smartContract': {'address': {'address': '0x0f03629284145f5fc5f29f4d6baa0e54fd3df2e2'}}, 'caller': {'address': '0x237d01ece6d4799f62504ee85b413e3c13ffba6c'}, 'date': {'date': '2021-07-14'}, 'block': {'height': 12827898}}, {'smartContract': {'address': {'address': '0xfef48d9b35fb58ba2f8245a0712fd9e96ce6cc6d'}}, 'caller': {'address': '0x237d01ece6d4799f62504ee85b413e3c13ffba6c'}, 'date': {'date': '2021-07-14'}, 'block': {'height': 12827898}}, {'smartContract': {'address': {'address': '0x341de2d1995bc34ed2cd117ef7924f6bf8388d8a'}}, 'caller': {'address': '0x237d01ece6d4799f62504ee85b413e3c13ffba6c'}, 'date': {'date': '2021-07-14'}, 'block': {'height': 12827898}}, {'smartContract': {'address': {'address': '0x0bdb905dbe4978e610912d2d212c48f1d80a2f72'}}, 'caller': {'address': '0xd79a002d506c8f52af4bdfae5f513e4b8bee6c92'}, 'date': {'date': '2021-07-13'}, 'block': {'height': 12820362}}, {'smartContract': {'address': {'address': '0x055d767569f49a92daef3422f9c8b5daf540fd93'}}, 'caller': {'address': '0xd79a002d506c8f52af4bdfae5f513e4b8bee6c92'}, 'date': {'date': '2021-07-13'}, 'block': {'height': 12820362}}, {'smartContract': {'address': {'address': '0x47593e71b2f75ae0ea059e6d01cdd3f2bbd937be'}}, 'caller': {'address': '0xd79a002d506c8f52af4bdfae5f513e4b8bee6c92'}, 'date': {'date': '2021-07-13'}, 'block': {'height': 12820362}}, {'smartContract': {'address': {'address': '0xb6a54c66e25ca43c16ec589e8f8f34686436fced'}}, 'caller': {'address': '0xdd79dc5b781b14ff091686961adc5d47e434f4b0'}, 'date': {'date': '2021-07-12'}, 'block': {'height': 12814759}}, {'smartContract': {'address': {'address': '0xfa1f8518d3e6d69a04b88e96a9e3e7588d19ca0c'}}, 'caller': {'address': '0xdd79dc5b781b14ff091686961adc5d47e434f4b0'}, 'date': {'date': '2021-07-02'}, 'block': {'height': 12750079}}, {'smartContract': {'address': {'address': '0x0013e17039566da4757edcb565d7d331e362ad12'}}, 'caller': {'address': '0xdd79dc5b781b14ff091686961adc5d47e434f4b0'}, 'date': {'date': '2021-07-02'}, 'block': {'height': 12749919}}, {'smartContract': {'address': {'address': '0x06d5473154aff659468fcf2320b03ccf5f6064be'}}, 'caller': {'address': '0xf19f4490a7fccfef2dab8199acdb2dc1b9027c18'}, 'date': {'date': '2021-06-30'}, 'block': {'height': 12736807}}, {'smartContract': {'address': {'address': '0xe77d7bdf8bc762674c20cd61c0edd10561b1c8bb'}}, 'caller': {'address': '0xf19f4490a7fccfef2dab8199acdb2dc1b9027c18'}, 'date': {'date': '2021-06-30'}, 'block': {'height': 12736807}}, {'smartContract': {'address': {'address': '0xa5b9c77d8f639765d0af7d7d1514e9555b15a564'}}, 'caller': {'address': '0xf19f4490a7fccfef2dab8199acdb2dc1b9027c18'}, 'date': {'date': '2021-06-30'}, 'block': {'height': 12736725}}, {'smartContract': {'address': {'address': '0x4b635dc76ada639816bad88d2faf044c5627acdd'}}, 'caller': {'address': '0xf19f4490a7fccfef2dab8199acdb2dc1b9027c18'}, 'date': {'date': '2021-06-30'}, 'block': {'height': 12736725}}, {'smartContract': {'address': {'address': '0xefa022c7036f9d2979ea9663ce0dc63b5d8af979'}}, 'caller': {'address': '0xf19f4490a7fccfef2dab8199acdb2dc1b9027c18'}, 'date': {'date': '2021-06-29'}, 'block': {'height': 12730357}}, {'smartContract': {'address': {'address': '0x07028f0eb368195e5bd7c621f25a08e2e4e63d54'}}, 'caller': {'address': '0xf19f4490a7fccfef2dab8199acdb2dc1b9027c18'}, 'date': {'date': '2021-06-29'}, 'block': {'height': 12730357}}, {'smartContract': {'address': {'address': '0x203f6666028af5520d0364a1fcfe576be2747b5f'}}, 'caller': {'address': '0xf19f4490a7fccfef2dab8199acdb2dc1b9027c18'}, 'date': {'date': '2021-06-29'}, 'block': {'height': 12730357}}, {'smartContract': {'address': {'address': '0xedf937c2f4386f09762c2a1629b0cce03cbe7937'}}, 'caller': {'address': '0xf19f4490a7fccfef2dab8199acdb2dc1b9027c18'}, 'date': {'date': '2021-06-29'}, 'block': {'height': 12730357}}, {'smartContract': {'address': {'address': '0x00098574aa384177e78a95ff08093717258d7c70'}}, 'caller': {'address': '0xf19f4490a7fccfef2dab8199acdb2dc1b9027c18'}, 'date': {'date': '2021-06-27'}, 'block': {'height': 12719087}}, {'smartContract': {'address': {'address': '0xe7361a6bb57dcb0e86bcfebea2b0c934ddae4dca'}}, 'caller': {'address': '0xf19f4490a7fccfef2dab8199acdb2dc1b9027c18'}, 'date': {'date': '2021-06-27'}, 'block': {'height': 12719087}}, {'smartContract': {'address': {'address': '0xe011dada250729e953209ba1e2d3fabb2ee9af13'}}, 'caller': {'address': '0xf19f4490a7fccfef2dab8199acdb2dc1b9027c18'}, 'date': {'date': '2021-06-27'}, 'block': {'height': 12719087}}, {'smartContract': {'address': {'address': '0xd0f3063fbd4ce76bbc942f15b80be8026ea8facf'}}, 'caller': {'address': '0xf19f4490a7fccfef2dab8199acdb2dc1b9027c18'}, 'date': {'date': '2021-06-27'}, 'block': {'height': 12719087}}, {'smartContract': {'address': {'address': '0xd56bc68ef6fce282d54fcd67daa94f284829813b'}}, 'caller': {'address': '0xf19f4490a7fccfef2dab8199acdb2dc1b9027c18'}, 'date': {'date': '2021-06-27'}, 'block': {'height': 12719087}}, {'smartContract': {'address': {'address': '0x4289c84aa79953c103fe0767c3aff26ab28cd723'}}, 'caller': {'address': '0xf19f4490a7fccfef2dab8199acdb2dc1b9027c18'}, 'date': {'date': '2021-06-27'}, 'block': {'height': 12719087}}, {'smartContract': {'address': {'address': '0xefdf1f05f7aa54f42d2ccf959652407fcb5bccf1'}}, 'caller': {'address': '0xf19f4490a7fccfef2dab8199acdb2dc1b9027c18'}, 'date': {'date': '2021-05-31'}, 'block': {'height': 12545067}}, {'smartContract': {'address': {'address': '0xb0b806a39d838d6854dcf9927420830f7ee53259'}}, 'caller': {'address': '0xf19f4490a7fccfef2dab8199acdb2dc1b9027c18'}, 'date': {'date': '2021-05-31'}, 'block': {'height': 12545067}}, {'smartContract': {'address': {'address': '0x6748926958a63a5f167d92b7be74237cd4426bf8'}}, 'caller': {'address': '0xf19f4490a7fccfef2dab8199acdb2dc1b9027c18'}, 'date': {'date': '2021-05-30'}, 'block': {'height': 12533377}}, {'smartContract': {'address': {'address': '0x738ea1263e70dbbae98a6093113cb441e65eda10'}}, 'caller': {'address': '0xf19f4490a7fccfef2dab8199acdb2dc1b9027c18'}, 'date': {'date': '2021-05-30'}, 'block': {'height': 12533377}}, {'smartContract': {'address': {'address': '0xa713cc74ee148414bcab46ac2c41c93d84a56b0f'}}, 'caller': {'address': '0xf19f4490a7fccfef2dab8199acdb2dc1b9027c18'}, 'date': {'date': '2021-05-28'}, 'block': {'height': 12525136}}, {'smartContract': {'address': {'address': '0x34023d107d4ea71bedbfb9b20c4e181b6a2ec3f7'}}, 'caller': {'address': '0xf19f4490a7fccfef2dab8199acdb2dc1b9027c18'}, 'date': {'date': '2021-05-28'}, 'block': {'height': 12525136}}, {'smartContract': {'address': {'address': '0xc2d0deb48d30d196db9867f5c263396d46a3a48e'}}, 'caller': {'address': '0xf19f4490a7fccfef2dab8199acdb2dc1b9027c18'}, 'date': {'date': '2021-05-28'}, 'block': {'height': 12525136}}, {'smartContract': {'address': {'address': '0x496b33a6e22d2193360f462e326312260cbdef08'}}, 'caller': {'address': '0xf19f4490a7fccfef2dab8199acdb2dc1b9027c18'}, 'date': {'date': '2021-05-28'}, 'block': {'height': 12525136}}, {'smartContract': {'address': {'address': '0xf80f7813aeba9c4ae82a9d8da6a634469da228da'}}, 'caller': {'address': '0xf19f4490a7fccfef2dab8199acdb2dc1b9027c18'}, 'date': {'date': '2021-05-28'}, 'block': {'height': 12525136}}, {'smartContract': {'address': {'address': '0xa414b17cbaa24195547369d6affe7fe1f642714a'}}, 'caller': {'address': '0xf19f4490a7fccfef2dab8199acdb2dc1b9027c18'}, 'date': {'date': '2021-05-28'}, 'block': {'height': 12525136}}, {'smartContract': {'address': {'address': '0x38a534c6552e5b02524685a90f374a6ff8ce8fc7'}}, 'caller': {'address': '0xf19f4490a7fccfef2dab8199acdb2dc1b9027c18'}, 'date': {'date': '2021-05-28'}, 'block': {'height': 12525136}}, {'smartContract': {'address': {'address': '0x09c7a3ac261a45be1a6b8d8502035f4491f644ae'}}, 'caller': {'address': '0xf19f4490a7fccfef2dab8199acdb2dc1b9027c18'}, 'date': {'date': '2021-05-28'}, 'block': {'height': 12525136}}, {'smartContract': {'address': {'address': '0x361123f59023d7be948b6b9d585b88b672899738'}}, 'caller': {'address': '0xf19f4490a7fccfef2dab8199acdb2dc1b9027c18'}, 'date': {'date': '2021-05-28'}, 'block': {'height': 12525136}}, {'smartContract': {'address': {'address': '0x1e80c834f12002095be82a9e9cd9d0afd59942f0'}}, 'caller': {'address': '0xf19f4490a7fccfef2dab8199acdb2dc1b9027c18'}, 'date': {'date': '2021-05-28'}, 'block': {'height': 12525136}}, {'smartContract': {'address': {'address': '0x977523981a47e8e82e7e12c78abd4de325006340'}}, 'caller': {'address': '0xf19f4490a7fccfef2dab8199acdb2dc1b9027c18'}, 'date': {'date': '2021-05-28'}, 'block': {'height': 12525136}}, {'smartContract': {'address': {'address': '0x3143c25447a589e7bb0dbec4ba8fcfeb9fc11150'}}, 'caller': {'address': '0xf19f4490a7fccfef2dab8199acdb2dc1b9027c18'}, 'date': {'date': '2021-05-28'}, 'block': {'height': 12525136}}, {'smartContract': {'address': {'address': '0x01880e5a97d827a2e77b3f2ca436a0a42fe2dc19'}}, 'caller': {'address': '0xf19f4490a7fccfef2dab8199acdb2dc1b9027c18'}, 'date': {'date': '2021-05-28'}, 'block': {'height': 12525136}}, {'smartContract': {'address': {'address': '0x2da36a502ed49cf2d550edac6f6257252764fe04'}}, 'caller': {'address': '0xf19f4490a7fccfef2dab8199acdb2dc1b9027c18'}, 'date': {'date': '2021-05-28'}, 'block': {'height': 12525136}}, {'smartContract': {'address': {'address': '0xa57cebc78f9ebc0836777a33ff4c508bfa68e292'}}, 'caller': {'address': '0xf19f4490a7fccfef2dab8199acdb2dc1b9027c18'}, 'date': {'date': '2021-05-28'}, 'block': {'height': 12525136}}, {'smartContract': {'address': {'address': '0x57beda97a7c44612eb57cc4d3ba334bcf7c8be9c'}}, 'caller': {'address': '0xf19f4490a7fccfef2dab8199acdb2dc1b9027c18'}, 'date': {'date': '2021-05-28'}, 'block': {'height': 12525136}}, {'smartContract': {'address': {'address': '0x79519ae4bda45252e23ea84f48f2447b768f5193'}}, 'caller': {'address': '0xf19f4490a7fccfef2dab8199acdb2dc1b9027c18'}, 'date': {'date': '2021-05-28'}, 'block': {'height': 12525048}}, {'smartContract': {'address': {'address': '0x468491b373d51bc507bea6a2c4be0724ba7eeff7'}}, 'caller': {'address': '0xf19f4490a7fccfef2dab8199acdb2dc1b9027c18'}, 'date': {'date': '2021-05-28'}, 'block': {'height': 12525048}}, {'smartContract': {'address': {'address': '0xe7d18f2507869280111025f4938376846e8ad11a'}}, 'caller': {'address': '0xf19f4490a7fccfef2dab8199acdb2dc1b9027c18'}, 'date': {'date': '2021-05-28'}, 'block': {'height': 12525048}}, {'smartContract': {'address': {'address': '0xb556bb40e40f4af34d9eea04d2ff7db2674939bb'}}, 'caller': {'address': '0xf19f4490a7fccfef2dab8199acdb2dc1b9027c18'}, 'date': {'date': '2021-05-28'}, 'block': {'height': 12525048}}, {'smartContract': {'address': {'address': '0xf3d948cea0fadd9bfc63745f8469922184910a5e'}}, 'caller': {'address': '0xf19f4490a7fccfef2dab8199acdb2dc1b9027c18'}, 'date': {'date': '2021-05-28'}, 'block': {'height': 12525048}}, {'smartContract': {'address': {'address': '0xf006f6898a814d498927524e7a9745ec05fee18a'}}, 'caller': {'address': '0xf19f4490a7fccfef2dab8199acdb2dc1b9027c18'}, 'date': {'date': '2021-05-28'}, 'block': {'height': 12525048}}, {'smartContract': {'address': {'address': '0xc7fec78f7a0f461971a222d11e5937fed9f98eb7'}}, 'caller': {'address': '0xf19f4490a7fccfef2dab8199acdb2dc1b9027c18'}, 'date': {'date': '2021-05-28'}, 'block': {'height': 12525048}}, {'smartContract': {'address': {'address': '0x8c8d7a488a083db7112fecfe700fce2fcb91e2f1'}}, 'caller': {'address': '0xf19f4490a7fccfef2dab8199acdb2dc1b9027c18'}, 'date': {'date': '2021-05-28'}, 'block': {'height': 12525048}}, {'smartContract': {'address': {'address': '0xa87b14d911978d0be9a49efae09325ba29e1bfbb'}}, 'caller': {'address': '0xf19f4490a7fccfef2dab8199acdb2dc1b9027c18'}, 'date': {'date': '2021-05-28'}, 'block': {'height': 12525048}}, {'smartContract': {'address': {'address': '0xc89217c795b631043e2411c2dbfa6d19c2e0ec59'}}, 'caller': {'address': '0xf19f4490a7fccfef2dab8199acdb2dc1b9027c18'}, 'date': {'date': '2021-05-28'}, 'block': {'height': 12525048}}, {'smartContract': {'address': {'address': '0x90b420d936f9a768565bac7a085558aeff786f9e'}}, 'caller': {'address': '0xaaffc0f6916b6cdfd0d56fe9c3b155475c22c38b'}, 'date': {'date': '2021-05-14'}, 'block': {'height': 12434472}}, {'smartContract': {'address': {'address': '0x138e6d9a0a6925c38c23429742699dfa6d8d685f'}}, 'caller': {'address': '0x90b420d936f9a768565bac7a085558aeff786f9e'}, 'date': {'date': '2021-05-14'}, 'block': {'height': 12434472}}, {'smartContract': {'address': {'address': '0xb04bdeddc3222199aeabdf2aaa3ee82d620ec714'}}, 'caller': {'address': '0x90b420d936f9a768565bac7a085558aeff786f9e'}, 'date': {'date': '2021-05-14'}, 'block': {'height': 12434472}}, {'smartContract': {'address': {'address': '0x7f7b7df714f47ffe5c77eb9364cf19793a511181'}}, 'caller': {'address': '0x90b420d936f9a768565bac7a085558aeff786f9e'}, 'date': {'date': '2021-05-14'}, 'block': {'height': 12434472}}, {'smartContract': {'address': {'address': '0x7ef70d4f1327368c4fea439594ae6804766778d8'}}, 'caller': {'address': '0x90b420d936f9a768565bac7a085558aeff786f9e'}, 'date': {'date': '2021-05-14'}, 'block': {'height': 12434472}}, {'smartContract': {'address': {'address': '0xaaffc0f6916b6cdfd0d56fe9c3b155475c22c38b'}}, 'caller': {'address': '0x1cb3391feff3806a6f7fa11b372cb70659304791'}, 'date': {'date': '2021-05-14'}, 'block': {'height': 12434472}}, {'smartContract': {'address': {'address': '0x949ea92c8531fc466f857460595b5d7670c5f8f8'}}, 'caller': {'address': '0x90b420d936f9a768565bac7a085558aeff786f9e'}, 'date': {'date': '2021-05-14'}, 'block': {'height': 12434472}}, {'smartContract': {'address': {'address': '0x0efc65869aeed3b84dbcc4bbb375b06b8924ea1f'}}, 'caller': {'address': '0x90b420d936f9a768565bac7a085558aeff786f9e'}, 'date': {'date': '2021-05-14'}, 'block': {'height': 12434472}}, {'smartContract': {'address': {'address': '0x7ebd98caec9caf2d760e26fe721883443cc25021'}}, 'caller': {'address': '0xd79a002d506c8f52af4bdfae5f513e4b8bee6c92'}, 'date': {'date': '2021-05-14'}, 'block': {'height': 12434413}}, {'smartContract': {'address': {'address': '0x275629e7acc41f1f8ffca948c9ae44187a9f4a7e'}}, 'caller': {'address': '0xd79a002d506c8f52af4bdfae5f513e4b8bee6c92'}, 'date': {'date': '2021-05-14'}, 'block': {'height': 12434413}}, {'smartContract': {'address': {'address': '0x040c1d0c53817ad17c87db2f3d633bf37a5a3b94'}}, 'caller': {'address': '0x1cb3391feff3806a6f7fa11b372cb70659304791'}, 'date': {'date': '2021-05-14'}, 'block': {'height': 12434413}}, {'smartContract': {'address': {'address': '0x836d3f8f60f755d9283b36cf4881ed427861d270'}}, 'caller': {'address': '0xd79a002d506c8f52af4bdfae5f513e4b8bee6c92'}, 'date': {'date': '2021-05-14'}, 'block': {'height': 12434413}}, {'smartContract': {'address': {'address': '0x65ce35e6e40cd84737a1c4186cba3b3c8869da0d'}}, 'caller': {'address': '0xd79a002d506c8f52af4bdfae5f513e4b8bee6c92'}, 'date': {'date': '2021-05-14'}, 'block': {'height': 12434413}}, {'smartContract': {'address': {'address': '0xf37660a2ff826690073552ed347bba6c47c065d5'}}, 'caller': {'address': '0xd79a002d506c8f52af4bdfae5f513e4b8bee6c92'}, 'date': {'date': '2021-05-14'}, 'block': {'height': 12434413}}]",2020-11-20
218,218,0x0000000000095413afC295d19EDeb1Ad7B71c952,LON Token (LON),,0x4e59b44847b379578588920cA78FbF26c0B4956C,759556.8198,[],2020-12-21
219,219,0x725C263e32c72dDC3A19bEa12C5a0479a81eE688,Bridge Mutual,,0xBA20fc2D665B6DDa0475D1bFDF60F4Af7F47524e,758496.5908,"[{'smartContract': {'address': {'address': '0x339d1c142f113e7b910668aa6cba8ae3bbed3574'}}, 'caller': {'address': '0xba20fc2d665b6dda0475d1bfdf60f4af7f47524e'}, 'date': {'date': '2021-03-01'}, 'block': {'height': 11951030}}, {'smartContract': {'address': {'address': '0xda6a8b079a0f8fcf30f3558e9205ed02829c7b02'}}, 'caller': {'address': '0xba20fc2d665b6dda0475d1bfdf60f4af7f47524e'}, 'date': {'date': '2021-02-01'}, 'block': {'height': 11773367}}, {'smartContract': {'address': {'address': '0xe2289e85272a84079fed88d2a0fa49b60bf865a4'}}, 'caller': {'address': '0xba20fc2d665b6dda0475d1bfdf60f4af7f47524e'}, 'date': {'date': '2021-02-01'}, 'block': {'height': 11773362}}, {'smartContract': {'address': {'address': '0xa6d84f96685b719439f1203cc85d3bb58a8f09e2'}}, 'caller': {'address': '0xba20fc2d665b6dda0475d1bfdf60f4af7f47524e'}, 'date': {'date': '2021-01-29'}, 'block': {'height': 11753399}}, {'smartContract': {'address': {'address': '0x56feb55ffd9365d42d0a5321a3a029c4640bd8dc'}}, 'caller': {'address': '0xba20fc2d665b6dda0475d1bfdf60f4af7f47524e'}, 'date': {'date': '2021-01-29'}, 'block': {'height': 11753398}}, {'smartContract': {'address': {'address': '0x428618972b38d1d33f2c153bf620158599f540ce'}}, 'caller': {'address': '0xba20fc2d665b6dda0475d1bfdf60f4af7f47524e'}, 'date': {'date': '2021-01-29'}, 'block': {'height': 11753397}}, {'smartContract': {'address': {'address': '0x725c263e32c72ddc3a19bea12c5a0479a81ee688'}}, 'caller': {'address': '0xba20fc2d665b6dda0475d1bfdf60f4af7f47524e'}, 'date': {'date': '2021-01-29'}, 'block': {'height': 11753396}}, {'smartContract': {'address': {'address': '0x672d60f6643491c07bca7dfa9dbacbade16103b3'}}, 'caller': {'address': '0xba20fc2d665b6dda0475d1bfdf60f4af7f47524e'}, 'date': {'date': '2021-01-29'}, 'block': {'height': 11753392}}, {'smartContract': {'address': {'address': '0x9a946087aa4bd6122baad864ad1ffd149e0fdfaf'}}, 'caller': {'address': '0xba20fc2d665b6dda0475d1bfdf60f4af7f47524e'}, 'date': {'date': '2021-01-29'}, 'block': {'height': 11752984}}, {'smartContract': {'address': {'address': '0x4194cbd508158e62d65c7d8e7d68d104c33b192e'}}, 'caller': {'address': '0xba20fc2d665b6dda0475d1bfdf60f4af7f47524e'}, 'date': {'date': '2021-01-29'}, 'block': {'height': 11752983}}, {'smartContract': {'address': {'address': '0xd3e6ffac0de954d0949db83edb8f68fc5bc675b1'}}, 'caller': {'address': '0xba20fc2d665b6dda0475d1bfdf60f4af7f47524e'}, 'date': {'date': '2021-01-29'}, 'block': {'height': 11752982}}, {'smartContract': {'address': {'address': '0x9b5fe739483986353b600a1965b29743aa0b20cd'}}, 'caller': {'address': '0xba20fc2d665b6dda0475d1bfdf60f4af7f47524e'}, 'date': {'date': '2021-01-29'}, 'block': {'height': 11752980}}, {'smartContract': {'address': {'address': '0x345b7a2b085abdb135d39cbc20346ce9c74859de'}}, 'caller': {'address': '0xba20fc2d665b6dda0475d1bfdf60f4af7f47524e'}, 'date': {'date': '2021-01-29'}, 'block': {'height': 11752977}}, {'smartContract': {'address': {'address': '0x4f6cd4f7a051224cdb21c97bafc45d24eb180111'}}, 'caller': {'address': '0xba20fc2d665b6dda0475d1bfdf60f4af7f47524e'}, 'date': {'date': '2021-01-29'}, 'block': {'height': 11752911}}]",2021-01-30
220,220,0x86772b1409b61c639EaAc9Ba0AcfBb6E238e5F83,Indexed (NDX),https://github.com/indexed-finance,0x236ECcAB8cdcfEDb099dE85c4060024bA3cE4d46,745997.4768,"[{'smartContract': {'address': {'address': '0xfd8646a031ea937aab68ea26178e86aa969c9a10'}}, 'caller': {'address': '0x236eccab8cdcfedb099de85c4060024ba3ce4d46'}, 'date': {'date': '2022-11-14'}, 'block': {'height': 15967494}}, {'smartContract': {'address': {'address': '0xb8bd900c588325fb657cb37d416f69b6815020a9'}}, 'caller': {'address': '0x236eccab8cdcfedb099de85c4060024ba3ce4d46'}, 'date': {'date': '2022-06-29'}, 'block': {'height': 15042840}}, {'smartContract': {'address': {'address': '0x0615ba924ccc75766780551984f2bfd8ca5aa492'}}, 'caller': {'address': '0x236eccab8cdcfedb099de85c4060024ba3ce4d46'}, 'date': {'date': '2022-06-28'}, 'block': {'height': 15039487}}, {'smartContract': {'address': {'address': '0x05f1c2c4eb7e8b1cc79ec53dd3a2fc2fe3b12fc1'}}, 'caller': {'address': '0x236eccab8cdcfedb099de85c4060024ba3ce4d46'}, 'date': {'date': '2022-06-14'}, 'block': {'height': 14962022}}, {'smartContract': {'address': {'address': '0x589f9d287766d810aafccaee3a133f22c13eb6f8'}}, 'caller': {'address': '0x236eccab8cdcfedb099de85c4060024ba3ce4d46'}, 'date': {'date': '2022-06-14'}, 'block': {'height': 14961992}}, {'smartContract': {'address': {'address': '0x48923befe0b63b6611111fbc15e45a5ef8a4224f'}}, 'caller': {'address': '0x236eccab8cdcfedb099de85c4060024ba3ce4d46'}, 'date': {'date': '2022-06-14'}, 'block': {'height': 14961965}}, {'smartContract': {'address': {'address': '0x81ddae277646f0b94f17358f0125e4650cae8ec4'}}, 'caller': {'address': '0x236eccab8cdcfedb099de85c4060024ba3ce4d46'}, 'date': {'date': '2022-06-14'}, 'block': {'height': 14961934}}, {'smartContract': {'address': {'address': '0xc4f7f1ca35046b58e9f34de8d6f667b6cadf0101'}}, 'caller': {'address': '0x236eccab8cdcfedb099de85c4060024ba3ce4d46'}, 'date': {'date': '2022-06-14'}, 'block': {'height': 14961882}}, {'smartContract': {'address': {'address': '0x2cbb98cc5d587087633614fa9d4ea88c70a86821'}}, 'caller': {'address': '0x236eccab8cdcfedb099de85c4060024ba3ce4d46'}, 'date': {'date': '2021-11-23'}, 'block': {'height': 13671780}}, {'smartContract': {'address': {'address': '0x92bd1aa95ca9265eab2af8ac1b536aa995d8fc37'}}, 'caller': {'address': '0x236eccab8cdcfedb099de85c4060024ba3ce4d46'}, 'date': {'date': '2021-11-23'}, 'block': {'height': 13671750}}, {'smartContract': {'address': {'address': '0x84dbd48c487032d2bd363cc74605e2690d3a95eb'}}, 'caller': {'address': '0x236eccab8cdcfedb099de85c4060024ba3ce4d46'}, 'date': {'date': '2021-11-23'}, 'block': {'height': 13671738}}, {'smartContract': {'address': {'address': '0x1328254030f8fb2d35dc3c9c171643faf5b67389'}}, 'caller': {'address': '0x236eccab8cdcfedb099de85c4060024ba3ce4d46'}, 'date': {'date': '2021-11-23'}, 'block': {'height': 13670234}}, {'smartContract': {'address': {'address': '0x4561784841de5335922a9ad3e44aba69a162ba7a'}}, 'caller': {'address': '0x236eccab8cdcfedb099de85c4060024ba3ce4d46'}, 'date': {'date': '2021-11-19'}, 'block': {'height': 13646892}}, {'smartContract': {'address': {'address': '0x7b3b2b39cbdbddadc13d8559d82c054b9c2fd5f3'}}, 'caller': {'address': '0x236eccab8cdcfedb099de85c4060024ba3ce4d46'}, 'date': {'date': '2021-11-19'}, 'block': {'height': 13646430}}, {'smartContract': {'address': {'address': '0x78b4f45b4a2afa333c7be1dbc7f2c9f056615327'}}, 'caller': {'address': '0x236eccab8cdcfedb099de85c4060024ba3ce4d46'}, 'date': {'date': '2021-11-19'}, 'block': {'height': 13646302}}, {'smartContract': {'address': {'address': '0x669693a42b58e87b9e568ba2c6add607eb298d95'}}, 'caller': {'address': '0x236eccab8cdcfedb099de85c4060024ba3ce4d46'}, 'date': {'date': '2021-11-19'}, 'block': {'height': 13646285}}, {'smartContract': {'address': {'address': '0x6f0e51c491f771aff1d4c830d61ec02f12d666c1'}}, 'caller': {'address': '0x236eccab8cdcfedb099de85c4060024ba3ce4d46'}, 'date': {'date': '2021-10-12'}, 'block': {'height': 13406132}}, {'smartContract': {'address': {'address': '0x95cb39a64390994dd8c1cc5d8a29dffde4212298'}}, 'caller': {'address': '0x236eccab8cdcfedb099de85c4060024ba3ce4d46'}, 'date': {'date': '2021-10-02'}, 'block': {'height': 13340820}}, {'smartContract': {'address': {'address': '0xbe4a11a9a0fb3b9c212073925feb235a48512592'}}, 'caller': {'address': '0x236eccab8cdcfedb099de85c4060024ba3ce4d46'}, 'date': {'date': '2021-10-01'}, 'block': {'height': 13332374}}, {'smartContract': {'address': {'address': '0xf78c1b8cc88df8542be7fd8dabea2f8d3958cc3a'}}, 'caller': {'address': '0x236eccab8cdcfedb099de85c4060024ba3ce4d46'}, 'date': {'date': '2021-10-01'}, 'block': {'height': 13332368}}, {'smartContract': {'address': {'address': '0xee285f0ef0cb1d103a64a85e5a0edfedcb53900f'}}, 'caller': {'address': '0x236eccab8cdcfedb099de85c4060024ba3ce4d46'}, 'date': {'date': '2021-09-17'}, 'block': {'height': 13245340}}, {'smartContract': {'address': {'address': '0x4ee7b181fc43d45c8cf259bd8749f249ba90f723'}}, 'caller': {'address': '0xee285f0ef0cb1d103a64a85e5a0edfedcb53900f'}, 'date': {'date': '2021-09-17'}, 'block': {'height': 13245340}}, {'smartContract': {'address': {'address': '0x262cd9adce436b6827c01291b84f1871fb8b95a3'}}, 'caller': {'address': '0x236eccab8cdcfedb099de85c4060024ba3ce4d46'}, 'date': {'date': '2021-09-17'}, 'block': {'height': 13245217}}, {'smartContract': {'address': {'address': '0x867b19c2f62657f572930ca32a36fc066e19f2eb'}}, 'caller': {'address': '0x88e74996b15f5d5cc7aebddff4dde90c0c18bf47'}, 'date': {'date': '2021-08-31'}, 'block': {'height': 13134105}}, {'smartContract': {'address': {'address': '0x5e7ab52a1c244c0f377032f914ac9cb3e855ba99'}}, 'caller': {'address': '0x236eccab8cdcfedb099de85c4060024ba3ce4d46'}, 'date': {'date': '2021-08-15'}, 'block': {'height': 13027446}}, {'smartContract': {'address': {'address': '0xe23f113cc1d809c318480129ff9a388a80be0927'}}, 'caller': {'address': '0x7f77389b868718b5351433d8031d49921cd72ace'}, 'date': {'date': '2021-08-04'}, 'block': {'height': 12961445}}, {'smartContract': {'address': {'address': '0xd3afccd487318b16db1814e5e78b80175ce99e21'}}, 'caller': {'address': '0x7f77389b868718b5351433d8031d49921cd72ace'}, 'date': {'date': '2021-08-04'}, 'block': {'height': 12961445}}, {'smartContract': {'address': {'address': '0x9b9c9d3de949a47ee423cf662b724abd2cb0ed0e'}}, 'caller': {'address': '0x7f77389b868718b5351433d8031d49921cd72ace'}, 'date': {'date': '2021-08-04'}, 'block': {'height': 12961445}}, {'smartContract': {'address': {'address': '0x6855865d4e382af5fc67a406ae0aa1ad3b135e8c'}}, 'caller': {'address': '0x7f77389b868718b5351433d8031d49921cd72ace'}, 'date': {'date': '2021-08-04'}, 'block': {'height': 12961445}}, {'smartContract': {'address': {'address': '0x01be9b61ffb826bbe29f1e7493b230bf865de67a'}}, 'caller': {'address': '0xd23dedc599bd56767e42d48484d6ca96ab01c115'}, 'date': {'date': '2021-08-04'}, 'block': {'height': 12959626}}, {'smartContract': {'address': {'address': '0x8dc2a3a1d2fb4d3522038795931d9c667ef2e2b0'}}, 'caller': {'address': '0x00f6e9a56657a4a67050d6a7737379e81eb37049'}, 'date': {'date': '2021-08-04'}, 'block': {'height': 12958591}}, {'smartContract': {'address': {'address': '0x5e9fc917871ac9e42d579cdd8f2055ed97ff7d2d'}}, 'caller': {'address': '0xd23dedc599bd56767e42d48484d6ca96ab01c115'}, 'date': {'date': '2021-08-02'}, 'block': {'height': 12948596}}, {'smartContract': {'address': {'address': '0x2c895a91dd9ab2cdf7e08b609312e2450ae3fba3'}}, 'caller': {'address': '0xd23dedc599bd56767e42d48484d6ca96ab01c115'}, 'date': {'date': '2021-08-02'}, 'block': {'height': 12948512}}, {'smartContract': {'address': {'address': '0xa05c057bd004b8b83d48937f0274787fa5fb4690'}}, 'caller': {'address': '0x236eccab8cdcfedb099de85c4060024ba3ce4d46'}, 'date': {'date': '2021-08-02'}, 'block': {'height': 12947865}}, {'smartContract': {'address': {'address': '0x0cd08613dc6b04a7a58472f88791be24c48be52e'}}, 'caller': {'address': '0x236eccab8cdcfedb099de85c4060024ba3ce4d46'}, 'date': {'date': '2021-08-02'}, 'block': {'height': 12947850}}, {'smartContract': {'address': {'address': '0xf573f7ee23d08d3703ab4986cf3a49d0c6bfc776'}}, 'caller': {'address': '0x236eccab8cdcfedb099de85c4060024ba3ce4d46'}, 'date': {'date': '2021-08-02'}, 'block': {'height': 12947280}}, {'smartContract': {'address': {'address': '0x0f1a3cb506e1bd29029100f411bc9e834e79f1f5'}}, 'caller': {'address': '0x236eccab8cdcfedb099de85c4060024ba3ce4d46'}, 'date': {'date': '2021-08-02'}, 'block': {'height': 12947245}}, {'smartContract': {'address': {'address': '0xca116aa63fc652d2e2b24d0ec260fa281a1dd4ca'}}, 'caller': {'address': '0x236eccab8cdcfedb099de85c4060024ba3ce4d46'}, 'date': {'date': '2021-08-02'}, 'block': {'height': 12947192}}, {'smartContract': {'address': {'address': '0x42211eed065591b44f619b5dc16470c0239a0f72'}}, 'caller': {'address': '0x236eccab8cdcfedb099de85c4060024ba3ce4d46'}, 'date': {'date': '2021-08-02'}, 'block': {'height': 12946441}}, {'smartContract': {'address': {'address': '0x0e2565c0bc918bd1ebeaa581f72db122990c012b'}}, 'caller': {'address': '0x69cd35dc288ae7c70d3dfdb9673da48174990fe3'}, 'date': {'date': '2021-08-02'}, 'block': {'height': 12944605}}, {'smartContract': {'address': {'address': '0x6b03a6e254c7e85dc58da35d4d92841a98b0ae0f'}}, 'caller': {'address': '0x69cd35dc288ae7c70d3dfdb9673da48174990fe3'}, 'date': {'date': '2021-08-02'}, 'block': {'height': 12944605}}, {'smartContract': {'address': {'address': '0xfc7a23d4ecf8ee6b1a9c1ceb4a46a102f5a60035'}}, 'caller': {'address': '0x69cd35dc288ae7c70d3dfdb9673da48174990fe3'}, 'date': {'date': '2021-08-02'}, 'block': {'height': 12944605}}, {'smartContract': {'address': {'address': '0xe5a64ab4dc2701342eddc2a6bbe001754086b896'}}, 'caller': {'address': '0x69cd35dc288ae7c70d3dfdb9673da48174990fe3'}, 'date': {'date': '2021-08-02'}, 'block': {'height': 12944605}}, {'smartContract': {'address': {'address': '0x396cf5f1b3a2bf04dedb870f382e4a8c1d6d55b0'}}, 'caller': {'address': '0x69cd35dc288ae7c70d3dfdb9673da48174990fe3'}, 'date': {'date': '2021-08-02'}, 'block': {'height': 12944605}}, {'smartContract': {'address': {'address': '0x364ed2968b0114ffba66a4143fd7a8adde9e6762'}}, 'caller': {'address': '0x69cd35dc288ae7c70d3dfdb9673da48174990fe3'}, 'date': {'date': '2021-08-02'}, 'block': {'height': 12944605}}, {'smartContract': {'address': {'address': '0x0608a5d7a1f512963059ade3048ac64e84244d89'}}, 'caller': {'address': '0x69cd35dc288ae7c70d3dfdb9673da48174990fe3'}, 'date': {'date': '2021-08-02'}, 'block': {'height': 12944605}}, {'smartContract': {'address': {'address': '0x6b7eb07e94923045189b2a11bb71adbb66621ff0'}}, 'caller': {'address': '0x69cd35dc288ae7c70d3dfdb9673da48174990fe3'}, 'date': {'date': '2021-08-02'}, 'block': {'height': 12944605}}, {'smartContract': {'address': {'address': '0x17e1fcb5ec21ff26552da981a32175c3ab75a5fb'}}, 'caller': {'address': '0x69cd35dc288ae7c70d3dfdb9673da48174990fe3'}, 'date': {'date': '2021-08-02'}, 'block': {'height': 12944605}}, {'smartContract': {'address': {'address': '0xc62be0eb44abdf2ddf506ac8797ec7ba8ce2d21d'}}, 'caller': {'address': '0x69cd35dc288ae7c70d3dfdb9673da48174990fe3'}, 'date': {'date': '2021-08-02'}, 'block': {'height': 12944605}}, {'smartContract': {'address': {'address': '0x13666a7b857cc96ed6cdd12f455731f4f87f7839'}}, 'caller': {'address': '0x69cd35dc288ae7c70d3dfdb9673da48174990fe3'}, 'date': {'date': '2021-08-02'}, 'block': {'height': 12944605}}, {'smartContract': {'address': {'address': '0x17463317aa6dd25091970f6161cff6aa030c595b'}}, 'caller': {'address': '0x69cd35dc288ae7c70d3dfdb9673da48174990fe3'}, 'date': {'date': '2021-08-02'}, 'block': {'height': 12944605}}, {'smartContract': {'address': {'address': '0xcf4bea31c1042edeb558592b383baebd8fc1c2c0'}}, 'caller': {'address': '0x69cd35dc288ae7c70d3dfdb9673da48174990fe3'}, 'date': {'date': '2021-08-02'}, 'block': {'height': 12944595}}, {'smartContract': {'address': {'address': '0xf3ebac4ff584213a203115c969119ac8070811b9'}}, 'caller': {'address': '0x69cd35dc288ae7c70d3dfdb9673da48174990fe3'}, 'date': {'date': '2021-08-02'}, 'block': {'height': 12944595}}, {'smartContract': {'address': {'address': '0xc36188e97371c8198dfb43459f7ed73d05ba5fb9'}}, 'caller': {'address': '0x69cd35dc288ae7c70d3dfdb9673da48174990fe3'}, 'date': {'date': '2021-08-02'}, 'block': {'height': 12944595}}, {'smartContract': {'address': {'address': '0xf739bb27d388c7f40e89afc2dc6d4873c4bc2a12'}}, 'caller': {'address': '0x69cd35dc288ae7c70d3dfdb9673da48174990fe3'}, 'date': {'date': '2021-08-02'}, 'block': {'height': 12944595}}, {'smartContract': {'address': {'address': '0x134ede37a774fd75d513bea2d599eb8fde62849e'}}, 'caller': {'address': '0x69cd35dc288ae7c70d3dfdb9673da48174990fe3'}, 'date': {'date': '2021-08-02'}, 'block': {'height': 12944595}}, {'smartContract': {'address': {'address': '0xe9faafcf680f00273a3b5f03dca8fe3a7f3026bd'}}, 'caller': {'address': '0x69cd35dc288ae7c70d3dfdb9673da48174990fe3'}, 'date': {'date': '2021-08-02'}, 'block': {'height': 12944595}}, {'smartContract': {'address': {'address': '0xd58bdc873358f24d02cf3b37f94100dc200481de'}}, 'caller': {'address': '0x69cd35dc288ae7c70d3dfdb9673da48174990fe3'}, 'date': {'date': '2021-08-02'}, 'block': {'height': 12944595}}, {'smartContract': {'address': {'address': '0x8393ff188fff06ed8e6f32330affb7d056c714e3'}}, 'caller': {'address': '0x69cd35dc288ae7c70d3dfdb9673da48174990fe3'}, 'date': {'date': '2021-08-02'}, 'block': {'height': 12944595}}, {'smartContract': {'address': {'address': '0xe695d939e2397e3d2ec44f01b90581672299eaa2'}}, 'caller': {'address': '0x69cd35dc288ae7c70d3dfdb9673da48174990fe3'}, 'date': {'date': '2021-08-02'}, 'block': {'height': 12944595}}, {'smartContract': {'address': {'address': '0x827311d4fca1f4a8152d6cfedecd4156a5d5bece'}}, 'caller': {'address': '0x69cd35dc288ae7c70d3dfdb9673da48174990fe3'}, 'date': {'date': '2021-08-02'}, 'block': {'height': 12944595}}, {'smartContract': {'address': {'address': '0x8ff044ff395d5792d1a59b5245e752c8d923dbff'}}, 'caller': {'address': '0x69cd35dc288ae7c70d3dfdb9673da48174990fe3'}, 'date': {'date': '2021-08-02'}, 'block': {'height': 12944595}}, {'smartContract': {'address': {'address': '0x6f4515888702b7f3cee3d085da5e764bf4ecaf2b'}}, 'caller': {'address': '0x69cd35dc288ae7c70d3dfdb9673da48174990fe3'}, 'date': {'date': '2021-08-02'}, 'block': {'height': 12944595}}, {'smartContract': {'address': {'address': '0x5be1c8bbc871cd470e18692221c3671ed0680f9b'}}, 'caller': {'address': '0x69cd35dc288ae7c70d3dfdb9673da48174990fe3'}, 'date': {'date': '2021-08-02'}, 'block': {'height': 12944595}}, {'smartContract': {'address': {'address': '0xb144748b83cfb3370da7e768cb54d1f465ce0fd6'}}, 'caller': {'address': '0x69cd35dc288ae7c70d3dfdb9673da48174990fe3'}, 'date': {'date': '2021-08-02'}, 'block': {'height': 12944595}}, {'smartContract': {'address': {'address': '0xdb7d071f572bf8c340abb5213cb8af6ba3f2837c'}}, 'caller': {'address': '0x69cd35dc288ae7c70d3dfdb9673da48174990fe3'}, 'date': {'date': '2021-08-02'}, 'block': {'height': 12944595}}, {'smartContract': {'address': {'address': '0xb519f9cf9bd1497aaee433f7fb1063293c98a02a'}}, 'caller': {'address': '0x69cd35dc288ae7c70d3dfdb9673da48174990fe3'}, 'date': {'date': '2021-08-02'}, 'block': {'height': 12944595}}, {'smartContract': {'address': {'address': '0x91e12f99bc58b928891060dea5857b20e8348691'}}, 'caller': {'address': '0x69cd35dc288ae7c70d3dfdb9673da48174990fe3'}, 'date': {'date': '2021-08-02'}, 'block': {'height': 12944595}}, {'smartContract': {'address': {'address': '0x38ab8a67a9f6a1b155b42aa5c2dcc449bcde955f'}}, 'caller': {'address': '0x69cd35dc288ae7c70d3dfdb9673da48174990fe3'}, 'date': {'date': '2021-08-02'}, 'block': {'height': 12944595}}, {'smartContract': {'address': {'address': '0xd8e832198a572110a8aa41a7c73d5bc5b91331bb'}}, 'caller': {'address': '0x69cd35dc288ae7c70d3dfdb9673da48174990fe3'}, 'date': {'date': '2021-08-02'}, 'block': {'height': 12944595}}, {'smartContract': {'address': {'address': '0x82159aded7568979372dd3251bc53ee7cdee16f5'}}, 'caller': {'address': '0x69cd35dc288ae7c70d3dfdb9673da48174990fe3'}, 'date': {'date': '2021-08-02'}, 'block': {'height': 12944595}}, {'smartContract': {'address': {'address': '0x668ad60bf4f6671fbd31948ed2eaa871531f0492'}}, 'caller': {'address': '0x69cd35dc288ae7c70d3dfdb9673da48174990fe3'}, 'date': {'date': '2021-08-02'}, 'block': {'height': 12944595}}, {'smartContract': {'address': {'address': '0xecab12457490f5094169f19b375c5895a2f77a48'}}, 'caller': {'address': '0x69cd35dc288ae7c70d3dfdb9673da48174990fe3'}, 'date': {'date': '2021-08-02'}, 'block': {'height': 12944593}}, {'smartContract': {'address': {'address': '0x60dcb1b76d3ff2d63f1f204558f9b58a9fbd132d'}}, 'caller': {'address': '0x69cd35dc288ae7c70d3dfdb9673da48174990fe3'}, 'date': {'date': '2021-08-02'}, 'block': {'height': 12944593}}, {'smartContract': {'address': {'address': '0xa30fa201cd0f1327f138d57ae3ca77ed9acf25b0'}}, 'caller': {'address': '0x69cd35dc288ae7c70d3dfdb9673da48174990fe3'}, 'date': {'date': '2021-08-02'}, 'block': {'height': 12944593}}, {'smartContract': {'address': {'address': '0xc29be58ff3d95763ee7981d38066c3a2d100574f'}}, 'caller': {'address': '0x69cd35dc288ae7c70d3dfdb9673da48174990fe3'}, 'date': {'date': '2021-08-02'}, 'block': {'height': 12944593}}, {'smartContract': {'address': {'address': '0x744771180041c9f75052e0f5f40b8418dd34e04c'}}, 'caller': {'address': '0x69cd35dc288ae7c70d3dfdb9673da48174990fe3'}, 'date': {'date': '2021-08-02'}, 'block': {'height': 12944593}}, {'smartContract': {'address': {'address': '0x25a1ef358dcf92f66e2bc2dbd648e2b6faf7f449'}}, 'caller': {'address': '0x69cd35dc288ae7c70d3dfdb9673da48174990fe3'}, 'date': {'date': '2021-08-02'}, 'block': {'height': 12944593}}, {'smartContract': {'address': {'address': '0xaebf56a68891d331d32546c6d29f4ff77ca5222a'}}, 'caller': {'address': '0x69cd35dc288ae7c70d3dfdb9673da48174990fe3'}, 'date': {'date': '2021-08-02'}, 'block': {'height': 12944593}}, {'smartContract': {'address': {'address': '0x3bcdf7751dcfc980630dfd0a6b6f968f1df5bbe2'}}, 'caller': {'address': '0x69cd35dc288ae7c70d3dfdb9673da48174990fe3'}, 'date': {'date': '2021-08-02'}, 'block': {'height': 12944593}}, {'smartContract': {'address': {'address': '0x83b510561ec03c7140877228a7007d25e14c97b9'}}, 'caller': {'address': '0x69cd35dc288ae7c70d3dfdb9673da48174990fe3'}, 'date': {'date': '2021-08-02'}, 'block': {'height': 12944593}}, {'smartContract': {'address': {'address': '0x9b6ff1211067092619957ec204af77b97398a6f3'}}, 'caller': {'address': '0x69cd35dc288ae7c70d3dfdb9673da48174990fe3'}, 'date': {'date': '2021-08-02'}, 'block': {'height': 12944593}}, {'smartContract': {'address': {'address': '0xdb6ed94dca94923fa4166804fa124460e79875a7'}}, 'caller': {'address': '0x69cd35dc288ae7c70d3dfdb9673da48174990fe3'}, 'date': {'date': '2021-08-02'}, 'block': {'height': 12944593}}, {'smartContract': {'address': {'address': '0x116ae727467b3ded2a0708afc2304526edc60583'}}, 'caller': {'address': '0x69cd35dc288ae7c70d3dfdb9673da48174990fe3'}, 'date': {'date': '2021-08-02'}, 'block': {'height': 12944593}}, {'smartContract': {'address': {'address': '0x44db3f066555fce00add5044e7d176fbb9cd0e7a'}}, 'caller': {'address': '0x69cd35dc288ae7c70d3dfdb9673da48174990fe3'}, 'date': {'date': '2021-08-02'}, 'block': {'height': 12944593}}, {'smartContract': {'address': {'address': '0x26aec4719d8211c4ac2775db854bbd7e54da0077'}}, 'caller': {'address': '0x69cd35dc288ae7c70d3dfdb9673da48174990fe3'}, 'date': {'date': '2021-08-02'}, 'block': {'height': 12944593}}, {'smartContract': {'address': {'address': '0x10295cd82d9a1c7e61f661b29dcb9fb497b87751'}}, 'caller': {'address': '0x69cd35dc288ae7c70d3dfdb9673da48174990fe3'}, 'date': {'date': '2021-08-02'}, 'block': {'height': 12944593}}, {'smartContract': {'address': {'address': '0xe8a30756a53fc9a4325d6449936b8e77d4f53cd8'}}, 'caller': {'address': '0x69cd35dc288ae7c70d3dfdb9673da48174990fe3'}, 'date': {'date': '2021-08-02'}, 'block': {'height': 12944593}}, {'smartContract': {'address': {'address': '0x9a848593cc546ca2a0958348c0918ce09f7be1fb'}}, 'caller': {'address': '0x69cd35dc288ae7c70d3dfdb9673da48174990fe3'}, 'date': {'date': '2021-08-02'}, 'block': {'height': 12944593}}, {'smartContract': {'address': {'address': '0x609bd7fb6b124a70e0ddd959a907ea5a08045d52'}}, 'caller': {'address': '0x69cd35dc288ae7c70d3dfdb9673da48174990fe3'}, 'date': {'date': '2021-08-02'}, 'block': {'height': 12944593}}, {'smartContract': {'address': {'address': '0xcb6bb501ba693d8c0cd8ed35c2d4bdd16f46c72e'}}, 'caller': {'address': '0x69cd35dc288ae7c70d3dfdb9673da48174990fe3'}, 'date': {'date': '2021-08-02'}, 'block': {'height': 12944593}}, {'smartContract': {'address': {'address': '0x3279ee6bfc357d7ad132adc62f6946b4b945408b'}}, 'caller': {'address': '0xad32f7e8c9d2c4885d9fa44d42f05c988928ea3b'}, 'date': {'date': '2021-08-02'}, 'block': {'height': 12944582}}, {'smartContract': {'address': {'address': '0x6b3e6b372b64eebfda50f702eb0d03e53dcc11ee'}}, 'caller': {'address': '0xd6f2dd324986d15fa938432bea1598bf2d0bd1d1'}, 'date': {'date': '2021-08-02'}, 'block': {'height': 12944582}}, {'smartContract': {'address': {'address': '0xf1ab14fb3d2581a07bfb80f4fe7df46083c28ed6'}}, 'caller': {'address': '0xc1ecf579aaa2bea6a94ae8a8a10ecb75c4882c95'}, 'date': {'date': '2021-08-02'}, 'block': {'height': 12944582}}, {'smartContract': {'address': {'address': '0x6c42c9fb39b700dbc7ed2e83c28d9e6261bd1b7a'}}, 'caller': {'address': '0x519698c155357ae2fb297fb7bb3195642bf35551'}, 'date': {'date': '2021-08-02'}, 'block': {'height': 12944582}}, {'smartContract': {'address': {'address': '0xad32f7e8c9d2c4885d9fa44d42f05c988928ea3b'}}, 'caller': {'address': '0x7e8248b81ca0840d63d8afbbb42f23b0fe101cbf'}, 'date': {'date': '2021-08-02'}, 'block': {'height': 12944582}}, {'smartContract': {'address': {'address': '0xd6f2dd324986d15fa938432bea1598bf2d0bd1d1'}}, 'caller': {'address': '0x7e8248b81ca0840d63d8afbbb42f23b0fe101cbf'}, 'date': {'date': '2021-08-02'}, 'block': {'height': 12944582}}, {'smartContract': {'address': {'address': '0xc1ecf579aaa2bea6a94ae8a8a10ecb75c4882c95'}}, 'caller': {'address': '0x7e8248b81ca0840d63d8afbbb42f23b0fe101cbf'}, 'date': {'date': '2021-08-02'}, 'block': {'height': 12944582}}, {'smartContract': {'address': {'address': '0x519698c155357ae2fb297fb7bb3195642bf35551'}}, 'caller': {'address': '0x7e8248b81ca0840d63d8afbbb42f23b0fe101cbf'}, 'date': {'date': '2021-08-02'}, 'block': {'height': 12944582}}, {'smartContract': {'address': {'address': '0x1f216b35a41a56011aa8dc946be43e1760a216d1'}}, 'caller': {'address': '0x7e8248b81ca0840d63d8afbbb42f23b0fe101cbf'}, 'date': {'date': '2021-08-02'}, 'block': {'height': 12944579}}]",2020-12-15
221,221,0x09a3EcAFa817268f77BE1283176B946C4ff2E608,Wrapped MIR Token,https://github.com/Mirror-Protocol/terra-web-app,0xc6821958f8d73ad0819502c35e383DB8D3077ea2,728790.9176,"[{'smartContract': {'address': {'address': '0x49401392a0b985c9703ff926ba2a22f931d10af3'}}, 'caller': {'address': '0xc6821958f8d73ad0819502c35e383db8d3077ea2'}, 'date': {'date': '2021-12-24'}, 'block': {'height': 13866753}}, {'smartContract': {'address': {'address': '0xd7f7bbdc484f5e9233f9d61a619879342f70c714'}}, 'caller': {'address': '0xc6821958f8d73ad0819502c35e383db8d3077ea2'}, 'date': {'date': '2021-12-24'}, 'block': {'height': 13866743}}, {'smartContract': {'address': {'address': '0xb23fe605b0f3608b9a3d27b5f6da92647f78f61f'}}, 'caller': {'address': '0xc6821958f8d73ad0819502c35e383db8d3077ea2'}, 'date': {'date': '2021-12-24'}, 'block': {'height': 13866738}}, {'smartContract': {'address': {'address': '0xd2d0e16ebdd2b2ae74cec9abc67a0a3fffe23637'}}, 'caller': {'address': '0xc6821958f8d73ad0819502c35e383db8d3077ea2'}, 'date': {'date': '2021-12-24'}, 'block': {'height': 13866733}}, {'smartContract': {'address': {'address': '0x0f3adc247e91c3c50bc08721355a41037e89bc20'}}, 'caller': {'address': '0xc6821958f8d73ad0819502c35e383db8d3077ea2'}, 'date': {'date': '2021-03-09'}, 'block': {'height': 12003415}}, {'smartContract': {'address': {'address': '0xa8de3e3c934e2a1bb08b010104ccabbd4d6293ab'}}, 'caller': {'address': '0xc6821958f8d73ad0819502c35e383db8d3077ea2'}, 'date': {'date': '2021-02-24'}, 'block': {'height': 11918244}}, {'smartContract': {'address': {'address': '0x0e99cc0535bb6251f6679fa6e65d6d3b430e840b'}}, 'caller': {'address': '0xc6821958f8d73ad0819502c35e383db8d3077ea2'}, 'date': {'date': '2021-02-16'}, 'block': {'height': 11865590}}, {'smartContract': {'address': {'address': '0xf72fcd9dcf0190923fadd44811e240ef4533fc86'}}, 'caller': {'address': '0xc6821958f8d73ad0819502c35e383db8d3077ea2'}, 'date': {'date': '2020-11-28'}, 'block': {'height': 11345320}}, {'smartContract': {'address': {'address': '0x31c63146a635eb7465e5853020b39713ac356991'}}, 'caller': {'address': '0xc6821958f8d73ad0819502c35e383db8d3077ea2'}, 'date': {'date': '2020-11-28'}, 'block': {'height': 11345317}}, {'smartContract': {'address': {'address': '0x4fd69d2a7d76c0564a984a79972aad628750f214'}}, 'caller': {'address': '0xc6821958f8d73ad0819502c35e383db8d3077ea2'}, 'date': {'date': '2020-11-28'}, 'block': {'height': 11345315}}, {'smartContract': {'address': {'address': '0x9d1555d8cb3c846bb4f7d5b1b1080872c3166676'}}, 'caller': {'address': '0xc6821958f8d73ad0819502c35e383db8d3077ea2'}, 'date': {'date': '2020-11-28'}, 'block': {'height': 11345308}}, {'smartContract': {'address': {'address': '0x1d350417d9787e000cc1b95d70e9536dcd91f373'}}, 'caller': {'address': '0xc6821958f8d73ad0819502c35e383db8d3077ea2'}, 'date': {'date': '2020-11-28'}, 'block': {'height': 11345304}}, {'smartContract': {'address': {'address': '0x56aa298a19c93c6801fdde870fa63ef75cc0af72'}}, 'caller': {'address': '0xc6821958f8d73ad0819502c35e383db8d3077ea2'}, 'date': {'date': '2020-11-28'}, 'block': {'height': 11345300}}, {'smartContract': {'address': {'address': '0x0cae9e4d663793c2a2a0b211c1cf4bbca2b9caa7'}}, 'caller': {'address': '0xc6821958f8d73ad0819502c35e383db8d3077ea2'}, 'date': {'date': '2020-11-28'}, 'block': {'height': 11345296}}, {'smartContract': {'address': {'address': '0x41bbedd7286daab5910a1f15d12cbda839852bd7'}}, 'caller': {'address': '0xc6821958f8d73ad0819502c35e383db8d3077ea2'}, 'date': {'date': '2020-11-28'}, 'block': {'height': 11345291}}, {'smartContract': {'address': {'address': '0xedb0414627e6f1e3f082de65cd4f9c693d78cca9'}}, 'caller': {'address': '0xc6821958f8d73ad0819502c35e383db8d3077ea2'}, 'date': {'date': '2020-11-28'}, 'block': {'height': 11345288}}, {'smartContract': {'address': {'address': '0x13b02c8de71680e71f0820c996e4be43c2f57d15'}}, 'caller': {'address': '0xc6821958f8d73ad0819502c35e383db8d3077ea2'}, 'date': {'date': '2020-11-28'}, 'block': {'height': 11345284}}, {'smartContract': {'address': {'address': '0xc8d674114bac90148d11d3c1d33c61835a0f9dcd'}}, 'caller': {'address': '0xc6821958f8d73ad0819502c35e383db8d3077ea2'}, 'date': {'date': '2020-11-28'}, 'block': {'height': 11345280}}, {'smartContract': {'address': {'address': '0x21ca39943e91d704678f5d00b6616650f066fd63'}}, 'caller': {'address': '0xc6821958f8d73ad0819502c35e383db8d3077ea2'}, 'date': {'date': '2020-11-28'}, 'block': {'height': 11345271}}, {'smartContract': {'address': {'address': '0x59a921db27dd6d4d974745b7ffc5c33932653442'}}, 'caller': {'address': '0xc6821958f8d73ad0819502c35e383db8d3077ea2'}, 'date': {'date': '2020-11-28'}, 'block': {'height': 11345264}}, {'smartContract': {'address': {'address': '0xd36932143f6ebdedd872d5fb0651f4b72fd15a84'}}, 'caller': {'address': '0xc6821958f8d73ad0819502c35e383db8d3077ea2'}, 'date': {'date': '2020-11-28'}, 'block': {'height': 11345258}}, {'smartContract': {'address': {'address': '0xc199e74f633af6c2f5978a6e4598aaf47edf0d42'}}, 'caller': {'address': '0xc6821958f8d73ad0819502c35e383db8d3077ea2'}, 'date': {'date': '2020-11-28'}, 'block': {'height': 11345248}}, {'smartContract': {'address': {'address': '0x09a3ecafa817268f77be1283176b946c4ff2e608'}}, 'caller': {'address': '0xc6821958f8d73ad0819502c35e383db8d3077ea2'}, 'date': {'date': '2020-11-28'}, 'block': {'height': 11345242}}, {'smartContract': {'address': {'address': '0x156b36ec68fdbf84a925230ba96cb1ca4c4bde45'}}, 'caller': {'address': '0xc6821958f8d73ad0819502c35e383db8d3077ea2'}, 'date': {'date': '2020-11-28'}, 'block': {'height': 11345237}}, {'smartContract': {'address': {'address': '0x676ad1b33ae6423c6618c1aecf53baa29cf39ee5'}}, 'caller': {'address': '0xc6821958f8d73ad0819502c35e383db8d3077ea2'}, 'date': {'date': '2020-11-28'}, 'block': {'height': 11345231}}, {'smartContract': {'address': {'address': '0xcaaff72a8cbbfc5cf343ba4e26f65a257065bff1'}}, 'caller': {'address': '0xc6821958f8d73ad0819502c35e383db8d3077ea2'}, 'date': {'date': '2020-11-28'}, 'block': {'height': 11345223}}, {'smartContract': {'address': {'address': '0xa47c8bf37f92abed4a126bda807a7b7498661acd'}}, 'caller': {'address': '0xc6821958f8d73ad0819502c35e383db8d3077ea2'}, 'date': {'date': '2020-11-28'}, 'block': {'height': 11345219}}, {'smartContract': {'address': {'address': '0xd2877702675e6ceb975b4a1dff9fb7baf4c91ea9'}}, 'caller': {'address': '0xc6821958f8d73ad0819502c35e383db8d3077ea2'}, 'date': {'date': '2020-11-28'}, 'block': {'height': 11345215}}, {'smartContract': {'address': {'address': '0xc79486741f488369cf814cd801e5d9cde305af78'}}, 'caller': {'address': '0xc6821958f8d73ad0819502c35e383db8d3077ea2'}, 'date': {'date': '2020-11-28'}, 'block': {'height': 11345202}}]",2020-11-28
222,222,0x8254e26e453EB5aBd29B3c37AC9E8Da32E5d3299,RBX,https://github.com/RBX-Carbon,0x0E1ecb720AB2eD8e531a137DdF8c2eb5380e9fFB,724748.721,"[{'smartContract': {'address': {'address': '0x37ed130e5d2a8095a2a0e0d5facdba20a9bd5975'}}, 'caller': {'address': '0xa6b71e26c5e0845f74c812102ca7114b6a896ab2'}, 'date': {'date': '2022-11-02'}, 'block': {'height': 15880012}}, {'smartContract': {'address': {'address': '0xa598525ab2bf060a76ffa31977fbf7c3cb11f7e6'}}, 'caller': {'address': '0x0e1ecb720ab2ed8e531a137ddf8c2eb5380e9ffb'}, 'date': {'date': '2022-01-07'}, 'block': {'height': 13960546}}, {'smartContract': {'address': {'address': '0x50b641caab809c1853be334246ac951faccc49b0'}}, 'caller': {'address': '0x0e1ecb720ab2ed8e531a137ddf8c2eb5380e9ffb'}, 'date': {'date': '2022-01-06'}, 'block': {'height': 13949767}}, {'smartContract': {'address': {'address': '0xb4788f57d11727a24616c3a44e870dd6537fd1e6'}}, 'caller': {'address': '0x0e1ecb720ab2ed8e531a137ddf8c2eb5380e9ffb'}, 'date': {'date': '2021-12-29'}, 'block': {'height': 13900972}}, {'smartContract': {'address': {'address': '0xe6e72fecbfbbbc2688d57b6a41dfceb0e174882d'}}, 'caller': {'address': '0x5c69bee701ef814a2b6a3edd4b1652cb9cc5aa6f'}, 'date': {'date': '2021-12-22'}, 'block': {'height': 13852992}}, {'smartContract': {'address': {'address': '0xa9639160481b625ba43677be753e0a70bf58c647'}}, 'caller': {'address': '0x0e1ecb720ab2ed8e531a137ddf8c2eb5380e9ffb'}, 'date': {'date': '2021-12-22'}, 'block': {'height': 13852694}}, {'smartContract': {'address': {'address': '0x8115212742bb895b3c64cf7bf5708cbbcb6e6b00'}}, 'caller': {'address': '0x0e1ecb720ab2ed8e531a137ddf8c2eb5380e9ffb'}, 'date': {'date': '2021-11-17'}, 'block': {'height': 13634514}}, {'smartContract': {'address': {'address': '0x4da60d2e84f4392a28e7d71cd000bc7af10caa19'}}, 'caller': {'address': '0x0e1ecb720ab2ed8e531a137ddf8c2eb5380e9ffb'}, 'date': {'date': '2021-11-17'}, 'block': {'height': 13634466}}, {'smartContract': {'address': {'address': '0x8c654fbffe18e87dbc6eabb76c27f1d49bd1cbdd'}}, 'caller': {'address': '0x0e1ecb720ab2ed8e531a137ddf8c2eb5380e9ffb'}, 'date': {'date': '2021-11-11'}, 'block': {'height': 13592333}}, {'smartContract': {'address': {'address': '0xe6011c98b9d47f1f62d755884508b011821b0e83'}}, 'caller': {'address': '0x0e1ecb720ab2ed8e531a137ddf8c2eb5380e9ffb'}, 'date': {'date': '2021-10-26'}, 'block': {'height': 13495722}}, {'smartContract': {'address': {'address': '0x0966f8cc8d83cb0600ec22e1bab328d8715be21e'}}, 'caller': {'address': '0x0e1ecb720ab2ed8e531a137ddf8c2eb5380e9ffb'}, 'date': {'date': '2021-10-19'}, 'block': {'height': 13445176}}, {'smartContract': {'address': {'address': '0x6bb1e26381212805eb961b9baff52fa52399727d'}}, 'caller': {'address': '0xa6b71e26c5e0845f74c812102ca7114b6a896ab2'}, 'date': {'date': '2021-10-15'}, 'block': {'height': 13419498}}, {'smartContract': {'address': {'address': '0xfdd021a7cba2937391f92fd05963c369161a1804'}}, 'caller': {'address': '0x0e1ecb720ab2ed8e531a137ddf8c2eb5380e9ffb'}, 'date': {'date': '2021-10-14'}, 'block': {'height': 13418625}}, {'smartContract': {'address': {'address': '0x3b7143336130cfb7c45f246e0085f6e74afd3fa8'}}, 'caller': {'address': '0x5c69bee701ef814a2b6a3edd4b1652cb9cc5aa6f'}, 'date': {'date': '2021-10-04'}, 'block': {'height': 13350485}}, {'smartContract': {'address': {'address': '0x9d85b66a7bb02b5736254d33ba070d335cbd7a34'}}, 'caller': {'address': '0x0e1ecb720ab2ed8e531a137ddf8c2eb5380e9ffb'}, 'date': {'date': '2021-09-24'}, 'block': {'height': 13290307}}, {'smartContract': {'address': {'address': '0x8254e26e453eb5abd29b3c37ac9e8da32e5d3299'}}, 'caller': {'address': '0x0e1ecb720ab2ed8e531a137ddf8c2eb5380e9ffb'}, 'date': {'date': '2021-09-24'}, 'block': {'height': 13286284}}, {'smartContract': {'address': {'address': '0x0320976646b5119d640161aa2560ab84804d4586'}}, 'caller': {'address': '0x0e1ecb720ab2ed8e531a137ddf8c2eb5380e9ffb'}, 'date': {'date': '2021-06-26'}, 'block': {'height': 12710715}}, {'smartContract': {'address': {'address': '0x7a73e095fc009195e9a1066473d4dfde774f9518'}}, 'caller': {'address': '0x0e1ecb720ab2ed8e531a137ddf8c2eb5380e9ffb'}, 'date': {'date': '2021-06-22'}, 'block': {'height': 12681560}}, {'smartContract': {'address': {'address': '0xbdb61a0e330d894b1eefb40946bddd697293c7cb'}}, 'caller': {'address': '0x76e2cfc1f5fa8f6a5b3fc4c8f4788f0116861f9b'}, 'date': {'date': '2021-06-14'}, 'block': {'height': 12635641}}, {'smartContract': {'address': {'address': '0xa61d63d010bf3ec657fd32362bed4a7c8a84e121'}}, 'caller': {'address': '0x0f86603072256c12a4e8f21f520266b3fc0c70df'}, 'date': {'date': '2021-06-13'}, 'block': {'height': 12628308}}, {'smartContract': {'address': {'address': '0x79c41144f9a6592af1ec01f7b792a01007c79c33'}}, 'caller': {'address': '0x0e1ecb720ab2ed8e531a137ddf8c2eb5380e9ffb'}, 'date': {'date': '2021-06-10'}, 'block': {'height': 12608235}}, {'smartContract': {'address': {'address': '0x30c7bf97a07a87ad5ca3928217d9df8e399def23'}}, 'caller': {'address': '0x0e1ecb720ab2ed8e531a137ddf8c2eb5380e9ffb'}, 'date': {'date': '2021-06-09'}, 'block': {'height': 12598486}}, {'smartContract': {'address': {'address': '0x2cdb3d6174d492476331756c096d4154d4bfee51'}}, 'caller': {'address': '0x0e1ecb720ab2ed8e531a137ddf8c2eb5380e9ffb'}, 'date': {'date': '2021-06-09'}, 'block': {'height': 12598459}}, {'smartContract': {'address': {'address': '0x0f86603072256c12a4e8f21f520266b3fc0c70df'}}, 'caller': {'address': '0x0e1ecb720ab2ed8e531a137ddf8c2eb5380e9ffb'}, 'date': {'date': '2021-06-09'}, 'block': {'height': 12598438}}, {'smartContract': {'address': {'address': '0x23742cec981dd7e15017ebca386a68ae2487faee'}}, 'caller': {'address': '0x0e1ecb720ab2ed8e531a137ddf8c2eb5380e9ffb'}, 'date': {'date': '2021-06-09'}, 'block': {'height': 12598414}}, {'smartContract': {'address': {'address': '0x4a19d0a79aafcc5b65455ecb103b4451f8827e17'}}, 'caller': {'address': '0x0e1ecb720ab2ed8e531a137ddf8c2eb5380e9ffb'}, 'date': {'date': '2021-06-06'}, 'block': {'height': 12583677}}, {'smartContract': {'address': {'address': '0xb418ae8fe41e059cb34a344bcde558c48b67e85c'}}, 'caller': {'address': '0x5c69bee701ef814a2b6a3edd4b1652cb9cc5aa6f'}, 'date': {'date': '2021-06-06'}, 'block': {'height': 12578972}}, {'smartContract': {'address': {'address': '0xa26f479a2c4041319627bdb40cdb56fe210c6c81'}}, 'caller': {'address': '0x76e2cfc1f5fa8f6a5b3fc4c8f4788f0116861f9b'}, 'date': {'date': '2021-06-03'}, 'block': {'height': 12558699}}, {'smartContract': {'address': {'address': '0x3471ed372ae9e05851bfdd5d6fe7e684681425f2'}}, 'caller': {'address': '0x76e2cfc1f5fa8f6a5b3fc4c8f4788f0116861f9b'}, 'date': {'date': '2021-06-03'}, 'block': {'height': 12558400}}, {'smartContract': {'address': {'address': '0xc4895f94340f30fc126d1149d6cbd4a5fea50890'}}, 'caller': {'address': '0x0e1ecb720ab2ed8e531a137ddf8c2eb5380e9ffb'}, 'date': {'date': '2021-06-03'}, 'block': {'height': 12558206}}, {'smartContract': {'address': {'address': '0x698723fc243b77f84662d9f4b02937087ade4e90'}}, 'caller': {'address': '0x0e1ecb720ab2ed8e531a137ddf8c2eb5380e9ffb'}, 'date': {'date': '2021-05-23'}, 'block': {'height': 12488699}}, {'smartContract': {'address': {'address': '0x8ec4b5acaf539f12d50acd4feb5d4d4555097186'}}, 'caller': {'address': '0x0e1ecb720ab2ed8e531a137ddf8c2eb5380e9ffb'}, 'date': {'date': '2021-05-23'}, 'block': {'height': 12488621}}, {'smartContract': {'address': {'address': '0xa0c9ce5cfbf8c91053d8a3f14f51b13caa687407'}}, 'caller': {'address': '0x0e1ecb720ab2ed8e531a137ddf8c2eb5380e9ffb'}, 'date': {'date': '2021-04-06'}, 'block': {'height': 12188324}}, {'smartContract': {'address': {'address': '0x27934bd8039d05138f5e6ab9dfd18d5af35561bf'}}, 'caller': {'address': '0x5c69bee701ef814a2b6a3edd4b1652cb9cc5aa6f'}, 'date': {'date': '2021-04-06'}, 'block': {'height': 12188324}}, {'smartContract': {'address': {'address': '0xd85d49246e5c08965a7e9374966b64d4a1000c50'}}, 'caller': {'address': '0x0e1ecb720ab2ed8e531a137ddf8c2eb5380e9ffb'}, 'date': {'date': '2021-03-12'}, 'block': {'height': 12026258}}, {'smartContract': {'address': {'address': '0xf30ba6edd23b35a85b202ea1e7e6b77687093d75'}}, 'caller': {'address': '0x0e1ecb720ab2ed8e531a137ddf8c2eb5380e9ffb'}, 'date': {'date': '2021-02-23'}, 'block': {'height': 11915927}}, {'smartContract': {'address': {'address': '0xc2af34985da546b9c904f065e572851ab4d38648'}}, 'caller': {'address': '0x0e1ecb720ab2ed8e531a137ddf8c2eb5380e9ffb'}, 'date': {'date': '2021-02-14'}, 'block': {'height': 11852880}}, {'smartContract': {'address': {'address': '0x3ea50b7ef6a7eaf7e966e2cb72b519c16557497c'}}, 'caller': {'address': '0x0e1ecb720ab2ed8e531a137ddf8c2eb5380e9ffb'}, 'date': {'date': '2021-02-08'}, 'block': {'height': 11812643}}, {'smartContract': {'address': {'address': '0x9ddd23c1ec9c69bc833008d4d2f86f6aa491bc91'}}, 'caller': {'address': '0x5c69bee701ef814a2b6a3edd4b1652cb9cc5aa6f'}, 'date': {'date': '2021-02-08'}, 'block': {'height': 11812643}}, {'smartContract': {'address': {'address': '0x18159f21d6a2f72dc97fc1d2ddebcecfa614142c'}}, 'caller': {'address': '0x0e1ecb720ab2ed8e531a137ddf8c2eb5380e9ffb'}, 'date': {'date': '2021-02-07'}, 'block': {'height': 11812293}}]",2021-09-24
223,223,0x38e4adB44ef08F22F5B5b76A8f0c2d0dCbE7DcA1,Concentrated Voting Power,https://github.com/powerpool-finance,0x29BfF390FC12C900Aaf0F2e51C06675Df691337a,722690.5965,"[{'smartContract': {'address': {'address': '0xfdf4b2102ee95d9f71b64edb7e873078f095362d'}}, 'caller': {'address': '0x29bff390fc12c900aaf0f2e51c06675df691337a'}, 'date': {'date': '2022-12-01'}, 'block': {'height': 16091899}}, {'smartContract': {'address': {'address': '0xa030f12df8298553832bb90785ba9f1c15125b79'}}, 'caller': {'address': '0x29bff390fc12c900aaf0f2e51c06675df691337a'}, 'date': {'date': '2022-12-01'}, 'block': {'height': 16091898}}, {'smartContract': {'address': {'address': '0xa1d9adefa5a8fcef1e5b7fe166455f4329710be2'}}, 'caller': {'address': '0x29bff390fc12c900aaf0f2e51c06675df691337a'}, 'date': {'date': '2022-11-23'}, 'block': {'height': 16035304}}, {'smartContract': {'address': {'address': '0x000000000000774d54f4064ec64beaadef498ae8'}}, 'caller': {'address': '0x0fd5cece155619efc5e20432e7d8296fb19667d4'}, 'date': {'date': '2022-11-23'}, 'block': {'height': 16034970}}, {'smartContract': {'address': {'address': '0x0fd5cece155619efc5e20432e7d8296fb19667d4'}}, 'caller': {'address': '0x29bff390fc12c900aaf0f2e51c06675df691337a'}, 'date': {'date': '2022-11-22'}, 'block': {'height': 16026005}}, {'smartContract': {'address': {'address': '0xef7d7426abb31750dc4cddff2b0431006fbf50c4'}}, 'caller': {'address': '0x29bff390fc12c900aaf0f2e51c06675df691337a'}, 'date': {'date': '2022-11-16'}, 'block': {'height': 15984785}}, {'smartContract': {'address': {'address': '0xb276595e19ffbe4b8079cbef864426b56525eba7'}}, 'caller': {'address': '0x29bff390fc12c900aaf0f2e51c06675df691337a'}, 'date': {'date': '2022-11-16'}, 'block': {'height': 15981136}}, {'smartContract': {'address': {'address': '0x65ff281b42abcb98256d0054c15a4d010385b80f'}}, 'caller': {'address': '0x29bff390fc12c900aaf0f2e51c06675df691337a'}, 'date': {'date': '2022-10-11'}, 'block': {'height': 15726728}}, {'smartContract': {'address': {'address': '0x18d1e7b86dcea9e9c723eb25e0f2ba2a305acf88'}}, 'caller': {'address': '0x29bff390fc12c900aaf0f2e51c06675df691337a'}, 'date': {'date': '2022-10-06'}, 'block': {'height': 15688937}}, {'smartContract': {'address': {'address': '0x494a364b5b89674fcd0ddd0461f2900839f148d9'}}, 'caller': {'address': '0x29bff390fc12c900aaf0f2e51c06675df691337a'}, 'date': {'date': '2022-10-06'}, 'block': {'height': 15688430}}, {'smartContract': {'address': {'address': '0xb947a08a04ae0f196a0a53c5f130cab15f832ffb'}}, 'caller': {'address': '0x29bff390fc12c900aaf0f2e51c06675df691337a'}, 'date': {'date': '2022-10-06'}, 'block': {'height': 15688429}}, {'smartContract': {'address': {'address': '0x00000000000f02bb0c9a0fe681b589f67cf9a5ee'}}, 'caller': {'address': '0xcd3d11a2c4e095d355ac26fe76d1292ab509b197'}, 'date': {'date': '2022-10-03'}, 'block': {'height': 15665361}}, {'smartContract': {'address': {'address': '0xcd3d11a2c4e095d355ac26fe76d1292ab509b197'}}, 'caller': {'address': '0x29bff390fc12c900aaf0f2e51c06675df691337a'}, 'date': {'date': '2022-10-02'}, 'block': {'height': 15662046}}, {'smartContract': {'address': {'address': '0x0a5527eaacb1605bf8801c5fcee4e8ffc8853780'}}, 'caller': {'address': '0x29bff390fc12c900aaf0f2e51c06675df691337a'}, 'date': {'date': '2022-05-10'}, 'block': {'height': 14749319}}, {'smartContract': {'address': {'address': '0xdaf584c15722cdc7e78214fb1a4832da6638d655'}}, 'caller': {'address': '0x29bff390fc12c900aaf0f2e51c06675df691337a'}, 'date': {'date': '2022-05-03'}, 'block': {'height': 14705237}}, {'smartContract': {'address': {'address': '0x887d871b5ae02dfc35d1ba579461cbe4ed3d95b7'}}, 'caller': {'address': '0x29bff390fc12c900aaf0f2e51c06675df691337a'}, 'date': {'date': '2022-05-03'}, 'block': {'height': 14701799}}, {'smartContract': {'address': {'address': '0x0a6aa119c58ce6e7733da6ece7fba5668d897c7c'}}, 'caller': {'address': '0x29bff390fc12c900aaf0f2e51c06675df691337a'}, 'date': {'date': '2022-05-03'}, 'block': {'height': 14701798}}, {'smartContract': {'address': {'address': '0xa1ebc8bde2f1f87fe24f384497b6bd9ce3b14345'}}, 'caller': {'address': '0x29bff390fc12c900aaf0f2e51c06675df691337a'}, 'date': {'date': '2022-05-03'}, 'block': {'height': 14701795}}, {'smartContract': {'address': {'address': '0xd24e3d8843ec35d648e576c19c1c54f5a493be61'}}, 'caller': {'address': '0x29bff390fc12c900aaf0f2e51c06675df691337a'}, 'date': {'date': '2022-05-01'}, 'block': {'height': 14692837}}, {'smartContract': {'address': {'address': '0x4930a67e605520fe13b3037c0f70a72848bf3b79'}}, 'caller': {'address': '0x29bff390fc12c900aaf0f2e51c06675df691337a'}, 'date': {'date': '2022-04-25'}, 'block': {'height': 14654465}}, {'smartContract': {'address': {'address': '0x0d0b8d93d9f099a0cb2e2dfe8362e88cf08c3094'}}, 'caller': {'address': '0x29bff390fc12c900aaf0f2e51c06675df691337a'}, 'date': {'date': '2022-04-25'}, 'block': {'height': 14654463}}, {'smartContract': {'address': {'address': '0x65ca07a894e00b6a264c897de956cb0afb63a44b'}}, 'caller': {'address': '0x29bff390fc12c900aaf0f2e51c06675df691337a'}, 'date': {'date': '2022-04-25'}, 'block': {'height': 14654399}}, {'smartContract': {'address': {'address': '0xe1ad7f48198d4e90d8ecb5e8ab3e8987c7b6ada5'}}, 'caller': {'address': '0x29bff390fc12c900aaf0f2e51c06675df691337a'}, 'date': {'date': '2021-12-18'}, 'block': {'height': 13831217}}, {'smartContract': {'address': {'address': '0x9d9d0e838bd46f6adc884d3e645076e14bca1afb'}}, 'caller': {'address': '0x29bff390fc12c900aaf0f2e51c06675df691337a'}, 'date': {'date': '2021-08-06'}, 'block': {'height': 12971983}}, {'smartContract': {'address': {'address': '0x8c22e596e66b98ec1d2ea45b40d879c705e5e047'}}, 'caller': {'address': '0x29bff390fc12c900aaf0f2e51c06675df691337a'}, 'date': {'date': '2021-07-28'}, 'block': {'height': 12914890}}, {'smartContract': {'address': {'address': '0x1eb5eb4c6e8458f628646ac235e1760a665e593b'}}, 'caller': {'address': '0x29bff390fc12c900aaf0f2e51c06675df691337a'}, 'date': {'date': '2021-07-28'}, 'block': {'height': 12914642}}, {'smartContract': {'address': {'address': '0x425054cf8e12b0ab314ca7c1bb3807942db09b18'}}, 'caller': {'address': '0x29bff390fc12c900aaf0f2e51c06675df691337a'}, 'date': {'date': '2021-07-28'}, 'block': {'height': 12914579}}, {'smartContract': {'address': {'address': '0x3d256e2468c36f15997e3bfc295ed5ab3d6c0576'}}, 'caller': {'address': '0x29bff390fc12c900aaf0f2e51c06675df691337a'}, 'date': {'date': '2021-07-28'}, 'block': {'height': 12914420}}, {'smartContract': {'address': {'address': '0x17cb2de4e9e05a15d6a7e52abb00854081326de1'}}, 'caller': {'address': '0x29bff390fc12c900aaf0f2e51c06675df691337a'}, 'date': {'date': '2021-07-28'}, 'block': {'height': 12914151}}, {'smartContract': {'address': {'address': '0x9ae236653325b29d5ab4a2c8cb285e8059c2c204'}}, 'caller': {'address': '0x29bff390fc12c900aaf0f2e51c06675df691337a'}, 'date': {'date': '2021-07-28'}, 'block': {'height': 12914064}}, {'smartContract': {'address': {'address': '0x0cba3ff4c6b04bc68d4dc33f836158044d9b07ac'}}, 'caller': {'address': '0x29bff390fc12c900aaf0f2e51c06675df691337a'}, 'date': {'date': '2021-06-25'}, 'block': {'height': 12702200}}, {'smartContract': {'address': {'address': '0x53edc5519464559b1c1aad384f188e149c3e36d4'}}, 'caller': {'address': '0x29bff390fc12c900aaf0f2e51c06675df691337a'}, 'date': {'date': '2021-06-21'}, 'block': {'height': 12679406}}, {'smartContract': {'address': {'address': '0x750f973f8f2dfe0999321243bf67fa36df7dcb33'}}, 'caller': {'address': '0x29bff390fc12c900aaf0f2e51c06675df691337a'}, 'date': {'date': '2021-06-16'}, 'block': {'height': 12647860}}, {'smartContract': {'address': {'address': '0xea20d1d24bd9ae0e4ad3982f302d8441ca5e5b99'}}, 'caller': {'address': '0x29bff390fc12c900aaf0f2e51c06675df691337a'}, 'date': {'date': '2021-06-16'}, 'block': {'height': 12647805}}, {'smartContract': {'address': {'address': '0x60ef52b6d56f59817481935f5b2028cfc23c14d3'}}, 'caller': {'address': '0x29bff390fc12c900aaf0f2e51c06675df691337a'}, 'date': {'date': '2021-06-16'}, 'block': {'height': 12647671}}, {'smartContract': {'address': {'address': '0x9a4d7aa8a438847d71715ba1509276291205f114'}}, 'caller': {'address': '0x29bff390fc12c900aaf0f2e51c06675df691337a'}, 'date': {'date': '2021-05-27'}, 'block': {'height': 12518571}}, {'smartContract': {'address': {'address': '0x54c2f16792e0231cba9bfe0dddeb088674713e57'}}, 'caller': {'address': '0x29bff390fc12c900aaf0f2e51c06675df691337a'}, 'date': {'date': '2021-05-26'}, 'block': {'height': 12508697}}, {'smartContract': {'address': {'address': '0x1bef9e0bfbeaf14cd496a4063b75b98614be04ad'}}, 'caller': {'address': '0x29bff390fc12c900aaf0f2e51c06675df691337a'}, 'date': {'date': '2021-05-25'}, 'block': {'height': 12505590}}, {'smartContract': {'address': {'address': '0x13832ea959ff5f4de001f7d4bbbd4b16f140bb76'}}, 'caller': {'address': '0x29bff390fc12c900aaf0f2e51c06675df691337a'}, 'date': {'date': '2021-05-16'}, 'block': {'height': 12444527}}, {'smartContract': {'address': {'address': '0x42c1e21b04549e44a78c7c6e5e80b6f36d130b93'}}, 'caller': {'address': '0x29bff390fc12c900aaf0f2e51c06675df691337a'}, 'date': {'date': '2021-05-16'}, 'block': {'height': 12444277}}, {'smartContract': {'address': {'address': '0x9cdda9f8a4533d829b424f47ac9a7850e46982e3'}}, 'caller': {'address': '0x29bff390fc12c900aaf0f2e51c06675df691337a'}, 'date': {'date': '2021-05-07'}, 'block': {'height': 12388510}}, {'smartContract': {'address': {'address': '0x64c389529ceb54bcd8dc5166855109678416e001'}}, 'caller': {'address': '0x29bff390fc12c900aaf0f2e51c06675df691337a'}, 'date': {'date': '2021-05-07'}, 'block': {'height': 12388326}}, {'smartContract': {'address': {'address': '0x43fa8ef8e334720b80367cf94e438cf90c562abe'}}, 'caller': {'address': '0x29bff390fc12c900aaf0f2e51c06675df691337a'}, 'date': {'date': '2021-05-07'}, 'block': {'height': 12387994}}, {'smartContract': {'address': {'address': '0xabb3e2d2fd00fd4f41110e6e68ab6750a036cb54'}}, 'caller': {'address': '0x29bff390fc12c900aaf0f2e51c06675df691337a'}, 'date': {'date': '2021-03-27'}, 'block': {'height': 12122968}}, {'smartContract': {'address': {'address': '0x6aa927097f3cb7fd7ad815d378054be24e73ec3f'}}, 'caller': {'address': '0x29bff390fc12c900aaf0f2e51c06675df691337a'}, 'date': {'date': '2021-03-27'}, 'block': {'height': 12122764}}, {'smartContract': {'address': {'address': '0x85c6d6b0cd1383cc85e8e36c09d0815daf36b9e9'}}, 'caller': {'address': '0x29bff390fc12c900aaf0f2e51c06675df691337a'}, 'date': {'date': '2021-03-18'}, 'block': {'height': 12063574}}, {'smartContract': {'address': {'address': '0xb6d77b0a52aec1bca7a65c753a6036c70e4743d3'}}, 'caller': {'address': '0x29bff390fc12c900aaf0f2e51c06675df691337a'}, 'date': {'date': '2021-03-18'}, 'block': {'height': 12063453}}, {'smartContract': {'address': {'address': '0x9ba60ba98413a60db4c651d4afe5c937bbd8044b'}}, 'caller': {'address': '0x3c8c3c0a1ee8296e41a0b735a7a58c179a6d595e'}, 'date': {'date': '2021-03-02'}, 'block': {'height': 11957752}}, {'smartContract': {'address': {'address': '0x9e008f48adae92f57b9183f3039b3ff9f9b4765e'}}, 'caller': {'address': '0x29bff390fc12c900aaf0f2e51c06675df691337a'}, 'date': {'date': '2021-02-20'}, 'block': {'height': 11894782}}, {'smartContract': {'address': {'address': '0x0b4d7443c0299aebdc629df6076139c3fcaa69da'}}, 'caller': {'address': '0x29bff390fc12c900aaf0f2e51c06675df691337a'}, 'date': {'date': '2021-02-18'}, 'block': {'height': 11882793}}, {'smartContract': {'address': {'address': '0xbc8390fca6cdf2e870f1f62cbfb69938e129cc14'}}, 'caller': {'address': '0x29bff390fc12c900aaf0f2e51c06675df691337a'}, 'date': {'date': '2021-02-17'}, 'block': {'height': 11876412}}, {'smartContract': {'address': {'address': '0xa6f874a39636b4ec694552fd3a2e1fe5b90852d8'}}, 'caller': {'address': '0x29bff390fc12c900aaf0f2e51c06675df691337a'}, 'date': {'date': '2021-02-16'}, 'block': {'height': 11868765}}, {'smartContract': {'address': {'address': '0x99655673c57a29518c60775252716c320a9e7d2f'}}, 'caller': {'address': '0x29bff390fc12c900aaf0f2e51c06675df691337a'}, 'date': {'date': '2021-02-16'}, 'block': {'height': 11868573}}, {'smartContract': {'address': {'address': '0x25be31ca0b36d5077a922d4ee54c08111a7e034e'}}, 'caller': {'address': '0x29bff390fc12c900aaf0f2e51c06675df691337a'}, 'date': {'date': '2021-02-16'}, 'block': {'height': 11868141}}, {'smartContract': {'address': {'address': '0xc2c1e2b0ec282272c102e83de115c1b3910617da'}}, 'caller': {'address': '0x29bff390fc12c900aaf0f2e51c06675df691337a'}, 'date': {'date': '2021-02-16'}, 'block': {'height': 11868139}}, {'smartContract': {'address': {'address': '0x5f6f0f7d35f98c928edb935d5af8bea74e563104'}}, 'caller': {'address': '0x29bff390fc12c900aaf0f2e51c06675df691337a'}, 'date': {'date': '2021-02-16'}, 'block': {'height': 11867637}}, {'smartContract': {'address': {'address': '0x213e547cb9f3abb34720e8643aec87f55362c2ec'}}, 'caller': {'address': '0x29bff390fc12c900aaf0f2e51c06675df691337a'}, 'date': {'date': '2021-02-14'}, 'block': {'height': 11854731}}, {'smartContract': {'address': {'address': '0x50f8d7f4db16aa926497993f020364f739edb988'}}, 'caller': {'address': '0x29bff390fc12c900aaf0f2e51c06675df691337a'}, 'date': {'date': '2021-02-10'}, 'block': {'height': 11829649}}, {'smartContract': {'address': {'address': '0x04d7aa22ef7181ee3142f5063e026af1bbbe5b96'}}, 'caller': {'address': '0x29bff390fc12c900aaf0f2e51c06675df691337a'}, 'date': {'date': '2021-02-10'}, 'block': {'height': 11829624}}, {'smartContract': {'address': {'address': '0xfe53ad2c2085636febc20a9f06a0826659a5b059'}}, 'caller': {'address': '0x29bff390fc12c900aaf0f2e51c06675df691337a'}, 'date': {'date': '2021-02-10'}, 'block': {'height': 11829552}}, {'smartContract': {'address': {'address': '0x646e846b6ee143bde4f329d4165929bbdcf425f5'}}, 'caller': {'address': '0x29bff390fc12c900aaf0f2e51c06675df691337a'}, 'date': {'date': '2021-02-10'}, 'block': {'height': 11829480}}, {'smartContract': {'address': {'address': '0x3a2d0dcf31ea28436b4b10e3f19f2d0aa3f1ba1a'}}, 'caller': {'address': '0x29bff390fc12c900aaf0f2e51c06675df691337a'}, 'date': {'date': '2021-02-10'}, 'block': {'height': 11828466}}, {'smartContract': {'address': {'address': '0xf0d67691da5ad3813aaf412756d61f0f4390c6d2'}}, 'caller': {'address': '0x29bff390fc12c900aaf0f2e51c06675df691337a'}, 'date': {'date': '2021-02-10'}, 'block': {'height': 11827932}}, {'smartContract': {'address': {'address': '0xc0cd319c0066733c611fb9a8bd5f2a1c38eb74b2'}}, 'caller': {'address': '0x29bff390fc12c900aaf0f2e51c06675df691337a'}, 'date': {'date': '2021-02-10'}, 'block': {'height': 11826969}}, {'smartContract': {'address': {'address': '0x2dc6b1b8dcf81b9060022c68b5611d480ff995c8'}}, 'caller': {'address': '0x29bff390fc12c900aaf0f2e51c06675df691337a'}, 'date': {'date': '2021-01-23'}, 'block': {'height': 11711626}}, {'smartContract': {'address': {'address': '0x61a542ddb77064ca3a5c15f8b19c477cf0d8e0ba'}}, 'caller': {'address': '0x29bff390fc12c900aaf0f2e51c06675df691337a'}, 'date': {'date': '2021-01-22'}, 'block': {'height': 11708316}}, {'smartContract': {'address': {'address': '0x4a323f52685b160576257c968f679bbec5076f36'}}, 'caller': {'address': '0x29bff390fc12c900aaf0f2e51c06675df691337a'}, 'date': {'date': '2021-01-22'}, 'block': {'height': 11707172}}, {'smartContract': {'address': {'address': '0x93cedc7d96b9648c0b28df23ee741255a16d1321'}}, 'caller': {'address': '0x29bff390fc12c900aaf0f2e51c06675df691337a'}, 'date': {'date': '2021-01-22'}, 'block': {'height': 11707099}}, {'smartContract': {'address': {'address': '0xfa2562da1bba7b954f26c74725df51fb62646313'}}, 'caller': {'address': '0x3c8c3c0a1ee8296e41a0b735a7a58c179a6d595e'}, 'date': {'date': '2021-01-22'}, 'block': {'height': 11706618}}, {'smartContract': {'address': {'address': '0x967d77f1fbb5fd1846ce156baed3aaf0b13020d1'}}, 'caller': {'address': '0x29bff390fc12c900aaf0f2e51c06675df691337a'}, 'date': {'date': '2021-01-22'}, 'block': {'height': 11706591}}, {'smartContract': {'address': {'address': '0x7a227e06e70c77b20da5abfae3504d62da563ef0'}}, 'caller': {'address': '0x29bff390fc12c900aaf0f2e51c06675df691337a'}, 'date': {'date': '2021-01-22'}, 'block': {'height': 11706589}}, {'smartContract': {'address': {'address': '0xceeea8b5b60bbd1406f5bf031446daeb577d466c'}}, 'caller': {'address': '0x29bff390fc12c900aaf0f2e51c06675df691337a'}, 'date': {'date': '2021-01-22'}, 'block': {'height': 11706406}}, {'smartContract': {'address': {'address': '0x7fe9603ff0a3c30857e2b7e814f28d11e0e74169'}}, 'caller': {'address': '0x29bff390fc12c900aaf0f2e51c06675df691337a'}, 'date': {'date': '2021-01-22'}, 'block': {'height': 11705914}}, {'smartContract': {'address': {'address': '0x861f4d83dde243b92fa2f3cc648d7553318222e9'}}, 'caller': {'address': '0x3c8c3c0a1ee8296e41a0b735a7a58c179a6d595e'}, 'date': {'date': '2021-01-22'}, 'block': {'height': 11705800}}, {'smartContract': {'address': {'address': '0xc282f9c362ca10b54d26eb87eb25a7b7d52a7109'}}, 'caller': {'address': '0x29bff390fc12c900aaf0f2e51c06675df691337a'}, 'date': {'date': '2021-01-22'}, 'block': {'height': 11705794}}, {'smartContract': {'address': {'address': '0xea70c59ddd9bcd9585847a690873dce961c77ce4'}}, 'caller': {'address': '0x29bff390fc12c900aaf0f2e51c06675df691337a'}, 'date': {'date': '2021-01-22'}, 'block': {'height': 11705792}}, {'smartContract': {'address': {'address': '0xdd7366f750199428d42f24cb5736c89307909280'}}, 'caller': {'address': '0x29bff390fc12c900aaf0f2e51c06675df691337a'}, 'date': {'date': '2021-01-22'}, 'block': {'height': 11705790}}, {'smartContract': {'address': {'address': '0x3c8c3c0a1ee8296e41a0b735a7a58c179a6d595e'}}, 'caller': {'address': '0x29bff390fc12c900aaf0f2e51c06675df691337a'}, 'date': {'date': '2021-01-22'}, 'block': {'height': 11704530}}, {'smartContract': {'address': {'address': '0x1872b9692bd7ceabbefd30e40b03c548a9d79261'}}, 'caller': {'address': '0x29bff390fc12c900aaf0f2e51c06675df691337a'}, 'date': {'date': '2021-01-14'}, 'block': {'height': 11654038}}, {'smartContract': {'address': {'address': '0x34776a0dbb158935422e20c5ce897408fd334ad8'}}, 'caller': {'address': '0x29bff390fc12c900aaf0f2e51c06675df691337a'}, 'date': {'date': '2021-01-14'}, 'block': {'height': 11654035}}, {'smartContract': {'address': {'address': '0x60842a6b44cca5eb7685d1135acf69b1336b28b3'}}, 'caller': {'address': '0x29bff390fc12c900aaf0f2e51c06675df691337a'}, 'date': {'date': '2021-01-13'}, 'block': {'height': 11645526}}, {'smartContract': {'address': {'address': '0xe09411a7574ffb682b822e3e6452df7f8764e7f7'}}, 'caller': {'address': '0x29bff390fc12c900aaf0f2e51c06675df691337a'}, 'date': {'date': '2020-12-31'}, 'block': {'height': 11564441}}, {'smartContract': {'address': {'address': '0x9099d3b2b0ce7e2db0729f338d237c2489df5850'}}, 'caller': {'address': '0xe09411a7574ffb682b822e3e6452df7f8764e7f7'}, 'date': {'date': '2020-12-31'}, 'block': {'height': 11564441}}, {'smartContract': {'address': {'address': '0xc5a09dd653cd91c236a8dfeaa2170cf45788a710'}}, 'caller': {'address': '0x29bff390fc12c900aaf0f2e51c06675df691337a'}, 'date': {'date': '2020-12-31'}, 'block': {'height': 11564374}}, {'smartContract': {'address': {'address': '0xd5c162cebc9ef19349adbbba1f3663fed4c2f5f9'}}, 'caller': {'address': '0xc5a09dd653cd91c236a8dfeaa2170cf45788a710'}, 'date': {'date': '2020-12-31'}, 'block': {'height': 11564374}}, {'smartContract': {'address': {'address': '0xf4b6bf57449282233ab58611ff7c93ffe96354ea'}}, 'caller': {'address': '0xd6017ddc72cf0a693ff49e50196c3ef21513e332'}, 'date': {'date': '2020-12-31'}, 'block': {'height': 11564333}}, {'smartContract': {'address': {'address': '0xd6017ddc72cf0a693ff49e50196c3ef21513e332'}}, 'caller': {'address': '0x29bff390fc12c900aaf0f2e51c06675df691337a'}, 'date': {'date': '2020-12-31'}, 'block': {'height': 11564333}}, {'smartContract': {'address': {'address': '0x9ad2900d67559d5c35fc5072a5b651f2b60ee56d'}}, 'caller': {'address': '0x29bff390fc12c900aaf0f2e51c06675df691337a'}, 'date': {'date': '2020-12-31'}, 'block': {'height': 11564167}}, {'smartContract': {'address': {'address': '0xb5e1350293b6d3199cbbd6b954157da8717a9724'}}, 'caller': {'address': '0x9ad2900d67559d5c35fc5072a5b651f2b60ee56d'}, 'date': {'date': '2020-12-31'}, 'block': {'height': 11564167}}, {'smartContract': {'address': {'address': '0x3359bb31cd8f80a98a13856d3c89b71e7b51a0f0'}}, 'caller': {'address': '0x29bff390fc12c900aaf0f2e51c06675df691337a'}, 'date': {'date': '2020-12-30'}, 'block': {'height': 11557788}}, {'smartContract': {'address': {'address': '0x8ec3a1475f5764df32a51483f3fd8c5a5746cca1'}}, 'caller': {'address': '0x29bff390fc12c900aaf0f2e51c06675df691337a'}, 'date': {'date': '2020-12-30'}, 'block': {'height': 11556616}}, {'smartContract': {'address': {'address': '0xdb7ce9ef7419fae5added2349969f222a2c849a5'}}, 'caller': {'address': '0x29bff390fc12c900aaf0f2e51c06675df691337a'}, 'date': {'date': '2020-12-30'}, 'block': {'height': 11556603}}, {'smartContract': {'address': {'address': '0x593e88a4589cbd3479318b695eba4f0417a68216'}}, 'caller': {'address': '0x29bff390fc12c900aaf0f2e51c06675df691337a'}, 'date': {'date': '2020-12-30'}, 'block': {'height': 11556565}}, {'smartContract': {'address': {'address': '0x56fa426e08afce7a9dfdddd42fedfa64a7ccf7cb'}}, 'caller': {'address': '0x29bff390fc12c900aaf0f2e51c06675df691337a'}, 'date': {'date': '2020-12-29'}, 'block': {'height': 11551574}}, {'smartContract': {'address': {'address': '0x471868211e03f0da24f8576cb546d4276623c67d'}}, 'caller': {'address': '0x29bff390fc12c900aaf0f2e51c06675df691337a'}, 'date': {'date': '2020-12-29'}, 'block': {'height': 11551563}}, {'smartContract': {'address': {'address': '0x16677ff4cbd9fb09dc0157336f610f55df333187'}}, 'caller': {'address': '0x29bff390fc12c900aaf0f2e51c06675df691337a'}, 'date': {'date': '2020-12-29'}, 'block': {'height': 11549491}}, {'smartContract': {'address': {'address': '0x4b6e556841a88b0682c0bc9abb6bdaf4572184b4'}}, 'caller': {'address': '0x29bff390fc12c900aaf0f2e51c06675df691337a'}, 'date': {'date': '2020-12-14'}, 'block': {'height': 11452672}}, {'smartContract': {'address': {'address': '0x30b33eed8257e7d8ae15c3f42d61518466040488'}}, 'caller': {'address': '0x29bff390fc12c900aaf0f2e51c06675df691337a'}, 'date': {'date': '2020-12-14'}, 'block': {'height': 11450666}}, {'smartContract': {'address': {'address': '0x1af9747615abce1db5c482e865699ba5a2d9c804'}}, 'caller': {'address': '0x29bff390fc12c900aaf0f2e51c06675df691337a'}, 'date': {'date': '2020-12-10'}, 'block': {'height': 11426370}}, {'smartContract': {'address': {'address': '0xaeada29e72cc1daf35e2af2a4887f07c965afd63'}}, 'caller': {'address': '0x29bff390fc12c900aaf0f2e51c06675df691337a'}, 'date': {'date': '2020-12-09'}, 'block': {'height': 11420106}}]",2020-08-20
224,224,0xE1Fc4455f62a6E89476f1072530C20CF1A0622dA,Phuture,https://github.com/Phuturedao/,0x80106198DC662f5E02E79dE2BE10052e5aE016C2,689387.4857,"[{'smartContract': {'address': {'address': '0x15d1feecc23691e2e5e39490f5fc14413f9d909a'}}, 'caller': {'address': '0xc0aee478e3658e2610c5f7a4a2e1777ce9e4f2ac'}, 'date': {'date': '2021-08-19'}, 'block': {'height': 13057656}}, {'smartContract': {'address': {'address': '0xa88008543efb1db18922e376db52cd7e2f73648c'}}, 'caller': {'address': '0xc0aee478e3658e2610c5f7a4a2e1777ce9e4f2ac'}, 'date': {'date': '2021-08-18'}, 'block': {'height': 13050987}}, {'smartContract': {'address': {'address': '0x69e92e881aa0e90218c45622d50f26073782e0c9'}}, 'caller': {'address': '0xc0aee478e3658e2610c5f7a4a2e1777ce9e4f2ac'}, 'date': {'date': '2021-08-02'}, 'block': {'height': 12945680}}, {'smartContract': {'address': {'address': '0x3bb51d9f6e350d84fe9d3978d2b342944224663b'}}, 'caller': {'address': '0x5c69bee701ef814a2b6a3edd4b1652cb9cc5aa6f'}, 'date': {'date': '2021-06-03'}, 'block': {'height': 12562082}}, {'smartContract': {'address': {'address': '0x57136542bdc53aaf53bf519a6d28a6c8f7ceeb1c'}}, 'caller': {'address': '0x80106198dc662f5e02e79de2be10052e5ae016c2'}, 'date': {'date': '2021-06-03'}, 'block': {'height': 12562014}}, {'smartContract': {'address': {'address': '0x3b9805e163b3750e7f13a26b06f030f2d3b799f5'}}, 'caller': {'address': '0x80106198dc662f5e02e79de2be10052e5ae016c2'}, 'date': {'date': '2021-06-03'}, 'block': {'height': 12561997}}, {'smartContract': {'address': {'address': '0x4819cecf672177f37e5450fa6dc78d9baafa74be'}}, 'caller': {'address': '0x3b9805e163b3750e7f13a26b06f030f2d3b799f5'}, 'date': {'date': '2021-06-03'}, 'block': {'height': 12561997}}, {'smartContract': {'address': {'address': '0x2d20d56b8f3ce115036bf510957efd3c06c50772'}}, 'caller': {'address': '0x80106198dc662f5e02e79de2be10052e5ae016c2'}, 'date': {'date': '2021-06-03'}, 'block': {'height': 12561800}}, {'smartContract': {'address': {'address': '0x06cf019492f700f87d8d77bc5ec0ca7e76ed31b7'}}, 'caller': {'address': '0x80106198dc662f5e02e79de2be10052e5ae016c2'}, 'date': {'date': '2021-06-03'}, 'block': {'height': 12561722}}, {'smartContract': {'address': {'address': '0xe923060c48266e6ba0993a8d214fd64a5f103979'}}, 'caller': {'address': '0x80106198dc662f5e02e79de2be10052e5ae016c2'}, 'date': {'date': '2021-06-03'}, 'block': {'height': 12560901}}, {'smartContract': {'address': {'address': '0xe1fc4455f62a6e89476f1072530c20cf1a0622da'}}, 'caller': {'address': '0x80106198dc662f5e02e79de2be10052e5ae016c2'}, 'date': {'date': '2021-06-03'}, 'block': {'height': 12560740}}]",2021-06-03
225,225,0x01597E397605Bf280674Bf292623460b4204C375,Bent Token,,0x8E0b94A789C26F21b141F99c888b84a8cd21A5Dd,685669.9912,"[{'smartContract': {'address': {'address': '0xe644710aac3c23bfe8cd22ffef003792e4b1c15d'}}, 'caller': {'address': '0x8e0b94a789c26f21b141f99c888b84a8cd21a5dd'}, 'date': {'date': '2021-12-20'}, 'block': {'height': 13838966}}, {'smartContract': {'address': {'address': '0xa3bd4cc3f130621172521ea85e485a7201b53bc6'}}, 'caller': {'address': '0x8e0b94a789c26f21b141f99c888b84a8cd21a5dd'}, 'date': {'date': '2021-12-20'}, 'block': {'height': 13838963}}, {'smartContract': {'address': {'address': '0xc34af87099b916cea5ea69b6513b1a3002f3460a'}}, 'caller': {'address': '0x8e0b94a789c26f21b141f99c888b84a8cd21a5dd'}, 'date': {'date': '2021-12-20'}, 'block': {'height': 13838958}}, {'smartContract': {'address': {'address': '0x6c4f65d3e7da3bc1f00194aa81fc00fc4916f229'}}, 'caller': {'address': '0x8e0b94a789c26f21b141f99c888b84a8cd21a5dd'}, 'date': {'date': '2021-12-20'}, 'block': {'height': 13838949}}, {'smartContract': {'address': {'address': '0xf7e8f63e453c5e2931aadf263ed7fdb5f54eb4f2'}}, 'caller': {'address': '0x8e0b94a789c26f21b141f99c888b84a8cd21a5dd'}, 'date': {'date': '2021-12-20'}, 'block': {'height': 13838925}}, {'smartContract': {'address': {'address': '0x4fd7e62edcf34e4f31e99ca0f6af84130947d3d7'}}, 'caller': {'address': '0x8e0b94a789c26f21b141f99c888b84a8cd21a5dd'}, 'date': {'date': '2021-12-20'}, 'block': {'height': 13838923}}, {'smartContract': {'address': {'address': '0xe55c5069ed7f8fe2ea656aff4551af52f8dbdef7'}}, 'caller': {'address': '0x8e0b94a789c26f21b141f99c888b84a8cd21a5dd'}, 'date': {'date': '2021-12-20'}, 'block': {'height': 13838915}}, {'smartContract': {'address': {'address': '0xf2b77d9b1bf97d4e2cc212d275d8c3dff41f4167'}}, 'caller': {'address': '0x8e0b94a789c26f21b141f99c888b84a8cd21a5dd'}, 'date': {'date': '2021-12-20'}, 'block': {'height': 13838914}}, {'smartContract': {'address': {'address': '0x350f4c65066fde829cdde30ed12408fed156822c'}}, 'caller': {'address': '0x8e0b94a789c26f21b141f99c888b84a8cd21a5dd'}, 'date': {'date': '2021-12-20'}, 'block': {'height': 13838912}}, {'smartContract': {'address': {'address': '0x1c4f9f3cd557a21604cb5831eddd7023a3c63371'}}, 'caller': {'address': '0x8e0b94a789c26f21b141f99c888b84a8cd21a5dd'}, 'date': {'date': '2021-12-13'}, 'block': {'height': 13797031}}, {'smartContract': {'address': {'address': '0x2a3ff0b54a5195b39808f5412fb680e80514a1d9'}}, 'caller': {'address': '0x8e0b94a789c26f21b141f99c888b84a8cd21a5dd'}, 'date': {'date': '2021-12-13'}, 'block': {'height': 13796962}}, {'smartContract': {'address': {'address': '0x9f5188c22b333d662ce18643530f799faf0db7c1'}}, 'caller': {'address': '0x8e0b94a789c26f21b141f99c888b84a8cd21a5dd'}, 'date': {'date': '2021-12-13'}, 'block': {'height': 13796795}}, {'smartContract': {'address': {'address': '0xfeaea5e904d6e8b88888ea1101c59f4084a94557'}}, 'caller': {'address': '0x8e0b94a789c26f21b141f99c888b84a8cd21a5dd'}, 'date': {'date': '2021-12-09'}, 'block': {'height': 13771253}}, {'smartContract': {'address': {'address': '0xf083fba98ded0f9c970e5a418500bad08d8b9732'}}, 'caller': {'address': '0xb9fc157394af804a3578134a6585c0dc9cc990d4'}, 'date': {'date': '2021-12-09'}, 'block': {'height': 13771105}}, {'smartContract': {'address': {'address': '0x9e0441e084f5db0606565737158aa6ab6b970fe0'}}, 'caller': {'address': '0x8e0b94a789c26f21b141f99c888b84a8cd21a5dd'}, 'date': {'date': '2021-12-09'}, 'block': {'height': 13768677}}, {'smartContract': {'address': {'address': '0x07228c1820b4a3d75206a6e61f1add1bb157ce80'}}, 'caller': {'address': '0x8e0b94a789c26f21b141f99c888b84a8cd21a5dd'}, 'date': {'date': '2021-12-03'}, 'block': {'height': 13733609}}, {'smartContract': {'address': {'address': '0xbc73398bf56c36af69efb8a82470cdc5b49728b9'}}, 'caller': {'address': '0x8e0b94a789c26f21b141f99c888b84a8cd21a5dd'}, 'date': {'date': '2021-12-03'}, 'block': {'height': 13733606}}, {'smartContract': {'address': {'address': '0x81f3bbea153a6d7fd92c70c5e1194a575c24d1b9'}}, 'caller': {'address': '0x8e0b94a789c26f21b141f99c888b84a8cd21a5dd'}, 'date': {'date': '2021-12-03'}, 'block': {'height': 13733604}}, {'smartContract': {'address': {'address': '0xeac2c97a6fcd488617a7f1b00bc76cb03ad70b26'}}, 'caller': {'address': '0x8e0b94a789c26f21b141f99c888b84a8cd21a5dd'}, 'date': {'date': '2021-11-30'}, 'block': {'height': 13714990}}, {'smartContract': {'address': {'address': '0x21d54b4418f010c18d3165fb00cbd6de05db308a'}}, 'caller': {'address': '0x8e0b94a789c26f21b141f99c888b84a8cd21a5dd'}, 'date': {'date': '2021-11-30'}, 'block': {'height': 13714957}}, {'smartContract': {'address': {'address': '0xb45d6c0897721bb6ffa9451c2c80f99b24b573b9'}}, 'caller': {'address': '0x8e0b94a789c26f21b141f99c888b84a8cd21a5dd'}, 'date': {'date': '2021-11-30'}, 'block': {'height': 13714939}}, {'smartContract': {'address': {'address': '0xd564b2feec19df8f4d6cb52c0a4386d05a993583'}}, 'caller': {'address': '0x8e0b94a789c26f21b141f99c888b84a8cd21a5dd'}, 'date': {'date': '2021-11-19'}, 'block': {'height': 13644794}}, {'smartContract': {'address': {'address': '0x270b6aff561284ef380cdd6d8b036f4981049a86'}}, 'caller': {'address': '0x8e0b94a789c26f21b141f99c888b84a8cd21a5dd'}, 'date': {'date': '2021-11-19'}, 'block': {'height': 13644775}}, {'smartContract': {'address': {'address': '0x1b3e21cd1da43b9840f31b82d76b597c131e3e4b'}}, 'caller': {'address': '0x8e0b94a789c26f21b141f99c888b84a8cd21a5dd'}, 'date': {'date': '2021-11-19'}, 'block': {'height': 13644773}}, {'smartContract': {'address': {'address': '0x8a95453170615f5d7ed93a86aa27a66942e98f6d'}}, 'caller': {'address': '0x8e0b94a789c26f21b141f99c888b84a8cd21a5dd'}, 'date': {'date': '2021-11-19'}, 'block': {'height': 13644771}}, {'smartContract': {'address': {'address': '0xa7bd556c005e17f83cdd3303e380e2d0eba11ef4'}}, 'caller': {'address': '0x8e0b94a789c26f21b141f99c888b84a8cd21a5dd'}, 'date': {'date': '2021-11-19'}, 'block': {'height': 13644769}}, {'smartContract': {'address': {'address': '0xacd9d131c5da85f3a9c25d7a8e625e8260aa6db2'}}, 'caller': {'address': '0x8e0b94a789c26f21b141f99c888b84a8cd21a5dd'}, 'date': {'date': '2021-11-19'}, 'block': {'height': 13644767}}, {'smartContract': {'address': {'address': '0xc1788e08d07a12704473e3370026055c7a83ca62'}}, 'caller': {'address': '0x8e0b94a789c26f21b141f99c888b84a8cd21a5dd'}, 'date': {'date': '2021-11-19'}, 'block': {'height': 13644764}}, {'smartContract': {'address': {'address': '0xc172a522b33b30a1b97038ca6bc647895a52686e'}}, 'caller': {'address': '0x8e0b94a789c26f21b141f99c888b84a8cd21a5dd'}, 'date': {'date': '2021-11-19'}, 'block': {'height': 13644761}}, {'smartContract': {'address': {'address': '0x445800d626127a9b481a2b5a22031a5ff3fc6ab8'}}, 'caller': {'address': '0x8e0b94a789c26f21b141f99c888b84a8cd21a5dd'}, 'date': {'date': '2021-11-19'}, 'block': {'height': 13644757}}, {'smartContract': {'address': {'address': '0x01597e397605bf280674bf292623460b4204c375'}}, 'caller': {'address': '0x8e0b94a789c26f21b141f99c888b84a8cd21a5dd'}, 'date': {'date': '2021-11-19'}, 'block': {'height': 13644752}}]",2021-11-19
226,226,0xF88b137cfa667065955ABD17525e89EDCF4D6426,(Proxy contract) iTrust Governance Token,,0xA58b5d8D12F82B4F8973A538b58EE9000A0B9022,674446.6302,"[{'smartContract': {'address': {'address': '0x58f802445c28966416e7087e04ae3ef937a9e825'}}, 'caller': {'address': '0xa58b5d8d12f82b4f8973a538b58ee9000a0b9022'}, 'date': {'date': '2022-05-09'}, 'block': {'height': 14742612}}, {'smartContract': {'address': {'address': '0x6f86a9060add6e1f2f83ba7da34e5eb839335daf'}}, 'caller': {'address': '0xa58b5d8d12f82b4f8973a538b58ee9000a0b9022'}, 'date': {'date': '2022-05-09'}, 'block': {'height': 14742607}}, {'smartContract': {'address': {'address': '0x132aae31a8f5dc352a635e46c986c7d8182930b4'}}, 'caller': {'address': '0xa58b5d8d12f82b4f8973a538b58ee9000a0b9022'}, 'date': {'date': '2022-05-09'}, 'block': {'height': 14742606}}, {'smartContract': {'address': {'address': '0xa9af88eee420b4293adff725ca9dc39915cf1cfd'}}, 'caller': {'address': '0xa58b5d8d12f82b4f8973a538b58ee9000a0b9022'}, 'date': {'date': '2022-05-09'}, 'block': {'height': 14742603}}, {'smartContract': {'address': {'address': '0x688fc4377cc5e7eb4a974b17fd49da27d64413d9'}}, 'caller': {'address': '0xa58b5d8d12f82b4f8973a538b58ee9000a0b9022'}, 'date': {'date': '2022-01-31'}, 'block': {'height': 14113626}}, {'smartContract': {'address': {'address': '0x72d39a4a282ece58afd4e10ab0c2f6f44e9b8fbc'}}, 'caller': {'address': '0xa58b5d8d12f82b4f8973a538b58ee9000a0b9022'}, 'date': {'date': '2022-01-31'}, 'block': {'height': 14113561}}, {'smartContract': {'address': {'address': '0x54d7696f4c7cc528e710cedc890564ced33b3de5'}}, 'caller': {'address': '0xa58b5d8d12f82b4f8973a538b58ee9000a0b9022'}, 'date': {'date': '2021-12-20'}, 'block': {'height': 13841409}}, {'smartContract': {'address': {'address': '0x65a8b1adbdec910838a69cf330346bdaeff797f1'}}, 'caller': {'address': '0xa58b5d8d12f82b4f8973a538b58ee9000a0b9022'}, 'date': {'date': '2021-12-13'}, 'block': {'height': 13796657}}, {'smartContract': {'address': {'address': '0x63525ceb0c44f66cfe2fddedc990eab7132faf80'}}, 'caller': {'address': '0xa58b5d8d12f82b4f8973a538b58ee9000a0b9022'}, 'date': {'date': '2021-07-23'}, 'block': {'height': 12881643}}, {'smartContract': {'address': {'address': '0xea2a84a1116d4182a61347773c3faca20050a8be'}}, 'caller': {'address': '0xa58b5d8d12f82b4f8973a538b58ee9000a0b9022'}, 'date': {'date': '2021-07-05'}, 'block': {'height': 12768042}}, {'smartContract': {'address': {'address': '0x112f4f854c46b886fd6412e91d9d0358ff2f66d2'}}, 'caller': {'address': '0xa58b5d8d12f82b4f8973a538b58ee9000a0b9022'}, 'date': {'date': '2021-07-01'}, 'block': {'height': 12740725}}, {'smartContract': {'address': {'address': '0xd82c32dd3585b5bc528688efa408ada09963c238'}}, 'caller': {'address': '0xb47d82bf7756e58d5d0ae656cd59a7b943898f11'}, 'date': {'date': '2021-06-19'}, 'block': {'height': 12666374}}, {'smartContract': {'address': {'address': '0xf4104cade73d699922cc657a97cb1132bc620978'}}, 'caller': {'address': '0xb47d82bf7756e58d5d0ae656cd59a7b943898f11'}, 'date': {'date': '2021-06-19'}, 'block': {'height': 12666286}}, {'smartContract': {'address': {'address': '0xf1599e88c1e973400e6961d42a82821a606061ca'}}, 'caller': {'address': '0xb47d82bf7756e58d5d0ae656cd59a7b943898f11'}, 'date': {'date': '2021-06-19'}, 'block': {'height': 12664229}}, {'smartContract': {'address': {'address': '0x804c1fc5e754f05e8765137cd7fa3375b9825190'}}, 'caller': {'address': '0xb47d82bf7756e58d5d0ae656cd59a7b943898f11'}, 'date': {'date': '2021-06-19'}, 'block': {'height': 12664228}}, {'smartContract': {'address': {'address': '0xad4a397780104c2ac61cda2558620f0673e34187'}}, 'caller': {'address': '0xa58b5d8d12f82b4f8973a538b58ee9000a0b9022'}, 'date': {'date': '2021-06-19'}, 'block': {'height': 12664134}}, {'smartContract': {'address': {'address': '0xdf9b38e40f737dec7027130fd9216bb23a33e81a'}}, 'caller': {'address': '0xa58b5d8d12f82b4f8973a538b58ee9000a0b9022'}, 'date': {'date': '2021-06-19'}, 'block': {'height': 12664133}}, {'smartContract': {'address': {'address': '0x06b45a9b1a0090a896c47414ee23ad39e3fef0e0'}}, 'caller': {'address': '0xa58b5d8d12f82b4f8973a538b58ee9000a0b9022'}, 'date': {'date': '2021-06-19'}, 'block': {'height': 12664132}}, {'smartContract': {'address': {'address': '0x83c9eea0dc4dc4a51185f59d4f225fb417bb1aec'}}, 'caller': {'address': '0xa58b5d8d12f82b4f8973a538b58ee9000a0b9022'}, 'date': {'date': '2021-06-19'}, 'block': {'height': 12664128}}, {'smartContract': {'address': {'address': '0xdf58414e910a5c3413cbd0b249d6f1523286ea14'}}, 'caller': {'address': '0xa58b5d8d12f82b4f8973a538b58ee9000a0b9022'}, 'date': {'date': '2021-06-19'}, 'block': {'height': 12664127}}, {'smartContract': {'address': {'address': '0x9c02ca4be68cc2cba2e93afb0dd3f4603e1b9200'}}, 'caller': {'address': '0xa58b5d8d12f82b4f8973a538b58ee9000a0b9022'}, 'date': {'date': '2021-06-19'}, 'block': {'height': 12664124}}, {'smartContract': {'address': {'address': '0xb47d82bf7756e58d5d0ae656cd59a7b943898f11'}}, 'caller': {'address': '0xa58b5d8d12f82b4f8973a538b58ee9000a0b9022'}, 'date': {'date': '2021-06-19'}, 'block': {'height': 12664120}}, {'smartContract': {'address': {'address': '0x67ce65289cd3f947ef9c1d0942a156549c76e761'}}, 'caller': {'address': '0xa58b5d8d12f82b4f8973a538b58ee9000a0b9022'}, 'date': {'date': '2021-06-19'}, 'block': {'height': 12664119}}, {'smartContract': {'address': {'address': '0x7ba435d1b69b519fffd7198dd8ab8ba529aededb'}}, 'caller': {'address': '0xa58b5d8d12f82b4f8973a538b58ee9000a0b9022'}, 'date': {'date': '2021-06-19'}, 'block': {'height': 12664116}}, {'smartContract': {'address': {'address': '0xd786bca7fcae5f265c23c8b1d1878bb6895c4844'}}, 'caller': {'address': '0xa58b5d8d12f82b4f8973a538b58ee9000a0b9022'}, 'date': {'date': '2021-06-19'}, 'block': {'height': 12664115}}, {'smartContract': {'address': {'address': '0xad04d482e561cba1adaf0e8d94fd107dd7db9bd8'}}, 'caller': {'address': '0xa58b5d8d12f82b4f8973a538b58ee9000a0b9022'}, 'date': {'date': '2021-06-19'}, 'block': {'height': 12664114}}, {'smartContract': {'address': {'address': '0x529e20048b7bb67e147c7be11644eb768a543b42'}}, 'caller': {'address': '0xa58b5d8d12f82b4f8973a538b58ee9000a0b9022'}, 'date': {'date': '2021-06-19'}, 'block': {'height': 12664113}}, {'smartContract': {'address': {'address': '0xf88b137cfa667065955abd17525e89edcf4d6426'}}, 'caller': {'address': '0xa58b5d8d12f82b4f8973a538b58ee9000a0b9022'}, 'date': {'date': '2021-06-19'}, 'block': {'height': 12664112}}, {'smartContract': {'address': {'address': '0x314ca93daa1985eb49d41aee2964b94196995e22'}}, 'caller': {'address': '0xa58b5d8d12f82b4f8973a538b58ee9000a0b9022'}, 'date': {'date': '2021-06-19'}, 'block': {'height': 12664109}}, {'smartContract': {'address': {'address': '0x0df3fc5cc1c3efce3fbc217c4e3b2db66f6d9ef8'}}, 'caller': {'address': '0xa58b5d8d12f82b4f8973a538b58ee9000a0b9022'}, 'date': {'date': '2021-06-19'}, 'block': {'height': 12664108}}, {'smartContract': {'address': {'address': '0x6f36a54facccd4977c7df09bed5ec62633174071'}}, 'caller': {'address': '0xa58b5d8d12f82b4f8973a538b58ee9000a0b9022'}, 'date': {'date': '2021-06-19'}, 'block': {'height': 12664106}}, {'smartContract': {'address': {'address': '0x292928af8c4890f36e9e662205cc7d3cab4e495b'}}, 'caller': {'address': '0xa58b5d8d12f82b4f8973a538b58ee9000a0b9022'}, 'date': {'date': '2021-06-09'}, 'block': {'height': 12599120}}, {'smartContract': {'address': {'address': '0xd71b94f49481d301e94055f6446290079fed0093'}}, 'caller': {'address': '0xa58b5d8d12f82b4f8973a538b58ee9000a0b9022'}, 'date': {'date': '2021-06-09'}, 'block': {'height': 12599118}}, {'smartContract': {'address': {'address': '0xda246d2a734376f4a71d6ea23a9e5001c9c7320b'}}, 'caller': {'address': '0xa58b5d8d12f82b4f8973a538b58ee9000a0b9022'}, 'date': {'date': '2021-06-08'}, 'block': {'height': 12592932}}, {'smartContract': {'address': {'address': '0x644f486e8c131fc2bedda3adfe4d92b05d784412'}}, 'caller': {'address': '0xa58b5d8d12f82b4f8973a538b58ee9000a0b9022'}, 'date': {'date': '2021-06-08'}, 'block': {'height': 12592928}}, {'smartContract': {'address': {'address': '0xcd0273ac9b8c962beb128ddbfd75049b005fedab'}}, 'caller': {'address': '0xa58b5d8d12f82b4f8973a538b58ee9000a0b9022'}, 'date': {'date': '2021-06-07'}, 'block': {'height': 12590075}}, {'smartContract': {'address': {'address': '0x70be261c4fe54a5e8a4b4bca59dcf47f6c2df837'}}, 'caller': {'address': '0xa58b5d8d12f82b4f8973a538b58ee9000a0b9022'}, 'date': {'date': '2021-06-07'}, 'block': {'height': 12589323}}, {'smartContract': {'address': {'address': '0x9c1e7feaa885e7feeee9935d46523aece6e9d1bd'}}, 'caller': {'address': '0xa58b5d8d12f82b4f8973a538b58ee9000a0b9022'}, 'date': {'date': '2021-06-07'}, 'block': {'height': 12589318}}, {'smartContract': {'address': {'address': '0x1f1904d4d6fe62d120c3c741029ee698ab9a0f16'}}, 'caller': {'address': '0xa58b5d8d12f82b4f8973a538b58ee9000a0b9022'}, 'date': {'date': '2021-06-07'}, 'block': {'height': 12589287}}, {'smartContract': {'address': {'address': '0x73c29b2675c0b7fee74b326caf1be735948ce8ee'}}, 'caller': {'address': '0xa58b5d8d12f82b4f8973a538b58ee9000a0b9022'}, 'date': {'date': '2021-06-07'}, 'block': {'height': 12589283}}, {'smartContract': {'address': {'address': '0x960ad994a59de4f5de2c11e46cdb28d3b9b42480'}}, 'caller': {'address': '0xa58b5d8d12f82b4f8973a538b58ee9000a0b9022'}, 'date': {'date': '2021-06-07'}, 'block': {'height': 12589283}}, {'smartContract': {'address': {'address': '0x510813ed38eed5533fdea941f15accdec30dc8fe'}}, 'caller': {'address': '0xa58b5d8d12f82b4f8973a538b58ee9000a0b9022'}, 'date': {'date': '2021-06-07'}, 'block': {'height': 12589283}}, {'smartContract': {'address': {'address': '0xb2955c866ef2717f21f3e984efaf57ac41b1592b'}}, 'caller': {'address': '0x63613a6201c03e53913ca1d29ea0789750da5238'}, 'date': {'date': '2021-06-07'}, 'block': {'height': 12587327}}]",2021-06-19
227,227,0x9C78EE466D6Cb57A4d01Fd887D2b5dFb2D46288f,Must,https://github.com/cometh-game/,0x039Bf2465A66De25a4D94f6F0702A4BdA09f0Eca,667266.8136,"[{'smartContract': {'address': {'address': '0xac08afe0d0d0183dc3e92236f6a749c5c97867ad'}}, 'caller': {'address': '0x039bf2465a66de25a4d94f6f0702a4bda09f0eca'}, 'date': {'date': '2021-06-29'}, 'block': {'height': 12729009}}, {'smartContract': {'address': {'address': '0x8da0b54dfe61ef2650fdfbde440d0d3983b7a0f9'}}, 'caller': {'address': '0x039bf2465a66de25a4d94f6f0702a4bda09f0eca'}, 'date': {'date': '2021-02-19'}, 'block': {'height': 11886951}}, {'smartContract': {'address': {'address': '0xb8bbc517ccbe0f59f74950d1f6b978fd0edaaa03'}}, 'caller': {'address': '0x039bf2465a66de25a4d94f6f0702a4bda09f0eca'}, 'date': {'date': '2021-02-19'}, 'block': {'height': 11886949}}, {'smartContract': {'address': {'address': '0xfb756d1cc012e95a07598fe708816ee6e5a07f23'}}, 'caller': {'address': '0x039bf2465a66de25a4d94f6f0702a4bda09f0eca'}, 'date': {'date': '2021-02-19'}, 'block': {'height': 11886947}}, {'smartContract': {'address': {'address': '0xce01d2f362b5ac9a31831fb8b127ea70c46639b5'}}, 'caller': {'address': '0x039bf2465a66de25a4d94f6f0702a4bda09f0eca'}, 'date': {'date': '2021-02-19'}, 'block': {'height': 11886669}}, {'smartContract': {'address': {'address': '0xc8e7467dba5ffc95ba751efc385d9c4976620c90'}}, 'caller': {'address': '0x039bf2465a66de25a4d94f6f0702a4bda09f0eca'}, 'date': {'date': '2021-02-19'}, 'block': {'height': 11886667}}, {'smartContract': {'address': {'address': '0x48b54ca3a6ec8e62fd26c9854f64e2514dbf2689'}}, 'caller': {'address': '0x039bf2465a66de25a4d94f6f0702a4bda09f0eca'}, 'date': {'date': '2021-01-16'}, 'block': {'height': 11663709}}, {'smartContract': {'address': {'address': '0x251fbd95ebc2e43d4b1b40f4b318d0ffacd01c5c'}}, 'caller': {'address': '0xa5409ec958c83c3f309868babaca7c86dcb077c1'}, 'date': {'date': '2021-01-15'}, 'block': {'height': 11662712}}, {'smartContract': {'address': {'address': '0x14fb86eaaf2733ef2349731e1b06ea67e81d4ba3'}}, 'caller': {'address': '0x039bf2465a66de25a4d94f6f0702a4bda09f0eca'}, 'date': {'date': '2021-01-15'}, 'block': {'height': 11662153}}, {'smartContract': {'address': {'address': '0xb2a43841e7df1158233d04e4c178d2d812b39a92'}}, 'caller': {'address': '0x039bf2465a66de25a4d94f6f0702a4bda09f0eca'}, 'date': {'date': '2021-01-15'}, 'block': {'height': 11662152}}, {'smartContract': {'address': {'address': '0xbcd4f1ecff4318e7a0c791c7728f3830db506c71'}}, 'caller': {'address': '0x039bf2465a66de25a4d94f6f0702a4bda09f0eca'}, 'date': {'date': '2021-01-15'}, 'block': {'height': 11662151}}, {'smartContract': {'address': {'address': '0x1001093d1bdb75f4009b42236ff2527e09f06e69'}}, 'caller': {'address': '0x039bf2465a66de25a4d94f6f0702a4bda09f0eca'}, 'date': {'date': '2021-01-15'}, 'block': {'height': 11662139}}, {'smartContract': {'address': {'address': '0xc0b78e558ec9f65cf32af0efb9494ec0cdf658fc'}}, 'caller': {'address': '0x039bf2465a66de25a4d94f6f0702a4bda09f0eca'}, 'date': {'date': '2021-01-15'}, 'block': {'height': 11662138}}, {'smartContract': {'address': {'address': '0x805212236101fd8751ec56aa7762c18d6cede7ed'}}, 'caller': {'address': '0x039bf2465a66de25a4d94f6f0702a4bda09f0eca'}, 'date': {'date': '2021-01-15'}, 'block': {'height': 11661954}}, {'smartContract': {'address': {'address': '0x048dda990f581e80effc72e4e1996ae548f8d64c'}}, 'caller': {'address': '0x039bf2465a66de25a4d94f6f0702a4bda09f0eca'}, 'date': {'date': '2021-01-15'}, 'block': {'height': 11661948}}, {'smartContract': {'address': {'address': '0xd892495a8e1292ea4ddabe4ac1b5839f5dcaf519'}}, 'caller': {'address': '0x039bf2465a66de25a4d94f6f0702a4bda09f0eca'}, 'date': {'date': '2021-01-15'}, 'block': {'height': 11661939}}, {'smartContract': {'address': {'address': '0x08f8a19b0eaa631febd4f1cff000736e15fa060d'}}, 'caller': {'address': '0x039bf2465a66de25a4d94f6f0702a4bda09f0eca'}, 'date': {'date': '2021-01-15'}, 'block': {'height': 11661910}}, {'smartContract': {'address': {'address': '0xc895bebed8df9f8d95599e2ff0f2dc7a8e9bbbf2'}}, 'caller': {'address': '0x039bf2465a66de25a4d94f6f0702a4bda09f0eca'}, 'date': {'date': '2021-01-15'}, 'block': {'height': 11661909}}, {'smartContract': {'address': {'address': '0x85bc2e8aaad5dbc347db49ea45d95486279ed918'}}, 'caller': {'address': '0x039bf2465a66de25a4d94f6f0702a4bda09f0eca'}, 'date': {'date': '2021-01-15'}, 'block': {'height': 11661906}}, {'smartContract': {'address': {'address': '0x9c78ee466d6cb57a4d01fd887d2b5dfb2d46288f'}}, 'caller': {'address': '0x039bf2465a66de25a4d94f6f0702a4bda09f0eca'}, 'date': {'date': '2021-01-15'}, 'block': {'height': 11661903}}, {'smartContract': {'address': {'address': '0xe26fe2b0e63e57417d5f65355762c2bc164429b0'}}, 'caller': {'address': '0x039bf2465a66de25a4d94f6f0702a4bda09f0eca'}, 'date': {'date': '2021-01-15'}, 'block': {'height': 11661902}}, {'smartContract': {'address': {'address': '0xad67746637ac5a394a20c0f51452d6e9e040222c'}}, 'caller': {'address': '0x039bf2465a66de25a4d94f6f0702a4bda09f0eca'}, 'date': {'date': '2021-01-15'}, 'block': {'height': 11661900}}]",2021-01-15
228,228,0x3FA729B4548beCBAd4EaB6EF18413470e6D5324C,(Proxy contract) Mover,https://github.com/viaMover,0xb754601d2C8C1389E6633b1449B84CcE57788566,660843.1746,"[{'smartContract': {'address': {'address': '0xd33d88df1c821b82c09ca950314c14d0c4e1e1f3'}}, 'caller': {'address': '0xb754601d2c8c1389e6633b1449b84cce57788566'}, 'date': {'date': '2022-08-08'}, 'block': {'height': 15303648}}, {'smartContract': {'address': {'address': '0x1590c8af474ad2c06ff3eadd1e8fb8adf60223af'}}, 'caller': {'address': '0xb754601d2c8c1389e6633b1449b84cce57788566'}, 'date': {'date': '2022-06-17'}, 'block': {'height': 14978522}}, {'smartContract': {'address': {'address': '0xa7cd9837513236493e7dcdbbddf45887963aa308'}}, 'caller': {'address': '0xb754601d2c8c1389e6633b1449b84cce57788566'}, 'date': {'date': '2022-06-17'}, 'block': {'height': 14978517}}, {'smartContract': {'address': {'address': '0x67686e74e5256652e0ab0a9f5c1e61d11a66cace'}}, 'caller': {'address': '0xb754601d2c8c1389e6633b1449b84cce57788566'}, 'date': {'date': '2022-05-15'}, 'block': {'height': 14779137}}, {'smartContract': {'address': {'address': '0x4690d1d12b3f2c60987c6fe4b1b525a0204dad73'}}, 'caller': {'address': '0xb754601d2c8c1389e6633b1449b84cce57788566'}, 'date': {'date': '2022-05-04'}, 'block': {'height': 14709954}}, {'smartContract': {'address': {'address': '0xd5ba57863ac61602e96f88a934ef388ef08119fc'}}, 'caller': {'address': '0xb754601d2c8c1389e6633b1449b84cce57788566'}, 'date': {'date': '2022-05-02'}, 'block': {'height': 14697719}}, {'smartContract': {'address': {'address': '0xd5f911a64156e5b79239d8ef76baa1c2f1991526'}}, 'caller': {'address': '0xb754601d2c8c1389e6633b1449b84cce57788566'}, 'date': {'date': '2022-04-28'}, 'block': {'height': 14671515}}, {'smartContract': {'address': {'address': '0x3f1256afbfae473f17f07c17b1ec0c9f0326fb49'}}, 'caller': {'address': '0xb754601d2c8c1389e6633b1449b84cce57788566'}, 'date': {'date': '2022-04-28'}, 'block': {'height': 14671497}}, {'smartContract': {'address': {'address': '0xb494c12dee7bd77f27ad476f9709e54f1b410450'}}, 'caller': {'address': '0xb754601d2c8c1389e6633b1449b84cce57788566'}, 'date': {'date': '2022-04-22'}, 'block': {'height': 14635152}}, {'smartContract': {'address': {'address': '0x88e7e1b3ec590512dcd8c8dbc1b8bd4cb15f1ee8'}}, 'caller': {'address': '0xb754601d2c8c1389e6633b1449b84cce57788566'}, 'date': {'date': '2022-04-11'}, 'block': {'height': 14564464}}, {'smartContract': {'address': {'address': '0xd39f523ee00aef6b75b76fecce36a8c09ee77b88'}}, 'caller': {'address': '0xb754601d2c8c1389e6633b1449b84cce57788566'}, 'date': {'date': '2022-04-11'}, 'block': {'height': 14564460}}, {'smartContract': {'address': {'address': '0x00834e2763b108b01218638dc2cec27ce6d43753'}}, 'caller': {'address': '0xb754601d2c8c1389e6633b1449b84cce57788566'}, 'date': {'date': '2022-04-11'}, 'block': {'height': 14564457}}, {'smartContract': {'address': {'address': '0x8c1e98a0bba4e5200e950e74cd62ccdaf6274768'}}, 'caller': {'address': '0xb754601d2c8c1389e6633b1449b84cce57788566'}, 'date': {'date': '2022-04-11'}, 'block': {'height': 14564428}}, {'smartContract': {'address': {'address': '0x61b3bb68bbd8e6550aa13bee806e7a63d24f183f'}}, 'caller': {'address': '0xb754601d2c8c1389e6633b1449b84cce57788566'}, 'date': {'date': '2022-04-11'}, 'block': {'height': 14564422}}, {'smartContract': {'address': {'address': '0x1f15f293c1cd3d05d58d3edeaf0c72c5a2dfeaff'}}, 'caller': {'address': '0xb754601d2c8c1389e6633b1449b84cce57788566'}, 'date': {'date': '2022-03-31'}, 'block': {'height': 14493583}}, {'smartContract': {'address': {'address': '0x9fc17aa5dc312633094fca8bb55638750b87e532'}}, 'caller': {'address': '0xb754601d2c8c1389e6633b1449b84cce57788566'}, 'date': {'date': '2022-03-31'}, 'block': {'height': 14493580}}, {'smartContract': {'address': {'address': '0x81cbc2e0a9d8bd3b1976e1292cc08762433f1f9e'}}, 'caller': {'address': '0xb754601d2c8c1389e6633b1449b84cce57788566'}, 'date': {'date': '2022-03-31'}, 'block': {'height': 14493579}}, {'smartContract': {'address': {'address': '0x3c3f3cd07c290ec3a4da12633dff415f868c7c19'}}, 'caller': {'address': '0xb754601d2c8c1389e6633b1449b84cce57788566'}, 'date': {'date': '2022-03-31'}, 'block': {'height': 14493569}}, {'smartContract': {'address': {'address': '0xebfb3b9f34307de7a72edda8696c1e14e0f41d8b'}}, 'caller': {'address': '0xb754601d2c8c1389e6633b1449b84cce57788566'}, 'date': {'date': '2022-03-02'}, 'block': {'height': 14307275}}, {'smartContract': {'address': {'address': '0x0f7615375e3671de18ca653a5a7f332c50360fff'}}, 'caller': {'address': '0xb754601d2c8c1389e6633b1449b84cce57788566'}, 'date': {'date': '2022-03-02'}, 'block': {'height': 14307274}}, {'smartContract': {'address': {'address': '0xdb33de0ee7b1410d653ada5d05aef9cf37ef0911'}}, 'caller': {'address': '0xb754601d2c8c1389e6633b1449b84cce57788566'}, 'date': {'date': '2022-03-02'}, 'block': {'height': 14307272}}, {'smartContract': {'address': {'address': '0x2d96fde7319f28732d042201da15dc4023a59a39'}}, 'caller': {'address': '0xb754601d2c8c1389e6633b1449b84cce57788566'}, 'date': {'date': '2022-03-02'}, 'block': {'height': 14307269}}, {'smartContract': {'address': {'address': '0x6e0c982c05b6fb0d7465476ddef7b1b7cbe26fcb'}}, 'caller': {'address': '0xb754601d2c8c1389e6633b1449b84cce57788566'}, 'date': {'date': '2022-01-29'}, 'block': {'height': 14099888}}, {'smartContract': {'address': {'address': '0x47795ab886f53719e38780cedf40083aaec28315'}}, 'caller': {'address': '0xb754601d2c8c1389e6633b1449b84cce57788566'}, 'date': {'date': '2021-12-30'}, 'block': {'height': 13905774}}, {'smartContract': {'address': {'address': '0x8c4075ef135aaebb2f0fd445635e305a162e4411'}}, 'caller': {'address': '0xb754601d2c8c1389e6633b1449b84cce57788566'}, 'date': {'date': '2021-12-19'}, 'block': {'height': 13835655}}, {'smartContract': {'address': {'address': '0x802630d770df0296ef4ae17d146172e5eb69ef70'}}, 'caller': {'address': '0xb754601d2c8c1389e6633b1449b84cce57788566'}, 'date': {'date': '2021-12-19'}, 'block': {'height': 13833723}}, {'smartContract': {'address': {'address': '0xf2bfa8f74f6b5f8ea92c92d03021bfc1ba806267'}}, 'caller': {'address': '0xb754601d2c8c1389e6633b1449b84cce57788566'}, 'date': {'date': '2021-12-18'}, 'block': {'height': 13828650}}, {'smartContract': {'address': {'address': '0x4703738dec2bbbddb5ec06c4ca5c76d325f31bc6'}}, 'caller': {'address': '0xb754601d2c8c1389e6633b1449b84cce57788566'}, 'date': {'date': '2021-12-18'}, 'block': {'height': 13828455}}, {'smartContract': {'address': {'address': '0x52c1e7e4bb6ffd5230c389be5f186403c4be2f2d'}}, 'caller': {'address': '0xb754601d2c8c1389e6633b1449b84cce57788566'}, 'date': {'date': '2021-12-14'}, 'block': {'height': 13802738}}, {'smartContract': {'address': {'address': '0xe7a55c10c74720fab86f483fea2181ded3f10134'}}, 'caller': {'address': '0xb754601d2c8c1389e6633b1449b84cce57788566'}, 'date': {'date': '2021-12-14'}, 'block': {'height': 13802642}}, {'smartContract': {'address': {'address': '0xa8afb8272434f76f9cd0fd483f15c69aaf9a2e68'}}, 'caller': {'address': '0xb754601d2c8c1389e6633b1449b84cce57788566'}, 'date': {'date': '2021-10-02'}, 'block': {'height': 13338416}}, {'smartContract': {'address': {'address': '0xf5d7bd43597ecfe1a3cf812d6589b2b89bde157d'}}, 'caller': {'address': '0xb754601d2c8c1389e6633b1449b84cce57788566'}, 'date': {'date': '2021-10-02'}, 'block': {'height': 13338383}}, {'smartContract': {'address': {'address': '0x3c16bb476315ce0c66c659e0c2fd1657e62813fa'}}, 'caller': {'address': '0xb754601d2c8c1389e6633b1449b84cce57788566'}, 'date': {'date': '2021-10-02'}, 'block': {'height': 13338263}}, {'smartContract': {'address': {'address': '0xfcd791c74f16061f341fe2a1f5d8fdd3d32601ef'}}, 'caller': {'address': '0xb754601d2c8c1389e6633b1449b84cce57788566'}, 'date': {'date': '2021-10-01'}, 'block': {'height': 13333693}}, {'smartContract': {'address': {'address': '0x96aa3bd52181b4a540834c63b32b80fd8c3e815a'}}, 'caller': {'address': '0xb754601d2c8c1389e6633b1449b84cce57788566'}, 'date': {'date': '2021-09-17'}, 'block': {'height': 13242792}}, {'smartContract': {'address': {'address': '0x0b7438606a13f4e91305b36b7596dda4679689e3'}}, 'caller': {'address': '0xb754601d2c8c1389e6633b1449b84cce57788566'}, 'date': {'date': '2021-09-08'}, 'block': {'height': 13185775}}, {'smartContract': {'address': {'address': '0xd0a95cce85719f3fa699f5971d4378c22890631c'}}, 'caller': {'address': '0xb754601d2c8c1389e6633b1449b84cce57788566'}, 'date': {'date': '2021-09-08'}, 'block': {'height': 13185774}}, {'smartContract': {'address': {'address': '0xb75acece1f77fe7059cfff8ef76f73b7e999edd2'}}, 'caller': {'address': '0xb754601d2c8c1389e6633b1449b84cce57788566'}, 'date': {'date': '2021-09-08'}, 'block': {'height': 13183341}}, {'smartContract': {'address': {'address': '0xa60184b67a665ede46774b5fee0acdf115080456'}}, 'caller': {'address': '0xb754601d2c8c1389e6633b1449b84cce57788566'}, 'date': {'date': '2021-09-08'}, 'block': {'height': 13183339}}, {'smartContract': {'address': {'address': '0x2733a766d2d79d26b2d23343db5bf38290f67f22'}}, 'caller': {'address': '0xb754601d2c8c1389e6633b1449b84cce57788566'}, 'date': {'date': '2021-09-03'}, 'block': {'height': 13150997}}, {'smartContract': {'address': {'address': '0x76dc7e3e883017741d8dc050debe5fe6deaaa409'}}, 'caller': {'address': '0xb754601d2c8c1389e6633b1449b84cce57788566'}, 'date': {'date': '2021-09-03'}, 'block': {'height': 13150995}}, {'smartContract': {'address': {'address': '0x2504b6a3fa927cd7ea0cf713fc6ad9124b80f1b8'}}, 'caller': {'address': '0xb754601d2c8c1389e6633b1449b84cce57788566'}, 'date': {'date': '2021-08-11'}, 'block': {'height': 13003945}}, {'smartContract': {'address': {'address': '0x129b9083a9f02aed65e31644a8103d5aa2c73701'}}, 'caller': {'address': '0xb754601d2c8c1389e6633b1449b84cce57788566'}, 'date': {'date': '2021-07-02'}, 'block': {'height': 12748773}}, {'smartContract': {'address': {'address': '0xc649a0442073d993a1b629449d18c57cd6827534'}}, 'caller': {'address': '0xb754601d2c8c1389e6633b1449b84cce57788566'}, 'date': {'date': '2021-07-02'}, 'block': {'height': 12748770}}, {'smartContract': {'address': {'address': '0xb63aeee274c5b3e17e3070f00eeafc916b7f3452'}}, 'caller': {'address': '0xb754601d2c8c1389e6633b1449b84cce57788566'}, 'date': {'date': '2021-05-30'}, 'block': {'height': 12535500}}, {'smartContract': {'address': {'address': '0x2dd97bed16800c7ed1230786d09cd5f46a133ed9'}}, 'caller': {'address': '0xb754601d2c8c1389e6633b1449b84cce57788566'}, 'date': {'date': '2021-05-27'}, 'block': {'height': 12515947}}, {'smartContract': {'address': {'address': '0x541d78076352a884c8358a2ac3f36408b99a18db'}}, 'caller': {'address': '0xb754601d2c8c1389e6633b1449b84cce57788566'}, 'date': {'date': '2021-05-26'}, 'block': {'height': 12510374}}, {'smartContract': {'address': {'address': '0xa282b17d36b0b7548989f113a0cafa2bf06b79b1'}}, 'caller': {'address': '0xb754601d2c8c1389e6633b1449b84cce57788566'}, 'date': {'date': '2021-05-26'}, 'block': {'height': 12510359}}, {'smartContract': {'address': {'address': '0x14dae6a4adb2f0c44756d209404e3495ac01e377'}}, 'caller': {'address': '0xb754601d2c8c1389e6633b1449b84cce57788566'}, 'date': {'date': '2021-04-30'}, 'block': {'height': 12341755}}, {'smartContract': {'address': {'address': '0x94f748bfd1483750a7df01acd993213ab64c960f'}}, 'caller': {'address': '0xb754601d2c8c1389e6633b1449b84cce57788566'}, 'date': {'date': '2021-04-30'}, 'block': {'height': 12341749}}, {'smartContract': {'address': {'address': '0xedb2f430b951cfaa48cce0ce5be9621f52ec6554'}}, 'caller': {'address': '0xb754601d2c8c1389e6633b1449b84cce57788566'}, 'date': {'date': '2021-04-30'}, 'block': {'height': 12341743}}, {'smartContract': {'address': {'address': '0xcbf944ad94e7bd190d6752e28f8c09be1da10198'}}, 'caller': {'address': '0xb754601d2c8c1389e6633b1449b84cce57788566'}, 'date': {'date': '2021-04-25'}, 'block': {'height': 12308835}}, {'smartContract': {'address': {'address': '0xcf55b32955abece275cd67406e1da6815b33da71'}}, 'caller': {'address': '0xb754601d2c8c1389e6633b1449b84cce57788566'}, 'date': {'date': '2021-04-22'}, 'block': {'height': 12289458}}, {'smartContract': {'address': {'address': '0x0769747d4cac06bc2320e0bb1efb31d53fa0aaa1'}}, 'caller': {'address': '0xb754601d2c8c1389e6633b1449b84cce57788566'}, 'date': {'date': '2021-04-21'}, 'block': {'height': 12283845}}, {'smartContract': {'address': {'address': '0x9d2efa062ab5b3cef05ec569fa5f6d8044c03466'}}, 'caller': {'address': '0xb754601d2c8c1389e6633b1449b84cce57788566'}, 'date': {'date': '2021-04-21'}, 'block': {'height': 12283838}}, {'smartContract': {'address': {'address': '0xa00942e25dfad2473b529642e39bbdf38d23df5a'}}, 'caller': {'address': '0xb754601d2c8c1389e6633b1449b84cce57788566'}, 'date': {'date': '2021-04-21'}, 'block': {'height': 12283799}}, {'smartContract': {'address': {'address': '0x0f9abb87a091190eec58c0a7cc18c842c3ac90cd'}}, 'caller': {'address': '0xb754601d2c8c1389e6633b1449b84cce57788566'}, 'date': {'date': '2021-04-21'}, 'block': {'height': 12283782}}, {'smartContract': {'address': {'address': '0xb05e8de2036ba9eaa4439b3c2243494a162203a5'}}, 'caller': {'address': '0xb754601d2c8c1389e6633b1449b84cce57788566'}, 'date': {'date': '2021-04-02'}, 'block': {'height': 12158466}}, {'smartContract': {'address': {'address': '0xedfd04db73323502d533ef8d0557c2549a3fc6ca'}}, 'caller': {'address': '0xb754601d2c8c1389e6633b1449b84cce57788566'}, 'date': {'date': '2021-03-10'}, 'block': {'height': 12009149}}, {'smartContract': {'address': {'address': '0x9b986b20243b62628f7b47a2dea602c29eb8ace1'}}, 'caller': {'address': '0xb754601d2c8c1389e6633b1449b84cce57788566'}, 'date': {'date': '2021-02-18'}, 'block': {'height': 11881158}}, {'smartContract': {'address': {'address': '0x038f4f2a032f69e5b2dfdf21623ad14b57f80fc7'}}, 'caller': {'address': '0xb754601d2c8c1389e6633b1449b84cce57788566'}, 'date': {'date': '2021-02-18'}, 'block': {'height': 11881146}}, {'smartContract': {'address': {'address': '0x1e7062f6458d67e74f84c37c189ab3e69eefdb58'}}, 'caller': {'address': '0xb754601d2c8c1389e6633b1449b84cce57788566'}, 'date': {'date': '2021-02-18'}, 'block': {'height': 11881017}}, {'smartContract': {'address': {'address': '0xc09d9d61aaef986f92058f29ee48136d16bde363'}}, 'caller': {'address': '0xb754601d2c8c1389e6633b1449b84cce57788566'}, 'date': {'date': '2021-02-11'}, 'block': {'height': 11832762}}, {'smartContract': {'address': {'address': '0x6c89f23a44d85ae63af37e25596422d36160656d'}}, 'caller': {'address': '0xb754601d2c8c1389e6633b1449b84cce57788566'}, 'date': {'date': '2021-02-05'}, 'block': {'height': 11797935}}, {'smartContract': {'address': {'address': '0x496599b4de503d5c5c11882501af64d04025c6dd'}}, 'caller': {'address': '0xb754601d2c8c1389e6633b1449b84cce57788566'}, 'date': {'date': '2021-02-04'}, 'block': {'height': 11789409}}, {'smartContract': {'address': {'address': '0x2576c08de9a369491d148f82356c5b1431da361a'}}, 'caller': {'address': '0xb754601d2c8c1389e6633b1449b84cce57788566'}, 'date': {'date': '2021-02-04'}, 'block': {'height': 11789407}}, {'smartContract': {'address': {'address': '0xfa9ba210f70987477f4d65639ebd194dc1184e61'}}, 'caller': {'address': '0xb754601d2c8c1389e6633b1449b84cce57788566'}, 'date': {'date': '2021-02-04'}, 'block': {'height': 11789377}}, {'smartContract': {'address': {'address': '0x4591379c30618239c349606a9c26741602b4ebf5'}}, 'caller': {'address': '0xb754601d2c8c1389e6633b1449b84cce57788566'}, 'date': {'date': '2021-02-04'}, 'block': {'height': 11789352}}, {'smartContract': {'address': {'address': '0xaf985437dca19deff89e61f83cd526b272523719'}}, 'caller': {'address': '0xb754601d2c8c1389e6633b1449b84cce57788566'}, 'date': {'date': '2021-02-04'}, 'block': {'height': 11789319}}, {'smartContract': {'address': {'address': '0x1058fba8e10c1df675c79ab988c18275f6337051'}}, 'caller': {'address': '0xb754601d2c8c1389e6633b1449b84cce57788566'}, 'date': {'date': '2021-02-04'}, 'block': {'height': 11789316}}, {'smartContract': {'address': {'address': '0xd5b3230ea9bf7bad9541f8564fa2fa72b350427b'}}, 'caller': {'address': '0xb754601d2c8c1389e6633b1449b84cce57788566'}, 'date': {'date': '2021-02-04'}, 'block': {'height': 11789298}}, {'smartContract': {'address': {'address': '0x5ea3e454fe9f099a1ec7f5d14213cbc86a7d1d45'}}, 'caller': {'address': '0xb754601d2c8c1389e6633b1449b84cce57788566'}, 'date': {'date': '2021-02-04'}, 'block': {'height': 11789285}}, {'smartContract': {'address': {'address': '0x1ef7a557cfa8436ee08790e3f2b190b8937fda0e'}}, 'caller': {'address': '0xb754601d2c8c1389e6633b1449b84cce57788566'}, 'date': {'date': '2021-02-04'}, 'block': {'height': 11789212}}, {'smartContract': {'address': {'address': '0x5e609760a190822e86ae1598faf9d82aa7944770'}}, 'caller': {'address': '0xb754601d2c8c1389e6633b1449b84cce57788566'}, 'date': {'date': '2021-02-04'}, 'block': {'height': 11789200}}, {'smartContract': {'address': {'address': '0xf70fd03dd7147557731f19e5a356421d0b39f407'}}, 'caller': {'address': '0xb754601d2c8c1389e6633b1449b84cce57788566'}, 'date': {'date': '2021-02-04'}, 'block': {'height': 11789028}}, {'smartContract': {'address': {'address': '0x80179c05b34c733d7cc59763c8f690222bf61e91'}}, 'caller': {'address': '0xb754601d2c8c1389e6633b1449b84cce57788566'}, 'date': {'date': '2021-02-04'}, 'block': {'height': 11788773}}, {'smartContract': {'address': {'address': '0x0c946caa389b7325141c035d71c667d4f9627697'}}, 'caller': {'address': '0xb754601d2c8c1389e6633b1449b84cce57788566'}, 'date': {'date': '2021-01-28'}, 'block': {'height': 11743480}}, {'smartContract': {'address': {'address': '0x636356f857f89af15cb67735b68b9b673b5cda6c'}}, 'caller': {'address': '0xb754601d2c8c1389e6633b1449b84cce57788566'}, 'date': {'date': '2021-01-18'}, 'block': {'height': 11681619}}, {'smartContract': {'address': {'address': '0x153dd4efb768dbd46d6c4f2d8a25a80f565e8bd9'}}, 'caller': {'address': '0xb754601d2c8c1389e6633b1449b84cce57788566'}, 'date': {'date': '2021-01-18'}, 'block': {'height': 11681618}}, {'smartContract': {'address': {'address': '0x39ac24fd08991b1d69a9ef7189bc718c988ff5b3'}}, 'caller': {'address': '0xb754601d2c8c1389e6633b1449b84cce57788566'}, 'date': {'date': '2021-01-18'}, 'block': {'height': 11681611}}, {'smartContract': {'address': {'address': '0x29f2a1a7c61fd7ea08bbcca95d53b1462b3ad4af'}}, 'caller': {'address': '0xb754601d2c8c1389e6633b1449b84cce57788566'}, 'date': {'date': '2021-01-18'}, 'block': {'height': 11681607}}, {'smartContract': {'address': {'address': '0x3fa729b4548becbad4eab6ef18413470e6d5324c'}}, 'caller': {'address': '0xb754601d2c8c1389e6633b1449b84cce57788566'}, 'date': {'date': '2021-01-18'}, 'block': {'height': 11681601}}, {'smartContract': {'address': {'address': '0x62d4f5ebf2c3fffd5f58183fa7cde61dbeb8d7b5'}}, 'caller': {'address': '0xb754601d2c8c1389e6633b1449b84cce57788566'}, 'date': {'date': '2021-01-18'}, 'block': {'height': 11681592}}, {'smartContract': {'address': {'address': '0x7e166ba6bff0e6391a6c9fd6f2ad9f847bf070ee'}}, 'caller': {'address': '0xb754601d2c8c1389e6633b1449b84cce57788566'}, 'date': {'date': '2021-01-18'}, 'block': {'height': 11681585}}, {'smartContract': {'address': {'address': '0x6ad299b9bd8312f47b132257a95842ba3c1c48b4'}}, 'caller': {'address': '0xb754601d2c8c1389e6633b1449b84cce57788566'}, 'date': {'date': '2021-01-17'}, 'block': {'height': 11672556}}, {'smartContract': {'address': {'address': '0x989c41f84cbda8c677d9b83565596787a522a00d'}}, 'caller': {'address': '0xb754601d2c8c1389e6633b1449b84cce57788566'}, 'date': {'date': '2021-01-17'}, 'block': {'height': 11672543}}, {'smartContract': {'address': {'address': '0xbb2390d791850d976c87dbbada1d9992c9b123ad'}}, 'caller': {'address': '0xb754601d2c8c1389e6633b1449b84cce57788566'}, 'date': {'date': '2021-01-17'}, 'block': {'height': 11672525}}, {'smartContract': {'address': {'address': '0x4c5f47cd8f4b2147d32a6f3314f854f9655e8e6a'}}, 'caller': {'address': '0xb754601d2c8c1389e6633b1449b84cce57788566'}, 'date': {'date': '2021-01-17'}, 'block': {'height': 11672521}}, {'smartContract': {'address': {'address': '0x1fac81af4dde6276e5e3283ff2b0bd9970b8e755'}}, 'caller': {'address': '0xb754601d2c8c1389e6633b1449b84cce57788566'}, 'date': {'date': '2021-01-17'}, 'block': {'height': 11672516}}, {'smartContract': {'address': {'address': '0xca33913c9c553e5c165e0413e0278bf03afa5cce'}}, 'caller': {'address': '0xb754601d2c8c1389e6633b1449b84cce57788566'}, 'date': {'date': '2021-01-17'}, 'block': {'height': 11672513}}, {'smartContract': {'address': {'address': '0xaffdd36e419e5663c321e823c52c212b62999d95'}}, 'caller': {'address': '0xb754601d2c8c1389e6633b1449b84cce57788566'}, 'date': {'date': '2021-01-17'}, 'block': {'height': 11672512}}, {'smartContract': {'address': {'address': '0x7b539639fd6470ad6b2e0311f86286e55998a7a7'}}, 'caller': {'address': '0xb754601d2c8c1389e6633b1449b84cce57788566'}, 'date': {'date': '2021-01-17'}, 'block': {'height': 11672505}}, {'smartContract': {'address': {'address': '0x0811ad996cd39cecaedce64a51793cfebb913c12'}}, 'caller': {'address': '0xb754601d2c8c1389e6633b1449b84cce57788566'}, 'date': {'date': '2020-11-19'}, 'block': {'height': 11289411}}, {'smartContract': {'address': {'address': '0x5deb3f3a56441454ee063018d1e2e08ffab0982f'}}, 'caller': {'address': '0xb754601d2c8c1389e6633b1449b84cce57788566'}, 'date': {'date': '2020-11-19'}, 'block': {'height': 11289406}}, {'smartContract': {'address': {'address': '0xffe68092f1430c3cb0e89dda4c99328ad1dde5a3'}}, 'caller': {'address': '0xb754601d2c8c1389e6633b1449b84cce57788566'}, 'date': {'date': '2020-11-19'}, 'block': {'height': 11289280}}, {'smartContract': {'address': {'address': '0x03d0ab4333329aa9f63c9c1d859b7360bb863151'}}, 'caller': {'address': '0xb754601d2c8c1389e6633b1449b84cce57788566'}, 'date': {'date': '2020-11-19'}, 'block': {'height': 11289277}}, {'smartContract': {'address': {'address': '0x26fb67e9eb170aa01ced962a007350725b037fb3'}}, 'caller': {'address': '0xb754601d2c8c1389e6633b1449b84cce57788566'}, 'date': {'date': '2020-09-29'}, 'block': {'height': 10957920}}, {'smartContract': {'address': {'address': '0x4afe6828e15f7c7144d5532eeace2f5838888e3c'}}, 'caller': {'address': '0xb754601d2c8c1389e6633b1449b84cce57788566'}, 'date': {'date': '2020-09-29'}, 'block': {'height': 10957889}}, {'smartContract': {'address': {'address': '0xb7b2a71f1020906519de942dda52d7308132393a'}}, 'caller': {'address': '0xb754601d2c8c1389e6633b1449b84cce57788566'}, 'date': {'date': '2020-09-29'}, 'block': {'height': 10957884}}, {'smartContract': {'address': {'address': '0xda90ab57fff622ab3398ad753ce2a10c36f548c5'}}, 'caller': {'address': '0xb754601d2c8c1389e6633b1449b84cce57788566'}, 'date': {'date': '2020-09-29'}, 'block': {'height': 10957446}}]",2021-01-18
229,229,0x0adA190c81b814548ddC2F6AdC4a689ce7C1FE73,yAxis V2,https://github.com/yaxis-project/metavault,0x65F84A48e640a908d0DF7B6f00B871352F77022D,631405.4242,"[{'smartContract': {'address': {'address': '0xd0c9432625a181c823b3e63d5e6656f87231ae96'}}, 'caller': {'address': '0x65f84a48e640a908d0df7b6f00b871352f77022d'}, 'date': {'date': '2021-08-31'}, 'block': {'height': 13133477}}, {'smartContract': {'address': {'address': '0xdb6e6904d50f9d9df5554eb9aace2f95e6712739'}}, 'caller': {'address': '0x65f84a48e640a908d0df7b6f00b871352f77022d'}, 'date': {'date': '2021-06-17'}, 'block': {'height': 12653586}}, {'smartContract': {'address': {'address': '0x5cd9d7977f9e431399e8186339d9ecbf88ed43f2'}}, 'caller': {'address': '0x65f84a48e640a908d0df7b6f00b871352f77022d'}, 'date': {'date': '2021-04-24'}, 'block': {'height': 12304517}}, {'smartContract': {'address': {'address': '0xb6c352587f4a92d3c7946bf42fe6d4d3acd1f312'}}, 'caller': {'address': '0x65f84a48e640a908d0df7b6f00b871352f77022d'}, 'date': {'date': '2021-04-24'}, 'block': {'height': 12304158}}, {'smartContract': {'address': {'address': '0x226f9954a1221cde805c76cfb312a5d761630e14'}}, 'caller': {'address': '0x65f84a48e640a908d0df7b6f00b871352f77022d'}, 'date': {'date': '2021-04-17'}, 'block': {'height': 12257621}}, {'smartContract': {'address': {'address': '0xedafe410e2f07ab9d7f1b04316d29c2f49dcb104'}}, 'caller': {'address': '0x65f84a48e640a908d0df7b6f00b871352f77022d'}, 'date': {'date': '2021-04-17'}, 'block': {'height': 12257612}}, {'smartContract': {'address': {'address': '0x3b09b9adfe11f92225b4c55de89fa81456595cd9'}}, 'caller': {'address': '0x65f84a48e640a908d0df7b6f00b871352f77022d'}, 'date': {'date': '2021-04-17'}, 'block': {'height': 12257606}}, {'smartContract': {'address': {'address': '0xf0e3fdf48661cd10d56692f60bd4eccd01e9cf64'}}, 'caller': {'address': '0x5c69bee701ef814a2b6a3edd4b1652cb9cc5aa6f'}, 'date': {'date': '2021-04-17'}, 'block': {'height': 12257594}}, {'smartContract': {'address': {'address': '0xcdf398537adbf8617a8401b14dcee7f67cf8c64b'}}, 'caller': {'address': '0x65f84a48e640a908d0df7b6f00b871352f77022d'}, 'date': {'date': '2021-04-17'}, 'block': {'height': 12257575}}, {'smartContract': {'address': {'address': '0x0ada190c81b814548ddc2f6adc4a689ce7c1fe73'}}, 'caller': {'address': '0x65f84a48e640a908d0df7b6f00b871352f77022d'}, 'date': {'date': '2021-04-17'}, 'block': {'height': 12257573}}, {'smartContract': {'address': {'address': '0x2a2c209b625f01447594ff79ab18813eb73a9a23'}}, 'caller': {'address': '0x65f84a48e640a908d0df7b6f00b871352f77022d'}, 'date': {'date': '2021-04-17'}, 'block': {'height': 12257556}}, {'smartContract': {'address': {'address': '0x3e64d8f1fe65055b6a676382fcc310f095cf53a1'}}, 'caller': {'address': '0x65f84a48e640a908d0df7b6f00b871352f77022d'}, 'date': {'date': '2021-04-17'}, 'block': {'height': 12257545}}, {'smartContract': {'address': {'address': '0x03481128b92b8ff680e72415512cc20299874f86'}}, 'caller': {'address': '0x65f84a48e640a908d0df7b6f00b871352f77022d'}, 'date': {'date': '2021-04-17'}, 'block': {'height': 12257541}}, {'smartContract': {'address': {'address': '0xdf33a69a938781e91a15a9bf25e158a3f1b2e7fa'}}, 'caller': {'address': '0x65f84a48e640a908d0df7b6f00b871352f77022d'}, 'date': {'date': '2021-04-17'}, 'block': {'height': 12257539}}, {'smartContract': {'address': {'address': '0xb57eabf6d8cd38408c32972a22da42fb27b8d008'}}, 'caller': {'address': '0x65f84a48e640a908d0df7b6f00b871352f77022d'}, 'date': {'date': '2021-04-17'}, 'block': {'height': 12257537}}, {'smartContract': {'address': {'address': '0x2eab685d85aa52e4d8b6699ba5aac3b0c3992c3b'}}, 'caller': {'address': '0x65f84a48e640a908d0df7b6f00b871352f77022d'}, 'date': {'date': '2021-04-11'}, 'block': {'height': 12218907}}, {'smartContract': {'address': {'address': '0x9354b082e5cedb41422fb9d4669ab8b7f8511aee'}}, 'caller': {'address': '0x65f84a48e640a908d0df7b6f00b871352f77022d'}, 'date': {'date': '2021-04-11'}, 'block': {'height': 12218906}}, {'smartContract': {'address': {'address': '0x01fef0d5d6fd6b5701ae913cafb11ddaee982c9a'}}, 'caller': {'address': '0x65f84a48e640a908d0df7b6f00b871352f77022d'}, 'date': {'date': '2021-03-26'}, 'block': {'height': 12117027}}, {'smartContract': {'address': {'address': '0x5ac33a7fdee633113ee4c002148b469870a17186'}}, 'caller': {'address': '0x65f84a48e640a908d0df7b6f00b871352f77022d'}, 'date': {'date': '2021-03-26'}, 'block': {'height': 12117027}}, {'smartContract': {'address': {'address': '0x2e93242202a13dd451c3147fc417ce95d49b0281'}}, 'caller': {'address': '0x65f84a48e640a908d0df7b6f00b871352f77022d'}, 'date': {'date': '2021-02-27'}, 'block': {'height': 11941752}}, {'smartContract': {'address': {'address': '0xed93becebab166abeeac1c5fa3b5a0caa0d34891'}}, 'caller': {'address': '0x65f84a48e640a908d0df7b6f00b871352f77022d'}, 'date': {'date': '2021-02-24'}, 'block': {'height': 11922545}}, {'smartContract': {'address': {'address': '0xe9aeb4482c846e48ca021a75a3e2f492485e881e'}}, 'caller': {'address': '0x65f84a48e640a908d0df7b6f00b871352f77022d'}, 'date': {'date': '2021-02-24'}, 'block': {'height': 11922542}}, {'smartContract': {'address': {'address': '0x2a09392a6fbe7c5b9ca686a5f89387cd0045ea35'}}, 'caller': {'address': '0x65f84a48e640a908d0df7b6f00b871352f77022d'}, 'date': {'date': '2021-02-24'}, 'block': {'height': 11922541}}, {'smartContract': {'address': {'address': '0x5bbc6ff70680d1dfefd4685cbded5363a4db9b66'}}, 'caller': {'address': '0x65f84a48e640a908d0df7b6f00b871352f77022d'}, 'date': {'date': '2021-02-24'}, 'block': {'height': 11922538}}, {'smartContract': {'address': {'address': '0x0d857688d6a223a2f4e58cdd44119abb7dc5a790'}}, 'caller': {'address': '0x65f84a48e640a908d0df7b6f00b871352f77022d'}, 'date': {'date': '2021-02-24'}, 'block': {'height': 11922537}}, {'smartContract': {'address': {'address': '0x443ed48f975e02ea67ca0d2be0b4d4806d1e31f2'}}, 'caller': {'address': '0x65f84a48e640a908d0df7b6f00b871352f77022d'}, 'date': {'date': '2021-02-24'}, 'block': {'height': 11922533}}, {'smartContract': {'address': {'address': '0x85eafd0c294d4ce499af652b0aa8a4c7b206a6e5'}}, 'caller': {'address': '0x65f84a48e640a908d0df7b6f00b871352f77022d'}, 'date': {'date': '2021-02-23'}, 'block': {'height': 11915138}}, {'smartContract': {'address': {'address': '0x3c7618f78a5ccbe9d2a45d2f71c68b688a89c655'}}, 'caller': {'address': '0x65f84a48e640a908d0df7b6f00b871352f77022d'}, 'date': {'date': '2021-02-21'}, 'block': {'height': 11901669}}, {'smartContract': {'address': {'address': '0xa4ea2fd4a88cb66488109efb8ecd4a96f5376261'}}, 'caller': {'address': '0x65f84a48e640a908d0df7b6f00b871352f77022d'}, 'date': {'date': '2021-02-21'}, 'block': {'height': 11901666}}, {'smartContract': {'address': {'address': '0x8dfddc191c6fd7596deeef52bc783546993962ee'}}, 'caller': {'address': '0x65f84a48e640a908d0df7b6f00b871352f77022d'}, 'date': {'date': '2021-02-21'}, 'block': {'height': 11901665}}, {'smartContract': {'address': {'address': '0x18dbefac8eb66fdf559e31d5c154f4ffbc63ff99'}}, 'caller': {'address': '0x65f84a48e640a908d0df7b6f00b871352f77022d'}, 'date': {'date': '2021-02-21'}, 'block': {'height': 11901663}}, {'smartContract': {'address': {'address': '0xd2c5fe04d97c8c7cea36fbb5016e934c39dce549'}}, 'caller': {'address': '0x65f84a48e640a908d0df7b6f00b871352f77022d'}, 'date': {'date': '2021-02-21'}, 'block': {'height': 11901661}}, {'smartContract': {'address': {'address': '0xe3d32c20be68e6189a52f60148c850df7a2bb5dd'}}, 'caller': {'address': '0x65f84a48e640a908d0df7b6f00b871352f77022d'}, 'date': {'date': '2021-02-21'}, 'block': {'height': 11901660}}, {'smartContract': {'address': {'address': '0x27762c069c897ed2244e3e8164068e5f1f09e429'}}, 'caller': {'address': '0x65f84a48e640a908d0df7b6f00b871352f77022d'}, 'date': {'date': '2021-02-21'}, 'block': {'height': 11901640}}]",2021-04-17
230,230,0x2F57430a6ceDA85a67121757785877b4a71b8E6D,Defi Plaza governance,https://github.com/OmegaSyndicate,0x0422Afb5481a21b3FEA2C94e08dFAD45da1975B7,620505.1611,"[{'smartContract': {'address': {'address': '0x9a9ed06781797ec41dcbbff9c555974a7a2d3151'}}, 'caller': {'address': '0x0422afb5481a21b3fea2c94e08dfad45da1975b7'}, 'date': {'date': '2022-09-30'}, 'block': {'height': 15645591}}, {'smartContract': {'address': {'address': '0x107feef31fc26bb63e7954272a999ecf37573f85'}}, 'caller': {'address': '0x0422afb5481a21b3fea2c94e08dfad45da1975b7'}, 'date': {'date': '2022-08-07'}, 'block': {'height': 15296825}}, {'smartContract': {'address': {'address': '0x678eb80e115ad6c7c076ac50bad5b72da8362b05'}}, 'caller': {'address': '0x0422afb5481a21b3fea2c94e08dfad45da1975b7'}, 'date': {'date': '2022-08-05'}, 'block': {'height': 15284829}}, {'smartContract': {'address': {'address': '0xe23d093a19438a33e8fb13b3256712c8821598ab'}}, 'caller': {'address': '0x0422afb5481a21b3fea2c94e08dfad45da1975b7'}, 'date': {'date': '2022-08-04'}, 'block': {'height': 15274628}}, {'smartContract': {'address': {'address': '0x633216a995ee62160ebd62f7ac1d0b89852fd9e1'}}, 'caller': {'address': '0x0422afb5481a21b3fea2c94e08dfad45da1975b7'}, 'date': {'date': '2022-07-20'}, 'block': {'height': 15182525}}, {'smartContract': {'address': {'address': '0xb2cf53390298a8ab0a3fa54bed2071146c98d0bd'}}, 'caller': {'address': '0x0422afb5481a21b3fea2c94e08dfad45da1975b7'}, 'date': {'date': '2022-07-20'}, 'block': {'height': 15179237}}, {'smartContract': {'address': {'address': '0xad80755719d3bfd88d64d88a667673e4b8a2b784'}}, 'caller': {'address': '0x0422afb5481a21b3fea2c94e08dfad45da1975b7'}, 'date': {'date': '2022-07-14'}, 'block': {'height': 15139050}}, {'smartContract': {'address': {'address': '0x3a2b8cc91af8bf45f3ec61e779ee1c2ba6b7e694'}}, 'caller': {'address': '0x0422afb5481a21b3fea2c94e08dfad45da1975b7'}, 'date': {'date': '2022-07-04'}, 'block': {'height': 15075190}}, {'smartContract': {'address': {'address': '0x874b5d6476f214e37f042cfc555c07fe99c6d83e'}}, 'caller': {'address': '0x0422afb5481a21b3fea2c94e08dfad45da1975b7'}, 'date': {'date': '2022-06-26'}, 'block': {'height': 15028313}}, {'smartContract': {'address': {'address': '0x27199999da84864d9b8bce9f3fb95fcf91cd6b32'}}, 'caller': {'address': '0x0422afb5481a21b3fea2c94e08dfad45da1975b7'}, 'date': {'date': '2021-12-03'}, 'block': {'height': 13733216}}, {'smartContract': {'address': {'address': '0x420d6938b5631904c5329d6a1fc099c2d456af5d'}}, 'caller': {'address': '0x0422afb5481a21b3fea2c94e08dfad45da1975b7'}, 'date': {'date': '2021-11-29'}, 'block': {'height': 13707110}}, {'smartContract': {'address': {'address': '0x3f48a86ba5dd93762dab852dc183b5bde3968e9d'}}, 'caller': {'address': '0x0422afb5481a21b3fea2c94e08dfad45da1975b7'}, 'date': {'date': '2021-11-25'}, 'block': {'height': 13683004}}, {'smartContract': {'address': {'address': '0x266ca88c616ff9d55dfffa7d133cf2b097e79845'}}, 'caller': {'address': '0x0422afb5481a21b3fea2c94e08dfad45da1975b7'}, 'date': {'date': '2021-10-26'}, 'block': {'height': 13491209}}, {'smartContract': {'address': {'address': '0x56bba67f78605dd5a42ceae8ec172d058e6281dd'}}, 'caller': {'address': '0x0422afb5481a21b3fea2c94e08dfad45da1975b7'}, 'date': {'date': '2021-10-19'}, 'block': {'height': 13447490}}, {'smartContract': {'address': {'address': '0xaa00bc9a91079a9579b66e61baf83228f5e004b6'}}, 'caller': {'address': '0x0422afb5481a21b3fea2c94e08dfad45da1975b7'}, 'date': {'date': '2021-10-03'}, 'block': {'height': 13347251}}, {'smartContract': {'address': {'address': '0xe68c1d72340aeefe5be76eda63ae2f4bc7514110'}}, 'caller': {'address': '0x0422afb5481a21b3fea2c94e08dfad45da1975b7'}, 'date': {'date': '2021-10-03'}, 'block': {'height': 13346613}}, {'smartContract': {'address': {'address': '0x2f57430a6ceda85a67121757785877b4a71b8e6d'}}, 'caller': {'address': '0x0422afb5481a21b3fea2c94e08dfad45da1975b7'}, 'date': {'date': '2021-10-03'}, 'block': {'height': 13346531}}, {'smartContract': {'address': {'address': '0xd08fedd6ba1a1ad289a1a8503de45d9aef53cf15'}}, 'caller': {'address': '0x0422afb5481a21b3fea2c94e08dfad45da1975b7'}, 'date': {'date': '2021-07-10'}, 'block': {'height': 12798163}}, {'smartContract': {'address': {'address': '0xdb95a0b49472779c5a762a4b0c6b726a0910d4c3'}}, 'caller': {'address': '0x0422afb5481a21b3fea2c94e08dfad45da1975b7'}, 'date': {'date': '2021-07-09'}, 'block': {'height': 12792637}}, {'smartContract': {'address': {'address': '0xfd30b0d8420132c766e49f600b52c958940ad760'}}, 'caller': {'address': '0x0422afb5481a21b3fea2c94e08dfad45da1975b7'}, 'date': {'date': '2021-07-05'}, 'block': {'height': 12768266}}, {'smartContract': {'address': {'address': '0x76443d1429b6394050c9a68a0a4bb82cc2ce798c'}}, 'caller': {'address': '0x0422afb5481a21b3fea2c94e08dfad45da1975b7'}, 'date': {'date': '2021-07-05'}, 'block': {'height': 12766520}}, {'smartContract': {'address': {'address': '0x644816d7b2af72540e3daeded0a0349dbe96d2a9'}}, 'caller': {'address': '0x0422afb5481a21b3fea2c94e08dfad45da1975b7'}, 'date': {'date': '2021-07-04'}, 'block': {'height': 12762962}}, {'smartContract': {'address': {'address': '0x50ae4c9de691bcab929a7aaff702a98ab9fce4b3'}}, 'caller': {'address': '0x0422afb5481a21b3fea2c94e08dfad45da1975b7'}, 'date': {'date': '2021-06-24'}, 'block': {'height': 12695604}}, {'smartContract': {'address': {'address': '0x134fc6beb54e710e30b21e52fb86ffed0c8e36c2'}}, 'caller': {'address': '0x0422afb5481a21b3fea2c94e08dfad45da1975b7'}, 'date': {'date': '2021-06-24'}, 'block': {'height': 12695593}}, {'smartContract': {'address': {'address': '0xc9444d31a580d35a951f77b36f0de073dac69316'}}, 'caller': {'address': '0x0422afb5481a21b3fea2c94e08dfad45da1975b7'}, 'date': {'date': '2021-06-24'}, 'block': {'height': 12695586}}, {'smartContract': {'address': {'address': '0xb16e4c40576cd3fae4e1d182179d2811613f0311'}}, 'caller': {'address': '0x0422afb5481a21b3fea2c94e08dfad45da1975b7'}, 'date': {'date': '2021-06-23'}, 'block': {'height': 12692100}}, {'smartContract': {'address': {'address': '0x2cb76169746e21d502db1d64aca1d5f8c04b2496'}}, 'caller': {'address': '0x0422afb5481a21b3fea2c94e08dfad45da1975b7'}, 'date': {'date': '2021-06-23'}, 'block': {'height': 12692092}}, {'smartContract': {'address': {'address': '0x18ad2cbbb052b5f300e5632d907e619537b7441c'}}, 'caller': {'address': '0x0422afb5481a21b3fea2c94e08dfad45da1975b7'}, 'date': {'date': '2021-06-23'}, 'block': {'height': 12692091}}]",2021-10-03
231,231,0x4104b135DBC9609Fc1A9490E61369036497660c8,(Proxy contract) APWine Token,https://github.com/APWine,0x9BA84de65ACfb90cd6fEc95F08574e4f2c32B6e8,620448.3377,"[{'smartContract': {'address': {'address': '0xd0db1516dc4aa963fd8aa4de41e49502d06fc336'}}, 'caller': {'address': '0x9ba84de65acfb90cd6fec95f08574e4f2c32b6e8'}, 'date': {'date': '2021-05-25'}, 'block': {'height': 12504313}}, {'smartContract': {'address': {'address': '0x2e0561e87bb1c29d7e6259e163b03b7ab93e2987'}}, 'caller': {'address': '0x9ba84de65acfb90cd6fec95f08574e4f2c32b6e8'}, 'date': {'date': '2021-05-18'}, 'block': {'height': 12457442}}, {'smartContract': {'address': {'address': '0x16d96ba86512b4f8d10bd74b1061d9f576d9c55d'}}, 'caller': {'address': '0x9ba84de65acfb90cd6fec95f08574e4f2c32b6e8'}, 'date': {'date': '2021-05-17'}, 'block': {'height': 12451390}}, {'smartContract': {'address': {'address': '0x4104b135dbc9609fc1a9490e61369036497660c8'}}, 'caller': {'address': '0x9ba84de65acfb90cd6fec95f08574e4f2c32b6e8'}, 'date': {'date': '2021-05-17'}, 'block': {'height': 12451111}}, {'smartContract': {'address': {'address': '0x01b4314072fe86a497e97bd6ad48b635fbe7e1ee'}}, 'caller': {'address': '0x9ba84de65acfb90cd6fec95f08574e4f2c32b6e8'}, 'date': {'date': '2021-05-17'}, 'block': {'height': 12451100}}, {'smartContract': {'address': {'address': '0x134c0591183e9c8a39250a9a04e6f8585bc8157f'}}, 'caller': {'address': '0x9ba84de65acfb90cd6fec95f08574e4f2c32b6e8'}, 'date': {'date': '2021-05-17'}, 'block': {'height': 12451087}}]",2021-05-17
232,232,0xD0Cd466b34A24fcB2f87676278AF2005Ca8A78c4,Popcorn,https://github.com/popcorndao/,0x909d05F384D0663eD4BE59863815aB43b4f347Ec,613770.3297,[],2021-04-14
233,233,0x66C0DDEd8433c9EA86C8cf91237B14e10b4d70B7,MarsToken,https://github.com/MarsFi/,0x65785917BC751F6506Bd4818527B1909D0B1e57a,608323.4037,"[{'smartContract': {'address': {'address': '0xddf23427abe061cd10408661bd3a7d051efe7fed'}}, 'caller': {'address': '0x65785917bc751f6506bd4818527b1909d0b1e57a'}, 'date': {'date': '2021-08-06'}, 'block': {'height': 12970723}}, {'smartContract': {'address': {'address': '0x77c076a06b80ef655abd23f3c61062cd8daa3ad0'}}, 'caller': {'address': '0x65785917bc751f6506bd4818527b1909d0b1e57a'}, 'date': {'date': '2021-03-31'}, 'block': {'height': 12144707}}, {'smartContract': {'address': {'address': '0x8084c75c042ccee814280151ecbe1e6d217335f9'}}, 'caller': {'address': '0x65785917bc751f6506bd4818527b1909d0b1e57a'}, 'date': {'date': '2021-03-31'}, 'block': {'height': 12144257}}, {'smartContract': {'address': {'address': '0xa91706451e7f547233b13b3ce245186a2fa60142'}}, 'caller': {'address': '0x65785917bc751f6506bd4818527b1909d0b1e57a'}, 'date': {'date': '2021-03-30'}, 'block': {'height': 12140270}}, {'smartContract': {'address': {'address': '0xfe8945079d2a02603f2101eb3872f739ce1174bc'}}, 'caller': {'address': '0x65785917bc751f6506bd4818527b1909d0b1e57a'}, 'date': {'date': '2021-03-30'}, 'block': {'height': 12140238}}, {'smartContract': {'address': {'address': '0xf9f520c02025e0e3b3a6b81248ca340e309eb6cc'}}, 'caller': {'address': '0x65785917bc751f6506bd4818527b1909d0b1e57a'}, 'date': {'date': '2021-03-29'}, 'block': {'height': 12133816}}, {'smartContract': {'address': {'address': '0xe3a8f85ab99e5e90d9d0dda0adf2139389d6106c'}}, 'caller': {'address': '0x65785917bc751f6506bd4818527b1909d0b1e57a'}, 'date': {'date': '2021-03-29'}, 'block': {'height': 12133787}}, {'smartContract': {'address': {'address': '0xd77e6bdb5f61bf6d6abb1e8545bcb8ccb2414550'}}, 'caller': {'address': '0x65785917bc751f6506bd4818527b1909d0b1e57a'}, 'date': {'date': '2021-03-29'}, 'block': {'height': 12132823}}, {'smartContract': {'address': {'address': '0xc76812da08c9fff551c90c2dffb4ba1de6e92f00'}}, 'caller': {'address': '0x65785917bc751f6506bd4818527b1909d0b1e57a'}, 'date': {'date': '2021-03-29'}, 'block': {'height': 12132754}}, {'smartContract': {'address': {'address': '0xd2c5966b435b66b2ab0b165cc5a08b5da1bbc941'}}, 'caller': {'address': '0x65785917bc751f6506bd4818527b1909d0b1e57a'}, 'date': {'date': '2021-03-29'}, 'block': {'height': 12132326}}, {'smartContract': {'address': {'address': '0xc15c83ca823417a0ccdcf2f37a8fb93f7928b97a'}}, 'caller': {'address': '0x65785917bc751f6506bd4818527b1909d0b1e57a'}, 'date': {'date': '2021-03-29'}, 'block': {'height': 12131804}}, {'smartContract': {'address': {'address': '0x0ca747e2a9560fda38348b844195277ec05f3765'}}, 'caller': {'address': '0x65785917bc751f6506bd4818527b1909d0b1e57a'}, 'date': {'date': '2021-03-24'}, 'block': {'height': 12099088}}, {'smartContract': {'address': {'address': '0x0867116d24634c1e68c7d070e68825c9a91afb48'}}, 'caller': {'address': '0x65785917bc751f6506bd4818527b1909d0b1e57a'}, 'date': {'date': '2021-03-19'}, 'block': {'height': 12068313}}, {'smartContract': {'address': {'address': '0x2dc9d00da9542f91d5391be53ed1d58a04ec1c07'}}, 'caller': {'address': '0x5c69bee701ef814a2b6a3edd4b1652cb9cc5aa6f'}, 'date': {'date': '2021-03-18'}, 'block': {'height': 12062786}}, {'smartContract': {'address': {'address': '0x16a60d78fe6f92d25ebddaff6b1efc9d193d4fc8'}}, 'caller': {'address': '0x65785917bc751f6506bd4818527b1909d0b1e57a'}, 'date': {'date': '2021-03-18'}, 'block': {'height': 12062275}}, {'smartContract': {'address': {'address': '0xadf69ad146132b8e0dcbf47657c3463f9c071065'}}, 'caller': {'address': '0x65785917bc751f6506bd4818527b1909d0b1e57a'}, 'date': {'date': '2021-03-18'}, 'block': {'height': 12062263}}, {'smartContract': {'address': {'address': '0xf3da734c6040665eac90f1466d23301d6d0b7cb7'}}, 'caller': {'address': '0x65785917bc751f6506bd4818527b1909d0b1e57a'}, 'date': {'date': '2021-03-18'}, 'block': {'height': 12062245}}, {'smartContract': {'address': {'address': '0xe49486e1412fb9697303cd3e3e9b3f41324b4540'}}, 'caller': {'address': '0x65785917bc751f6506bd4818527b1909d0b1e57a'}, 'date': {'date': '2021-03-18'}, 'block': {'height': 12062217}}, {'smartContract': {'address': {'address': '0xdfb185d12c92d6e78e89be7835d1d0d00b403a4e'}}, 'caller': {'address': '0x65785917bc751f6506bd4818527b1909d0b1e57a'}, 'date': {'date': '2021-03-18'}, 'block': {'height': 12061844}}, {'smartContract': {'address': {'address': '0xb326e32564586854cef347defa98410526356280'}}, 'caller': {'address': '0x65785917bc751f6506bd4818527b1909d0b1e57a'}, 'date': {'date': '2021-03-18'}, 'block': {'height': 12061826}}, {'smartContract': {'address': {'address': '0xa15690e9205de386ce849889831c1668c300c1ad'}}, 'caller': {'address': '0x65785917bc751f6506bd4818527b1909d0b1e57a'}, 'date': {'date': '2021-03-18'}, 'block': {'height': 12061802}}, {'smartContract': {'address': {'address': '0xe0926e7fbdff2c3881d63971d392f1e6be57a582'}}, 'caller': {'address': '0x65785917bc751f6506bd4818527b1909d0b1e57a'}, 'date': {'date': '2021-03-18'}, 'block': {'height': 12061788}}, {'smartContract': {'address': {'address': '0x2472effdc3e4379074e808f475a7266357c200ff'}}, 'caller': {'address': '0x65785917bc751f6506bd4818527b1909d0b1e57a'}, 'date': {'date': '2021-03-18'}, 'block': {'height': 12061708}}, {'smartContract': {'address': {'address': '0xb6d9581d2df4985a34f99f2d12aca27e014a6a51'}}, 'caller': {'address': '0x65785917bc751f6506bd4818527b1909d0b1e57a'}, 'date': {'date': '2021-03-18'}, 'block': {'height': 12061687}}, {'smartContract': {'address': {'address': '0x81c5d2a8624a786ac5c47ff7afbf0ca4a05ee4b8'}}, 'caller': {'address': '0x65785917bc751f6506bd4818527b1909d0b1e57a'}, 'date': {'date': '2021-01-29'}, 'block': {'height': 11747937}}, {'smartContract': {'address': {'address': '0x51a710218ec2ba2ac459ee28ec37c6df7fe18e11'}}, 'caller': {'address': '0x65785917bc751f6506bd4818527b1909d0b1e57a'}, 'date': {'date': '2021-01-28'}, 'block': {'height': 11743240}}, {'smartContract': {'address': {'address': '0x95cb6853e35f8a8bd1da907c7d1c967a0ad080de'}}, 'caller': {'address': '0x65785917bc751f6506bd4818527b1909d0b1e57a'}, 'date': {'date': '2021-01-28'}, 'block': {'height': 11743101}}, {'smartContract': {'address': {'address': '0x395f12c3af52a3b2ee3b63dcef8be2130a202e3c'}}, 'caller': {'address': '0x65785917bc751f6506bd4818527b1909d0b1e57a'}, 'date': {'date': '2021-01-26'}, 'block': {'height': 11729936}}, {'smartContract': {'address': {'address': '0xaebc37426de5e7054a6c2bce6806ab29c0ac5b33'}}, 'caller': {'address': '0x65785917bc751f6506bd4818527b1909d0b1e57a'}, 'date': {'date': '2021-01-14'}, 'block': {'height': 11652044}}, {'smartContract': {'address': {'address': '0x97386b57e15c7fd09e36f04018f0b442b99a1c1a'}}, 'caller': {'address': '0x65785917bc751f6506bd4818527b1909d0b1e57a'}, 'date': {'date': '2021-01-14'}, 'block': {'height': 11651815}}, {'smartContract': {'address': {'address': '0x8360b0d0d01e938441902569dfff66af701644b1'}}, 'caller': {'address': '0x65785917bc751f6506bd4818527b1909d0b1e57a'}, 'date': {'date': '2021-01-13'}, 'block': {'height': 11644811}}, {'smartContract': {'address': {'address': '0xe088fb588d2c06b4cedce88d97c18e577e0e3dea'}}, 'caller': {'address': '0x5c69bee701ef814a2b6a3edd4b1652cb9cc5aa6f'}, 'date': {'date': '2021-01-13'}, 'block': {'height': 11644792}}, {'smartContract': {'address': {'address': '0x972c10acd08e8194dd66d16ae18869da7a7f11cd'}}, 'caller': {'address': '0x65785917bc751f6506bd4818527b1909d0b1e57a'}, 'date': {'date': '2021-01-08'}, 'block': {'height': 11613584}}, {'smartContract': {'address': {'address': '0x9b9c2d202f9a0ed9be9daf9df50cc0e327a809dd'}}, 'caller': {'address': '0x65785917bc751f6506bd4818527b1909d0b1e57a'}, 'date': {'date': '2021-01-07'}, 'block': {'height': 11606531}}, {'smartContract': {'address': {'address': '0x64b91b92240bc1901855dd55ae632addb650d089'}}, 'caller': {'address': '0x5c69bee701ef814a2b6a3edd4b1652cb9cc5aa6f'}, 'date': {'date': '2021-01-07'}, 'block': {'height': 11606518}}, {'smartContract': {'address': {'address': '0x5b1e45ca08fa4d65aa7fdcf9e116990fb7fce73b'}}, 'caller': {'address': '0x5c69bee701ef814a2b6a3edd4b1652cb9cc5aa6f'}, 'date': {'date': '2021-01-07'}, 'block': {'height': 11606397}}, {'smartContract': {'address': {'address': '0xae26170200ec3ae66b8afaa87f2fa49c1e0a02b9'}}, 'caller': {'address': '0x65785917bc751f6506bd4818527b1909d0b1e57a'}, 'date': {'date': '2021-01-07'}, 'block': {'height': 11606100}}, {'smartContract': {'address': {'address': '0xf39f8086446abd5323652504641ea331787bc62b'}}, 'caller': {'address': '0x65785917bc751f6506bd4818527b1909d0b1e57a'}, 'date': {'date': '2021-01-07'}, 'block': {'height': 11606089}}, {'smartContract': {'address': {'address': '0x5cbade4d03ea436f792e9f939e70908524949efd'}}, 'caller': {'address': '0x65785917bc751f6506bd4818527b1909d0b1e57a'}, 'date': {'date': '2021-01-07'}, 'block': {'height': 11606078}}, {'smartContract': {'address': {'address': '0x033666a848d68c9854b038ebb3958097f688ce00'}}, 'caller': {'address': '0x65785917bc751f6506bd4818527b1909d0b1e57a'}, 'date': {'date': '2021-01-07'}, 'block': {'height': 11606067}}, {'smartContract': {'address': {'address': '0x52fe73fa78d4b85437a33a7dcbda16aada07e7b7'}}, 'caller': {'address': '0x65785917bc751f6506bd4818527b1909d0b1e57a'}, 'date': {'date': '2021-01-07'}, 'block': {'height': 11606057}}, {'smartContract': {'address': {'address': '0xa8b12cc90abf65191532a12bb5394a714a46d358'}}, 'caller': {'address': '0x65785917bc751f6506bd4818527b1909d0b1e57a'}, 'date': {'date': '2021-01-07'}, 'block': {'height': 11606034}}, {'smartContract': {'address': {'address': '0x14b939e7eb0cb290fadccd0816e8975069158ce6'}}, 'caller': {'address': '0x65785917bc751f6506bd4818527b1909d0b1e57a'}, 'date': {'date': '2021-01-07'}, 'block': {'height': 11606011}}, {'smartContract': {'address': {'address': '0x260f6bab7680019d2447bf62e9dbbc80dd94b897'}}, 'caller': {'address': '0x65785917bc751f6506bd4818527b1909d0b1e57a'}, 'date': {'date': '2021-01-07'}, 'block': {'height': 11605990}}, {'smartContract': {'address': {'address': '0x3ef1ea792c990349f02029284df4fd2d3fc03dba'}}, 'caller': {'address': '0x65785917bc751f6506bd4818527b1909d0b1e57a'}, 'date': {'date': '2021-01-07'}, 'block': {'height': 11605956}}, {'smartContract': {'address': {'address': '0x5771144334826d79c07ffa544e935921904d45f2'}}, 'caller': {'address': '0x65785917bc751f6506bd4818527b1909d0b1e57a'}, 'date': {'date': '2020-12-29'}, 'block': {'height': 11546888}}, {'smartContract': {'address': {'address': '0xe4893553cb3693a890a4640fc19fd6c2ba05adeb'}}, 'caller': {'address': '0x65785917bc751f6506bd4818527b1909d0b1e57a'}, 'date': {'date': '2020-12-29'}, 'block': {'height': 11546873}}, {'smartContract': {'address': {'address': '0xfc2e351d66b2e1df813cca33f409d5ceaf495a9d'}}, 'caller': {'address': '0x65785917bc751f6506bd4818527b1909d0b1e57a'}, 'date': {'date': '2020-12-29'}, 'block': {'height': 11546865}}, {'smartContract': {'address': {'address': '0x66c0dded8433c9ea86c8cf91237b14e10b4d70b7'}}, 'caller': {'address': '0x65785917bc751f6506bd4818527b1909d0b1e57a'}, 'date': {'date': '2020-12-29'}, 'block': {'height': 11546830}}]",2020-12-29
234,234,0x8A9C67fee641579dEbA04928c4BC45F66e26343A,(Proxy contract) Jarvis Reward Token (JRT),,0x0D54AAdd7CE2DC10eb9527C6105a3c3f1b463d1b,595224.5729,"[{'smartContract': {'address': {'address': '0xc8eb057f5e38f71fe42a9e59d51ac60926ec933d'}}, 'caller': {'address': '0x0d54aadd7ce2dc10eb9527c6105a3c3f1b463d1b'}, 'date': {'date': '2021-03-02'}, 'block': {'height': 11959262}}]",2019-04-09
235,235,0xd83AE04c9eD29d6D3E6Bf720C71bc7BeB424393E,InsureToken,https://github.com/InsureDAO,0x79F5Dc19BC96ec1DB776d39535BDe169e67E33f4,586402.1617,"[{'smartContract': {'address': {'address': '0xad98fa4deaf857ccb69f37698fe8d2d8212ae189'}}, 'caller': {'address': '0x98d3872b4025abe58c4667216047fe549378d90f'}, 'date': {'date': '2022-05-16'}, 'block': {'height': 14783709}}, {'smartContract': {'address': {'address': '0x4e047e9c6e6f79c64a72bd29f7d8887ae35b0f80'}}, 'caller': {'address': '0x98d3872b4025abe58c4667216047fe549378d90f'}, 'date': {'date': '2022-05-16'}, 'block': {'height': 14783698}}, {'smartContract': {'address': {'address': '0x98e5790f343b83e850c20fb2d100b28de5e8aeeb'}}, 'caller': {'address': '0x79f5dc19bc96ec1db776d39535bde169e67e33f4'}, 'date': {'date': '2022-03-31'}, 'block': {'height': 14492059}}, {'smartContract': {'address': {'address': '0x6fac0aad21ef729550727c1ffcb9a9c74edbd829'}}, 'caller': {'address': '0x79f5dc19bc96ec1db776d39535bde169e67e33f4'}, 'date': {'date': '2022-03-31'}, 'block': {'height': 14492049}}, {'smartContract': {'address': {'address': '0xf57882cf186db61691873d33e3511a40c3c7e4da'}}, 'caller': {'address': '0x79f5dc19bc96ec1db776d39535bde169e67e33f4'}, 'date': {'date': '2022-03-18'}, 'block': {'height': 14408975}}, {'smartContract': {'address': {'address': '0xbcbcf05f2f77e2c223334368162d88f5d6032699'}}, 'caller': {'address': '0x79f5dc19bc96ec1db776d39535bde169e67e33f4'}, 'date': {'date': '2022-03-18'}, 'block': {'height': 14408368}}, {'smartContract': {'address': {'address': '0xd39e280a9f0b74ef04d5c7a81dbe757e589f8390'}}, 'caller': {'address': '0x79f5dc19bc96ec1db776d39535bde169e67e33f4'}, 'date': {'date': '2022-03-18'}, 'block': {'height': 14408275}}, {'smartContract': {'address': {'address': '0xa12ab76a82d118e33682acb242180b4cc0d19e29'}}, 'caller': {'address': '0x79f5dc19bc96ec1db776d39535bde169e67e33f4'}, 'date': {'date': '2022-03-18'}, 'block': {'height': 14408237}}, {'smartContract': {'address': {'address': '0xb0730e7fa03c4198174f3f44f6f33f9f59cbd0df'}}, 'caller': {'address': '0x79f5dc19bc96ec1db776d39535bde169e67e33f4'}, 'date': {'date': '2022-03-18'}, 'block': {'height': 14408236}}, {'smartContract': {'address': {'address': '0x35853654bc1d85991ac19923f5476f9d3feaa1b1'}}, 'caller': {'address': '0x79f5dc19bc96ec1db776d39535bde169e67e33f4'}, 'date': {'date': '2022-02-24'}, 'block': {'height': 14270042}}, {'smartContract': {'address': {'address': '0xc6d956404014ebcf871846779e0846e526ed2f8a'}}, 'caller': {'address': '0x79f5dc19bc96ec1db776d39535bde169e67e33f4'}, 'date': {'date': '2022-02-24'}, 'block': {'height': 14270034}}, {'smartContract': {'address': {'address': '0x10385956b10c4990d8aa3b1a911486293ca2654f'}}, 'caller': {'address': '0xa731585ab05fc9f83555cf9bff8f58ee94e18f85'}, 'date': {'date': '2022-02-24'}, 'block': {'height': 14270021}}, {'smartContract': {'address': {'address': '0x8ee52d7d6da0f750d3accc3562bf802e26daa9a2'}}, 'caller': {'address': '0x835482fe0532f169024d5e9410199369aad5c77e'}, 'date': {'date': '2022-02-24'}, 'block': {'height': 14269304}}, {'smartContract': {'address': {'address': '0x5897550a170dd1d18c43d311f84e516159682d9e'}}, 'caller': {'address': '0x91ce5566dc3170898c5aee4ae4dd314654b47415'}, 'date': {'date': '2022-02-24'}, 'block': {'height': 14269303}}, {'smartContract': {'address': {'address': '0x73456339407d29d787e71e4b198490ca08344160'}}, 'caller': {'address': '0x79f5dc19bc96ec1db776d39535bde169e67e33f4'}, 'date': {'date': '2022-02-22'}, 'block': {'height': 14258331}}, {'smartContract': {'address': {'address': '0x453b3cb497afbcf6124627d6cde0c37c01466596'}}, 'caller': {'address': '0x1f98431c8ad98523631ae4a59f267346ea31f984'}, 'date': {'date': '2022-02-22'}, 'block': {'height': 14257894}}, {'smartContract': {'address': {'address': '0xaeb9ea24f71dc574fa9a29a069ebe1def3606571'}}, 'caller': {'address': '0x79f5dc19bc96ec1db776d39535bde169e67e33f4'}, 'date': {'date': '2022-02-22'}, 'block': {'height': 14254032}}, {'smartContract': {'address': {'address': '0xeb00be9187cee29db32c4c4913edf6b43421a06c'}}, 'caller': {'address': '0x79f5dc19bc96ec1db776d39535bde169e67e33f4'}, 'date': {'date': '2022-02-22'}, 'block': {'height': 14253748}}, {'smartContract': {'address': {'address': '0x8f8998e511935218aa340f41c4d005d2a080e47f'}}, 'caller': {'address': '0x79f5dc19bc96ec1db776d39535bde169e67e33f4'}, 'date': {'date': '2022-02-22'}, 'block': {'height': 14253728}}, {'smartContract': {'address': {'address': '0xf4d046d8fac6dc37b5eafadd34407b19de3ba350'}}, 'caller': {'address': '0x79f5dc19bc96ec1db776d39535bde169e67e33f4'}, 'date': {'date': '2022-02-22'}, 'block': {'height': 14253689}}, {'smartContract': {'address': {'address': '0x142bc5dd0d0dfb9134e9cdd7c80c58dabd50d7fc'}}, 'caller': {'address': '0x79f5dc19bc96ec1db776d39535bde169e67e33f4'}, 'date': {'date': '2022-02-22'}, 'block': {'height': 14253634}}, {'smartContract': {'address': {'address': '0x02826bda00324c144d55a4d145ff4886a5b85bac'}}, 'caller': {'address': '0x79f5dc19bc96ec1db776d39535bde169e67e33f4'}, 'date': {'date': '2022-02-22'}, 'block': {'height': 14253617}}, {'smartContract': {'address': {'address': '0x5fc3dd434911acda2b4baf3dddf68a17287939e0'}}, 'caller': {'address': '0x79f5dc19bc96ec1db776d39535bde169e67e33f4'}, 'date': {'date': '2022-02-22'}, 'block': {'height': 14253617}}, {'smartContract': {'address': {'address': '0x1805fa08de2bc7087ceb9a7d903faa5414c3a1d4'}}, 'caller': {'address': '0x79f5dc19bc96ec1db776d39535bde169e67e33f4'}, 'date': {'date': '2022-02-22'}, 'block': {'height': 14253617}}, {'smartContract': {'address': {'address': '0x5d269d952be939751db1d5f873e36f591ed353e4'}}, 'caller': {'address': '0x79f5dc19bc96ec1db776d39535bde169e67e33f4'}, 'date': {'date': '2022-02-22'}, 'block': {'height': 14253617}}, {'smartContract': {'address': {'address': '0xa58811d050c26f3effb850c9e27b44eb0ec81bd2'}}, 'caller': {'address': '0x79f5dc19bc96ec1db776d39535bde169e67e33f4'}, 'date': {'date': '2022-02-22'}, 'block': {'height': 14253617}}, {'smartContract': {'address': {'address': '0x00e505bc71b2cbe55915bd017bcd790440ddbb8c'}}, 'caller': {'address': '0x79f5dc19bc96ec1db776d39535bde169e67e33f4'}, 'date': {'date': '2022-02-22'}, 'block': {'height': 14253617}}, {'smartContract': {'address': {'address': '0x43eb5dc8a1426dcd6029010adee7b62b73ac2918'}}, 'caller': {'address': '0x79f5dc19bc96ec1db776d39535bde169e67e33f4'}, 'date': {'date': '2022-02-22'}, 'block': {'height': 14253617}}, {'smartContract': {'address': {'address': '0x1a047380b29fd8f6bfc8363f653114b15129c708'}}, 'caller': {'address': '0x79f5dc19bc96ec1db776d39535bde169e67e33f4'}, 'date': {'date': '2022-02-22'}, 'block': {'height': 14253617}}, {'smartContract': {'address': {'address': '0x3552dc4cb1637a253ff89c33fe6ebcc0c7983595'}}, 'caller': {'address': '0x79f5dc19bc96ec1db776d39535bde169e67e33f4'}, 'date': {'date': '2022-02-22'}, 'block': {'height': 14253616}}, {'smartContract': {'address': {'address': '0x38c91a83de84c04bc25471a776e5f792e803543c'}}, 'caller': {'address': '0x79f5dc19bc96ec1db776d39535bde169e67e33f4'}, 'date': {'date': '2022-02-22'}, 'block': {'height': 14253616}}, {'smartContract': {'address': {'address': '0xd2328af8cc08b3df7705c568466541473cfd65f0'}}, 'caller': {'address': '0x79f5dc19bc96ec1db776d39535bde169e67e33f4'}, 'date': {'date': '2022-02-22'}, 'block': {'height': 14253616}}, {'smartContract': {'address': {'address': '0x3f6d3189fe71a4b19365974aef02a0884b636039'}}, 'caller': {'address': '0x79f5dc19bc96ec1db776d39535bde169e67e33f4'}, 'date': {'date': '2022-02-22'}, 'block': {'height': 14253616}}, {'smartContract': {'address': {'address': '0x9eb19cc85b711aedf288fe8a56dc5d3ace1d0d3a'}}, 'caller': {'address': '0x79f5dc19bc96ec1db776d39535bde169e67e33f4'}, 'date': {'date': '2022-02-22'}, 'block': {'height': 14253573}}, {'smartContract': {'address': {'address': '0x11ae6a16bb1351ea5fa2efeadc434f301269f024'}}, 'caller': {'address': '0x79f5dc19bc96ec1db776d39535bde169e67e33f4'}, 'date': {'date': '2022-02-22'}, 'block': {'height': 14253570}}, {'smartContract': {'address': {'address': '0x9956edea60ce11f464359d301a5bc2fa186ca857'}}, 'caller': {'address': '0x79f5dc19bc96ec1db776d39535bde169e67e33f4'}, 'date': {'date': '2022-02-22'}, 'block': {'height': 14253417}}, {'smartContract': {'address': {'address': '0x79a631735dcb5c126ef889004ecc2ca981f98088'}}, 'caller': {'address': '0x79f5dc19bc96ec1db776d39535bde169e67e33f4'}, 'date': {'date': '2022-02-22'}, 'block': {'height': 14253414}}, {'smartContract': {'address': {'address': '0xe94b60e999da2a3954ab5a6e8c784e00538e4a06'}}, 'caller': {'address': '0x79f5dc19bc96ec1db776d39535bde169e67e33f4'}, 'date': {'date': '2022-02-22'}, 'block': {'height': 14253412}}, {'smartContract': {'address': {'address': '0xb46b1560db488dc11dfdc1dad2d4488cbcd4a315'}}, 'caller': {'address': '0x79f5dc19bc96ec1db776d39535bde169e67e33f4'}, 'date': {'date': '2022-02-22'}, 'block': {'height': 14253409}}, {'smartContract': {'address': {'address': '0x85a6fa2802d66d3b2b3842129f2c6511eafe843d'}}, 'caller': {'address': '0x79f5dc19bc96ec1db776d39535bde169e67e33f4'}, 'date': {'date': '2022-02-22'}, 'block': {'height': 14253408}}, {'smartContract': {'address': {'address': '0xa44e06f978ccefcf4e27a21c8c139f10156db09c'}}, 'caller': {'address': '0x79f5dc19bc96ec1db776d39535bde169e67e33f4'}, 'date': {'date': '2022-02-22'}, 'block': {'height': 14253405}}, {'smartContract': {'address': {'address': '0x67682b30393e46e871410df80556b65c5e9de6a8'}}, 'caller': {'address': '0x79f5dc19bc96ec1db776d39535bde169e67e33f4'}, 'date': {'date': '2022-02-22'}, 'block': {'height': 14253402}}, {'smartContract': {'address': {'address': '0x5224e15fa3e15f91a1fa5b7f3d278f9f395ab821'}}, 'caller': {'address': '0x79f5dc19bc96ec1db776d39535bde169e67e33f4'}, 'date': {'date': '2022-02-22'}, 'block': {'height': 14253399}}, {'smartContract': {'address': {'address': '0xca0ace8a2eb862b323be946993f5cfa4fe9653aa'}}, 'caller': {'address': '0x79f5dc19bc96ec1db776d39535bde169e67e33f4'}, 'date': {'date': '2022-02-22'}, 'block': {'height': 14253398}}, {'smartContract': {'address': {'address': '0xca2bd134caf0b89aaba60360e3e35389429031a7'}}, 'caller': {'address': '0x79f5dc19bc96ec1db776d39535bde169e67e33f4'}, 'date': {'date': '2022-02-22'}, 'block': {'height': 14253397}}, {'smartContract': {'address': {'address': '0xef13b331824a3115e82f1ff92b6cb223c53410f6'}}, 'caller': {'address': '0x79f5dc19bc96ec1db776d39535bde169e67e33f4'}, 'date': {'date': '2022-02-22'}, 'block': {'height': 14253394}}, {'smartContract': {'address': {'address': '0xd0673cba84424d646ea1e5571c507a0be79523bf'}}, 'caller': {'address': '0x79f5dc19bc96ec1db776d39535bde169e67e33f4'}, 'date': {'date': '2022-02-22'}, 'block': {'height': 14253392}}, {'smartContract': {'address': {'address': '0x51e38c6c1c19f9783aee0a7617449d9b1e3a08ae'}}, 'caller': {'address': '0x79f5dc19bc96ec1db776d39535bde169e67e33f4'}, 'date': {'date': '2022-02-22'}, 'block': {'height': 14253391}}, {'smartContract': {'address': {'address': '0xb98a6be6d191b0c5976177c9598bf1db6d46fde9'}}, 'caller': {'address': '0x79f5dc19bc96ec1db776d39535bde169e67e33f4'}, 'date': {'date': '2022-02-22'}, 'block': {'height': 14253258}}, {'smartContract': {'address': {'address': '0x76e8b82ea3450fa598e5e164c7e28af172debdc0'}}, 'caller': {'address': '0x79f5dc19bc96ec1db776d39535bde169e67e33f4'}, 'date': {'date': '2022-02-22'}, 'block': {'height': 14253254}}, {'smartContract': {'address': {'address': '0x297ea2afce594149cd31a9b11adbae82fa1ddd04'}}, 'caller': {'address': '0x79f5dc19bc96ec1db776d39535bde169e67e33f4'}, 'date': {'date': '2022-02-22'}, 'block': {'height': 14253252}}, {'smartContract': {'address': {'address': '0xd83ae04c9ed29d6d3e6bf720c71bc7beb424393e'}}, 'caller': {'address': '0x79f5dc19bc96ec1db776d39535bde169e67e33f4'}, 'date': {'date': '2022-02-22'}, 'block': {'height': 14253251}}, {'smartContract': {'address': {'address': '0x3dc07e60ecb3d064d20c386217ceef8e3905916b'}}, 'caller': {'address': '0x79f5dc19bc96ec1db776d39535bde169e67e33f4'}, 'date': {'date': '2022-02-22'}, 'block': {'height': 14253251}}, {'smartContract': {'address': {'address': '0x56246e83f3148b05ce2d90b44fbb4e9fa9eaf5bb'}}, 'caller': {'address': '0x79f5dc19bc96ec1db776d39535bde169e67e33f4'}, 'date': {'date': '2022-02-22'}, 'block': {'height': 14253250}}, {'smartContract': {'address': {'address': '0x86c82e8cd8a865f01a8cebed870af5d58e69a439'}}, 'caller': {'address': '0x01e6916ccfe3630364b4538d0f8c1c22e20d0f6b'}, 'date': {'date': '2022-02-22'}, 'block': {'height': 14253157}}, {'smartContract': {'address': {'address': '0x7e08dab409ad1bcebc5be5674cb2c0f3540a4d3d'}}, 'caller': {'address': '0x01e6916ccfe3630364b4538d0f8c1c22e20d0f6b'}, 'date': {'date': '2022-02-22'}, 'block': {'height': 14253154}}, {'smartContract': {'address': {'address': '0xd5f1ab3c61ef3a6a6f1aa6141256aa008d2fb5a1'}}, 'caller': {'address': '0x01e6916ccfe3630364b4538d0f8c1c22e20d0f6b'}, 'date': {'date': '2022-02-22'}, 'block': {'height': 14253152}}, {'smartContract': {'address': {'address': '0xdaea5b1b6b12ac4c4f51ab12649e96ab3ab98c3a'}}, 'caller': {'address': '0x01e6916ccfe3630364b4538d0f8c1c22e20d0f6b'}, 'date': {'date': '2022-02-22'}, 'block': {'height': 14253151}}, {'smartContract': {'address': {'address': '0x197c8827621aa1a7276d7d7a83eed0d0b7b8b3f2'}}, 'caller': {'address': '0x01e6916ccfe3630364b4538d0f8c1c22e20d0f6b'}, 'date': {'date': '2022-02-22'}, 'block': {'height': 14253148}}, {'smartContract': {'address': {'address': '0x71571f8895803ee067e4595f5da3e2c4ef513a69'}}, 'caller': {'address': '0x01e6916ccfe3630364b4538d0f8c1c22e20d0f6b'}, 'date': {'date': '2022-02-22'}, 'block': {'height': 14253146}}, {'smartContract': {'address': {'address': '0x3005f4fa9b678f80216bc3cd8d8a5f7894fc70f2'}}, 'caller': {'address': '0x01e6916ccfe3630364b4538d0f8c1c22e20d0f6b'}, 'date': {'date': '2022-02-22'}, 'block': {'height': 14253145}}, {'smartContract': {'address': {'address': '0xb6e3816d4f3c263caedb15a6ba65aca1fca16318'}}, 'caller': {'address': '0x01e6916ccfe3630364b4538d0f8c1c22e20d0f6b'}, 'date': {'date': '2022-02-22'}, 'block': {'height': 14253138}}, {'smartContract': {'address': {'address': '0x5e9ac74012b9924ac1bb0320d531aa7440c09cb6'}}, 'caller': {'address': '0x01e6916ccfe3630364b4538d0f8c1c22e20d0f6b'}, 'date': {'date': '2022-02-22'}, 'block': {'height': 14253137}}, {'smartContract': {'address': {'address': '0x772f71ef550a49f3fcd96d5cbdf5dea2e9233a6a'}}, 'caller': {'address': '0x01e6916ccfe3630364b4538d0f8c1c22e20d0f6b'}, 'date': {'date': '2022-02-22'}, 'block': {'height': 14253132}}, {'smartContract': {'address': {'address': '0xe0bef490d49f3dbcbaedac6f79713f02c73f87ce'}}, 'caller': {'address': '0x01e6916ccfe3630364b4538d0f8c1c22e20d0f6b'}, 'date': {'date': '2022-02-22'}, 'block': {'height': 14253131}}, {'smartContract': {'address': {'address': '0x947031fdde0156acad1ef17c89889fa0c82a8597'}}, 'caller': {'address': '0x01e6916ccfe3630364b4538d0f8c1c22e20d0f6b'}, 'date': {'date': '2022-02-22'}, 'block': {'height': 14253130}}, {'smartContract': {'address': {'address': '0xdf7a7bc927a148b78850a789628627681977bb18'}}, 'caller': {'address': '0x01e6916ccfe3630364b4538d0f8c1c22e20d0f6b'}, 'date': {'date': '2022-02-22'}, 'block': {'height': 14253129}}, {'smartContract': {'address': {'address': '0x3bfe4119de068710485704f974b16c563aec715f'}}, 'caller': {'address': '0x01e6916ccfe3630364b4538d0f8c1c22e20d0f6b'}, 'date': {'date': '2022-02-22'}, 'block': {'height': 14253126}}, {'smartContract': {'address': {'address': '0x7a1815401d91307c883eb987c1ec16d9812ac8dc'}}, 'caller': {'address': '0x01e6916ccfe3630364b4538d0f8c1c22e20d0f6b'}, 'date': {'date': '2022-02-22'}, 'block': {'height': 14253125}}, {'smartContract': {'address': {'address': '0xb127a53646eeff7a0a787b754258b101d782db0c'}}, 'caller': {'address': '0x01e6916ccfe3630364b4538d0f8c1c22e20d0f6b'}, 'date': {'date': '2022-02-22'}, 'block': {'height': 14253123}}, {'smartContract': {'address': {'address': '0x58803187e676b180ed12b4f7d79b94ca011f4b8e'}}, 'caller': {'address': '0x01e6916ccfe3630364b4538d0f8c1c22e20d0f6b'}, 'date': {'date': '2022-02-22'}, 'block': {'height': 14253122}}, {'smartContract': {'address': {'address': '0xbb236f4d55eac44713e6a3e623f7775550266887'}}, 'caller': {'address': '0x01e6916ccfe3630364b4538d0f8c1c22e20d0f6b'}, 'date': {'date': '2022-02-22'}, 'block': {'height': 14253121}}, {'smartContract': {'address': {'address': '0xb0ac0465320e9289be7a9df0d86b136d56c83722'}}, 'caller': {'address': '0x01e6916ccfe3630364b4538d0f8c1c22e20d0f6b'}, 'date': {'date': '2022-02-22'}, 'block': {'height': 14253120}}, {'smartContract': {'address': {'address': '0x0a3f739246846fc024f7f8dd5cbe7e0adf77760f'}}, 'caller': {'address': '0x01e6916ccfe3630364b4538d0f8c1c22e20d0f6b'}, 'date': {'date': '2022-02-22'}, 'block': {'height': 14253119}}, {'smartContract': {'address': {'address': '0x641be011738c65aac8ff3f5d4e6dedbbd7411f47'}}, 'caller': {'address': '0x01e6916ccfe3630364b4538d0f8c1c22e20d0f6b'}, 'date': {'date': '2022-02-22'}, 'block': {'height': 14253118}}, {'smartContract': {'address': {'address': '0x961dfecff7c530505bc31ff7fa92daa0eeed18c7'}}, 'caller': {'address': '0x01e6916ccfe3630364b4538d0f8c1c22e20d0f6b'}, 'date': {'date': '2022-02-22'}, 'block': {'height': 14253113}}, {'smartContract': {'address': {'address': '0x8c4943100bec96e3381a544da82b91713a4bc062'}}, 'caller': {'address': '0x01e6916ccfe3630364b4538d0f8c1c22e20d0f6b'}, 'date': {'date': '2022-02-22'}, 'block': {'height': 14253112}}, {'smartContract': {'address': {'address': '0x8dffb0c2b2d0a126f13667c0825ba7c026ecb24a'}}, 'caller': {'address': '0x01e6916ccfe3630364b4538d0f8c1c22e20d0f6b'}, 'date': {'date': '2022-02-22'}, 'block': {'height': 14253110}}, {'smartContract': {'address': {'address': '0x22453153978d0c25f86010c0fd405527fed9764b'}}, 'caller': {'address': '0x01e6916ccfe3630364b4538d0f8c1c22e20d0f6b'}, 'date': {'date': '2022-02-22'}, 'block': {'height': 14253109}}, {'smartContract': {'address': {'address': '0xbdb009e6c9dd3f77d6a7f507a4f817133677257c'}}, 'caller': {'address': '0x01e6916ccfe3630364b4538d0f8c1c22e20d0f6b'}, 'date': {'date': '2022-02-22'}, 'block': {'height': 14253106}}, {'smartContract': {'address': {'address': '0xc03ab4bb777edf97e8692bd125968358ad3b7f08'}}, 'caller': {'address': '0x01e6916ccfe3630364b4538d0f8c1c22e20d0f6b'}, 'date': {'date': '2022-02-22'}, 'block': {'height': 14253105}}, {'smartContract': {'address': {'address': '0xdfdfcfedb96e0979825c6b463cb8a971fe367d5d'}}, 'caller': {'address': '0x01e6916ccfe3630364b4538d0f8c1c22e20d0f6b'}, 'date': {'date': '2022-02-22'}, 'block': {'height': 14253104}}, {'smartContract': {'address': {'address': '0x1cf1195afb01dd115647e4989e63afe6ddd65030'}}, 'caller': {'address': '0x01e6916ccfe3630364b4538d0f8c1c22e20d0f6b'}, 'date': {'date': '2022-02-22'}, 'block': {'height': 14253103}}, {'smartContract': {'address': {'address': '0x2d54777d59f1ae50d0ebab0eddb3098ee1eb30e4'}}, 'caller': {'address': '0x79f5dc19bc96ec1db776d39535bde169e67e33f4'}, 'date': {'date': '2022-02-22'}, 'block': {'height': 14252966}}, {'smartContract': {'address': {'address': '0x2b16be3cacaea56a6fbe613031c0f6b641df828e'}}, 'caller': {'address': '0x79f5dc19bc96ec1db776d39535bde169e67e33f4'}, 'date': {'date': '2022-02-22'}, 'block': {'height': 14252966}}, {'smartContract': {'address': {'address': '0x99f790ada7fa1bdc2a6b976293273ee51f10a10e'}}, 'caller': {'address': '0x79f5dc19bc96ec1db776d39535bde169e67e33f4'}, 'date': {'date': '2022-02-22'}, 'block': {'height': 14252966}}, {'smartContract': {'address': {'address': '0x1dcd35cfff8a9b44aecc4087c7847fb7a5be56f9'}}, 'caller': {'address': '0x79f5dc19bc96ec1db776d39535bde169e67e33f4'}, 'date': {'date': '2022-02-22'}, 'block': {'height': 14252966}}, {'smartContract': {'address': {'address': '0xddaa6ee776b701a7729d72bbd0d4fbe4bbb66476'}}, 'caller': {'address': '0x79f5dc19bc96ec1db776d39535bde169e67e33f4'}, 'date': {'date': '2022-02-22'}, 'block': {'height': 14252966}}, {'smartContract': {'address': {'address': '0x131fb74c6fede6d6710ff224e07ce0ed8123f144'}}, 'caller': {'address': '0x79f5dc19bc96ec1db776d39535bde169e67e33f4'}, 'date': {'date': '2022-02-22'}, 'block': {'height': 14252966}}, {'smartContract': {'address': {'address': '0x01e6916ccfe3630364b4538d0f8c1c22e20d0f6b'}}, 'caller': {'address': '0x79f5dc19bc96ec1db776d39535bde169e67e33f4'}, 'date': {'date': '2022-02-22'}, 'block': {'height': 14252966}}, {'smartContract': {'address': {'address': '0xa035dfd0d16f238493b374a1743b77448d9c8524'}}, 'caller': {'address': '0x79f5dc19bc96ec1db776d39535bde169e67e33f4'}, 'date': {'date': '2022-02-22'}, 'block': {'height': 14252965}}, {'smartContract': {'address': {'address': '0xf4db9926ae02469d730a25ad7422764bbd45d36f'}}, 'caller': {'address': '0x79f5dc19bc96ec1db776d39535bde169e67e33f4'}, 'date': {'date': '2022-02-22'}, 'block': {'height': 14252964}}, {'smartContract': {'address': {'address': '0x71b6943e63a0add64d93c3a4082e1fff68203a4b'}}, 'caller': {'address': '0x6090afbdcf13b3a53323509955279ce0de4003a2'}, 'date': {'date': '2022-02-22'}, 'block': {'height': 14252857}}, {'smartContract': {'address': {'address': '0x0cb0186868c5e44e61ef1525f126b67cc131b49c'}}, 'caller': {'address': '0x5d2d6a91c8b5fb62f2a6725eb791f412a5d39c4d'}, 'date': {'date': '2022-02-22'}, 'block': {'height': 14252857}}, {'smartContract': {'address': {'address': '0x190da1b9fa124bd872e9166ba3c7dd656a11e8f8'}}, 'caller': {'address': '0x79f5dc19bc96ec1db776d39535bde169e67e33f4'}, 'date': {'date': '2022-02-22'}, 'block': {'height': 14252735}}, {'smartContract': {'address': {'address': '0xd0df5a352d74a746754c592a6277c9060a7c9c87'}}, 'caller': {'address': '0x79f5dc19bc96ec1db776d39535bde169e67e33f4'}, 'date': {'date': '2022-01-31'}, 'block': {'height': 14112257}}, {'smartContract': {'address': {'address': '0x4810fa5942a322c7bd30519ed3ebe732066c3db3'}}, 'caller': {'address': '0x79f5dc19bc96ec1db776d39535bde169e67e33f4'}, 'date': {'date': '2022-01-31'}, 'block': {'height': 14112254}}]",2022-02-22
236,236,0x72e9D9038cE484EE986FEa183f8d8Df93f9aDA13,SMARTCREDIT Token,,0x77D1D1638d6770de23125F6298D2814A6ecebccC,567093.1636,"[{'smartContract': {'address': {'address': '0x1f05dc0b6281b6f1e5d79f4875a0dee54d82018c'}}, 'caller': {'address': '0x77d1d1638d6770de23125f6298d2814a6ecebccc'}, 'date': {'date': '2022-09-18'}, 'block': {'height': 15559406}}, {'smartContract': {'address': {'address': '0x41a8120b9789bc7be4c2b737f8eca08fbee62a4f'}}, 'caller': {'address': '0x77d1d1638d6770de23125f6298d2814a6ecebccc'}, 'date': {'date': '2022-09-18'}, 'block': {'height': 15559347}}, {'smartContract': {'address': {'address': '0x76c05c757e0764b5a15322a424a3c081126d2891'}}, 'caller': {'address': '0x77d1d1638d6770de23125f6298d2814a6ecebccc'}, 'date': {'date': '2022-09-18'}, 'block': {'height': 15559346}}, {'smartContract': {'address': {'address': '0x1abd8272cd0ea0cd646b10fa14fef80197226fad'}}, 'caller': {'address': '0x77d1d1638d6770de23125f6298d2814a6ecebccc'}, 'date': {'date': '2022-09-18'}, 'block': {'height': 15559344}}, {'smartContract': {'address': {'address': '0xd0f55366641d6faaf923399473a2c34d8e4dcc90'}}, 'caller': {'address': '0x77d1d1638d6770de23125f6298d2814a6ecebccc'}, 'date': {'date': '2022-04-13'}, 'block': {'height': 14576216}}, {'smartContract': {'address': {'address': '0xf2ec7c4058f843322c8e2e3df2cd3bc5ce29c793'}}, 'caller': {'address': '0x77d1d1638d6770de23125f6298d2814a6ecebccc'}, 'date': {'date': '2022-04-13'}, 'block': {'height': 14576215}}, {'smartContract': {'address': {'address': '0x659773f2ef968a848570836796188cfadefa1d4a'}}, 'caller': {'address': '0x77d1d1638d6770de23125f6298d2814a6ecebccc'}, 'date': {'date': '2022-04-13'}, 'block': {'height': 14576214}}, {'smartContract': {'address': {'address': '0x4b14ddc1b1b4bb3a89d574c2708c609d4e192730'}}, 'caller': {'address': '0x77d1d1638d6770de23125f6298d2814a6ecebccc'}, 'date': {'date': '2022-04-13'}, 'block': {'height': 14576212}}, {'smartContract': {'address': {'address': '0x3f4d7a8fa7bc9922ef0c168fc84f6123222bc57d'}}, 'caller': {'address': '0x77d1d1638d6770de23125f6298d2814a6ecebccc'}, 'date': {'date': '2022-04-13'}, 'block': {'height': 14576211}}, {'smartContract': {'address': {'address': '0xe97f36717a51fd61c54f35e8fb2ca49d82c121bd'}}, 'caller': {'address': '0x77d1d1638d6770de23125f6298d2814a6ecebccc'}, 'date': {'date': '2022-04-13'}, 'block': {'height': 14576210}}, {'smartContract': {'address': {'address': '0x56a88c00ea5da684c5ed650536fe218827f76794'}}, 'caller': {'address': '0x77d1d1638d6770de23125f6298d2814a6ecebccc'}, 'date': {'date': '2022-04-13'}, 'block': {'height': 14576209}}, {'smartContract': {'address': {'address': '0x0755a67e663fe71367bcaede4f540b840a95686d'}}, 'caller': {'address': '0x77d1d1638d6770de23125f6298d2814a6ecebccc'}, 'date': {'date': '2022-04-13'}, 'block': {'height': 14576208}}, {'smartContract': {'address': {'address': '0xc46507ce7b32e4243ae39644f4b2fe42e6d9c46f'}}, 'caller': {'address': '0x77d1d1638d6770de23125f6298d2814a6ecebccc'}, 'date': {'date': '2022-04-13'}, 'block': {'height': 14575909}}, {'smartContract': {'address': {'address': '0xdab506b36c76c83bfd72be3fb9dc73d3b2d4908e'}}, 'caller': {'address': '0x77d1d1638d6770de23125f6298d2814a6ecebccc'}, 'date': {'date': '2022-04-13'}, 'block': {'height': 14575908}}, {'smartContract': {'address': {'address': '0xf26848918644858bf7309cf3dda3c64d393f5e43'}}, 'caller': {'address': '0x77d1d1638d6770de23125f6298d2814a6ecebccc'}, 'date': {'date': '2022-04-13'}, 'block': {'height': 14575561}}, {'smartContract': {'address': {'address': '0x44b00324f72f10896bf3a18bb25fb161a8fe9631'}}, 'caller': {'address': '0x77d1d1638d6770de23125f6298d2814a6ecebccc'}, 'date': {'date': '2022-04-13'}, 'block': {'height': 14575558}}, {'smartContract': {'address': {'address': '0x784c9c6def70cad7312f4e9f2af58094447c30e6'}}, 'caller': {'address': '0x77d1d1638d6770de23125f6298d2814a6ecebccc'}, 'date': {'date': '2022-04-13'}, 'block': {'height': 14575557}}, {'smartContract': {'address': {'address': '0xfc94c04ff51355bc195e9a85e8f6acea9c907d0d'}}, 'caller': {'address': '0x77d1d1638d6770de23125f6298d2814a6ecebccc'}, 'date': {'date': '2022-04-13'}, 'block': {'height': 14575311}}, {'smartContract': {'address': {'address': '0x1a0a75cd4b0e43e7a2cce92ce1406d30ec10afbf'}}, 'caller': {'address': '0x77d1d1638d6770de23125f6298d2814a6ecebccc'}, 'date': {'date': '2022-04-13'}, 'block': {'height': 14575310}}, {'smartContract': {'address': {'address': '0x4c91455e0b8baf1fc255f7d8aed658f7b4ee82df'}}, 'caller': {'address': '0x77d1d1638d6770de23125f6298d2814a6ecebccc'}, 'date': {'date': '2022-04-13'}, 'block': {'height': 14575309}}, {'smartContract': {'address': {'address': '0x52291d11ef4930be59d12c4988b80c94b2616cff'}}, 'caller': {'address': '0x77d1d1638d6770de23125f6298d2814a6ecebccc'}, 'date': {'date': '2022-04-13'}, 'block': {'height': 14575307}}, {'smartContract': {'address': {'address': '0x31ba589072278d82207212702de9a1c2b9d42c28'}}, 'caller': {'address': '0x77d1d1638d6770de23125f6298d2814a6ecebccc'}, 'date': {'date': '2022-04-13'}, 'block': {'height': 14575305}}, {'smartContract': {'address': {'address': '0x11c0a2a7e33f1227105e6f22c571acc5bfbbcf8b'}}, 'caller': {'address': '0x77d1d1638d6770de23125f6298d2814a6ecebccc'}, 'date': {'date': '2022-04-13'}, 'block': {'height': 14575303}}, {'smartContract': {'address': {'address': '0x36e8616a2e5c3681e256a489d32c31430b0dcc6d'}}, 'caller': {'address': '0x77d1d1638d6770de23125f6298d2814a6ecebccc'}, 'date': {'date': '2022-04-13'}, 'block': {'height': 14575300}}, {'smartContract': {'address': {'address': '0x5c13b6e81c6c77c41975e7a6b1d5c4ad97189c58'}}, 'caller': {'address': '0x77d1d1638d6770de23125f6298d2814a6ecebccc'}, 'date': {'date': '2022-04-13'}, 'block': {'height': 14575298}}, {'smartContract': {'address': {'address': '0x571fa17dfab042eda6d672db6bfe4b4b875cc32a'}}, 'caller': {'address': '0x1858e52217c2b36addfedf48b3fe29b9c5e1e29e'}, 'date': {'date': '2022-03-01'}, 'block': {'height': 14300242}}, {'smartContract': {'address': {'address': '0x6bb2145235ed057e5443162dda90bdac381bdd23'}}, 'caller': {'address': '0x1858e52217c2b36addfedf48b3fe29b9c5e1e29e'}, 'date': {'date': '2021-11-17'}, 'block': {'height': 13634466}}, {'smartContract': {'address': {'address': '0x20cd70ff67d249e3ba3d068262e2ce8af6224d45'}}, 'caller': {'address': '0x77d1d1638d6770de23125f6298d2814a6ecebccc'}, 'date': {'date': '2021-11-06'}, 'block': {'height': 13561050}}, {'smartContract': {'address': {'address': '0x6de04d87d4baf33a7caf59aed66a5e0e30c6a58e'}}, 'caller': {'address': '0x1858e52217c2b36addfedf48b3fe29b9c5e1e29e'}, 'date': {'date': '2021-10-22'}, 'block': {'height': 13467431}}, {'smartContract': {'address': {'address': '0xe65ca428c6d91e3ffade35d4d900a40457ead745'}}, 'caller': {'address': '0x1858e52217c2b36addfedf48b3fe29b9c5e1e29e'}, 'date': {'date': '2021-10-20'}, 'block': {'height': 13454579}}, {'smartContract': {'address': {'address': '0xd88080814403597a601720b66e5aa12d4a42e675'}}, 'caller': {'address': '0x77d1d1638d6770de23125f6298d2814a6ecebccc'}, 'date': {'date': '2021-10-15'}, 'block': {'height': 13421795}}, {'smartContract': {'address': {'address': '0x4e7ce3b1acd3006d6a8f28dc598d6fde77ae565c'}}, 'caller': {'address': '0x77d1d1638d6770de23125f6298d2814a6ecebccc'}, 'date': {'date': '2021-10-15'}, 'block': {'height': 13421788}}, {'smartContract': {'address': {'address': '0xea65fcfc4f0cd890953c3e1ef180895deff154b6'}}, 'caller': {'address': '0x1858e52217c2b36addfedf48b3fe29b9c5e1e29e'}, 'date': {'date': '2021-07-24'}, 'block': {'height': 12889720}}, {'smartContract': {'address': {'address': '0x6e5f2ffaa3d7ff93f64feba6f3b8eeff26217cd7'}}, 'caller': {'address': '0x1858e52217c2b36addfedf48b3fe29b9c5e1e29e'}, 'date': {'date': '2021-06-06'}, 'block': {'height': 12580652}}, {'smartContract': {'address': {'address': '0x1db7dcceedbd3d82f7b41b4f45d849d8b1a473e8'}}, 'caller': {'address': '0x1858e52217c2b36addfedf48b3fe29b9c5e1e29e'}, 'date': {'date': '2021-06-03'}, 'block': {'height': 12559319}}, {'smartContract': {'address': {'address': '0x6e4d1e1be6219e21a77cc27884174775b2c61075'}}, 'caller': {'address': '0x1858e52217c2b36addfedf48b3fe29b9c5e1e29e'}, 'date': {'date': '2021-04-29'}, 'block': {'height': 12335393}}, {'smartContract': {'address': {'address': '0x75c0771fe5651f1df31aabfdfe4af3c72133cd0c'}}, 'caller': {'address': '0x1858e52217c2b36addfedf48b3fe29b9c5e1e29e'}, 'date': {'date': '2021-04-29'}, 'block': {'height': 12335340}}, {'smartContract': {'address': {'address': '0x7c7b1ed74b64d8db9fd5fe7c945a2ba2513871c5'}}, 'caller': {'address': '0x1858e52217c2b36addfedf48b3fe29b9c5e1e29e'}, 'date': {'date': '2021-04-29'}, 'block': {'height': 12335331}}, {'smartContract': {'address': {'address': '0xfd4434c794aa775481b7d165b178eddd3114bc92'}}, 'caller': {'address': '0x1858e52217c2b36addfedf48b3fe29b9c5e1e29e'}, 'date': {'date': '2021-04-29'}, 'block': {'height': 12335253}}, {'smartContract': {'address': {'address': '0x9cbed8899c0d244327c5516bf0f24c3f49f75f2a'}}, 'caller': {'address': '0x1858e52217c2b36addfedf48b3fe29b9c5e1e29e'}, 'date': {'date': '2021-04-27'}, 'block': {'height': 12322099}}, {'smartContract': {'address': {'address': '0xd4fc8cf444a28469605ab007e0ede05c950f46df'}}, 'caller': {'address': '0x1858e52217c2b36addfedf48b3fe29b9c5e1e29e'}, 'date': {'date': '2021-04-27'}, 'block': {'height': 12322043}}, {'smartContract': {'address': {'address': '0x3899fd68492573387d1cbd9fc762417dda649b50'}}, 'caller': {'address': '0x1858e52217c2b36addfedf48b3fe29b9c5e1e29e'}, 'date': {'date': '2021-04-26'}, 'block': {'height': 12316566}}, {'smartContract': {'address': {'address': '0xf86eaee64f928e664cd17f1e59fcc50da2cbc893'}}, 'caller': {'address': '0x1858e52217c2b36addfedf48b3fe29b9c5e1e29e'}, 'date': {'date': '2021-04-26'}, 'block': {'height': 12316467}}, {'smartContract': {'address': {'address': '0xaec875dcc8a64a181c42bd005e7fc7f7578fdb8c'}}, 'caller': {'address': '0x1858e52217c2b36addfedf48b3fe29b9c5e1e29e'}, 'date': {'date': '2021-04-25'}, 'block': {'height': 12310876}}, {'smartContract': {'address': {'address': '0x820945aeea8c454a81164fcc634525fecab1fd9a'}}, 'caller': {'address': '0x1858e52217c2b36addfedf48b3fe29b9c5e1e29e'}, 'date': {'date': '2021-04-25'}, 'block': {'height': 12310813}}, {'smartContract': {'address': {'address': '0x0931c14dc8827c8f08d76f0f5d31910ba76078fa'}}, 'caller': {'address': '0x77d1d1638d6770de23125f6298d2814a6ecebccc'}, 'date': {'date': '2021-04-23'}, 'block': {'height': 12295591}}, {'smartContract': {'address': {'address': '0x4122ef18ee8106438954a759d754159dff114249'}}, 'caller': {'address': '0x77d1d1638d6770de23125f6298d2814a6ecebccc'}, 'date': {'date': '2021-04-23'}, 'block': {'height': 12295589}}, {'smartContract': {'address': {'address': '0xf7af33821d410d659118b935138e57751124d447'}}, 'caller': {'address': '0x77d1d1638d6770de23125f6298d2814a6ecebccc'}, 'date': {'date': '2021-04-23'}, 'block': {'height': 12295588}}, {'smartContract': {'address': {'address': '0x495adbf5ee22415a9b44684dd711d64962d94eb5'}}, 'caller': {'address': '0x77d1d1638d6770de23125f6298d2814a6ecebccc'}, 'date': {'date': '2021-04-23'}, 'block': {'height': 12295586}}, {'smartContract': {'address': {'address': '0x9d385e24a6dae6d1101387a06c6c1f05db4f4767'}}, 'caller': {'address': '0x77d1d1638d6770de23125f6298d2814a6ecebccc'}, 'date': {'date': '2021-04-23'}, 'block': {'height': 12295585}}, {'smartContract': {'address': {'address': '0x2208c79e91d8d1945425cea4268f058ce2ec4dbf'}}, 'caller': {'address': '0x77d1d1638d6770de23125f6298d2814a6ecebccc'}, 'date': {'date': '2021-04-23'}, 'block': {'height': 12295583}}, {'smartContract': {'address': {'address': '0xd516cddd59e8a8e33fba1e8495f51c662cdd7ac5'}}, 'caller': {'address': '0x77d1d1638d6770de23125f6298d2814a6ecebccc'}, 'date': {'date': '2021-04-23'}, 'block': {'height': 12295581}}, {'smartContract': {'address': {'address': '0x9454a06c73f0cbb8c94d11d8b5f9bd057a1d393e'}}, 'caller': {'address': '0x77d1d1638d6770de23125f6298d2814a6ecebccc'}, 'date': {'date': '2021-04-23'}, 'block': {'height': 12295580}}, {'smartContract': {'address': {'address': '0xc922035077c4aee65eb58b47994920d234d85d35'}}, 'caller': {'address': '0x77d1d1638d6770de23125f6298d2814a6ecebccc'}, 'date': {'date': '2021-04-23'}, 'block': {'height': 12295578}}, {'smartContract': {'address': {'address': '0xea873c735f740a3f9eaaf460b93dbdd429448908'}}, 'caller': {'address': '0x77d1d1638d6770de23125f6298d2814a6ecebccc'}, 'date': {'date': '2021-04-23'}, 'block': {'height': 12295573}}, {'smartContract': {'address': {'address': '0x4ba13e454ac0410e2dd95b67c429359be87221ab'}}, 'caller': {'address': '0x77d1d1638d6770de23125f6298d2814a6ecebccc'}, 'date': {'date': '2021-04-23'}, 'block': {'height': 12295563}}, {'smartContract': {'address': {'address': '0x8b9ca706375dc2af5425fb8d5c0adce73fa31f1f'}}, 'caller': {'address': '0x77d1d1638d6770de23125f6298d2814a6ecebccc'}, 'date': {'date': '2021-04-23'}, 'block': {'height': 12295561}}, {'smartContract': {'address': {'address': '0x13c7c67f5708b9fa6069d3e7ac5e750104afa6df'}}, 'caller': {'address': '0x77d1d1638d6770de23125f6298d2814a6ecebccc'}, 'date': {'date': '2021-04-23'}, 'block': {'height': 12295531}}, {'smartContract': {'address': {'address': '0x1858e52217c2b36addfedf48b3fe29b9c5e1e29e'}}, 'caller': {'address': '0x77d1d1638d6770de23125f6298d2814a6ecebccc'}, 'date': {'date': '2021-04-23'}, 'block': {'height': 12295528}}, {'smartContract': {'address': {'address': '0x772b459a58d985eeb98ad845ba513434daca7056'}}, 'caller': {'address': '0x77d1d1638d6770de23125f6298d2814a6ecebccc'}, 'date': {'date': '2021-04-23'}, 'block': {'height': 12294604}}, {'smartContract': {'address': {'address': '0x2515976c73e933b718dd869670d61248114b6532'}}, 'caller': {'address': '0x77d1d1638d6770de23125f6298d2814a6ecebccc'}, 'date': {'date': '2021-04-23'}, 'block': {'height': 12294600}}, {'smartContract': {'address': {'address': '0x0e644479c1d90831c64fbcfe19aa41330e4daf90'}}, 'caller': {'address': '0x77d1d1638d6770de23125f6298d2814a6ecebccc'}, 'date': {'date': '2021-04-23'}, 'block': {'height': 12294598}}, {'smartContract': {'address': {'address': '0x91a149c826dcdce89b02c7f6441e3738ae4d2e58'}}, 'caller': {'address': '0x77d1d1638d6770de23125f6298d2814a6ecebccc'}, 'date': {'date': '2021-04-23'}, 'block': {'height': 12294593}}, {'smartContract': {'address': {'address': '0xa5d072b5464028f9a082fdfca22248a007404abc'}}, 'caller': {'address': '0x77d1d1638d6770de23125f6298d2814a6ecebccc'}, 'date': {'date': '2021-04-23'}, 'block': {'height': 12294587}}, {'smartContract': {'address': {'address': '0x432d098e3c586bcbff15346259cb8d051f2278fc'}}, 'caller': {'address': '0x77d1d1638d6770de23125f6298d2814a6ecebccc'}, 'date': {'date': '2021-04-23'}, 'block': {'height': 12294580}}, {'smartContract': {'address': {'address': '0xe0e3235989247782c70c55b0a2e0ef859d0728a4'}}, 'caller': {'address': '0x77d1d1638d6770de23125f6298d2814a6ecebccc'}, 'date': {'date': '2021-04-23'}, 'block': {'height': 12294572}}, {'smartContract': {'address': {'address': '0x508d31b209c2b3b805be14c1d97bef3e0a9134a3'}}, 'caller': {'address': '0x77d1d1638d6770de23125f6298d2814a6ecebccc'}, 'date': {'date': '2021-04-23'}, 'block': {'height': 12294563}}, {'smartContract': {'address': {'address': '0xee323561a3dd1a4e9f2040259728e4cddd939e42'}}, 'caller': {'address': '0x77d1d1638d6770de23125f6298d2814a6ecebccc'}, 'date': {'date': '2021-04-23'}, 'block': {'height': 12294559}}, {'smartContract': {'address': {'address': '0x13998c6bcb673ae2aeecf2c21aaa927c95560ce7'}}, 'caller': {'address': '0x77d1d1638d6770de23125f6298d2814a6ecebccc'}, 'date': {'date': '2021-04-23'}, 'block': {'height': 12294557}}, {'smartContract': {'address': {'address': '0x70ca91db0b61f4391cd924e27b8594abcd7f293c'}}, 'caller': {'address': '0x77d1d1638d6770de23125f6298d2814a6ecebccc'}, 'date': {'date': '2021-04-23'}, 'block': {'height': 12294553}}, {'smartContract': {'address': {'address': '0xe582dc371b2d7e1fffe6194cccef215736b4d981'}}, 'caller': {'address': '0x77d1d1638d6770de23125f6298d2814a6ecebccc'}, 'date': {'date': '2021-04-23'}, 'block': {'height': 12294513}}, {'smartContract': {'address': {'address': '0xa0e9c91d9b39c3465d11bdb708abfb62899e4b3a'}}, 'caller': {'address': '0x77d1d1638d6770de23125f6298d2814a6ecebccc'}, 'date': {'date': '2021-04-23'}, 'block': {'height': 12294507}}, {'smartContract': {'address': {'address': '0xc099fe8cee4462f0c614077e95afa3df9e2e79b7'}}, 'caller': {'address': '0x77d1d1638d6770de23125f6298d2814a6ecebccc'}, 'date': {'date': '2021-04-23'}, 'block': {'height': 12294501}}, {'smartContract': {'address': {'address': '0x58c0cede28c221273319e9be2998292360e180f8'}}, 'caller': {'address': '0x77d1d1638d6770de23125f6298d2814a6ecebccc'}, 'date': {'date': '2021-04-23'}, 'block': {'height': 12294497}}, {'smartContract': {'address': {'address': '0x213a7b19b497141876e7639b43134513cea07e7c'}}, 'caller': {'address': '0x77d1d1638d6770de23125f6298d2814a6ecebccc'}, 'date': {'date': '2021-04-23'}, 'block': {'height': 12294494}}, {'smartContract': {'address': {'address': '0x1c3ea9fd468276c445927f53df51ee5ec87e3c84'}}, 'caller': {'address': '0x77d1d1638d6770de23125f6298d2814a6ecebccc'}, 'date': {'date': '2021-04-23'}, 'block': {'height': 12294492}}, {'smartContract': {'address': {'address': '0x6af29228067c1a91aa422eb88a000d1947cdb1ec'}}, 'caller': {'address': '0x77d1d1638d6770de23125f6298d2814a6ecebccc'}, 'date': {'date': '2021-04-23'}, 'block': {'height': 12294488}}, {'smartContract': {'address': {'address': '0x7768c4f860682e512984c9c3e65eb7cdb1e1fd21'}}, 'caller': {'address': '0x77d1d1638d6770de23125f6298d2814a6ecebccc'}, 'date': {'date': '2021-04-23'}, 'block': {'height': 12294486}}, {'smartContract': {'address': {'address': '0x14bd940cf6815f53e0c8e309fe89f78baf673757'}}, 'caller': {'address': '0x77d1d1638d6770de23125f6298d2814a6ecebccc'}, 'date': {'date': '2021-04-23'}, 'block': {'height': 12294479}}, {'smartContract': {'address': {'address': '0xa229d0504937f99326a36ea4a32d5328bfad30f2'}}, 'caller': {'address': '0x77d1d1638d6770de23125f6298d2814a6ecebccc'}, 'date': {'date': '2021-04-23'}, 'block': {'height': 12294477}}, {'smartContract': {'address': {'address': '0x84cb833f3f2e0443c5fc40f4a4619881213638a7'}}, 'caller': {'address': '0x77d1d1638d6770de23125f6298d2814a6ecebccc'}, 'date': {'date': '2021-04-23'}, 'block': {'height': 12294472}}, {'smartContract': {'address': {'address': '0x81590d3a76fdf0a3f7ddc122f3c519bc97474ecd'}}, 'caller': {'address': '0x77d1d1638d6770de23125f6298d2814a6ecebccc'}, 'date': {'date': '2021-04-23'}, 'block': {'height': 12294465}}, {'smartContract': {'address': {'address': '0x5409341c32481a1fed818f0395dae0f9ccaa8ab8'}}, 'caller': {'address': '0x77d1d1638d6770de23125f6298d2814a6ecebccc'}, 'date': {'date': '2021-04-23'}, 'block': {'height': 12294452}}, {'smartContract': {'address': {'address': '0xe7cf608072c89ba0d02ccc4fc087aac8c69587a3'}}, 'caller': {'address': '0x77d1d1638d6770de23125f6298d2814a6ecebccc'}, 'date': {'date': '2021-04-22'}, 'block': {'height': 12288371}}, {'smartContract': {'address': {'address': '0x550bf90cf0a0478a9b1f9b6d0b45a4c8268b1d86'}}, 'caller': {'address': '0x77d1d1638d6770de23125f6298d2814a6ecebccc'}, 'date': {'date': '2021-04-22'}, 'block': {'height': 12288260}}, {'smartContract': {'address': {'address': '0x20af969f2c963f53608f492340b0a208e2ab16bb'}}, 'caller': {'address': '0x77d1d1638d6770de23125f6298d2814a6ecebccc'}, 'date': {'date': '2021-04-22'}, 'block': {'height': 12288247}}, {'smartContract': {'address': {'address': '0x183b12880091e2d36013060f398cd627de4fa2ec'}}, 'caller': {'address': '0x77d1d1638d6770de23125f6298d2814a6ecebccc'}, 'date': {'date': '2021-04-22'}, 'block': {'height': 12288229}}, {'smartContract': {'address': {'address': '0xf19bc5185f913492582a2409dbfb56a204db8b1e'}}, 'caller': {'address': '0x4024467a311c41e3d276064b75d68fbf47385572'}, 'date': {'date': '2021-01-18'}, 'block': {'height': 11677582}}, {'smartContract': {'address': {'address': '0x877dd2922e1e15569d36e9c0549c144daeee1c10'}}, 'caller': {'address': '0x4024467a311c41e3d276064b75d68fbf47385572'}, 'date': {'date': '2020-12-20'}, 'block': {'height': 11490724}}, {'smartContract': {'address': {'address': '0xa1fb3b6f0e978e1f00d8b2c4a4a0c1ad3d29ac79'}}, 'caller': {'address': '0x4024467a311c41e3d276064b75d68fbf47385572'}, 'date': {'date': '2020-12-06'}, 'block': {'height': 11398320}}, {'smartContract': {'address': {'address': '0x9915d1ee8ef470fe8cbc183bb93ff4ec84a72e41'}}, 'caller': {'address': '0x4024467a311c41e3d276064b75d68fbf47385572'}, 'date': {'date': '2020-11-25'}, 'block': {'height': 11326151}}, {'smartContract': {'address': {'address': '0xb1d8d889e2b8b3212cd9d750bdc425340ab7b29f'}}, 'caller': {'address': '0x4024467a311c41e3d276064b75d68fbf47385572'}, 'date': {'date': '2020-11-10'}, 'block': {'height': 11228157}}, {'smartContract': {'address': {'address': '0xe4c58e339f870b909dbe1ca86a6f67abb1275fe4'}}, 'caller': {'address': '0x701f89924782e6f28166df6112cd5fc928ebd16d'}, 'date': {'date': '2020-11-10'}, 'block': {'height': 11228067}}, {'smartContract': {'address': {'address': '0xdb51879b85c45614495fd7b6ef4be3c3138fdb0c'}}, 'caller': {'address': '0x77d1d1638d6770de23125f6298d2814a6ecebccc'}, 'date': {'date': '2020-11-09'}, 'block': {'height': 11224505}}, {'smartContract': {'address': {'address': '0x98180899d924060e82f6248666a259b2f63e26d9'}}, 'caller': {'address': '0x77d1d1638d6770de23125f6298d2814a6ecebccc'}, 'date': {'date': '2020-11-09'}, 'block': {'height': 11224504}}, {'smartContract': {'address': {'address': '0x6d3d91a78cec98e208100a70a7a92e8299c3bbde'}}, 'caller': {'address': '0x77d1d1638d6770de23125f6298d2814a6ecebccc'}, 'date': {'date': '2020-11-09'}, 'block': {'height': 11224502}}, {'smartContract': {'address': {'address': '0xa6bbc48dc80bd460cf8ae70557608f08b06d0bd3'}}, 'caller': {'address': '0x6d3d91a78cec98e208100a70a7a92e8299c3bbde'}, 'date': {'date': '2020-11-09'}, 'block': {'height': 11224502}}, {'smartContract': {'address': {'address': '0x4f9d9b1a4d17f60951529e3ea22f864413ffb6af'}}, 'caller': {'address': '0x77d1d1638d6770de23125f6298d2814a6ecebccc'}, 'date': {'date': '2020-11-09'}, 'block': {'height': 11224487}}, {'smartContract': {'address': {'address': '0xeb49d55b7afee7d79b3c8ca1a05191759d4a6ba8'}}, 'caller': {'address': '0x701f89924782e6f28166df6112cd5fc928ebd16d'}, 'date': {'date': '2020-11-06'}, 'block': {'height': 11206857}}, {'smartContract': {'address': {'address': '0x3d3e25430535e429085f20bf21eb0b0145011343'}}, 'caller': {'address': '0x77d1d1638d6770de23125f6298d2814a6ecebccc'}, 'date': {'date': '2020-11-06'}, 'block': {'height': 11203576}}]",2020-10-07
237,237,0x9f20Ed5f919DC1C1695042542C13aDCFc100dcab,Component (CMP),,0x45fE418D510594F7110963A0241B8E2962c97358,552676.3915,"[{'smartContract': {'address': {'address': '0x5774dbecf0e1ebfd9b4f5d3dc178a00ab506c588'}}, 'caller': {'address': '0x45fe418d510594f7110963a0241b8e2962c97358'}, 'date': {'date': '2021-12-14'}, 'block': {'height': 13804736}}, {'smartContract': {'address': {'address': '0x683bc4482f16b33ce63151934378038e038a88be'}}, 'caller': {'address': '0x45fe418d510594f7110963a0241b8e2962c97358'}, 'date': {'date': '2021-12-14'}, 'block': {'height': 13804631}}, {'smartContract': {'address': {'address': '0x90a460b2db6fb68a327a5ba928d520495f533fde'}}, 'caller': {'address': '0x45fe418d510594f7110963a0241b8e2962c97358'}, 'date': {'date': '2021-12-14'}, 'block': {'height': 13804585}}, {'smartContract': {'address': {'address': '0x2532d45794b76b93700265243b4424f45ad33091'}}, 'caller': {'address': '0x45fe418d510594f7110963a0241b8e2962c97358'}, 'date': {'date': '2021-10-20'}, 'block': {'height': 13455866}}, {'smartContract': {'address': {'address': '0x9186eb3f09ac82ea78cc5e2ddcdbc6f68c48e801'}}, 'caller': {'address': '0x76e2cfc1f5fa8f6a5b3fc4c8f4788f0116861f9b'}, 'date': {'date': '2021-07-23'}, 'block': {'height': 12883199}}, {'smartContract': {'address': {'address': '0x79876b5062160c107e02826371dd33c047ccf2de'}}, 'caller': {'address': '0x45fe418d510594f7110963a0241b8e2962c97358'}, 'date': {'date': '2021-07-21'}, 'block': {'height': 12870503}}, {'smartContract': {'address': {'address': '0x5d4066ed92f0fe565747fb75c128995e0b757d7d'}}, 'caller': {'address': '0x45fe418d510594f7110963a0241b8e2962c97358'}, 'date': {'date': '2021-07-21'}, 'block': {'height': 12870494}}, {'smartContract': {'address': {'address': '0x2013fd838d20c063c5627ddf839c0e9ca85f38c7'}}, 'caller': {'address': '0x45fe418d510594f7110963a0241b8e2962c97358'}, 'date': {'date': '2021-07-20'}, 'block': {'height': 12864503}}, {'smartContract': {'address': {'address': '0x2be4d20b9eeb7d625fa68112568f94c615af376b'}}, 'caller': {'address': '0x45fe418d510594f7110963a0241b8e2962c97358'}, 'date': {'date': '2021-07-20'}, 'block': {'height': 12862211}}, {'smartContract': {'address': {'address': '0x7351a6d36fde5c7d5d2a23ee0a26feb8083f91b5'}}, 'caller': {'address': '0x45fe418d510594f7110963a0241b8e2962c97358'}, 'date': {'date': '2021-05-14'}, 'block': {'height': 12432503}}, {'smartContract': {'address': {'address': '0xc8c59160542b97bd160b3b6a6b353dac0adc8283'}}, 'caller': {'address': '0x45fe418d510594f7110963a0241b8e2962c97358'}, 'date': {'date': '2021-04-27'}, 'block': {'height': 12322235}}, {'smartContract': {'address': {'address': '0x9f20ed5f919dc1c1695042542c13adcfc100dcab'}}, 'caller': {'address': '0x45fe418d510594f7110963a0241b8e2962c97358'}, 'date': {'date': '2021-04-27'}, 'block': {'height': 12322206}}, {'smartContract': {'address': {'address': '0x6477960dd932d29518d7e8087d5ea3d11e606068'}}, 'caller': {'address': '0x45fe418d510594f7110963a0241b8e2962c97358'}, 'date': {'date': '2021-01-30'}, 'block': {'height': 11759920}}, {'smartContract': {'address': {'address': '0x49519631b404e06ca79c9c7b0dc91648d86f08db'}}, 'caller': {'address': '0x45fe418d510594f7110963a0241b8e2962c97358'}, 'date': {'date': '2021-01-24'}, 'block': {'height': 11717846}}, {'smartContract': {'address': {'address': '0xfcb0232c365a0a2085e3c26f44e36e81afa1dd61'}}, 'caller': {'address': '0x45fe418d510594f7110963a0241b8e2962c97358'}, 'date': {'date': '2021-01-24'}, 'block': {'height': 11717834}}, {'smartContract': {'address': {'address': '0xa28c04952ec240ebe2bef0f3585d681448bc86b7'}}, 'caller': {'address': '0x45fe418d510594f7110963a0241b8e2962c97358'}, 'date': {'date': '2021-01-23'}, 'block': {'height': 11708597}}, {'smartContract': {'address': {'address': '0xe5e9a2a900d2199b218fe07be766f1d049c27745'}}, 'caller': {'address': '0x45fe418d510594f7110963a0241b8e2962c97358'}, 'date': {'date': '2021-01-23'}, 'block': {'height': 11708580}}, {'smartContract': {'address': {'address': '0x4ab3d420504cfb1188ce3b805e9c3c32c2531f2e'}}, 'caller': {'address': '0x45fe418d510594f7110963a0241b8e2962c97358'}, 'date': {'date': '2021-01-22'}, 'block': {'height': 11708010}}, {'smartContract': {'address': {'address': '0xa6423a1624712351c9b8c8bb4f5aa36b4c39b338'}}, 'caller': {'address': '0x76e2cfc1f5fa8f6a5b3fc4c8f4788f0116861f9b'}, 'date': {'date': '2021-01-21'}, 'block': {'height': 11699178}}, {'smartContract': {'address': {'address': '0x2e5f6c31ffebb8221bbaed6e8214557633347570'}}, 'caller': {'address': '0x45fe418d510594f7110963a0241b8e2962c97358'}, 'date': {'date': '2021-01-19'}, 'block': {'height': 11688665}}, {'smartContract': {'address': {'address': '0xe2722579f525d02576799934072efb50441d452f'}}, 'caller': {'address': '0x45fe418d510594f7110963a0241b8e2962c97358'}, 'date': {'date': '2021-01-19'}, 'block': {'height': 11688475}}, {'smartContract': {'address': {'address': '0x7b57f2f49e87b0c622269d025e3be93fba57406e'}}, 'caller': {'address': '0x45fe418d510594f7110963a0241b8e2962c97358'}, 'date': {'date': '2021-01-19'}, 'block': {'height': 11688399}}, {'smartContract': {'address': {'address': '0x5d127ae0438393c1057f73afd82752069987c463'}}, 'caller': {'address': '0x45fe418d510594f7110963a0241b8e2962c97358'}, 'date': {'date': '2021-01-19'}, 'block': {'height': 11688399}}, {'smartContract': {'address': {'address': '0x39dcad1a118d6786b1225c1b8140de9ba0e0e57c'}}, 'caller': {'address': '0x45fe418d510594f7110963a0241b8e2962c97358'}, 'date': {'date': '2021-01-19'}, 'block': {'height': 11688399}}, {'smartContract': {'address': {'address': '0x660717f9cf0e35cd8a2b53d9ef17de8a936a65f0'}}, 'caller': {'address': '0x45fe418d510594f7110963a0241b8e2962c97358'}, 'date': {'date': '2021-01-19'}, 'block': {'height': 11688394}}, {'smartContract': {'address': {'address': '0x6505150f6550c8266ddecef520a38a12a9a8e5d1'}}, 'caller': {'address': '0x45fe418d510594f7110963a0241b8e2962c97358'}, 'date': {'date': '2021-01-19'}, 'block': {'height': 11688394}}, {'smartContract': {'address': {'address': '0x5ca410476bb5b803b840b8a1eb153c045a952d35'}}, 'caller': {'address': '0x45fe418d510594f7110963a0241b8e2962c97358'}, 'date': {'date': '2021-01-19'}, 'block': {'height': 11688374}}, {'smartContract': {'address': {'address': '0x71b1e5565cb206d426ab355a5835b62e50fc919e'}}, 'caller': {'address': '0x45fe418d510594f7110963a0241b8e2962c97358'}, 'date': {'date': '2021-01-19'}, 'block': {'height': 11688252}}, {'smartContract': {'address': {'address': '0x70f648c442efa7007e7e4323e14e7bdc800bd0cf'}}, 'caller': {'address': '0x45fe418d510594f7110963a0241b8e2962c97358'}, 'date': {'date': '2021-01-19'}, 'block': {'height': 11686405}}]",2021-04-27
238,238,0xb26C4B3Ca601136Daf98593feAeff9E0CA702a8D,Aladdin Token,https://github.com/AladdinDAO/,0x9d36e652Ab2C8Fa3738dCC73b3095197988E55B7,522513.8349,"[{'smartContract': {'address': {'address': '0xbd5a01e83134a53baab068aaa4e267532c29b3d6'}}, 'caller': {'address': '0x9d36e652ab2c8fa3738dcc73b3095197988e55b7'}, 'date': {'date': '2021-04-17'}, 'block': {'height': 12255452}}, {'smartContract': {'address': {'address': '0xa0c500ed25a88640f250c55da7299c3345637f5e'}}, 'caller': {'address': '0x9d36e652ab2c8fa3738dcc73b3095197988e55b7'}, 'date': {'date': '2021-04-15'}, 'block': {'height': 12246895}}, {'smartContract': {'address': {'address': '0x78dbc6888f6cca11cac3d4b0027557f25d15ad23'}}, 'caller': {'address': '0x9d36e652ab2c8fa3738dcc73b3095197988e55b7'}, 'date': {'date': '2021-04-15'}, 'block': {'height': 12246892}}, {'smartContract': {'address': {'address': '0x433aacf5c3d1f1f9869aebc05878db83bc8f2cce'}}, 'caller': {'address': '0x9d36e652ab2c8fa3738dcc73b3095197988e55b7'}, 'date': {'date': '2021-04-15'}, 'block': {'height': 12246889}}, {'smartContract': {'address': {'address': '0xccd39afab90186d4454c380336dd67ef23f9c351'}}, 'caller': {'address': '0x9d36e652ab2c8fa3738dcc73b3095197988e55b7'}, 'date': {'date': '2021-04-15'}, 'block': {'height': 12246827}}, {'smartContract': {'address': {'address': '0x377bacaeed25df1589e158922b4b2cdafc54619b'}}, 'caller': {'address': '0x9d36e652ab2c8fa3738dcc73b3095197988e55b7'}, 'date': {'date': '2021-04-15'}, 'block': {'height': 12246821}}, {'smartContract': {'address': {'address': '0xe95498705c67864c9b9c83ec03444dd890477b52'}}, 'caller': {'address': '0x9d36e652ab2c8fa3738dcc73b3095197988e55b7'}, 'date': {'date': '2021-04-15'}, 'block': {'height': 12246804}}, {'smartContract': {'address': {'address': '0xaddcdf97c6db085440b6ddc85ff88d12b8b28ac5'}}, 'caller': {'address': '0x9d36e652ab2c8fa3738dcc73b3095197988e55b7'}, 'date': {'date': '2021-04-15'}, 'block': {'height': 12246801}}, {'smartContract': {'address': {'address': '0x0a42258b3fa3b4cb9a5971da254a83618b5928fa'}}, 'caller': {'address': '0x9d36e652ab2c8fa3738dcc73b3095197988e55b7'}, 'date': {'date': '2021-04-15'}, 'block': {'height': 12246797}}, {'smartContract': {'address': {'address': '0x7eb12e5d434a889f9aa06efdbb6b4ebd034901ba'}}, 'caller': {'address': '0x9d36e652ab2c8fa3738dcc73b3095197988e55b7'}, 'date': {'date': '2021-04-15'}, 'block': {'height': 12241841}}, {'smartContract': {'address': {'address': '0xb5495a8d85ee18cfd0d2816993658d88af08bef4'}}, 'caller': {'address': '0x9d36e652ab2c8fa3738dcc73b3095197988e55b7'}, 'date': {'date': '2021-04-15'}, 'block': {'height': 12241832}}, {'smartContract': {'address': {'address': '0x47e9517c2c179349c6c8f4a347acbedfca5e99bc'}}, 'caller': {'address': '0x9d36e652ab2c8fa3738dcc73b3095197988e55b7'}, 'date': {'date': '2021-04-15'}, 'block': {'height': 12241830}}, {'smartContract': {'address': {'address': '0xb26c4b3ca601136daf98593feaeff9e0ca702a8d'}}, 'caller': {'address': '0x9d36e652ab2c8fa3738dcc73b3095197988e55b7'}, 'date': {'date': '2021-04-15'}, 'block': {'height': 12241829}}, {'smartContract': {'address': {'address': '0x4c883ae6ca39c10e692c0a56bc7a50cbb610f73a'}}, 'caller': {'address': '0x9d36e652ab2c8fa3738dcc73b3095197988e55b7'}, 'date': {'date': '2021-04-11'}, 'block': {'height': 12215612}}, {'smartContract': {'address': {'address': '0xdf085c1f7265ee87ab21a0467b656d2ccd32ca39'}}, 'caller': {'address': '0x9d36e652ab2c8fa3738dcc73b3095197988e55b7'}, 'date': {'date': '2021-04-11'}, 'block': {'height': 12215603}}, {'smartContract': {'address': {'address': '0xfe25c56fb93ae11dcebee084745f52cd5c5e1f7b'}}, 'caller': {'address': '0x9d36e652ab2c8fa3738dcc73b3095197988e55b7'}, 'date': {'date': '2021-04-11'}, 'block': {'height': 12215578}}, {'smartContract': {'address': {'address': '0x85519966097a002b0579ee28553cc37c1c454f95'}}, 'caller': {'address': '0x9d36e652ab2c8fa3738dcc73b3095197988e55b7'}, 'date': {'date': '2021-04-11'}, 'block': {'height': 12215572}}, {'smartContract': {'address': {'address': '0xe048b11294e9980691a0df53db15acada6d40789'}}, 'caller': {'address': '0x9d36e652ab2c8fa3738dcc73b3095197988e55b7'}, 'date': {'date': '2021-04-11'}, 'block': {'height': 12215544}}, {'smartContract': {'address': {'address': '0xbe28f3b70bfd0d5a253167dd5fd80dd49cb84db2'}}, 'caller': {'address': '0x9d36e652ab2c8fa3738dcc73b3095197988e55b7'}, 'date': {'date': '2021-04-11'}, 'block': {'height': 12215539}}, {'smartContract': {'address': {'address': '0x563719b44ac4d6cf9d88c6c319335cd4347f74b7'}}, 'caller': {'address': '0x9d36e652ab2c8fa3738dcc73b3095197988e55b7'}, 'date': {'date': '2021-04-11'}, 'block': {'height': 12215535}}, {'smartContract': {'address': {'address': '0xb4a5644635627911d093d237d124dd4b249f452d'}}, 'caller': {'address': '0x9d36e652ab2c8fa3738dcc73b3095197988e55b7'}, 'date': {'date': '2021-04-11'}, 'block': {'height': 12215533}}, {'smartContract': {'address': {'address': '0x9e294e0f2f6a0b71fbd33d70acaf5adb8274bf61'}}, 'caller': {'address': '0x9d36e652ab2c8fa3738dcc73b3095197988e55b7'}, 'date': {'date': '2021-04-11'}, 'block': {'height': 12215528}}, {'smartContract': {'address': {'address': '0xd49b95e7672cd1bda5bb37edfea7a195efefd235'}}, 'caller': {'address': '0x9d36e652ab2c8fa3738dcc73b3095197988e55b7'}, 'date': {'date': '2021-04-11'}, 'block': {'height': 12215527}}, {'smartContract': {'address': {'address': '0x5d51265adf2b89c3ba3f009eb7bbace3a84fd424'}}, 'caller': {'address': '0x9d36e652ab2c8fa3738dcc73b3095197988e55b7'}, 'date': {'date': '2021-04-11'}, 'block': {'height': 12215526}}, {'smartContract': {'address': {'address': '0x245e45c2efeda67c19bbf6c223e4bd11caa6028c'}}, 'caller': {'address': '0x9d36e652ab2c8fa3738dcc73b3095197988e55b7'}, 'date': {'date': '2021-04-11'}, 'block': {'height': 12215518}}, {'smartContract': {'address': {'address': '0x557c43465cce75e191f49c6e54f76bcd45fe0717'}}, 'caller': {'address': '0x9d36e652ab2c8fa3738dcc73b3095197988e55b7'}, 'date': {'date': '2021-04-11'}, 'block': {'height': 12215515}}, {'smartContract': {'address': {'address': '0xc625bf3eb65563c217ed8d7d7dad4bccdc853f4c'}}, 'caller': {'address': '0x9d36e652ab2c8fa3738dcc73b3095197988e55b7'}, 'date': {'date': '2021-04-11'}, 'block': {'height': 12215514}}, {'smartContract': {'address': {'address': '0x4bfa380cda4d30af45af34125bbb3d9c4213332f'}}, 'caller': {'address': '0x9d36e652ab2c8fa3738dcc73b3095197988e55b7'}, 'date': {'date': '2021-04-11'}, 'block': {'height': 12215513}}, {'smartContract': {'address': {'address': '0x4f3d01c169d53fc400c2746ad9e00391b1d22d39'}}, 'caller': {'address': '0x9d36e652ab2c8fa3738dcc73b3095197988e55b7'}, 'date': {'date': '2021-04-11'}, 'block': {'height': 12215512}}, {'smartContract': {'address': {'address': '0xf84e3cebab53fbe37af733cf9938858ca9b806c9'}}, 'caller': {'address': '0x9d36e652ab2c8fa3738dcc73b3095197988e55b7'}, 'date': {'date': '2021-04-11'}, 'block': {'height': 12215509}}, {'smartContract': {'address': {'address': '0x3a749e16995808548c61ca5634fd59ec8587e736'}}, 'caller': {'address': '0x9d36e652ab2c8fa3738dcc73b3095197988e55b7'}, 'date': {'date': '2021-04-11'}, 'block': {'height': 12215505}}]",2021-04-15
239,239,0x6C16119B20fa52600230F074b349dA3cb861a7e3,Alkemi_Network_DAO_Token,https://github.com/AlkemiNetwork,0x520Da6e55eB070AA872cd08FE2665Da44535cD33,504629.8141,"[{'smartContract': {'address': {'address': '0xa81f5546378ef280966f4436e6030042281dad47'}}, 'caller': {'address': '0xa6b71e26c5e0845f74c812102ca7114b6a896ab2'}, 'date': {'date': '2022-03-25'}, 'block': {'height': 14456948}}, {'smartContract': {'address': {'address': '0x5bea205a2d342e87af7642e374dd02d44c136c6f'}}, 'caller': {'address': '0xa6b71e26c5e0845f74c812102ca7114b6a896ab2'}, 'date': {'date': '2022-03-04'}, 'block': {'height': 14321995}}, {'smartContract': {'address': {'address': '0x83a38054b1a56f59964dd57b16532255fa2c999c'}}, 'caller': {'address': '0xa6b71e26c5e0845f74c812102ca7114b6a896ab2'}, 'date': {'date': '2021-12-22'}, 'block': {'height': 13855629}}, {'smartContract': {'address': {'address': '0xd82edee28f915b52d7db4125f73d815599abcba1'}}, 'caller': {'address': '0xa6b71e26c5e0845f74c812102ca7114b6a896ab2'}, 'date': {'date': '2021-12-22'}, 'block': {'height': 13855609}}, {'smartContract': {'address': {'address': '0xd17fe392fad2e2f99f97e5a80a4d81950e96298e'}}, 'caller': {'address': '0xa6b71e26c5e0845f74c812102ca7114b6a896ab2'}, 'date': {'date': '2021-12-22'}, 'block': {'height': 13855571}}, {'smartContract': {'address': {'address': '0xa6c69b065703bd0a143fe93add1b09d56d8d9ee2'}}, 'caller': {'address': '0x520da6e55eb070aa872cd08fe2665da44535cd33'}, 'date': {'date': '2021-09-10'}, 'block': {'height': 13195240}}, {'smartContract': {'address': {'address': '0xd4d2168d6f5068fb900a6e8f0ff9b5d82ae615ed'}}, 'caller': {'address': '0x520da6e55eb070aa872cd08fe2665da44535cd33'}, 'date': {'date': '2021-09-10'}, 'block': {'height': 13195239}}, {'smartContract': {'address': {'address': '0x105ec9b7cd23540ed97bed4254bca8e138fd2253'}}, 'caller': {'address': '0x520da6e55eb070aa872cd08fe2665da44535cd33'}, 'date': {'date': '2021-09-10'}, 'block': {'height': 13195230}}, {'smartContract': {'address': {'address': '0x70f7bdb0153a77b1058c1024acaff22f550b42a7'}}, 'caller': {'address': '0x520da6e55eb070aa872cd08fe2665da44535cd33'}, 'date': {'date': '2021-09-09'}, 'block': {'height': 13194422}}, {'smartContract': {'address': {'address': '0x94ee7f1db704f17c73763b682791025b64735c86'}}, 'caller': {'address': '0x520da6e55eb070aa872cd08fe2665da44535cd33'}, 'date': {'date': '2021-09-09'}, 'block': {'height': 13193287}}, {'smartContract': {'address': {'address': '0xab21b44b87411c7276568c73a348e72bfc093730'}}, 'caller': {'address': '0x520da6e55eb070aa872cd08fe2665da44535cd33'}, 'date': {'date': '2021-09-09'}, 'block': {'height': 13188404}}, {'smartContract': {'address': {'address': '0x7fb9a71f9b7d508224b789341bd9de0240963dca'}}, 'caller': {'address': '0x520da6e55eb070aa872cd08fe2665da44535cd33'}, 'date': {'date': '2021-09-08'}, 'block': {'height': 13187740}}, {'smartContract': {'address': {'address': '0xe4f7f16adf5c4924fc69d27d564563e60411dfa6'}}, 'caller': {'address': '0x520da6e55eb070aa872cd08fe2665da44535cd33'}, 'date': {'date': '2021-09-08'}, 'block': {'height': 13185215}}, {'smartContract': {'address': {'address': '0xb8eb0f8b6e0a76ef2f970ef644adf3a3bccea427'}}, 'caller': {'address': '0x520da6e55eb070aa872cd08fe2665da44535cd33'}, 'date': {'date': '2021-09-08'}, 'block': {'height': 13184858}}, {'smartContract': {'address': {'address': '0x4f36b37e7cb3a31b0c8de611926f6c0bf6f955f8'}}, 'caller': {'address': '0x520da6e55eb070aa872cd08fe2665da44535cd33'}, 'date': {'date': '2021-09-07'}, 'block': {'height': 13181357}}, {'smartContract': {'address': {'address': '0x14716c982fd8b7f1e8f0b4dbb496dce438a29d93'}}, 'caller': {'address': '0x520da6e55eb070aa872cd08fe2665da44535cd33'}, 'date': {'date': '2021-09-07'}, 'block': {'height': 13181173}}, {'smartContract': {'address': {'address': '0xcf8fe5bb819359ea02df65e50b6194d12b69ab88'}}, 'caller': {'address': '0x520da6e55eb070aa872cd08fe2665da44535cd33'}, 'date': {'date': '2021-09-07'}, 'block': {'height': 13181171}}, {'smartContract': {'address': {'address': '0x75031d152d6c0e44df5eeb8f3c08d48f59991a50'}}, 'caller': {'address': '0x520da6e55eb070aa872cd08fe2665da44535cd33'}, 'date': {'date': '2021-09-07'}, 'block': {'height': 13180394}}, {'smartContract': {'address': {'address': '0x4822d9172e5b76b9db37b75f5552f9988f98a888'}}, 'caller': {'address': '0x520da6e55eb070aa872cd08fe2665da44535cd33'}, 'date': {'date': '2021-09-07'}, 'block': {'height': 13180319}}, {'smartContract': {'address': {'address': '0x1d591ba6ae10a6eb4050e1acbbb2d0be899e61f2'}}, 'caller': {'address': '0x520da6e55eb070aa872cd08fe2665da44535cd33'}, 'date': {'date': '2021-09-07'}, 'block': {'height': 13180316}}, {'smartContract': {'address': {'address': '0x868f5804d2890d142af8100773c1f21952fa1a7e'}}, 'caller': {'address': '0x520da6e55eb070aa872cd08fe2665da44535cd33'}, 'date': {'date': '2021-09-07'}, 'block': {'height': 13180158}}, {'smartContract': {'address': {'address': '0x8125afd067094cd573255f82795339b9fe2a40ab'}}, 'caller': {'address': '0x520da6e55eb070aa872cd08fe2665da44535cd33'}, 'date': {'date': '2021-09-07'}, 'block': {'height': 13180008}}, {'smartContract': {'address': {'address': '0x324c8ea24f1673311f2eb418064c1c5fa064bf9d'}}, 'caller': {'address': '0x19f0cd229f4f1dc2eb164547e93fe8694495cef9'}, 'date': {'date': '2021-09-02'}, 'block': {'height': 13147704}}, {'smartContract': {'address': {'address': '0x6c16119b20fa52600230f074b349da3cb861a7e3'}}, 'caller': {'address': '0x520da6e55eb070aa872cd08fe2665da44535cd33'}, 'date': {'date': '2021-09-02'}, 'block': {'height': 13147664}}, {'smartContract': {'address': {'address': '0x81d0c64fc8566fd0ad0e56d341e66d8e93899a42'}}, 'caller': {'address': '0x19f0cd229f4f1dc2eb164547e93fe8694495cef9'}, 'date': {'date': '2021-09-02'}, 'block': {'height': 13147641}}, {'smartContract': {'address': {'address': '0x09ec29a573362510486fdcd518be5200630b6ea9'}}, 'caller': {'address': '0x19f0cd229f4f1dc2eb164547e93fe8694495cef9'}, 'date': {'date': '2021-09-02'}, 'block': {'height': 13147641}}, {'smartContract': {'address': {'address': '0x19f0cd229f4f1dc2eb164547e93fe8694495cef9'}}, 'caller': {'address': '0xb9da44c051c6cc9e04b7e0f95e95d69c6a6d8031'}, 'date': {'date': '2021-09-02'}, 'block': {'height': 13147641}}, {'smartContract': {'address': {'address': '0x0ce9dfbe95cf219809cc1c121d185fc15b4218ab'}}, 'caller': {'address': '0x520da6e55eb070aa872cd08fe2665da44535cd33'}, 'date': {'date': '2021-09-02'}, 'block': {'height': 13147609}}, {'smartContract': {'address': {'address': '0xa8be1b6f828b1d23d06c808ed6970a96d80759da'}}, 'caller': {'address': '0x520da6e55eb070aa872cd08fe2665da44535cd33'}, 'date': {'date': '2021-08-31'}, 'block': {'height': 13136417}}, {'smartContract': {'address': {'address': '0x8fa4df241d3b2c47617b0803357c7da53e4b62d7'}}, 'caller': {'address': '0x0e6489dd17796390331a65f630a91ebc37fe7bd6'}, 'date': {'date': '2021-08-31'}, 'block': {'height': 13136277}}, {'smartContract': {'address': {'address': '0x5b5f0c8b73416fc4fb4b1b561ceeb581f1265968'}}, 'caller': {'address': '0x0e6489dd17796390331a65f630a91ebc37fe7bd6'}, 'date': {'date': '2021-08-31'}, 'block': {'height': 13136151}}, {'smartContract': {'address': {'address': '0x948c87a14040d5eb3ae2b9208efff946440fbe46'}}, 'caller': {'address': '0x520da6e55eb070aa872cd08fe2665da44535cd33'}, 'date': {'date': '2021-08-31'}, 'block': {'height': 13136115}}, {'smartContract': {'address': {'address': '0x3f36fcd6d40a9d8db1e703a87ac924b57922f27a'}}, 'caller': {'address': '0x0e6489dd17796390331a65f630a91ebc37fe7bd6'}, 'date': {'date': '2021-08-31'}, 'block': {'height': 13136052}}, {'smartContract': {'address': {'address': '0x0e6489dd17796390331a65f630a91ebc37fe7bd6'}}, 'caller': {'address': '0xb9da44c051c6cc9e04b7e0f95e95d69c6a6d8031'}, 'date': {'date': '2021-08-31'}, 'block': {'height': 13136052}}, {'smartContract': {'address': {'address': '0x196ddbd1f11f2673082b227fe72d744301e9d62e'}}, 'caller': {'address': '0x0e6489dd17796390331a65f630a91ebc37fe7bd6'}, 'date': {'date': '2021-08-31'}, 'block': {'height': 13136052}}, {'smartContract': {'address': {'address': '0x2daa990f3a49180e012cd00fc76741af5869c947'}}, 'caller': {'address': '0x12755944244f4f3ddffad19f7167c7db4f6f8359'}, 'date': {'date': '2021-08-31'}, 'block': {'height': 13135861}}, {'smartContract': {'address': {'address': '0x215737e464b7bcf36cb30346bfb726ed9483c1fe'}}, 'caller': {'address': '0x520da6e55eb070aa872cd08fe2665da44535cd33'}, 'date': {'date': '2021-08-31'}, 'block': {'height': 13135850}}]",2021-09-02
240,240,0x0De05F6447ab4D22c8827449EE4bA2D5C288379B,(Proxy contract) Ooki Token,,0xB7F72028D9b502Dc871C444363a7aC5A52546608,502801.2156,"[{'smartContract': {'address': {'address': '0xd55adb2c9230d98edaa23138fe01f52f92316546'}}, 'caller': {'address': '0xa5409ec958c83c3f309868babaca7c86dcb077c1'}, 'date': {'date': '2022-01-06'}, 'block': {'height': 13954600}}, {'smartContract': {'address': {'address': '0x93c608dc45fcdd9e7c5457ce6fc7f4ddec235b68'}}, 'caller': {'address': '0xb7f72028d9b502dc871c444363a7ac5a52546608'}, 'date': {'date': '2021-10-18'}, 'block': {'height': 13443208}}, {'smartContract': {'address': {'address': '0x0de05f6447ab4d22c8827449ee4ba2d5c288379b'}}, 'caller': {'address': '0xb7f72028d9b502dc871c444363a7ac5a52546608'}, 'date': {'date': '2021-10-18'}, 'block': {'height': 13442951}}, {'smartContract': {'address': {'address': '0x5a06e8b21c8362720f6fc5587b22c07c957718e3'}}, 'caller': {'address': '0xb7f72028d9b502dc871c444363a7ac5a52546608'}, 'date': {'date': '2021-10-18'}, 'block': {'height': 13442833}}, {'smartContract': {'address': {'address': '0x94549826790e1c5e9088641bea0f90c1e9a492fd'}}, 'caller': {'address': '0xb7f72028d9b502dc871c444363a7ac5a52546608'}, 'date': {'date': '2021-09-30'}, 'block': {'height': 13327315}}, {'smartContract': {'address': {'address': '0xe5d43025611b12abfa000a236c3b07e7096cdbd2'}}, 'caller': {'address': '0xb7f72028d9b502dc871c444363a7ac5a52546608'}, 'date': {'date': '2021-09-30'}, 'block': {'height': 13324865}}, {'smartContract': {'address': {'address': '0x034d1ddf41ee5eb8829b3bfb508d8611d59beaa0'}}, 'caller': {'address': '0xb7f72028d9b502dc871c444363a7ac5a52546608'}, 'date': {'date': '2021-09-29'}, 'block': {'height': 13323154}}, {'smartContract': {'address': {'address': '0x05d5160cbc6714533ef44ced6dd32112d56ad7da'}}, 'caller': {'address': '0xb7f72028d9b502dc871c444363a7ac5a52546608'}, 'date': {'date': '2021-09-29'}, 'block': {'height': 13321170}}, {'smartContract': {'address': {'address': '0xbaa522162728e3f31e1837e4cbd81687d309767b'}}, 'caller': {'address': '0xb7f72028d9b502dc871c444363a7ac5a52546608'}, 'date': {'date': '2021-09-09'}, 'block': {'height': 13192786}}, {'smartContract': {'address': {'address': '0x3f6af23799eafb612e83a9a0ae76aa5ad907683c'}}, 'caller': {'address': '0xb7f72028d9b502dc871c444363a7ac5a52546608'}, 'date': {'date': '2021-09-09'}, 'block': {'height': 13192749}}, {'smartContract': {'address': {'address': '0x37cba8d1308019594621438bd1527e5a6a34b49f'}}, 'caller': {'address': '0xb7f72028d9b502dc871c444363a7ac5a52546608'}, 'date': {'date': '2021-08-30'}, 'block': {'height': 13127346}}, {'smartContract': {'address': {'address': '0x14e7357142ecf47841fae04cc04a99005e5e4137'}}, 'caller': {'address': '0xb7f72028d9b502dc871c444363a7ac5a52546608'}, 'date': {'date': '2021-08-30'}, 'block': {'height': 13127339}}, {'smartContract': {'address': {'address': '0x629b2ecf29dad224b21f82ccecbf14dcdd5c3215'}}, 'caller': {'address': '0xb7f72028d9b502dc871c444363a7ac5a52546608'}, 'date': {'date': '2021-08-16'}, 'block': {'height': 13037858}}, {'smartContract': {'address': {'address': '0xc5c66f91fe2e395078e0b872232a20981bc03b15'}}, 'caller': {'address': '0xb7f72028d9b502dc871c444363a7ac5a52546608'}, 'date': {'date': '2021-08-15'}, 'block': {'height': 13030945}}, {'smartContract': {'address': {'address': '0xe99536758fe1a7d78932c47c21807101bd55ecc6'}}, 'caller': {'address': '0xb7f72028d9b502dc871c444363a7ac5a52546608'}, 'date': {'date': '2021-08-14'}, 'block': {'height': 13024441}}, {'smartContract': {'address': {'address': '0x832272f8f6ca5a3a4b58da9bc3def7ed51f66d52'}}, 'caller': {'address': '0xb7f72028d9b502dc871c444363a7ac5a52546608'}, 'date': {'date': '2021-08-14'}, 'block': {'height': 13024023}}, {'smartContract': {'address': {'address': '0x6f0342bee6539a23f7141de66174d83411bd0d93'}}, 'caller': {'address': '0xb7f72028d9b502dc871c444363a7ac5a52546608'}, 'date': {'date': '2021-08-14'}, 'block': {'height': 13023739}}, {'smartContract': {'address': {'address': '0x93b02ee3132d10c938dd178c03a66595154f2940'}}, 'caller': {'address': '0xb7f72028d9b502dc871c444363a7ac5a52546608'}, 'date': {'date': '2021-08-14'}, 'block': {'height': 13023627}}, {'smartContract': {'address': {'address': '0x3779e39363a078b843b8ae5aae7710c5d796ef3a'}}, 'caller': {'address': '0xb7f72028d9b502dc871c444363a7ac5a52546608'}, 'date': {'date': '2021-08-14'}, 'block': {'height': 13023606}}, {'smartContract': {'address': {'address': '0xa66ae231800f2cb10b493ea18df3a55d4a9ffc51'}}, 'caller': {'address': '0xb7f72028d9b502dc871c444363a7ac5a52546608'}, 'date': {'date': '2021-08-13'}, 'block': {'height': 13016859}}, {'smartContract': {'address': {'address': '0x9da41f7810c2548572f4fa414d06ed9772ca9e6e'}}, 'caller': {'address': '0xb7f72028d9b502dc871c444363a7ac5a52546608'}, 'date': {'date': '2021-08-12'}, 'block': {'height': 13010590}}, {'smartContract': {'address': {'address': '0xc5807678dc9ea22360466909d959a80a0a06ad37'}}, 'caller': {'address': '0xb7f72028d9b502dc871c444363a7ac5a52546608'}, 'date': {'date': '2021-08-12'}, 'block': {'height': 13010545}}, {'smartContract': {'address': {'address': '0x7a8917a4fc97ced82761236472162e5344b4e87b'}}, 'caller': {'address': '0xb7f72028d9b502dc871c444363a7ac5a52546608'}, 'date': {'date': '2021-08-07'}, 'block': {'height': 12978966}}, {'smartContract': {'address': {'address': '0xdd89c49bfbaae2f998a208e1da4cadae35b5dc19'}}, 'caller': {'address': '0xb7f72028d9b502dc871c444363a7ac5a52546608'}, 'date': {'date': '2021-08-06'}, 'block': {'height': 12969330}}, {'smartContract': {'address': {'address': '0xb92d5615aa7c4231cacf0357c1a54fd067b8e41f'}}, 'caller': {'address': '0xb7f72028d9b502dc871c444363a7ac5a52546608'}, 'date': {'date': '2021-08-06'}, 'block': {'height': 12968905}}, {'smartContract': {'address': {'address': '0x2a599ceba64cab8c88549c2c7314ea02a161fc70'}}, 'caller': {'address': '0x76e2cfc1f5fa8f6a5b3fc4c8f4788f0116861f9b'}, 'date': {'date': '2021-08-05'}, 'block': {'height': 12966764}}, {'smartContract': {'address': {'address': '0xfedc4dd5247b93feb41e899a09c44cfabec29cbc'}}, 'caller': {'address': '0xb7f72028d9b502dc871c444363a7ac5a52546608'}, 'date': {'date': '2021-08-03'}, 'block': {'height': 12954355}}, {'smartContract': {'address': {'address': '0x15b005fdfc865023d7a47c50e49e1b989dbec228'}}, 'caller': {'address': '0xb7f72028d9b502dc871c444363a7ac5a52546608'}, 'date': {'date': '2021-07-20'}, 'block': {'height': 12865719}}, {'smartContract': {'address': {'address': '0xe9d66df4c7130e303c98b9d0e47725b5194fb672'}}, 'caller': {'address': '0xb7f72028d9b502dc871c444363a7ac5a52546608'}, 'date': {'date': '2021-07-20'}, 'block': {'height': 12865167}}, {'smartContract': {'address': {'address': '0x47b8691f80fe605f80af256d9f32f283f19e2f99'}}, 'caller': {'address': '0xb7f72028d9b502dc871c444363a7ac5a52546608'}, 'date': {'date': '2021-07-20'}, 'block': {'height': 12864705}}, {'smartContract': {'address': {'address': '0x2ef7152d4fb3f43302d3dfccd3958d3e2f4f9f06'}}, 'caller': {'address': '0xb7f72028d9b502dc871c444363a7ac5a52546608'}, 'date': {'date': '2021-07-13'}, 'block': {'height': 12819649}}, {'smartContract': {'address': {'address': '0x8d212b9dd6c98d4997b2ff6dec4f119a5447969c'}}, 'caller': {'address': '0xb7f72028d9b502dc871c444363a7ac5a52546608'}, 'date': {'date': '2021-07-07'}, 'block': {'height': 12781915}}, {'smartContract': {'address': {'address': '0x7dabf04fe82c184e327daa483585a73c5b1f6195'}}, 'caller': {'address': '0xb7f72028d9b502dc871c444363a7ac5a52546608'}, 'date': {'date': '2021-06-21'}, 'block': {'height': 12679193}}, {'smartContract': {'address': {'address': '0x05658c300e01aac3d8cf937a0a0cb56463bb80b0'}}, 'caller': {'address': '0xb7f72028d9b502dc871c444363a7ac5a52546608'}, 'date': {'date': '2021-06-21'}, 'block': {'height': 12678528}}, {'smartContract': {'address': {'address': '0xeef4745160dc20b7e3143583c4d0967c2af927d8'}}, 'caller': {'address': '0xb7f72028d9b502dc871c444363a7ac5a52546608'}, 'date': {'date': '2021-06-21'}, 'block': {'height': 12678465}}, {'smartContract': {'address': {'address': '0x0ec867088630a810eeba3ee2c8b6cff1c931b4b0'}}, 'caller': {'address': '0xb7f72028d9b502dc871c444363a7ac5a52546608'}, 'date': {'date': '2021-05-22'}, 'block': {'height': 12485390}}, {'smartContract': {'address': {'address': '0xf5117b5117e49080a5cad6e53a754d49cdccda7f'}}, 'caller': {'address': '0xb7f72028d9b502dc871c444363a7ac5a52546608'}, 'date': {'date': '2021-05-05'}, 'block': {'height': 12375741}}, {'smartContract': {'address': {'address': '0xfc6e284605ad1604b8c33066cf8265070a59fe46'}}, 'caller': {'address': '0xb7f72028d9b502dc871c444363a7ac5a52546608'}, 'date': {'date': '2021-04-13'}, 'block': {'height': 12233031}}, {'smartContract': {'address': {'address': '0x32cbd6b5098a327697adf252a681f9002ad5fe5d'}}, 'caller': {'address': '0xb7f72028d9b502dc871c444363a7ac5a52546608'}, 'date': {'date': '2021-04-13'}, 'block': {'height': 12232789}}, {'smartContract': {'address': {'address': '0x6c43d374e3b8f56dd6d190a27cc12b07d4e0745a'}}, 'caller': {'address': '0xb7f72028d9b502dc871c444363a7ac5a52546608'}, 'date': {'date': '2021-02-05'}, 'block': {'height': 11798641}}, {'smartContract': {'address': {'address': '0xae3449d01957d96872560aff5349dc551df8572e'}}, 'caller': {'address': '0xb7f72028d9b502dc871c444363a7ac5a52546608'}, 'date': {'date': '2021-02-05'}, 'block': {'height': 11794142}}, {'smartContract': {'address': {'address': '0x9f2284def6820d23b834f6206b66dee0bfe15f53'}}, 'caller': {'address': '0xb7f72028d9b502dc871c444363a7ac5a52546608'}, 'date': {'date': '2021-01-29'}, 'block': {'height': 11752370}}, {'smartContract': {'address': {'address': '0x115be37eb20a883dfe7ad6c08e061620cf5955c5'}}, 'caller': {'address': '0xb7f72028d9b502dc871c444363a7ac5a52546608'}, 'date': {'date': '2021-01-29'}, 'block': {'height': 11751776}}, {'smartContract': {'address': {'address': '0xc1a23164afd24d99e282bf854ec345d516d1db2e'}}, 'caller': {'address': '0xb7f72028d9b502dc871c444363a7ac5a52546608'}, 'date': {'date': '2021-01-26'}, 'block': {'height': 11732207}}, {'smartContract': {'address': {'address': '0xe95ebce2b02ee07def5ed6b53289801f7fc137a4'}}, 'caller': {'address': '0xb7f72028d9b502dc871c444363a7ac5a52546608'}, 'date': {'date': '2021-01-26'}, 'block': {'height': 11732105}}, {'smartContract': {'address': {'address': '0xf4668c82e9c68abbfb608ff21a8ee3b7853731b7'}}, 'caller': {'address': '0xb7f72028d9b502dc871c444363a7ac5a52546608'}, 'date': {'date': '2021-01-22'}, 'block': {'height': 11708269}}, {'smartContract': {'address': {'address': '0x4cd6148bbfd3ce7fefa59a82d48f87b5ef8e12ba'}}, 'caller': {'address': '0xc0aee478e3658e2610c5f7a4a2e1777ce9e4f2ac'}, 'date': {'date': '2021-01-19'}, 'block': {'height': 11682364}}, {'smartContract': {'address': {'address': '0xa30911e072a0c88d55b5d0a0984b66b0d04569d0'}}, 'caller': {'address': '0xc0aee478e3658e2610c5f7a4a2e1777ce9e4f2ac'}, 'date': {'date': '2021-01-18'}, 'block': {'height': 11682290}}, {'smartContract': {'address': {'address': '0xfad79f3922ccef7aeb8a5674f36e45b6e81a10c7'}}, 'caller': {'address': '0xb7f72028d9b502dc871c444363a7ac5a52546608'}, 'date': {'date': '2021-01-18'}, 'block': {'height': 11681654}}, {'smartContract': {'address': {'address': '0x796546a425c2b2c75d9629ec6f0c22e547ba91d9'}}, 'caller': {'address': '0xb7f72028d9b502dc871c444363a7ac5a52546608'}, 'date': {'date': '2021-01-18'}, 'block': {'height': 11680783}}, {'smartContract': {'address': {'address': '0xa9f9f897dd367c416e350c33a92fc12e53e1cee5'}}, 'caller': {'address': '0xb7f72028d9b502dc871c444363a7ac5a52546608'}, 'date': {'date': '2021-01-08'}, 'block': {'height': 11616028}}, {'smartContract': {'address': {'address': '0xce65511095d1d4ed2fd441e78985c703bffc12f8'}}, 'caller': {'address': '0xb7f72028d9b502dc871c444363a7ac5a52546608'}, 'date': {'date': '2021-01-05'}, 'block': {'height': 11595779}}, {'smartContract': {'address': {'address': '0x62692fd307ee6ab494826aee2e7e2e708b765eed'}}, 'caller': {'address': '0xb7f72028d9b502dc871c444363a7ac5a52546608'}, 'date': {'date': '2021-01-01'}, 'block': {'height': 11570018}}, {'smartContract': {'address': {'address': '0x8b151dfb2e391acc3c6f56faf00dbb4162b9572e'}}, 'caller': {'address': '0xb7f72028d9b502dc871c444363a7ac5a52546608'}, 'date': {'date': '2020-12-06'}, 'block': {'height': 11400580}}, {'smartContract': {'address': {'address': '0xa28c3111c57f5ea3cb09e06c7c7406eba49068b4'}}, 'caller': {'address': '0xb7f72028d9b502dc871c444363a7ac5a52546608'}, 'date': {'date': '2020-12-04'}, 'block': {'height': 11387049}}, {'smartContract': {'address': {'address': '0xeef795ba220f4dabafe359b142cf9a041e292953'}}, 'caller': {'address': '0xb7f72028d9b502dc871c444363a7ac5a52546608'}, 'date': {'date': '2020-12-04'}, 'block': {'height': 11386826}}, {'smartContract': {'address': {'address': '0xb59a6dce95bc446ad098b4c4b415bbe766068cb8'}}, 'caller': {'address': '0xb7f72028d9b502dc871c444363a7ac5a52546608'}, 'date': {'date': '2020-12-04'}, 'block': {'height': 11386803}}, {'smartContract': {'address': {'address': '0x7f131c9e423a21b2572433365c640c703e881899'}}, 'caller': {'address': '0xb7f72028d9b502dc871c444363a7ac5a52546608'}, 'date': {'date': '2020-12-04'}, 'block': {'height': 11386741}}, {'smartContract': {'address': {'address': '0xb310c0a8e737af5b3fb6e3c7e3b1cccd7b07b27a'}}, 'caller': {'address': '0xb7f72028d9b502dc871c444363a7ac5a52546608'}, 'date': {'date': '2020-12-03'}, 'block': {'height': 11381880}}, {'smartContract': {'address': {'address': '0x88183ec0054f40d344e40ec934d5a9e2749a61d4'}}, 'caller': {'address': '0xb7f72028d9b502dc871c444363a7ac5a52546608'}, 'date': {'date': '2020-11-27'}, 'block': {'height': 11341996}}, {'smartContract': {'address': {'address': '0x3da0e01472dee3746b4d324a65d7edfaeca9aa4f'}}, 'caller': {'address': '0xb7f72028d9b502dc871c444363a7ac5a52546608'}, 'date': {'date': '2020-11-27'}, 'block': {'height': 11341994}}, {'smartContract': {'address': {'address': '0x6d29903bc2c4318b59b35d97ab98ab9ec08ed70d'}}, 'caller': {'address': '0xb7f72028d9b502dc871c444363a7ac5a52546608'}, 'date': {'date': '2020-11-27'}, 'block': {'height': 11341990}}, {'smartContract': {'address': {'address': '0x5abc9e082bf6e4f930bbc79742da3f6259c4ad1d'}}, 'caller': {'address': '0xb7f72028d9b502dc871c444363a7ac5a52546608'}, 'date': {'date': '2020-11-25'}, 'block': {'height': 11329108}}, {'smartContract': {'address': {'address': '0x7a4325cff79c28356a467b81b266c29f24fd1756'}}, 'caller': {'address': '0xb7f72028d9b502dc871c444363a7ac5a52546608'}, 'date': {'date': '2020-11-25'}, 'block': {'height': 11329067}}, {'smartContract': {'address': {'address': '0xf32099a9972d7a20d902cb787141f41d6150afec'}}, 'caller': {'address': '0xb7f72028d9b502dc871c444363a7ac5a52546608'}, 'date': {'date': '2020-11-25'}, 'block': {'height': 11329057}}, {'smartContract': {'address': {'address': '0x95603fb36a68de816c47078979f41fe65cca02da'}}, 'caller': {'address': '0xb7f72028d9b502dc871c444363a7ac5a52546608'}, 'date': {'date': '2020-11-23'}, 'block': {'height': 11316680}}, {'smartContract': {'address': {'address': '0x9b40ec9636c68fe752a628a9e7df620fafae9a83'}}, 'caller': {'address': '0xb7f72028d9b502dc871c444363a7ac5a52546608'}, 'date': {'date': '2020-11-16'}, 'block': {'height': 11270755}}, {'smartContract': {'address': {'address': '0x9e1341a201b1aecb1b0dd584989790a0232b4af5'}}, 'caller': {'address': '0xb7f72028d9b502dc871c444363a7ac5a52546608'}, 'date': {'date': '2020-11-15'}, 'block': {'height': 11265046}}, {'smartContract': {'address': {'address': '0xfb772316a54dcd439964b561fc2c173697aeeb5b'}}, 'caller': {'address': '0xb7f72028d9b502dc871c444363a7ac5a52546608'}, 'date': {'date': '2020-11-15'}, 'block': {'height': 11265045}}, {'smartContract': {'address': {'address': '0x5806680e07ead2f57eea266583f781443d6bf648'}}, 'caller': {'address': '0xb7f72028d9b502dc871c444363a7ac5a52546608'}, 'date': {'date': '2020-11-15'}, 'block': {'height': 11264895}}, {'smartContract': {'address': {'address': '0xe3d0c5a8a99afc9e2d3d23408b0c079437244af7'}}, 'caller': {'address': '0xb7f72028d9b502dc871c444363a7ac5a52546608'}, 'date': {'date': '2020-11-15'}, 'block': {'height': 11264892}}, {'smartContract': {'address': {'address': '0x5bf4ff5d8cbf2961896abc1f7499f361356808bb'}}, 'caller': {'address': '0xb7f72028d9b502dc871c444363a7ac5a52546608'}, 'date': {'date': '2020-11-15'}, 'block': {'height': 11264890}}, {'smartContract': {'address': {'address': '0x7f7da2e09c3465e18f2c82080abeeb6b4de51dc4'}}, 'caller': {'address': '0xb7f72028d9b502dc871c444363a7ac5a52546608'}, 'date': {'date': '2020-11-05'}, 'block': {'height': 11199860}}, {'smartContract': {'address': {'address': '0x3e147ff794c74b6bffc2d56950da38a1e6b0fd94'}}, 'caller': {'address': '0xb7f72028d9b502dc871c444363a7ac5a52546608'}, 'date': {'date': '2020-11-05'}, 'block': {'height': 11199850}}, {'smartContract': {'address': {'address': '0xce0069ed75e8220de50af7cc8516f2b1b14eabd7'}}, 'caller': {'address': '0xb7f72028d9b502dc871c444363a7ac5a52546608'}, 'date': {'date': '2020-11-05'}, 'block': {'height': 11199848}}, {'smartContract': {'address': {'address': '0xddffc5cc3cb486c3c07a15dc1b052e4bc2bff32f'}}, 'caller': {'address': '0xb7f72028d9b502dc871c444363a7ac5a52546608'}, 'date': {'date': '2020-11-05'}, 'block': {'height': 11199809}}, {'smartContract': {'address': {'address': '0x4b64b6d20d8f21b2901f53e945b227793efb46b3'}}, 'caller': {'address': '0xb7f72028d9b502dc871c444363a7ac5a52546608'}, 'date': {'date': '2020-11-03'}, 'block': {'height': 11186355}}, {'smartContract': {'address': {'address': '0x5b7d7a7300adedbfadb0b3ffcad2036563837c87'}}, 'caller': {'address': '0xb7f72028d9b502dc871c444363a7ac5a52546608'}, 'date': {'date': '2020-11-03'}, 'block': {'height': 11186301}}, {'smartContract': {'address': {'address': '0x7b100f5ab3e723e634f56430bbcac1ef0b05fd82'}}, 'caller': {'address': '0xb7f72028d9b502dc871c444363a7ac5a52546608'}, 'date': {'date': '2020-10-30'}, 'block': {'height': 11158064}}, {'smartContract': {'address': {'address': '0x0cae8d91e0b1b7bd00d906e990c3625b2c220db1'}}, 'caller': {'address': '0xb7f72028d9b502dc871c444363a7ac5a52546608'}, 'date': {'date': '2020-10-30'}, 'block': {'height': 11158037}}, {'smartContract': {'address': {'address': '0x0a625fcec657053fe2d9fffdeb1dbb4e412cf8a8'}}, 'caller': {'address': '0xb7f72028d9b502dc871c444363a7ac5a52546608'}, 'date': {'date': '2020-10-30'}, 'block': {'height': 11158036}}, {'smartContract': {'address': {'address': '0xf26acf83abfffcd021abc9428359b5adebbd01ba'}}, 'caller': {'address': '0xb7f72028d9b502dc871c444363a7ac5a52546608'}, 'date': {'date': '2020-10-30'}, 'block': {'height': 11157542}}, {'smartContract': {'address': {'address': '0xc64f3c3925a216a11ce0828498133cbc65fa4042'}}, 'caller': {'address': '0xb7f72028d9b502dc871c444363a7ac5a52546608'}, 'date': {'date': '2020-10-27'}, 'block': {'height': 11141143}}, {'smartContract': {'address': {'address': '0xc080e50a727df86f79d5d6bde40f2ef18deb81ea'}}, 'caller': {'address': '0xb7f72028d9b502dc871c444363a7ac5a52546608'}, 'date': {'date': '2020-10-16'}, 'block': {'height': 11069319}}, {'smartContract': {'address': {'address': '0xf6c05b440ec2e8c2d3f93cd803e2caa33bf73deb'}}, 'caller': {'address': '0xb7f72028d9b502dc871c444363a7ac5a52546608'}, 'date': {'date': '2020-10-16'}, 'block': {'height': 11069318}}, {'smartContract': {'address': {'address': '0x1e8261d14e9d5bd19712bd3fa41a2d04aa896828'}}, 'caller': {'address': '0xb7f72028d9b502dc871c444363a7ac5a52546608'}, 'date': {'date': '2020-10-15'}, 'block': {'height': 11061077}}, {'smartContract': {'address': {'address': '0xfaebaf8a26f249258aad8bfe54a5ed3f41ee8669'}}, 'caller': {'address': '0xb7f72028d9b502dc871c444363a7ac5a52546608'}, 'date': {'date': '2020-10-15'}, 'block': {'height': 11060877}}, {'smartContract': {'address': {'address': '0xf8165b7b2b37705e4fd3e33cd9895999c3c5b529'}}, 'caller': {'address': '0xb7f72028d9b502dc871c444363a7ac5a52546608'}, 'date': {'date': '2020-10-14'}, 'block': {'height': 11055174}}, {'smartContract': {'address': {'address': '0x5a866b347106372f357cae4071a1c758512faca0'}}, 'caller': {'address': '0xb7f72028d9b502dc871c444363a7ac5a52546608'}, 'date': {'date': '2020-10-14'}, 'block': {'height': 11055043}}, {'smartContract': {'address': {'address': '0xcd273a029fb6aaa89ca9a7101c5901b1f429d457'}}, 'caller': {'address': '0xb7f72028d9b502dc871c444363a7ac5a52546608'}, 'date': {'date': '2020-10-13'}, 'block': {'height': 11048419}}, {'smartContract': {'address': {'address': '0xc2f15cee4ff3a9de8aa3759051722ffc245c186c'}}, 'caller': {'address': '0xb7f72028d9b502dc871c444363a7ac5a52546608'}, 'date': {'date': '2020-10-03'}, 'block': {'height': 10985424}}, {'smartContract': {'address': {'address': '0x5531188e72e63ee80e695099b36a15fdddcee6aa'}}, 'caller': {'address': '0xb7f72028d9b502dc871c444363a7ac5a52546608'}, 'date': {'date': '2020-09-15'}, 'block': {'height': 10864275}}, {'smartContract': {'address': {'address': '0xa7ebc87173be2fea30214dab05c25c16d24312a8'}}, 'caller': {'address': '0xb7f72028d9b502dc871c444363a7ac5a52546608'}, 'date': {'date': '2020-09-13'}, 'block': {'height': 10854535}}, {'smartContract': {'address': {'address': '0xd172991bcac4bd80e04d3e267513dd4ef88ccfe7'}}, 'caller': {'address': '0xb7f72028d9b502dc871c444363a7ac5a52546608'}, 'date': {'date': '2020-09-13'}, 'block': {'height': 10854531}}, {'smartContract': {'address': {'address': '0xdc7382dc89c16142967b165a6e4be249394fc5b7'}}, 'caller': {'address': '0xb7f72028d9b502dc871c444363a7ac5a52546608'}, 'date': {'date': '2020-09-13'}, 'block': {'height': 10854039}}, {'smartContract': {'address': {'address': '0x6594700ef0b793fdd5408404146bd3754b9579f1'}}, 'caller': {'address': '0xb7f72028d9b502dc871c444363a7ac5a52546608'}, 'date': {'date': '2020-09-13'}, 'block': {'height': 10853942}}, {'smartContract': {'address': {'address': '0x69d8cfe49092ce6bbd79bda0a5e64b47deb974c9'}}, 'caller': {'address': '0xb7f72028d9b502dc871c444363a7ac5a52546608'}, 'date': {'date': '2020-09-13'}, 'block': {'height': 10853882}}, {'smartContract': {'address': {'address': '0x7f5f0f682e45399ee428628ced7b2e8ba969a29c'}}, 'caller': {'address': '0xb7f72028d9b502dc871c444363a7ac5a52546608'}, 'date': {'date': '2020-09-13'}, 'block': {'height': 10853516}}, {'smartContract': {'address': {'address': '0xf6eb94e64fc7789a57fdf89fe2ffd2eb39b252e4'}}, 'caller': {'address': '0xb7f72028d9b502dc871c444363a7ac5a52546608'}, 'date': {'date': '2020-09-12'}, 'block': {'height': 10847576}}, {'smartContract': {'address': {'address': '0xd573051e50f97fd8fb7eec96e96f872996a36fa8'}}, 'caller': {'address': '0xb7f72028d9b502dc871c444363a7ac5a52546608'}, 'date': {'date': '2020-09-12'}, 'block': {'height': 10847568}}]",2021-10-18
241,241,0xD23Ac27148aF6A2f339BD82D0e3CFF380b5093de,SIREN,https://github.com/sirenmarkets/core,0x67C41DaEb4DA6179DbFC8C7fCD379ee7E414B905,491847.0677,[],2020-11-14
242,242,0x5218E472cFCFE0b64A064F055B43b4cdC9EfD3A6,UnFederalReserveToken (eRSDL),https://github.com/UnFederalReserve/,0xFc633b4776ecc6299eFb597A9C6cfCFbA20Ba398,483623.2008,"[{'smartContract': {'address': {'address': '0xd8b4cbcbb768088b9ea39b65e9533f481711d127'}}, 'caller': {'address': '0xc0aee478e3658e2610c5f7a4a2e1777ce9e4f2ac'}, 'date': {'date': '2021-07-30'}, 'block': {'height': 12927728}}, {'smartContract': {'address': {'address': '0x7ba9b94127d434182287de708643932ec036d365'}}, 'caller': {'address': '0x5c69bee701ef814a2b6a3edd4b1652cb9cc5aa6f'}, 'date': {'date': '2020-09-22'}, 'block': {'height': 10909142}}, {'smartContract': {'address': {'address': '0xf8377270af0c864d2b3bab73bb16c65b05767549'}}, 'caller': {'address': '0xfc633b4776ecc6299efb597a9c6cfcfba20ba398'}, 'date': {'date': '2020-09-22'}, 'block': {'height': 10908967}}, {'smartContract': {'address': {'address': '0x5218e472cfcfe0b64a064f055b43b4cdc9efd3a6'}}, 'caller': {'address': '0xfc633b4776ecc6299efb597a9c6cfcfba20ba398'}, 'date': {'date': '2020-09-22'}, 'block': {'height': 10908965}}, {'smartContract': {'address': {'address': '0x9ea076c31dd4968bc3a7111cf5b201056cab74e1'}}, 'caller': {'address': '0xfc633b4776ecc6299efb597a9c6cfcfba20ba398'}, 'date': {'date': '2020-09-22'}, 'block': {'height': 10908962}}, {'smartContract': {'address': {'address': '0xad817d4c08e122288880d99b35bbb5b261304464'}}, 'caller': {'address': '0xfc633b4776ecc6299efb597a9c6cfcfba20ba398'}, 'date': {'date': '2020-09-22'}, 'block': {'height': 10908958}}, {'smartContract': {'address': {'address': '0x48067fea2453f6e79fe585b7a0200ae97ad5d10a'}}, 'caller': {'address': '0x5c69bee701ef814a2b6a3edd4b1652cb9cc5aa6f'}, 'date': {'date': '2020-09-21'}, 'block': {'height': 10904017}}, {'smartContract': {'address': {'address': '0x0332a765947b76da6a5b54931658b24a70678279'}}, 'caller': {'address': '0xfc633b4776ecc6299efb597a9c6cfcfba20ba398'}, 'date': {'date': '2020-09-21'}, 'block': {'height': 10903488}}, {'smartContract': {'address': {'address': '0xae6e57597aa5c576269ef40f5058f04a24fe8de7'}}, 'caller': {'address': '0xfc633b4776ecc6299efb597a9c6cfcfba20ba398'}, 'date': {'date': '2020-09-21'}, 'block': {'height': 10903486}}, {'smartContract': {'address': {'address': '0x01ce398a2a59d164f366762ee70c596de06e9482'}}, 'caller': {'address': '0xfc633b4776ecc6299efb597a9c6cfcfba20ba398'}, 'date': {'date': '2020-09-21'}, 'block': {'height': 10903485}}, {'smartContract': {'address': {'address': '0xaaf10f65644a42f1d62aaa7a456553df3db06133'}}, 'caller': {'address': '0xfc633b4776ecc6299efb597a9c6cfcfba20ba398'}, 'date': {'date': '2020-09-21'}, 'block': {'height': 10903484}}, {'smartContract': {'address': {'address': '0x993bb6e2f537f8252b93d4a176d3c9e657a683b1'}}, 'caller': {'address': '0xfc633b4776ecc6299efb597a9c6cfcfba20ba398'}, 'date': {'date': '2020-09-21'}, 'block': {'height': 10903480}}]",2020-09-22
243,243,0xfe9A29aB92522D14Fc65880d817214261D8479AE,SnowSwap,,0x0822d138AaE127789eA42Abae034D39f7dcD5DC1,478983.3536,"[{'smartContract': {'address': {'address': '0x2011a0c8437b735dd7a7f2987006ed692a24994b'}}, 'caller': {'address': '0x0822d138aae127789ea42abae034d39f7dcd5dc1'}, 'date': {'date': '2020-10-30'}, 'block': {'height': 11160559}}, {'smartContract': {'address': {'address': '0xc78b921a669104a5362867a38b4402d04d261fb4'}}, 'caller': {'address': '0x6639c50ac9e6a04cc6c9fe1a76451699d1b0b76c'}, 'date': {'date': '2020-10-14'}, 'block': {'height': 11056390}}, {'smartContract': {'address': {'address': '0x04b4ccb923076910338d5ef1d8f900796bd145a2'}}, 'caller': {'address': '0x6639c50ac9e6a04cc6c9fe1a76451699d1b0b76c'}, 'date': {'date': '2020-10-14'}, 'block': {'height': 11056390}}, {'smartContract': {'address': {'address': '0x6639c50ac9e6a04cc6c9fe1a76451699d1b0b76c'}}, 'caller': {'address': '0x0822d138aae127789ea42abae034d39f7dcd5dc1'}, 'date': {'date': '2020-10-14'}, 'block': {'height': 11056390}}, {'smartContract': {'address': {'address': '0xe76d7c65ea874c81266bf30d4bc66c793b3fd91b'}}, 'caller': {'address': '0x6639c50ac9e6a04cc6c9fe1a76451699d1b0b76c'}, 'date': {'date': '2020-10-14'}, 'block': {'height': 11056390}}, {'smartContract': {'address': {'address': '0x2483fa461bad6e6539f3e56ad15eb13e28628ff3'}}, 'caller': {'address': '0x13bd7abebacfff6ecd6d9f737177eb88d8b60b81'}, 'date': {'date': '2020-10-14'}, 'block': {'height': 11056379}}, {'smartContract': {'address': {'address': '0x50f7f46cadd792dff830056b0357955677b2f8c1'}}, 'caller': {'address': '0x13bd7abebacfff6ecd6d9f737177eb88d8b60b81'}, 'date': {'date': '2020-10-14'}, 'block': {'height': 11056379}}, {'smartContract': {'address': {'address': '0x6015265050743014b911c54a7388903caf1ad706'}}, 'caller': {'address': '0x13bd7abebacfff6ecd6d9f737177eb88d8b60b81'}, 'date': {'date': '2020-10-14'}, 'block': {'height': 11056379}}, {'smartContract': {'address': {'address': '0x13bd7abebacfff6ecd6d9f737177eb88d8b60b81'}}, 'caller': {'address': '0x0822d138aae127789ea42abae034d39f7dcd5dc1'}, 'date': {'date': '2020-10-14'}, 'block': {'height': 11056379}}, {'smartContract': {'address': {'address': '0x836f75dbde052c61aa63e69acb6f177c541b2efe'}}, 'caller': {'address': '0x0822d138aae127789ea42abae034d39f7dcd5dc1'}, 'date': {'date': '2020-10-14'}, 'block': {'height': 11056366}}, {'smartContract': {'address': {'address': '0xa2e6667d1ca3e5ed37afc89c019ff15ccc6bff90'}}, 'caller': {'address': '0x836f75dbde052c61aa63e69acb6f177c541b2efe'}, 'date': {'date': '2020-10-14'}, 'block': {'height': 11056366}}, {'smartContract': {'address': {'address': '0x0ce242a21d8c4f95b36d1b2a26a366f3fef5a0d5'}}, 'caller': {'address': '0x836f75dbde052c61aa63e69acb6f177c541b2efe'}, 'date': {'date': '2020-10-14'}, 'block': {'height': 11056366}}, {'smartContract': {'address': {'address': '0x7c829959c529d52f3504f31129d6824cd9370764'}}, 'caller': {'address': '0x836f75dbde052c61aa63e69acb6f177c541b2efe'}, 'date': {'date': '2020-10-14'}, 'block': {'height': 11056366}}, {'smartContract': {'address': {'address': '0x55a48bad47785d23d543c3d43d97a8f84811c33b'}}, 'caller': {'address': '0x0822d138aae127789ea42abae034d39f7dcd5dc1'}, 'date': {'date': '2020-10-14'}, 'block': {'height': 11050769}}, {'smartContract': {'address': {'address': '0x0f97f6f5ec551b42dff8fdcacac161f0aecca10e'}}, 'caller': {'address': '0x0822d138aae127789ea42abae034d39f7dcd5dc1'}, 'date': {'date': '2020-10-12'}, 'block': {'height': 11042842}}, {'smartContract': {'address': {'address': '0xa6b0a43e8f80728959e459662f1fd8ed04ee5ce3'}}, 'caller': {'address': '0x0f97f6f5ec551b42dff8fdcacac161f0aecca10e'}, 'date': {'date': '2020-10-12'}, 'block': {'height': 11042842}}, {'smartContract': {'address': {'address': '0xf4a5f0de68ee6baa330776c17d98fc98d3e2b703'}}, 'caller': {'address': '0x0f97f6f5ec551b42dff8fdcacac161f0aecca10e'}, 'date': {'date': '2020-10-12'}, 'block': {'height': 11042842}}, {'smartContract': {'address': {'address': '0x3dc6213244a579dd533619736436a9d0d9ea6977'}}, 'caller': {'address': '0x0f97f6f5ec551b42dff8fdcacac161f0aecca10e'}, 'date': {'date': '2020-10-12'}, 'block': {'height': 11042842}}, {'smartContract': {'address': {'address': '0x13f0aa4b2c822836e5987b318e000e896c607c04'}}, 'caller': {'address': '0xd80f00951bf035a6f704fd9d5df8d83eea49b530'}, 'date': {'date': '2020-10-12'}, 'block': {'height': 11042831}}, {'smartContract': {'address': {'address': '0x639f12e9c0982fd1130604bec05e46ed3baa5e95'}}, 'caller': {'address': '0xd80f00951bf035a6f704fd9d5df8d83eea49b530'}, 'date': {'date': '2020-10-12'}, 'block': {'height': 11042831}}, {'smartContract': {'address': {'address': '0xd80f00951bf035a6f704fd9d5df8d83eea49b530'}}, 'caller': {'address': '0x0822d138aae127789ea42abae034d39f7dcd5dc1'}, 'date': {'date': '2020-10-12'}, 'block': {'height': 11042831}}, {'smartContract': {'address': {'address': '0x28a77e6a6b8acd6afefbf35ea3ccbeaffc447b2f'}}, 'caller': {'address': '0xd80f00951bf035a6f704fd9d5df8d83eea49b530'}, 'date': {'date': '2020-10-12'}, 'block': {'height': 11042831}}, {'smartContract': {'address': {'address': '0x6195a24ef78656e5f9e4a87b88f70a20011e91e7'}}, 'caller': {'address': '0x0822d138aae127789ea42abae034d39f7dcd5dc1'}, 'date': {'date': '2020-10-12'}, 'block': {'height': 11042796}}, {'smartContract': {'address': {'address': '0x554fa886beb10f59c31404b2a9762e0c1977b897'}}, 'caller': {'address': '0x6195a24ef78656e5f9e4a87b88f70a20011e91e7'}, 'date': {'date': '2020-10-12'}, 'block': {'height': 11042796}}, {'smartContract': {'address': {'address': '0x26c14c5c26164f5c4b6ba151fa8baf6a9bcf22ca'}}, 'caller': {'address': '0x6195a24ef78656e5f9e4a87b88f70a20011e91e7'}, 'date': {'date': '2020-10-12'}, 'block': {'height': 11042796}}, {'smartContract': {'address': {'address': '0x11f33d32744a8a125259a852856b12f7d3b99a8b'}}, 'caller': {'address': '0x6195a24ef78656e5f9e4a87b88f70a20011e91e7'}, 'date': {'date': '2020-10-12'}, 'block': {'height': 11042796}}, {'smartContract': {'address': {'address': '0x5a2c04a3976a2a85efd5769b043e838c2448cc8a'}}, 'caller': {'address': '0x0822d138aae127789ea42abae034d39f7dcd5dc1'}, 'date': {'date': '2020-10-08'}, 'block': {'height': 11016649}}, {'smartContract': {'address': {'address': '0xfe9a29ab92522d14fc65880d817214261d8479ae'}}, 'caller': {'address': '0x0822d138aae127789ea42abae034d39f7dcd5dc1'}, 'date': {'date': '2020-10-08'}, 'block': {'height': 11013652}}]",2020-10-08
244,244,0xc834Fa996fA3BeC7aAD3693af486ae53D8aA8B50,Convergence,,0xf01001c3da4e861610a5E37430751475AFf6f659,477162.4795,"[{'smartContract': {'address': {'address': '0x37c7c2ae51e968cefb82cff2102727256d36d6ee'}}, 'caller': {'address': '0xf01001c3da4e861610a5e37430751475aff6f659'}, 'date': {'date': '2021-04-03'}, 'block': {'height': 12165484}}, {'smartContract': {'address': {'address': '0xc834fa996fa3bec7aad3693af486ae53d8aa8b50'}}, 'caller': {'address': '0xf01001c3da4e861610a5e37430751475aff6f659'}, 'date': {'date': '2021-03-22'}, 'block': {'height': 12086358}}]",2021-03-22
245,245,0x44564d0bd94343f72E3C8a0D22308B7Fa71DB0Bb,BasketDAO Gov,https://github.com/basketdao,0xF337A885a7543CAb542B2D3f5A8c1945036E0C42,475577.6162,"[{'smartContract': {'address': {'address': '0xfaab8f0385d758fbb91d7ab9269a808139affff9'}}, 'caller': {'address': '0xf337a885a7543cab542b2d3f5a8c1945036e0c42'}, 'date': {'date': '2021-11-23'}, 'block': {'height': 13668516}}, {'smartContract': {'address': {'address': '0xae0d0fd7abba7001a89ce5aa99c2514da71bd89f'}}, 'caller': {'address': '0xf337a885a7543cab542b2d3f5a8c1945036e0c42'}, 'date': {'date': '2021-11-11'}, 'block': {'height': 13591798}}, {'smartContract': {'address': {'address': '0x12b12060d64b3312c53a79c3ea10843bed5668f9'}}, 'caller': {'address': '0xf337a885a7543cab542b2d3f5a8c1945036e0c42'}, 'date': {'date': '2021-10-24'}, 'block': {'height': 13479934}}, {'smartContract': {'address': {'address': '0xf75c5733bc41206b88738bbcf618cafccf3d96d9'}}, 'caller': {'address': '0xf337a885a7543cab542b2d3f5a8c1945036e0c42'}, 'date': {'date': '2021-10-23'}, 'block': {'height': 13473172}}, {'smartContract': {'address': {'address': '0x105733ce16e016a45a1ade66c877186cf5445b9f'}}, 'caller': {'address': '0xf337a885a7543cab542b2d3f5a8c1945036e0c42'}, 'date': {'date': '2021-09-24'}, 'block': {'height': 13285783}}, {'smartContract': {'address': {'address': '0xb1e1d284b21ef0743dee352f647d8f94f695163b'}}, 'caller': {'address': '0xf337a885a7543cab542b2d3f5a8c1945036e0c42'}, 'date': {'date': '2021-09-24'}, 'block': {'height': 13285783}}, {'smartContract': {'address': {'address': '0x1d6cbe51775ed32ae06b2b4b508d7f7f590544e6'}}, 'caller': {'address': '0xf337a885a7543cab542b2d3f5a8c1945036e0c42'}, 'date': {'date': '2021-09-12'}, 'block': {'height': 13208064}}, {'smartContract': {'address': {'address': '0x104a30818e0c6ebd58d1ff3d0d72ab90e57d4134'}}, 'caller': {'address': '0xf337a885a7543cab542b2d3f5a8c1945036e0c42'}, 'date': {'date': '2021-09-08'}, 'block': {'height': 13187830}}, {'smartContract': {'address': {'address': '0x639d1447182e7c33c1f8bbb9466d5523a933da2a'}}, 'caller': {'address': '0xf337a885a7543cab542b2d3f5a8c1945036e0c42'}, 'date': {'date': '2021-09-08'}, 'block': {'height': 13187828}}, {'smartContract': {'address': {'address': '0xcabc3c0f5da593b5419a6b4fde7cdfb72b35231d'}}, 'caller': {'address': '0xf337a885a7543cab542b2d3f5a8c1945036e0c42'}, 'date': {'date': '2021-09-04'}, 'block': {'height': 13157285}}, {'smartContract': {'address': {'address': '0x4c75371e61e5b40f44a6dcf27326d03e4bbed01a'}}, 'caller': {'address': '0xf337a885a7543cab542b2d3f5a8c1945036e0c42'}, 'date': {'date': '2021-08-31'}, 'block': {'height': 13130645}}, {'smartContract': {'address': {'address': '0x05dc240a101b269dfa5128fe2f9b92ec35b64d60'}}, 'caller': {'address': '0xf337a885a7543cab542b2d3f5a8c1945036e0c42'}, 'date': {'date': '2021-08-31'}, 'block': {'height': 13130645}}, {'smartContract': {'address': {'address': '0x05004537fd0dcd9b27d1c712e8d3eba5e00d8a78'}}, 'caller': {'address': '0xf337a885a7543cab542b2d3f5a8c1945036e0c42'}, 'date': {'date': '2021-08-16'}, 'block': {'height': 13033241}}, {'smartContract': {'address': {'address': '0xee2cf31487d16e0fa01fe5fc230396f4643e15e6'}}, 'caller': {'address': '0xa5409ec958c83c3f309868babaca7c86dcb077c1'}, 'date': {'date': '2021-08-10'}, 'block': {'height': 12999906}}, {'smartContract': {'address': {'address': '0x6faf4c7f09bbbb956c2d55da5ea66ab499fbca3c'}}, 'caller': {'address': '0xf337a885a7543cab542b2d3f5a8c1945036e0c42'}, 'date': {'date': '2021-08-07'}, 'block': {'height': 12976060}}, {'smartContract': {'address': {'address': '0xc0f4021bdd7e68795a53fbf1cc1628a211ab1468'}}, 'caller': {'address': '0xf337a885a7543cab542b2d3f5a8c1945036e0c42'}, 'date': {'date': '2021-07-20'}, 'block': {'height': 12861829}}, {'smartContract': {'address': {'address': '0x73922f3932af6607ff097edb43e763984eb22b26'}}, 'caller': {'address': '0xf337a885a7543cab542b2d3f5a8c1945036e0c42'}, 'date': {'date': '2021-07-19'}, 'block': {'height': 12856704}}, {'smartContract': {'address': {'address': '0x13d5505fc046a0f6818146c4140f0a0dc1026853'}}, 'caller': {'address': '0xf337a885a7543cab542b2d3f5a8c1945036e0c42'}, 'date': {'date': '2021-07-19'}, 'block': {'height': 12856562}}, {'smartContract': {'address': {'address': '0x1af13aba9f1b269678baf61da7ff419ae0f8439a'}}, 'caller': {'address': '0xf337a885a7543cab542b2d3f5a8c1945036e0c42'}, 'date': {'date': '2021-07-14'}, 'block': {'height': 12823263}}, {'smartContract': {'address': {'address': '0x556ecde8e55f643a1df4f701fba3c0228fd408b7'}}, 'caller': {'address': '0xf337a885a7543cab542b2d3f5a8c1945036e0c42'}, 'date': {'date': '2021-07-13'}, 'block': {'height': 12817514}}, {'smartContract': {'address': {'address': '0x01a903c12a2dd87a5410173a29543504df8bd14b'}}, 'caller': {'address': '0xf337a885a7543cab542b2d3f5a8c1945036e0c42'}, 'date': {'date': '2021-07-13'}, 'block': {'height': 12817511}}, {'smartContract': {'address': {'address': '0xd2a1c50601df0e0a37f2f915608098022d12eb92'}}, 'caller': {'address': '0xf337a885a7543cab542b2d3f5a8c1945036e0c42'}, 'date': {'date': '2021-07-13'}, 'block': {'height': 12817150}}, {'smartContract': {'address': {'address': '0x3fa10a0c0c943ca0262e5364004afa489727eeb7'}}, 'caller': {'address': '0xf337a885a7543cab542b2d3f5a8c1945036e0c42'}, 'date': {'date': '2021-07-12'}, 'block': {'height': 12812628}}, {'smartContract': {'address': {'address': '0xe6e7006ff0136a561bf07c7d1f20024acbfc33f9'}}, 'caller': {'address': '0xf337a885a7543cab542b2d3f5a8c1945036e0c42'}, 'date': {'date': '2021-07-09'}, 'block': {'height': 12790776}}, {'smartContract': {'address': {'address': '0x0b815f4f18bb95b55cf9209f06b74ba22a687625'}}, 'caller': {'address': '0xf337a885a7543cab542b2d3f5a8c1945036e0c42'}, 'date': {'date': '2021-07-06'}, 'block': {'height': 12772261}}, {'smartContract': {'address': {'address': '0x4622aff8e521a444c9301da0efd05f6b482221b8'}}, 'caller': {'address': '0xf337a885a7543cab542b2d3f5a8c1945036e0c42'}, 'date': {'date': '2021-07-06'}, 'block': {'height': 12772139}}, {'smartContract': {'address': {'address': '0x1f316c385a5249c83f48061de45e691acdc98f06'}}, 'caller': {'address': '0xf337a885a7543cab542b2d3f5a8c1945036e0c42'}, 'date': {'date': '2021-07-06'}, 'block': {'height': 12771825}}, {'smartContract': {'address': {'address': '0xd7325bded839eba326aad3be44218edb9d36fac7'}}, 'caller': {'address': '0xf337a885a7543cab542b2d3f5a8c1945036e0c42'}, 'date': {'date': '2021-07-06'}, 'block': {'height': 12771817}}, {'smartContract': {'address': {'address': '0x2cfdba69464acae0087476ca78b6b0025e9fc0dd'}}, 'caller': {'address': '0xf337a885a7543cab542b2d3f5a8c1945036e0c42'}, 'date': {'date': '2021-07-06'}, 'block': {'height': 12771091}}, {'smartContract': {'address': {'address': '0x45e1e00f1ce25bdd8a518f62f6cd89af2ba2c4d4'}}, 'caller': {'address': '0xf337a885a7543cab542b2d3f5a8c1945036e0c42'}, 'date': {'date': '2021-07-06'}, 'block': {'height': 12771089}}, {'smartContract': {'address': {'address': '0x08f0a3174b0f838174eef7c2e17f93bf5cf30d51'}}, 'caller': {'address': '0xf337a885a7543cab542b2d3f5a8c1945036e0c42'}, 'date': {'date': '2021-07-05'}, 'block': {'height': 12767392}}, {'smartContract': {'address': {'address': '0x5ff4f0d6b12637481ab004964eafc84f3b5c97cc'}}, 'caller': {'address': '0xf337a885a7543cab542b2d3f5a8c1945036e0c42'}, 'date': {'date': '2021-07-05'}, 'block': {'height': 12767017}}, {'smartContract': {'address': {'address': '0x0ac00355f80e289f53bf368c9bdb70f5c114c44b'}}, 'caller': {'address': '0xf337a885a7543cab542b2d3f5a8c1945036e0c42'}, 'date': {'date': '2021-07-05'}, 'block': {'height': 12766953}}, {'smartContract': {'address': {'address': '0xe2792dbaa268631a3858bf831b76bafc1a8a4362'}}, 'caller': {'address': '0xf337a885a7543cab542b2d3f5a8c1945036e0c42'}, 'date': {'date': '2021-07-05'}, 'block': {'height': 12766952}}, {'smartContract': {'address': {'address': '0xbc51f91b24e5081ca8e3740342a5bef1096dd747'}}, 'caller': {'address': '0xf337a885a7543cab542b2d3f5a8c1945036e0c42'}, 'date': {'date': '2021-07-05'}, 'block': {'height': 12766906}}, {'smartContract': {'address': {'address': '0x8adee0c03a1c4492145d09e64cfdb3714c5f6e02'}}, 'caller': {'address': '0xf337a885a7543cab542b2d3f5a8c1945036e0c42'}, 'date': {'date': '2021-07-05'}, 'block': {'height': 12766903}}, {'smartContract': {'address': {'address': '0x0d6af0a4fcd387182ca106270794d81477f6dffd'}}, 'caller': {'address': '0xf337a885a7543cab542b2d3f5a8c1945036e0c42'}, 'date': {'date': '2021-07-04'}, 'block': {'height': 12761376}}, {'smartContract': {'address': {'address': '0x09434534f74122d712decd55c3466d7c524ee6e5'}}, 'caller': {'address': '0xf337a885a7543cab542b2d3f5a8c1945036e0c42'}, 'date': {'date': '2021-07-04'}, 'block': {'height': 12758165}}, {'smartContract': {'address': {'address': '0x5fae8373c6de1c9b2d4286c14d8f9c71c4d80c2f'}}, 'caller': {'address': '0xf337a885a7543cab542b2d3f5a8c1945036e0c42'}, 'date': {'date': '2021-07-03'}, 'block': {'height': 12752813}}, {'smartContract': {'address': {'address': '0x4554b9a790095a22cb242a32c580e7a5a44413dd'}}, 'caller': {'address': '0xf337a885a7543cab542b2d3f5a8c1945036e0c42'}, 'date': {'date': '2021-07-03'}, 'block': {'height': 12752606}}, {'smartContract': {'address': {'address': '0x860f5de0f06c71c2eff7c6a1ffa9ff885d77a6b6'}}, 'caller': {'address': '0xf337a885a7543cab542b2d3f5a8c1945036e0c42'}, 'date': {'date': '2021-06-23'}, 'block': {'height': 12690501}}, {'smartContract': {'address': {'address': '0x948c23e621dd573257ca5dde5945d125e9f39c83'}}, 'caller': {'address': '0xf337a885a7543cab542b2d3f5a8c1945036e0c42'}, 'date': {'date': '2021-06-22'}, 'block': {'height': 12682439}}, {'smartContract': {'address': {'address': '0x362a35310dacfb2f5a6ec54ab7c506fbca0d2b03'}}, 'caller': {'address': '0xf337a885a7543cab542b2d3f5a8c1945036e0c42'}, 'date': {'date': '2021-06-22'}, 'block': {'height': 12682437}}, {'smartContract': {'address': {'address': '0x775b3d8c3bc933a1142b1206f008bc79c5ee892f'}}, 'caller': {'address': '0xf337a885a7543cab542b2d3f5a8c1945036e0c42'}, 'date': {'date': '2021-06-21'}, 'block': {'height': 12675550}}, {'smartContract': {'address': {'address': '0x9234566e32e505cdb3cc631111d6032bc13f1c8a'}}, 'caller': {'address': '0xf337a885a7543cab542b2d3f5a8c1945036e0c42'}, 'date': {'date': '2021-06-15'}, 'block': {'height': 12642159}}, {'smartContract': {'address': {'address': '0xdbb8c56052cf7387ddf430c208123b2ba85f3ea1'}}, 'caller': {'address': '0xf337a885a7543cab542b2d3f5a8c1945036e0c42'}, 'date': {'date': '2021-06-13'}, 'block': {'height': 12623684}}, {'smartContract': {'address': {'address': '0x08d27eeb33612e24e447427e7e28c24f05aaa668'}}, 'caller': {'address': '0xf337a885a7543cab542b2d3f5a8c1945036e0c42'}, 'date': {'date': '2021-06-06'}, 'block': {'height': 12579704}}, {'smartContract': {'address': {'address': '0x560e8145ca9ea6995cd0fdaa01d9f255049bf25a'}}, 'caller': {'address': '0xf337a885a7543cab542b2d3f5a8c1945036e0c42'}, 'date': {'date': '2021-06-06'}, 'block': {'height': 12579702}}, {'smartContract': {'address': {'address': '0x05548d8a753e998dba4727da54c787ed7205f276'}}, 'caller': {'address': '0xf337a885a7543cab542b2d3f5a8c1945036e0c42'}, 'date': {'date': '2021-06-06'}, 'block': {'height': 12579689}}, {'smartContract': {'address': {'address': '0x36d0283a975d0de38c7b28ba6521c878d7c71c13'}}, 'caller': {'address': '0xf337a885a7543cab542b2d3f5a8c1945036e0c42'}, 'date': {'date': '2021-06-04'}, 'block': {'height': 12564922}}, {'smartContract': {'address': {'address': '0xd1a8e62bd03d5a2c22514619f86083770e93ee9a'}}, 'caller': {'address': '0xf337a885a7543cab542b2d3f5a8c1945036e0c42'}, 'date': {'date': '2021-06-02'}, 'block': {'height': 12552414}}, {'smartContract': {'address': {'address': '0x322d82c74ba6a9e839047d1d2e2f64449f16ec20'}}, 'caller': {'address': '0xf337a885a7543cab542b2d3f5a8c1945036e0c42'}, 'date': {'date': '2021-06-02'}, 'block': {'height': 12552410}}, {'smartContract': {'address': {'address': '0x588426b9c6eb46ace72dcb70e56ddf21d39367b2'}}, 'caller': {'address': '0xf337a885a7543cab542b2d3f5a8c1945036e0c42'}, 'date': {'date': '2021-06-02'}, 'block': {'height': 12552258}}, {'smartContract': {'address': {'address': '0x6788f10468c00e623d242dd952f7014f1ef405d7'}}, 'caller': {'address': '0xf337a885a7543cab542b2d3f5a8c1945036e0c42'}, 'date': {'date': '2021-06-02'}, 'block': {'height': 12552230}}, {'smartContract': {'address': {'address': '0x0d946d7e31c19213ca7bb92bafb5bf3aefaeb5f8'}}, 'caller': {'address': '0xf337a885a7543cab542b2d3f5a8c1945036e0c42'}, 'date': {'date': '2021-06-01'}, 'block': {'height': 12546241}}, {'smartContract': {'address': {'address': '0xb0af1ebc95bc8a7fed1b8ccdfe74faa5fe1a980a'}}, 'caller': {'address': '0xf337a885a7543cab542b2d3f5a8c1945036e0c42'}, 'date': {'date': '2021-05-24'}, 'block': {'height': 12496543}}, {'smartContract': {'address': {'address': '0x4622633eca0e048fc3056702b9262cd8f2c9330b'}}, 'caller': {'address': '0xf337a885a7543cab542b2d3f5a8c1945036e0c42'}, 'date': {'date': '2021-05-22'}, 'block': {'height': 12481963}}, {'smartContract': {'address': {'address': '0x7e58d1939da70aa4aa50fd35b9d57f59823a304e'}}, 'caller': {'address': '0xf337a885a7543cab542b2d3f5a8c1945036e0c42'}, 'date': {'date': '2021-05-22'}, 'block': {'height': 12481751}}, {'smartContract': {'address': {'address': '0x33ccc3c69b9ecf301a0fa1f74ee14cb709688214'}}, 'caller': {'address': '0xf337a885a7543cab542b2d3f5a8c1945036e0c42'}, 'date': {'date': '2021-05-19'}, 'block': {'height': 12463784}}, {'smartContract': {'address': {'address': '0x8ecaf325b516e1dc94c5384fb32c4b72baf12f75'}}, 'caller': {'address': '0xf337a885a7543cab542b2d3f5a8c1945036e0c42'}, 'date': {'date': '2021-05-17'}, 'block': {'height': 12449166}}, {'smartContract': {'address': {'address': '0x9f51fffd1bce00e31159b1345b9deb7d3c7a2cd7'}}, 'caller': {'address': '0xf337a885a7543cab542b2d3f5a8c1945036e0c42'}, 'date': {'date': '2021-05-15'}, 'block': {'height': 12438452}}, {'smartContract': {'address': {'address': '0x5f9ca7f8d01f8928163d51a95c7d6d54ca926237'}}, 'caller': {'address': '0xf337a885a7543cab542b2d3f5a8c1945036e0c42'}, 'date': {'date': '2021-05-15'}, 'block': {'height': 12438450}}, {'smartContract': {'address': {'address': '0x6cf03c467a6007e68cf8dd61ace79208c5279601'}}, 'caller': {'address': '0xf337a885a7543cab542b2d3f5a8c1945036e0c42'}, 'date': {'date': '2021-05-14'}, 'block': {'height': 12429607}}, {'smartContract': {'address': {'address': '0x3a93aa6f323d737fc532f18ddde7889abfc2a956'}}, 'caller': {'address': '0xf337a885a7543cab542b2d3f5a8c1945036e0c42'}, 'date': {'date': '2021-05-14'}, 'block': {'height': 12429598}}, {'smartContract': {'address': {'address': '0x27ec92851e187f86db502d3398edef93d6d7a8bf'}}, 'caller': {'address': '0xf337a885a7543cab542b2d3f5a8c1945036e0c42'}, 'date': {'date': '2021-05-10'}, 'block': {'height': 12404208}}, {'smartContract': {'address': {'address': '0x69441def1f69e2daf5e6f86810d018534c4a18e9'}}, 'caller': {'address': '0xf337a885a7543cab542b2d3f5a8c1945036e0c42'}, 'date': {'date': '2021-05-10'}, 'block': {'height': 12404206}}, {'smartContract': {'address': {'address': '0xf4ee7375e7369f33bad48e42ad409a83c2691f74'}}, 'caller': {'address': '0xf337a885a7543cab542b2d3f5a8c1945036e0c42'}, 'date': {'date': '2021-05-03'}, 'block': {'height': 12361189}}, {'smartContract': {'address': {'address': '0x49815240747ff61b00634704953bc8113d649adc'}}, 'caller': {'address': '0xf337a885a7543cab542b2d3f5a8c1945036e0c42'}, 'date': {'date': '2021-05-01'}, 'block': {'height': 12345354}}, {'smartContract': {'address': {'address': '0x5432256354078d6ff45ef0fc39fc90df2027d5f2'}}, 'caller': {'address': '0xf337a885a7543cab542b2d3f5a8c1945036e0c42'}, 'date': {'date': '2021-04-30'}, 'block': {'height': 12339061}}, {'smartContract': {'address': {'address': '0xa79dbbde870e4802e865408fe59f0ffa222601a8'}}, 'caller': {'address': '0xf337a885a7543cab542b2d3f5a8c1945036e0c42'}, 'date': {'date': '2021-04-29'}, 'block': {'height': 12332490}}, {'smartContract': {'address': {'address': '0xc0454b57c347b1072a412d7aaf9c7ab7ec018515'}}, 'caller': {'address': '0x5a15566417e6c1c9546523066500bddbc53f88c7'}, 'date': {'date': '2021-04-28'}, 'block': {'height': 12326853}}, {'smartContract': {'address': {'address': '0x381e2dd026f3e951cb5f4b5d2cc224673e4d6f6e'}}, 'caller': {'address': '0xa26e15c895efc0616177b7c1e7270a4c7d51c997'}, 'date': {'date': '2021-04-28'}, 'block': {'height': 12326812}}, {'smartContract': {'address': {'address': '0xa4af5075c65ad3fef0dea860902a146cb67a4930'}}, 'caller': {'address': '0xf337a885a7543cab542b2d3f5a8c1945036e0c42'}, 'date': {'date': '2021-04-28'}, 'block': {'height': 12325964}}, {'smartContract': {'address': {'address': '0x861cbeb7b0ea0d7ecc8d0103f78834bb4fe35097'}}, 'caller': {'address': '0xf337a885a7543cab542b2d3f5a8c1945036e0c42'}, 'date': {'date': '2021-04-28'}, 'block': {'height': 12325961}}, {'smartContract': {'address': {'address': '0xac5cd31706423cd0d67f5cf844d4441bc352f8fa'}}, 'caller': {'address': '0xf337a885a7543cab542b2d3f5a8c1945036e0c42'}, 'date': {'date': '2021-04-27'}, 'block': {'height': 12319675}}, {'smartContract': {'address': {'address': '0x4bf45107599e21221cffb1d281d73d147c963a98'}}, 'caller': {'address': '0xf337a885a7543cab542b2d3f5a8c1945036e0c42'}, 'date': {'date': '2021-04-19'}, 'block': {'height': 12267947}}, {'smartContract': {'address': {'address': '0xc2451b67a3ffd623c7607943d57b68213111ec0c'}}, 'caller': {'address': '0xf337a885a7543cab542b2d3f5a8c1945036e0c42'}, 'date': {'date': '2021-04-16'}, 'block': {'height': 12249021}}, {'smartContract': {'address': {'address': '0x2d1168c621394af360155a7ca908cde88ab3744a'}}, 'caller': {'address': '0xf337a885a7543cab542b2d3f5a8c1945036e0c42'}, 'date': {'date': '2021-04-15'}, 'block': {'height': 12241539}}, {'smartContract': {'address': {'address': '0x5c0e75eb4b27b5f9c99d78fc96aff7869eda007b'}}, 'caller': {'address': '0xf337a885a7543cab542b2d3f5a8c1945036e0c42'}, 'date': {'date': '2021-04-14'}, 'block': {'height': 12241124}}, {'smartContract': {'address': {'address': '0x31f232eadae63f2f186f988f2bdccf20f714f71b'}}, 'caller': {'address': '0xf337a885a7543cab542b2d3f5a8c1945036e0c42'}, 'date': {'date': '2021-04-12'}, 'block': {'height': 12221909}}, {'smartContract': {'address': {'address': '0x3f436de9ef3f07b770c4db45f60f9f1d323bbf36'}}, 'caller': {'address': '0xf337a885a7543cab542b2d3f5a8c1945036e0c42'}, 'date': {'date': '2021-04-08'}, 'block': {'height': 12202000}}, {'smartContract': {'address': {'address': '0x808844418cefdb059966c56c2ff50dfd34a42da9'}}, 'caller': {'address': '0xf337a885a7543cab542b2d3f5a8c1945036e0c42'}, 'date': {'date': '2021-04-08'}, 'block': {'height': 12201997}}, {'smartContract': {'address': {'address': '0xb82ab3487f834144b789e5652b2addbc9ccd1681'}}, 'caller': {'address': '0xf337a885a7543cab542b2d3f5a8c1945036e0c42'}, 'date': {'date': '2021-04-08'}, 'block': {'height': 12197528}}, {'smartContract': {'address': {'address': '0x02a3d2d9fa3827b500fe257af12660077f80170d'}}, 'caller': {'address': '0xf337a885a7543cab542b2d3f5a8c1945036e0c42'}, 'date': {'date': '2021-04-08'}, 'block': {'height': 12197525}}, {'smartContract': {'address': {'address': '0x3c13813bcacb0351ec84b5e1cc43943401b5f50a'}}, 'caller': {'address': '0xf337a885a7543cab542b2d3f5a8c1945036e0c42'}, 'date': {'date': '2021-04-07'}, 'block': {'height': 12191405}}, {'smartContract': {'address': {'address': '0x01dbecb4269bf2d4ec976d4b83cfde4568c03adc'}}, 'caller': {'address': '0xaa4b07bf68e007af0b4d2a55fbec1744b314b840'}, 'date': {'date': '2021-04-07'}, 'block': {'height': 12190846}}, {'smartContract': {'address': {'address': '0xaa4b07bf68e007af0b4d2a55fbec1744b314b840'}}, 'caller': {'address': '0xf337a885a7543cab542b2d3f5a8c1945036e0c42'}, 'date': {'date': '2021-04-07'}, 'block': {'height': 12190846}}, {'smartContract': {'address': {'address': '0x3d216315810dc44ee873783159cc8cbc08d15fc0'}}, 'caller': {'address': '0xaa4b07bf68e007af0b4d2a55fbec1744b314b840'}, 'date': {'date': '2021-04-07'}, 'block': {'height': 12190846}}, {'smartContract': {'address': {'address': '0x02d463574ce1e45d9f6258518d3ff7667c78383d'}}, 'caller': {'address': '0xf337a885a7543cab542b2d3f5a8c1945036e0c42'}, 'date': {'date': '2021-04-07'}, 'block': {'height': 12190830}}, {'smartContract': {'address': {'address': '0x8fe535fc072c36e3967d6dd221d743b0b5135aeb'}}, 'caller': {'address': '0xf337a885a7543cab542b2d3f5a8c1945036e0c42'}, 'date': {'date': '2021-04-05'}, 'block': {'height': 12182655}}, {'smartContract': {'address': {'address': '0xec070cec044b753b54b417ac791844a83c1f3e28'}}, 'caller': {'address': '0xf337a885a7543cab542b2d3f5a8c1945036e0c42'}, 'date': {'date': '2021-04-05'}, 'block': {'height': 12179695}}, {'smartContract': {'address': {'address': '0x292923a638e0cc944884b7ac02ad4576c4091917'}}, 'caller': {'address': '0xf337a885a7543cab542b2d3f5a8c1945036e0c42'}, 'date': {'date': '2021-04-05'}, 'block': {'height': 12179496}}, {'smartContract': {'address': {'address': '0x30fafb287b582e21a81b492e59a33d58c659f4e2'}}, 'caller': {'address': '0xf337a885a7543cab542b2d3f5a8c1945036e0c42'}, 'date': {'date': '2021-04-04'}, 'block': {'height': 12170773}}, {'smartContract': {'address': {'address': '0x891ed1597db30fcd16c5e38a30bc65013e3222f4'}}, 'caller': {'address': '0xf337a885a7543cab542b2d3f5a8c1945036e0c42'}, 'date': {'date': '2021-04-03'}, 'block': {'height': 12164104}}, {'smartContract': {'address': {'address': '0x6141a124a46dc9023f76e4e76a15d3bea2f2d713'}}, 'caller': {'address': '0xf337a885a7543cab542b2d3f5a8c1945036e0c42'}, 'date': {'date': '2021-04-03'}, 'block': {'height': 12163923}}, {'smartContract': {'address': {'address': '0xe989e20f1a5f647cb500d0fb4bfc545e179dec5f'}}, 'caller': {'address': '0xf337a885a7543cab542b2d3f5a8c1945036e0c42'}, 'date': {'date': '2021-04-03'}, 'block': {'height': 12163759}}, {'smartContract': {'address': {'address': '0x34d25a4749867ef8b62a0cd1e2d7b4f7af167e01'}}, 'caller': {'address': '0xc0aee478e3658e2610c5f7a4a2e1777ce9e4f2ac'}, 'date': {'date': '2021-04-01'}, 'block': {'height': 12156660}}, {'smartContract': {'address': {'address': '0x8d782c5806607e9aafb2ac38c1da3838edf8bd03'}}, 'caller': {'address': '0xc0aee478e3658e2610c5f7a4a2e1777ce9e4f2ac'}, 'date': {'date': '2021-03-24'}, 'block': {'height': 12100950}}, {'smartContract': {'address': {'address': '0x3ef214951fb258ef240da90d8c6305eb6d08fe63'}}, 'caller': {'address': '0xf337a885a7543cab542b2d3f5a8c1945036e0c42'}, 'date': {'date': '2021-03-22'}, 'block': {'height': 12086622}}, {'smartContract': {'address': {'address': '0xdb9daa0a50b33e4fe9d0ac16a1df1d335f96595e'}}, 'caller': {'address': '0xf337a885a7543cab542b2d3f5a8c1945036e0c42'}, 'date': {'date': '2021-03-22'}, 'block': {'height': 12086613}}]",2021-03-22
246,246,0x000000000000d0151E748d25b766e77efe2A6c83,XDEFI Governance Token,https://github.com/xdefilab,0x81e06334993a0f48a94A98a9f06cA8E59F42dfBa,461429.8424,"[{'smartContract': {'address': {'address': '0x000000000000d0151e748d25b766e77efe2a6c83'}}, 'caller': {'address': '0x81e06334993a0f48a94a98a9f06ca8e59f42dfba'}, 'date': {'date': '2021-03-13'}, 'block': {'height': 12029482}}]",2021-03-13
247,247,0x0202Be363B8a4820f3F4DE7FaF5224fF05943AB1,UniLend Finance Token (UFT),,0x6dc6456B093551eFf2Dc40002A0367258a8bAC33,455361.1768,"[{'smartContract': {'address': {'address': '0x7ae275fafdbcded0a4cdc6e25884b849f00efc48'}}, 'caller': {'address': '0x9424b1412450d0f8fc2255faf6046b98213b76bd'}, 'date': {'date': '2020-10-15'}, 'block': {'height': 11060825}}, {'smartContract': {'address': {'address': '0xc4b26b26d720467d96e18f08664a888d4116cea6'}}, 'caller': {'address': '0xc0aee478e3658e2610c5f7a4a2e1777ce9e4f2ac'}, 'date': {'date': '2020-10-15'}, 'block': {'height': 11060809}}, {'smartContract': {'address': {'address': '0x2b914b1dad349010ec12b9281a3350edb828cf6c'}}, 'caller': {'address': '0x6dc6456b093551eff2dc40002a0367258a8bac33'}, 'date': {'date': '2020-10-13'}, 'block': {'height': 11050344}}, {'smartContract': {'address': {'address': '0x5d754ca92aaa5cdfaeae6411482edcf77e390750'}}, 'caller': {'address': '0xa26e15c895efc0616177b7c1e7270a4c7d51c997'}, 'date': {'date': '2020-10-13'}, 'block': {'height': 11049834}}, {'smartContract': {'address': {'address': '0x99dfde431b40321a35deb6aeb55cf338ddd6eccd'}}, 'caller': {'address': '0x5c69bee701ef814a2b6a3edd4b1652cb9cc5aa6f'}, 'date': {'date': '2020-10-13'}, 'block': {'height': 11048720}}, {'smartContract': {'address': {'address': '0x94de9c8ca70ba26b7e14669c6fde468a7439e0e0'}}, 'caller': {'address': '0x6dc6456b093551eff2dc40002a0367258a8bac33'}, 'date': {'date': '2020-10-10'}, 'block': {'height': 11030436}}, {'smartContract': {'address': {'address': '0x6a064d8d190d40dee172a4e88576104d58b7943d'}}, 'caller': {'address': '0x6dc6456b093551eff2dc40002a0367258a8bac33'}, 'date': {'date': '2020-10-09'}, 'block': {'height': 11023445}}, {'smartContract': {'address': {'address': '0x0202be363b8a4820f3f4de7faf5224ff05943ab1'}}, 'caller': {'address': '0x6dc6456b093551eff2dc40002a0367258a8bac33'}, 'date': {'date': '2020-10-09'}, 'block': {'height': 11023444}}, {'smartContract': {'address': {'address': '0xc76c2191e5047baf4c8e694896bf43d9e8046030'}}, 'caller': {'address': '0x6dc6456b093551eff2dc40002a0367258a8bac33'}, 'date': {'date': '2020-10-09'}, 'block': {'height': 11023441}}]",2020-10-09
248,248,0x3E5D9D8a63CC8a88748f229999CF59487e90721e,MetalSwap,,0xFDf6Fa86058D1Eacb441aDB5aCfC143672E59A58,439275.947,"[{'smartContract': {'address': {'address': '0xe83c0b238d1ee2c2fb6264a9030032fd309eebf0'}}, 'caller': {'address': '0xfdf6fa86058d1eacb441adb5acfc143672e59a58'}, 'date': {'date': '2022-11-29'}, 'block': {'height': 16078033}}, {'smartContract': {'address': {'address': '0xc35bd9072de45215a25eb9dadb4fa54eea445a01'}}, 'caller': {'address': '0xfdf6fa86058d1eacb441adb5acfc143672e59a58'}, 'date': {'date': '2021-12-11'}, 'block': {'height': 13785275}}, {'smartContract': {'address': {'address': '0xb98089b60ad4458a1c49fc3390e6117cee3fb7d5'}}, 'caller': {'address': '0xfdf6fa86058d1eacb441adb5acfc143672e59a58'}, 'date': {'date': '2021-12-03'}, 'block': {'height': 13733484}}, {'smartContract': {'address': {'address': '0xadbe0eac80f955363f4ff47b0f70189093908c04'}}, 'caller': {'address': '0xfdf6fa86058d1eacb441adb5acfc143672e59a58'}, 'date': {'date': '2021-12-03'}, 'block': {'height': 13733399}}, {'smartContract': {'address': {'address': '0x3e5d9d8a63cc8a88748f229999cf59487e90721e'}}, 'caller': {'address': '0xfdf6fa86058d1eacb441adb5acfc143672e59a58'}, 'date': {'date': '2021-11-18'}, 'block': {'height': 13638496}}]",2021-11-18
249,249,0x16ECCfDbb4eE1A85A33f3A9B21175Cd7Ae753dB4,Route (ROUTE),https://github.com/router-protocol/router-governance,0xC502aE9f8f4529d40286c500b12C28710bB3B959,430572.1732,"[{'smartContract': {'address': {'address': '0x0e39efb44a65892aa7cf1a5727a8678ba213ee92'}}, 'caller': {'address': '0xee379e7e2153fe66c89c8f43cb9234738b766dde'}, 'date': {'date': '2021-01-22'}, 'block': {'height': 11703099}}, {'smartContract': {'address': {'address': '0x4bbdfe2851e6221ebb649af0fe3d41f931288f71'}}, 'caller': {'address': '0xee379e7e2153fe66c89c8f43cb9234738b766dde'}, 'date': {'date': '2021-01-22'}, 'block': {'height': 11702955}}, {'smartContract': {'address': {'address': '0xc595022f0883a3c90ac760bc8184d159157f494a'}}, 'caller': {'address': '0xee379e7e2153fe66c89c8f43cb9234738b766dde'}, 'date': {'date': '2021-01-18'}, 'block': {'height': 11679402}}, {'smartContract': {'address': {'address': '0xb5b336859d632efe667b8381bd42cd660e8f5627'}}, 'caller': {'address': '0xee379e7e2153fe66c89c8f43cb9234738b766dde'}, 'date': {'date': '2021-01-18'}, 'block': {'height': 11679389}}, {'smartContract': {'address': {'address': '0x792a567c1a0321dffc77358336d9e9d463641846'}}, 'caller': {'address': '0xee379e7e2153fe66c89c8f43cb9234738b766dde'}, 'date': {'date': '2021-01-18'}, 'block': {'height': 11679356}}, {'smartContract': {'address': {'address': '0x12d9c372f55d9cbd756e29c6af4303712f66a471'}}, 'caller': {'address': '0xee379e7e2153fe66c89c8f43cb9234738b766dde'}, 'date': {'date': '2021-01-18'}, 'block': {'height': 11679338}}, {'smartContract': {'address': {'address': '0x221d7821b161a7611fb7c59edd1eeb9d9c08fa59'}}, 'caller': {'address': '0xee379e7e2153fe66c89c8f43cb9234738b766dde'}, 'date': {'date': '2021-01-18'}, 'block': {'height': 11679322}}, {'smartContract': {'address': {'address': '0xb2553df7db44a9e14e715c4447f352c8d6e5a870'}}, 'caller': {'address': '0xee379e7e2153fe66c89c8f43cb9234738b766dde'}, 'date': {'date': '2021-01-18'}, 'block': {'height': 11679311}}, {'smartContract': {'address': {'address': '0xed678e8095a5bdd79452be7d78bee8e8e375a587'}}, 'caller': {'address': '0xee379e7e2153fe66c89c8f43cb9234738b766dde'}, 'date': {'date': '2021-01-16'}, 'block': {'height': 11667261}}, {'smartContract': {'address': {'address': '0xe461e741de59abaa8185285494a066ce4399bf24'}}, 'caller': {'address': '0xee379e7e2153fe66c89c8f43cb9234738b766dde'}, 'date': {'date': '2021-01-16'}, 'block': {'height': 11667237}}, {'smartContract': {'address': {'address': '0x0eb7bace3d5ad356928b3e68025b413f5806ed57'}}, 'caller': {'address': '0xee379e7e2153fe66c89c8f43cb9234738b766dde'}, 'date': {'date': '2021-01-16'}, 'block': {'height': 11667219}}, {'smartContract': {'address': {'address': '0xee379e7e2153fe66c89c8f43cb9234738b766dde'}}, 'caller': {'address': '0xc502ae9f8f4529d40286c500b12c28710bb3b959'}, 'date': {'date': '2021-01-16'}, 'block': {'height': 11666931}}, {'smartContract': {'address': {'address': '0x16eccfdbb4ee1a85a33f3a9b21175cd7ae753db4'}}, 'caller': {'address': '0xc502ae9f8f4529d40286c500b12c28710bb3b959'}, 'date': {'date': '2021-01-12'}, 'block': {'height': 11641487}}]",2021-01-12
250,250,0x24A6A37576377F63f194Caa5F518a60f45b42921,(Proxy contract) Float Bank (BANK),https://github.com/FloatProtocol,0x2B84260068A16B8d32fB8f5940FCE559511851f5,418562.6658,"[{'smartContract': {'address': {'address': '0x9795b9f02984cb9a09e03fb975b1d4285ced80fe'}}, 'caller': {'address': '0x4e7bbd911cf1efa442bc1b2e9ea01ffe785412ec'}, 'date': {'date': '2022-08-24'}, 'block': {'height': 15404517}}, {'smartContract': {'address': {'address': '0x9d5d7cf33758f92fb0f79b7b4a90eff37ba7f505'}}, 'caller': {'address': '0x4e7bbd911cf1efa442bc1b2e9ea01ffe785412ec'}, 'date': {'date': '2022-08-24'}, 'block': {'height': 15404512}}, {'smartContract': {'address': {'address': '0x617e6e0d1869a27c4dbc27ee17e81a7b2c66a183'}}, 'caller': {'address': '0xa731585ab05fc9f83555cf9bff8f58ee94e18f85'}, 'date': {'date': '2021-10-19'}, 'block': {'height': 13450248}}, {'smartContract': {'address': {'address': '0xb8ee65ccdac3bcca65fd9053492781fcd414c9c1'}}, 'caller': {'address': '0xa731585ab05fc9f83555cf9bff8f58ee94e18f85'}, 'date': {'date': '2021-10-19'}, 'block': {'height': 13450208}}, {'smartContract': {'address': {'address': '0x93ce039d2ede04ffc66e56dfc6c5f08325aa31ca'}}, 'caller': {'address': '0xa731585ab05fc9f83555cf9bff8f58ee94e18f85'}, 'date': {'date': '2021-10-19'}, 'block': {'height': 13450165}}, {'smartContract': {'address': {'address': '0x898beab27b8d44501de79b946f8d4c67918e1c47'}}, 'caller': {'address': '0xa731585ab05fc9f83555cf9bff8f58ee94e18f85'}, 'date': {'date': '2021-10-19'}, 'block': {'height': 13449889}}, {'smartContract': {'address': {'address': '0xd79471754c9f1e19321308575abfb47389e547d2'}}, 'caller': {'address': '0xa731585ab05fc9f83555cf9bff8f58ee94e18f85'}, 'date': {'date': '2021-10-19'}, 'block': {'height': 13449830}}, {'smartContract': {'address': {'address': '0xa58056e9dcc7bf3006dbb695a4cd70a11553b9bf'}}, 'caller': {'address': '0x835482fe0532f169024d5e9410199369aad5c77e'}, 'date': {'date': '2021-10-18'}, 'block': {'height': 13443450}}, {'smartContract': {'address': {'address': '0x8d3480e6d081e58ff7b442515785bf26e2aa3b45'}}, 'caller': {'address': '0x91ce5566dc3170898c5aee4ae4dd314654b47415'}, 'date': {'date': '2021-10-18'}, 'block': {'height': 13443409}}, {'smartContract': {'address': {'address': '0xb070a2a19b7c01bdcf1a36ac539825d36324ff86'}}, 'caller': {'address': '0x2b84260068a16b8d32fb8f5940fce559511851f5'}, 'date': {'date': '2021-08-05'}, 'block': {'height': 12964778}}, {'smartContract': {'address': {'address': '0x52eadaff8e3d816ce205691d1d703e08d369f576'}}, 'caller': {'address': '0x2b84260068a16b8d32fb8f5940fce559511851f5'}, 'date': {'date': '2021-08-01'}, 'block': {'height': 12942640}}, {'smartContract': {'address': {'address': '0xe73cf1bbc792c796826f9e57263483fd3dd38d50'}}, 'caller': {'address': '0x2b84260068a16b8d32fb8f5940fce559511851f5'}, 'date': {'date': '2021-08-01'}, 'block': {'height': 12942626}}, {'smartContract': {'address': {'address': '0x726ff99c3f2aa0b0debade809d2ac75c5dfa3736'}}, 'caller': {'address': '0x2b84260068a16b8d32fb8f5940fce559511851f5'}, 'date': {'date': '2021-08-01'}, 'block': {'height': 12942592}}, {'smartContract': {'address': {'address': '0x2897692e974d9d5a2a29e3deebcb54417b9914bb'}}, 'caller': {'address': '0x2b84260068a16b8d32fb8f5940fce559511851f5'}, 'date': {'date': '2021-07-21'}, 'block': {'height': 12866631}}, {'smartContract': {'address': {'address': '0x4f38892c16bfbb4f4f7424eefaa9767f4e922073'}}, 'caller': {'address': '0xea1aff9dbffd1580f6b81a3ad3589e66652db7d9'}, 'date': {'date': '2021-07-21'}, 'block': {'height': 12866631}}, {'smartContract': {'address': {'address': '0xbf49a920aa4696631ce53a25a9c8fce175a4cf5e'}}, 'caller': {'address': '0x2b84260068a16b8d32fb8f5940fce559511851f5'}, 'date': {'date': '2021-07-20'}, 'block': {'height': 12866413}}, {'smartContract': {'address': {'address': '0xd449f38ead4871e76c5f34f648e545ab4d688ef4'}}, 'caller': {'address': '0x2b84260068a16b8d32fb8f5940fce559511851f5'}, 'date': {'date': '2021-06-06'}, 'block': {'height': 12584002}}, {'smartContract': {'address': {'address': '0x1270d6e9e2b8e137546a436b08fd1aad50786e80'}}, 'caller': {'address': '0x2b84260068a16b8d32fb8f5940fce559511851f5'}, 'date': {'date': '2021-06-06'}, 'block': {'height': 12583984}}, {'smartContract': {'address': {'address': '0x016d662af51b4de1a75725614c70d813b684ea10'}}, 'caller': {'address': '0x2b84260068a16b8d32fb8f5940fce559511851f5'}, 'date': {'date': '2021-06-06'}, 'block': {'height': 12583974}}, {'smartContract': {'address': {'address': '0x8b114b8f5a7290e6e4f64024de6714131b4d47ca'}}, 'caller': {'address': '0x2b84260068a16b8d32fb8f5940fce559511851f5'}, 'date': {'date': '2021-05-14'}, 'block': {'height': 12434866}}, {'smartContract': {'address': {'address': '0x7cb48e0826433b2d7a2a7f0e69a716d5ca045229'}}, 'caller': {'address': '0x2b84260068a16b8d32fb8f5940fce559511851f5'}, 'date': {'date': '2021-05-14'}, 'block': {'height': 12434628}}, {'smartContract': {'address': {'address': '0x432573cf5b10eb9a160624ca2725199dc1b56e3e'}}, 'caller': {'address': '0x2b84260068a16b8d32fb8f5940fce559511851f5'}, 'date': {'date': '2021-05-14'}, 'block': {'height': 12430469}}, {'smartContract': {'address': {'address': '0xcd817491872bdb33e0d21589bd92dbff43387ca4'}}, 'caller': {'address': '0x2b84260068a16b8d32fb8f5940fce559511851f5'}, 'date': {'date': '2021-05-14'}, 'block': {'height': 12430455}}, {'smartContract': {'address': {'address': '0x14b6fb6b83c01a7cde9ac2c13173695c8d14fcd2'}}, 'caller': {'address': '0x2b84260068a16b8d32fb8f5940fce559511851f5'}, 'date': {'date': '2021-05-09'}, 'block': {'height': 12401118}}, {'smartContract': {'address': {'address': '0xf3b29cead29cbeb35cf9371504da2ff4770c59ec'}}, 'caller': {'address': '0x2b84260068a16b8d32fb8f5940fce559511851f5'}, 'date': {'date': '2021-05-09'}, 'block': {'height': 12400986}}, {'smartContract': {'address': {'address': '0x73650f79b15abe064eccb5f1bb448cb5df6d5894'}}, 'caller': {'address': '0x2b84260068a16b8d32fb8f5940fce559511851f5'}, 'date': {'date': '2021-05-09'}, 'block': {'height': 12400984}}, {'smartContract': {'address': {'address': '0x263c7e5e88c8d4394653516617103ca91baceb56'}}, 'caller': {'address': '0x2b84260068a16b8d32fb8f5940fce559511851f5'}, 'date': {'date': '2021-05-09'}, 'block': {'height': 12400953}}, {'smartContract': {'address': {'address': '0x08d7e47beb0470fc683bbde7d836c5dcd48754f2'}}, 'caller': {'address': '0x2b84260068a16b8d32fb8f5940fce559511851f5'}, 'date': {'date': '2021-05-07'}, 'block': {'height': 12389310}}, {'smartContract': {'address': {'address': '0x3bdb2d1003221cfc688cfbfb10433d37c0fe2c3e'}}, 'caller': {'address': '0x2b84260068a16b8d32fb8f5940fce559511851f5'}, 'date': {'date': '2021-05-07'}, 'block': {'height': 12389299}}, {'smartContract': {'address': {'address': '0x6b995aa6e188289d1b67c511dedf4f1291ab4fc0'}}, 'caller': {'address': '0x2b84260068a16b8d32fb8f5940fce559511851f5'}, 'date': {'date': '2021-05-07'}, 'block': {'height': 12388997}}, {'smartContract': {'address': {'address': '0x14b8ae0e9a3d87869db3a5e0d4d6148c18f6eda3'}}, 'caller': {'address': '0x2b84260068a16b8d32fb8f5940fce559511851f5'}, 'date': {'date': '2021-05-07'}, 'block': {'height': 12388979}}, {'smartContract': {'address': {'address': '0xab4cb181a72cb1456791a1f67b6b2e1da8d4150f'}}, 'caller': {'address': '0x2b84260068a16b8d32fb8f5940fce559511851f5'}, 'date': {'date': '2021-05-07'}, 'block': {'height': 12388830}}, {'smartContract': {'address': {'address': '0xb05097849bca421a3f51b249ba6cca4af4b97cb9'}}, 'caller': {'address': '0x2b84260068a16b8d32fb8f5940fce559511851f5'}, 'date': {'date': '2021-05-06'}, 'block': {'height': 12377878}}, {'smartContract': {'address': {'address': '0x4bc57f8e4a53ed244a9677d0170f8a7fe4c2f08e'}}, 'caller': {'address': '0x2b84260068a16b8d32fb8f5940fce559511851f5'}, 'date': {'date': '2021-05-06'}, 'block': {'height': 12377874}}, {'smartContract': {'address': {'address': '0x520f53ad040da6d453ac24301cc92c6a834efbf5'}}, 'caller': {'address': '0x2b84260068a16b8d32fb8f5940fce559511851f5'}, 'date': {'date': '2021-05-06'}, 'block': {'height': 12377689}}, {'smartContract': {'address': {'address': '0x5cc2db43f9c2e2029aee159be60a9dda50b05d4a'}}, 'caller': {'address': '0x2b84260068a16b8d32fb8f5940fce559511851f5'}, 'date': {'date': '2021-03-19'}, 'block': {'height': 12070819}}, {'smartContract': {'address': {'address': '0x90d1d83fd4cca873848d728fd8cef382b1acb4b8'}}, 'caller': {'address': '0x2b84260068a16b8d32fb8f5940fce559511851f5'}, 'date': {'date': '2021-03-19'}, 'block': {'height': 12070817}}, {'smartContract': {'address': {'address': '0xa9e43ae740a19ddd7aa04efa4198b32344f4c0f2'}}, 'caller': {'address': '0x2b84260068a16b8d32fb8f5940fce559511851f5'}, 'date': {'date': '2021-03-19'}, 'block': {'height': 12070814}}, {'smartContract': {'address': {'address': '0x673b95d277ef022e5efaf9f167ffdfab36991738'}}, 'caller': {'address': '0x2b84260068a16b8d32fb8f5940fce559511851f5'}, 'date': {'date': '2021-03-19'}, 'block': {'height': 12070804}}, {'smartContract': {'address': {'address': '0xe41f9fabee859c4e6d248e9442c822f09742228a'}}, 'caller': {'address': '0x2b84260068a16b8d32fb8f5940fce559511851f5'}, 'date': {'date': '2021-03-19'}, 'block': {'height': 12070801}}, {'smartContract': {'address': {'address': '0xc6d58f8c684f0f2992ba613d209209897c298e44'}}, 'caller': {'address': '0x2b84260068a16b8d32fb8f5940fce559511851f5'}, 'date': {'date': '2021-03-19'}, 'block': {'height': 12070794}}, {'smartContract': {'address': {'address': '0xed7df34c629f46de7c31069c7816dd6d8654dd17'}}, 'caller': {'address': '0x2b84260068a16b8d32fb8f5940fce559511851f5'}, 'date': {'date': '2021-03-19'}, 'block': {'height': 12070792}}, {'smartContract': {'address': {'address': '0xab768db196514df35722a99c37c8ae3581d6352b'}}, 'caller': {'address': '0x2b84260068a16b8d32fb8f5940fce559511851f5'}, 'date': {'date': '2021-03-19'}, 'block': {'height': 12070781}}, {'smartContract': {'address': {'address': '0xd04f4759a2cc28a5ae33287534caa4dfce90b9c3'}}, 'caller': {'address': '0x2b84260068a16b8d32fb8f5940fce559511851f5'}, 'date': {'date': '2021-03-19'}, 'block': {'height': 12070706}}, {'smartContract': {'address': {'address': '0x78946df7a8e6419f0bd86934cdf2f59ce1656059'}}, 'caller': {'address': '0x2b84260068a16b8d32fb8f5940fce559511851f5'}, 'date': {'date': '2021-02-15'}, 'block': {'height': 11862196}}, {'smartContract': {'address': {'address': '0x8f2528ee4878c70c82d15903ae9f042a09e9d8f7'}}, 'caller': {'address': '0x2b84260068a16b8d32fb8f5940fce559511851f5'}, 'date': {'date': '2021-02-05'}, 'block': {'height': 11797917}}, {'smartContract': {'address': {'address': '0x73139212d0f62c6ddb6514c6a55c3778eb798d72'}}, 'caller': {'address': '0x2b84260068a16b8d32fb8f5940fce559511851f5'}, 'date': {'date': '2021-02-05'}, 'block': {'height': 11797913}}, {'smartContract': {'address': {'address': '0xf5ab36def38e2635342e93895fedbd93c8ebb715'}}, 'caller': {'address': '0x2b84260068a16b8d32fb8f5940fce559511851f5'}, 'date': {'date': '2021-02-05'}, 'block': {'height': 11797908}}, {'smartContract': {'address': {'address': '0x24a6a37576377f63f194caa5f518a60f45b42921'}}, 'caller': {'address': '0x2b84260068a16b8d32fb8f5940fce559511851f5'}, 'date': {'date': '2021-02-05'}, 'block': {'height': 11797907}}, {'smartContract': {'address': {'address': '0x499559941e05bd69f64100c725a25a9ed17ebe5e'}}, 'caller': {'address': '0x2b84260068a16b8d32fb8f5940fce559511851f5'}, 'date': {'date': '2021-02-05'}, 'block': {'height': 11797904}}, {'smartContract': {'address': {'address': '0x0f8c4b7694579b1c9796f5dfe0ad45c20804b73a'}}, 'caller': {'address': '0x2b84260068a16b8d32fb8f5940fce559511851f5'}, 'date': {'date': '2021-02-05'}, 'block': {'height': 11797892}}]",2021-02-05
251,251,0xea7Cc765eBC94C4805e3BFf28D7E4aE48D06468A,(Proxy contract) NearPAD Token,,0xe09f22949B9670Dfda37cc27f76c6Ec21C1A26E0,392256.7947,"[{'smartContract': {'address': {'address': '0xf73a793862474e0d88dc5b3eb901e6cd4f1e0b49'}}, 'caller': {'address': '0xe09f22949b9670dfda37cc27f76c6ec21c1a26e0'}, 'date': {'date': '2021-11-24'}, 'block': {'height': 13677483}}, {'smartContract': {'address': {'address': '0x1e51eb22cb85f0869afcd3ebabe8621080d362b8'}}, 'caller': {'address': '0xe09f22949b9670dfda37cc27f76c6ec21c1a26e0'}, 'date': {'date': '2021-10-12'}, 'block': {'height': 13403561}}, {'smartContract': {'address': {'address': '0xb40595582ea43a58ec232bc2a7a048635f4fb520'}}, 'caller': {'address': '0xe09f22949b9670dfda37cc27f76c6ec21c1a26e0'}, 'date': {'date': '2021-10-06'}, 'block': {'height': 13366886}}, {'smartContract': {'address': {'address': '0x10efc31ec6e7e1b908167723a2ead44f884a187f'}}, 'caller': {'address': '0xe09f22949b9670dfda37cc27f76c6ec21c1a26e0'}, 'date': {'date': '2021-10-06'}, 'block': {'height': 13366883}}, {'smartContract': {'address': {'address': '0x8ae61645b5ed7dff74d77bd36f3c957d0237f74a'}}, 'caller': {'address': '0xe09f22949b9670dfda37cc27f76c6ec21c1a26e0'}, 'date': {'date': '2021-10-06'}, 'block': {'height': 13366859}}, {'smartContract': {'address': {'address': '0x337c36abbe4fc6107c0a6f6ac11f8f2c47074a0d'}}, 'caller': {'address': '0xe09f22949b9670dfda37cc27f76c6ec21c1a26e0'}, 'date': {'date': '2021-10-04'}, 'block': {'height': 13353119}}, {'smartContract': {'address': {'address': '0xb83b89e7f4570d4c2010d7ba3a52e9311d1e5e14'}}, 'caller': {'address': '0xe09f22949b9670dfda37cc27f76c6ec21c1a26e0'}, 'date': {'date': '2021-10-04'}, 'block': {'height': 13353114}}, {'smartContract': {'address': {'address': '0x35031f5972d3d169c24f15e75f46355de6cc983d'}}, 'caller': {'address': '0xe09f22949b9670dfda37cc27f76c6ec21c1a26e0'}, 'date': {'date': '2021-09-24'}, 'block': {'height': 13288937}}, {'smartContract': {'address': {'address': '0xb9df6c1608ffaca94cc6e130f9283323d560fe23'}}, 'caller': {'address': '0xe09f22949b9670dfda37cc27f76c6ec21c1a26e0'}, 'date': {'date': '2021-09-24'}, 'block': {'height': 13288927}}, {'smartContract': {'address': {'address': '0xbdd292a8ac7d426820bd0819c697b31c152c9ae6'}}, 'caller': {'address': '0xc0aee478e3658e2610c5f7a4a2e1777ce9e4f2ac'}, 'date': {'date': '2021-09-01'}, 'block': {'height': 13141186}}, {'smartContract': {'address': {'address': '0x8eceb51812ee3cbc8d4d91d8990ffd5391bc35c5'}}, 'caller': {'address': '0xe09f22949b9670dfda37cc27f76c6ec21c1a26e0'}, 'date': {'date': '2021-08-31'}, 'block': {'height': 13132769}}, {'smartContract': {'address': {'address': '0xc14ee6c3ce85cfcd435327f88360a5884813ff48'}}, 'caller': {'address': '0xe09f22949b9670dfda37cc27f76c6ec21c1a26e0'}, 'date': {'date': '2021-08-31'}, 'block': {'height': 13132736}}, {'smartContract': {'address': {'address': '0xd526d1d84835cb6f06251b67920a4e812d7c4d1a'}}, 'caller': {'address': '0xe09f22949b9670dfda37cc27f76c6ec21c1a26e0'}, 'date': {'date': '2021-08-26'}, 'block': {'height': 13101796}}, {'smartContract': {'address': {'address': '0x07e553a9870a99632ab831953a8946ff9b2222f4'}}, 'caller': {'address': '0xe09f22949b9670dfda37cc27f76c6ec21c1a26e0'}, 'date': {'date': '2021-08-26'}, 'block': {'height': 13101794}}, {'smartContract': {'address': {'address': '0x0f51058ed96e0ce2d7eaaf52ceebecd553206665'}}, 'caller': {'address': '0xe09f22949b9670dfda37cc27f76c6ec21c1a26e0'}, 'date': {'date': '2021-08-26'}, 'block': {'height': 13101225}}, {'smartContract': {'address': {'address': '0xad4778971e3edbf229d5a3552e406ca700d77a34'}}, 'caller': {'address': '0xe09f22949b9670dfda37cc27f76c6ec21c1a26e0'}, 'date': {'date': '2021-08-26'}, 'block': {'height': 13101116}}, {'smartContract': {'address': {'address': '0x17685c5701aef58c3802d9ceb7c6a27af97c8d2c'}}, 'caller': {'address': '0xe09f22949b9670dfda37cc27f76c6ec21c1a26e0'}, 'date': {'date': '2021-08-26'}, 'block': {'height': 13101101}}, {'smartContract': {'address': {'address': '0x5f7b510198f8f2050cc6dfa4a1f61492dab57d67'}}, 'caller': {'address': '0xe09f22949b9670dfda37cc27f76c6ec21c1a26e0'}, 'date': {'date': '2021-08-26'}, 'block': {'height': 13101073}}, {'smartContract': {'address': {'address': '0xfe713793074035e05e678b2a38e888aa184656e5'}}, 'caller': {'address': '0xe09f22949b9670dfda37cc27f76c6ec21c1a26e0'}, 'date': {'date': '2021-08-26'}, 'block': {'height': 13101061}}, {'smartContract': {'address': {'address': '0xcfba8a1a28b4b3440fc43f965f61714cad9ae3af'}}, 'caller': {'address': '0xe09f22949b9670dfda37cc27f76c6ec21c1a26e0'}, 'date': {'date': '2021-08-26'}, 'block': {'height': 13101056}}, {'smartContract': {'address': {'address': '0x20d5c04e8d644abc6638a47bae09fcf017853264'}}, 'caller': {'address': '0xe09f22949b9670dfda37cc27f76c6ec21c1a26e0'}, 'date': {'date': '2021-08-26'}, 'block': {'height': 13100766}}, {'smartContract': {'address': {'address': '0x5ba658dea178ab45c99e13c2212a73c29b9418a5'}}, 'caller': {'address': '0xe09f22949b9670dfda37cc27f76c6ec21c1a26e0'}, 'date': {'date': '2021-08-26'}, 'block': {'height': 13100765}}, {'smartContract': {'address': {'address': '0x1637b1ccedb9c3f0d1c9c22a65c8a474b532a50f'}}, 'caller': {'address': '0xe09f22949b9670dfda37cc27f76c6ec21c1a26e0'}, 'date': {'date': '2021-08-26'}, 'block': {'height': 13100737}}, {'smartContract': {'address': {'address': '0x161b61ce3d00a91d183bc60d1cb53afa62156dae'}}, 'caller': {'address': '0xe09f22949b9670dfda37cc27f76c6ec21c1a26e0'}, 'date': {'date': '2021-08-26'}, 'block': {'height': 13100733}}, {'smartContract': {'address': {'address': '0x076fea47cbb2837bfba085b09bafac3a54bf8a72'}}, 'caller': {'address': '0xe09f22949b9670dfda37cc27f76c6ec21c1a26e0'}, 'date': {'date': '2021-08-26'}, 'block': {'height': 13100642}}, {'smartContract': {'address': {'address': '0x0d769c9716e0d1ce419507ac8a09393547fdee48'}}, 'caller': {'address': '0xe09f22949b9670dfda37cc27f76c6ec21c1a26e0'}, 'date': {'date': '2021-08-26'}, 'block': {'height': 13100636}}, {'smartContract': {'address': {'address': '0x7d350cf942f9892b1b9024c70d7af26b3a551207'}}, 'caller': {'address': '0xe09f22949b9670dfda37cc27f76c6ec21c1a26e0'}, 'date': {'date': '2021-08-26'}, 'block': {'height': 13099955}}, {'smartContract': {'address': {'address': '0xab6b6216b4ab610e131150cb3af295949c60863f'}}, 'caller': {'address': '0xe09f22949b9670dfda37cc27f76c6ec21c1a26e0'}, 'date': {'date': '2021-08-26'}, 'block': {'height': 13099943}}, {'smartContract': {'address': {'address': '0x5e87214ea27aac386832d051318f61950900583d'}}, 'caller': {'address': '0xe09f22949b9670dfda37cc27f76c6ec21c1a26e0'}, 'date': {'date': '2021-08-26'}, 'block': {'height': 13099890}}, {'smartContract': {'address': {'address': '0x58998974cd9770916e068e6b8c0a561ad57ec155'}}, 'caller': {'address': '0xe09f22949b9670dfda37cc27f76c6ec21c1a26e0'}, 'date': {'date': '2021-08-26'}, 'block': {'height': 13099880}}, {'smartContract': {'address': {'address': '0xea7cc765ebc94c4805e3bff28d7e4ae48d06468a'}}, 'caller': {'address': '0xe09f22949b9670dfda37cc27f76c6ec21c1a26e0'}, 'date': {'date': '2021-08-25'}, 'block': {'height': 13095555}}, {'smartContract': {'address': {'address': '0xc7187a5da592df16a0c82b5d7df932a2f22d0158'}}, 'caller': {'address': '0xe09f22949b9670dfda37cc27f76c6ec21c1a26e0'}, 'date': {'date': '2021-08-25'}, 'block': {'height': 13095256}}]",2021-08-25
252,252,0x297D33e17e61C2Ddd812389C2105193f8348188a,Strudel Finance,https://github.com/strudel-finance/,0x8db6B632D743aef641146DC943acb64957155388,389754.5447,"[{'smartContract': {'address': {'address': '0x4af6e819b7042f1d7055d5030ba001b2ea998912'}}, 'caller': {'address': '0x8db6b632d743aef641146dc943acb64957155388'}, 'date': {'date': '2021-04-01'}, 'block': {'height': 12153096}}, {'smartContract': {'address': {'address': '0x366e62ec7d48d06502bac55a11f39af29413becc'}}, 'caller': {'address': '0x3cb6fb749a1fd088e1c524cba27f25b5fdd105c8'}, 'date': {'date': '2020-11-23'}, 'block': {'height': 11316042}}, {'smartContract': {'address': {'address': '0xbdb86d8dad548056402c6ba6d2332cce7e6080d0'}}, 'caller': {'address': '0x8db6b632d743aef641146dc943acb64957155388'}, 'date': {'date': '2020-11-19'}, 'block': {'height': 11288855}}, {'smartContract': {'address': {'address': '0xef5c7f2058db2ccb103484e664b7df8e1f1b889c'}}, 'caller': {'address': '0x8db6b632d743aef641146dc943acb64957155388'}, 'date': {'date': '2020-11-19'}, 'block': {'height': 11288780}}, {'smartContract': {'address': {'address': '0xfa545b2429d260c9d95df9520d4c30ad650c95eb'}}, 'caller': {'address': '0x8db6b632d743aef641146dc943acb64957155388'}, 'date': {'date': '2020-11-09'}, 'block': {'height': 11224203}}, {'smartContract': {'address': {'address': '0xf82f43760aee6f418c504abd9e443e515a391ab3'}}, 'caller': {'address': '0x8db6b632d743aef641146dc943acb64957155388'}, 'date': {'date': '2020-11-09'}, 'block': {'height': 11224191}}, {'smartContract': {'address': {'address': '0x62c42ed3c43339cb6f63169d34e932ab94f397aa'}}, 'caller': {'address': '0x8db6b632d743aef641146dc943acb64957155388'}, 'date': {'date': '2020-11-06'}, 'block': {'height': 11205134}}, {'smartContract': {'address': {'address': '0x867aae7de05413d710e274bd211e3fd617c6e941'}}, 'caller': {'address': '0x8db6b632d743aef641146dc943acb64957155388'}, 'date': {'date': '2020-11-06'}, 'block': {'height': 11205130}}, {'smartContract': {'address': {'address': '0x64d506ba9ba0cc9f0326cc72f134e754df0e2aff'}}, 'caller': {'address': '0x8db6b632d743aef641146dc943acb64957155388'}, 'date': {'date': '2020-11-06'}, 'block': {'height': 11204952}}, {'smartContract': {'address': {'address': '0x8c216ed648ea68816d3a39adb4b049037d8dacdb'}}, 'caller': {'address': '0x8db6b632d743aef641146dc943acb64957155388'}, 'date': {'date': '2020-11-06'}, 'block': {'height': 11204944}}, {'smartContract': {'address': {'address': '0x42980a64562c03f827574cab007001e7a25410bf'}}, 'caller': {'address': '0x8db6b632d743aef641146dc943acb64957155388'}, 'date': {'date': '2020-11-06'}, 'block': {'height': 11204936}}, {'smartContract': {'address': {'address': '0x095241dc0c626f5376ac832e904a84ad91086083'}}, 'caller': {'address': '0x8db6b632d743aef641146dc943acb64957155388'}, 'date': {'date': '2020-10-28'}, 'block': {'height': 11144803}}, {'smartContract': {'address': {'address': '0xd3e10fa28a25117ff22053cf15085b0a9c64fd1e'}}, 'caller': {'address': '0x8db6b632d743aef641146dc943acb64957155388'}, 'date': {'date': '2020-10-20'}, 'block': {'height': 11092151}}, {'smartContract': {'address': {'address': '0xa1e04b9e0f7f6b6c014319379fa0604c44e9598a'}}, 'caller': {'address': '0x8db6b632d743aef641146dc943acb64957155388'}, 'date': {'date': '2020-10-13'}, 'block': {'height': 11047852}}, {'smartContract': {'address': {'address': '0x7596a7e07f423a722c6a252246ef56dc81a4737f'}}, 'caller': {'address': '0x8db6b632d743aef641146dc943acb64957155388'}, 'date': {'date': '2020-10-11'}, 'block': {'height': 11037164}}, {'smartContract': {'address': {'address': '0x91ae9424b706616a531831fb4a8988726b398837'}}, 'caller': {'address': '0x8db6b632d743aef641146dc943acb64957155388'}, 'date': {'date': '2020-10-11'}, 'block': {'height': 11036691}}, {'smartContract': {'address': {'address': '0xcfdcd696dde5df39f569807c6934e6ba97cebb8a'}}, 'caller': {'address': '0x5c69bee701ef814a2b6a3edd4b1652cb9cc5aa6f'}, 'date': {'date': '2020-10-09'}, 'block': {'height': 11020275}}, {'smartContract': {'address': {'address': '0xe044bc87a030d370d64a6ca4531a08a4e67444e0'}}, 'caller': {'address': '0x9424b1412450d0f8fc2255faf6046b98213b76bd'}, 'date': {'date': '2020-10-09'}, 'block': {'height': 11020200}}, {'smartContract': {'address': {'address': '0xd439932fbc03c0f646324ef09a4a0c28c0d4008b'}}, 'caller': {'address': '0x8db6b632d743aef641146dc943acb64957155388'}, 'date': {'date': '2020-10-09'}, 'block': {'height': 11020162}}, {'smartContract': {'address': {'address': '0x29b0aa11de97f6d5a3293d980990e820bda5fbab'}}, 'caller': {'address': '0x5c69bee701ef814a2b6a3edd4b1652cb9cc5aa6f'}, 'date': {'date': '2020-10-09'}, 'block': {'height': 11020061}}, {'smartContract': {'address': {'address': '0xf7d08f4f4523895d080eac4cca74a7c6e18cbe86'}}, 'caller': {'address': '0x8db6b632d743aef641146dc943acb64957155388'}, 'date': {'date': '2020-10-09'}, 'block': {'height': 11019972}}, {'smartContract': {'address': {'address': '0xe1406825186d63980fd6e2ec61888f7b91c4bae4'}}, 'caller': {'address': '0x8db6b632d743aef641146dc943acb64957155388'}, 'date': {'date': '2020-10-09'}, 'block': {'height': 11019036}}, {'smartContract': {'address': {'address': '0xff1c20e7138afa7cf33e8e68318cf1567ab8f0b2'}}, 'caller': {'address': '0x8db6b632d743aef641146dc943acb64957155388'}, 'date': {'date': '2020-10-09'}, 'block': {'height': 11019016}}, {'smartContract': {'address': {'address': '0x517b091fdb87a42c879bbb849444e76a324d53c8'}}, 'caller': {'address': '0x8db6b632d743aef641146dc943acb64957155388'}, 'date': {'date': '2020-10-09'}, 'block': {'height': 11018901}}, {'smartContract': {'address': {'address': '0xa5e24f2178987ffb4b175af018a18a3c7996c56c'}}, 'caller': {'address': '0x8db6b632d743aef641146dc943acb64957155388'}, 'date': {'date': '2020-10-09'}, 'block': {'height': 11018848}}, {'smartContract': {'address': {'address': '0x00280df4d44fdcdbc21800bc23b904acc804d1b5'}}, 'caller': {'address': '0x8db6b632d743aef641146dc943acb64957155388'}, 'date': {'date': '2020-10-09'}, 'block': {'height': 11018832}}, {'smartContract': {'address': {'address': '0xfe651f5f2ba7b64b761c5cf09592a15d70809c52'}}, 'caller': {'address': '0x8db6b632d743aef641146dc943acb64957155388'}, 'date': {'date': '2020-10-09'}, 'block': {'height': 11018805}}, {'smartContract': {'address': {'address': '0x297d33e17e61c2ddd812389c2105193f8348188a'}}, 'caller': {'address': '0x8db6b632d743aef641146dc943acb64957155388'}, 'date': {'date': '2020-10-09'}, 'block': {'height': 11018805}}, {'smartContract': {'address': {'address': '0x2ae121c3ef0b245038c30871972c0390d594d76e'}}, 'caller': {'address': '0x8db6b632d743aef641146dc943acb64957155388'}, 'date': {'date': '2020-10-09'}, 'block': {'height': 11018805}}, {'smartContract': {'address': {'address': '0x9b12044a1741223e92c1bb13c7a1c5e2fb1b8428'}}, 'caller': {'address': '0x8db6b632d743aef641146dc943acb64957155388'}, 'date': {'date': '2020-10-09'}, 'block': {'height': 11018805}}, {'smartContract': {'address': {'address': '0xeb3326f6b610d7ae3312d863f70d608c70435e9f'}}, 'caller': {'address': '0x8db6b632d743aef641146dc943acb64957155388'}, 'date': {'date': '2020-10-09'}, 'block': {'height': 11018720}}, {'smartContract': {'address': {'address': '0x0572865ce110c4e0f6204fa4d68885f821d6dabc'}}, 'caller': {'address': '0x8db6b632d743aef641146dc943acb64957155388'}, 'date': {'date': '2020-10-09'}, 'block': {'height': 11018704}}, {'smartContract': {'address': {'address': '0xb61b683cdccca879166885841004586847be793c'}}, 'caller': {'address': '0x76e2cfc1f5fa8f6a5b3fc4c8f4788f0116861f9b'}, 'date': {'date': '2020-10-09'}, 'block': {'height': 11018686}}, {'smartContract': {'address': {'address': '0x755f5406032e91523f188aeee618f121fa86db67'}}, 'caller': {'address': '0x76e2cfc1f5fa8f6a5b3fc4c8f4788f0116861f9b'}, 'date': {'date': '2020-07-13'}, 'block': {'height': 10450247}}, {'smartContract': {'address': {'address': '0xe82ef486971ce2f1797b5fc544ecb2b262623d19'}}, 'caller': {'address': '0x8db6b632d743aef641146dc943acb64957155388'}, 'date': {'date': '2020-07-06'}, 'block': {'height': 10405663}}, {'smartContract': {'address': {'address': '0xbcf3e86a795864b1e86170ab8924253eb0a3d8a5'}}, 'caller': {'address': '0x8db6b632d743aef641146dc943acb64957155388'}, 'date': {'date': '2020-04-15'}, 'block': {'height': 9878991}}]",2020-10-09
253,253,0x3449FC1Cd036255BA1EB19d65fF4BA2b8903A69a,BAC (BAC),https://github.com/Basis-Cash,0x68C3a95B35C45Db5dB67ed83c43305052FAD6e04,386390.7824,"[{'smartContract': {'address': {'address': '0xd9a904a1320b5f0a1f742a9e431ded2a55efe109'}}, 'caller': {'address': '0x68c3a95b35c45db5db67ed83c43305052fad6e04'}, 'date': {'date': '2021-05-15'}, 'block': {'height': 12437678}}, {'smartContract': {'address': {'address': '0xa90e669f1c9e60026b3c9cf2a678c34915a79405'}}, 'caller': {'address': '0x68c3a95b35c45db5db67ed83c43305052fad6e04'}, 'date': {'date': '2021-05-12'}, 'block': {'height': 12420633}}, {'smartContract': {'address': {'address': '0xa1bd0bbacd5f952a119ed12a18c87985773add62'}}, 'caller': {'address': '0x76e2cfc1f5fa8f6a5b3fc4c8f4788f0116861f9b'}, 'date': {'date': '2021-05-11'}, 'block': {'height': 12411819}}, {'smartContract': {'address': {'address': '0x81ee0eafe5538872abfd860ad331552b66e71e96'}}, 'caller': {'address': '0x68c3a95b35c45db5db67ed83c43305052fad6e04'}, 'date': {'date': '2021-05-04'}, 'block': {'height': 12368519}}, {'smartContract': {'address': {'address': '0x1fe7656fa41eea50b0ee8591fd6b405c94b432c5'}}, 'caller': {'address': '0x68c3a95b35c45db5db67ed83c43305052fad6e04'}, 'date': {'date': '2021-05-04'}, 'block': {'height': 12368166}}, {'smartContract': {'address': {'address': '0x5312ecc250028006aacaa372ab103f8e992f6bf2'}}, 'caller': {'address': '0x68c3a95b35c45db5db67ed83c43305052fad6e04'}, 'date': {'date': '2021-04-25'}, 'block': {'height': 12312311}}, {'smartContract': {'address': {'address': '0xa4210ab07f3227ebc1ef3ec04e96040178c58677'}}, 'caller': {'address': '0x68c3a95b35c45db5db67ed83c43305052fad6e04'}, 'date': {'date': '2021-04-25'}, 'block': {'height': 12312305}}, {'smartContract': {'address': {'address': '0xdebe832af2c18dc1d837dfd2eae89a87f2f51b50'}}, 'caller': {'address': '0x68c3a95b35c45db5db67ed83c43305052fad6e04'}, 'date': {'date': '2021-04-25'}, 'block': {'height': 12311940}}, {'smartContract': {'address': {'address': '0x824770ae30903255c389c5bc3e6edd71cf2fe192'}}, 'caller': {'address': '0x68c3a95b35c45db5db67ed83c43305052fad6e04'}, 'date': {'date': '2021-04-25'}, 'block': {'height': 12311904}}, {'smartContract': {'address': {'address': '0x5800fc35f004c1218b18a22940ee7e8be4816546'}}, 'caller': {'address': '0x68c3a95b35c45db5db67ed83c43305052fad6e04'}, 'date': {'date': '2021-04-25'}, 'block': {'height': 12311657}}, {'smartContract': {'address': {'address': '0xa6f889c3cedbdf6cb524813da0ee0ffaddc115a2'}}, 'caller': {'address': '0x68c3a95b35c45db5db67ed83c43305052fad6e04'}, 'date': {'date': '2021-04-25'}, 'block': {'height': 12311652}}, {'smartContract': {'address': {'address': '0x190503cfbe97d77e83dedfc550c79efd6e2e799f'}}, 'caller': {'address': '0x68c3a95b35c45db5db67ed83c43305052fad6e04'}, 'date': {'date': '2021-04-20'}, 'block': {'height': 12278632}}, {'smartContract': {'address': {'address': '0x4c48fd8ed6f6a50bf03dbdefe7d74983f447d30c'}}, 'caller': {'address': '0x68c3a95b35c45db5db67ed83c43305052fad6e04'}, 'date': {'date': '2021-04-20'}, 'block': {'height': 12278625}}, {'smartContract': {'address': {'address': '0x4d89ddee755a6200eb202112b00be988038fd5fd'}}, 'caller': {'address': '0x68c3a95b35c45db5db67ed83c43305052fad6e04'}, 'date': {'date': '2021-04-20'}, 'block': {'height': 12276540}}, {'smartContract': {'address': {'address': '0x818f83333244ba4bb72dab0b60b1901158402f2e'}}, 'caller': {'address': '0x68c3a95b35c45db5db67ed83c43305052fad6e04'}, 'date': {'date': '2021-04-15'}, 'block': {'height': 12246440}}, {'smartContract': {'address': {'address': '0x0cf4acf926a4d973e4a1775e4a82839988912828'}}, 'caller': {'address': '0x68c3a95b35c45db5db67ed83c43305052fad6e04'}, 'date': {'date': '2021-04-14'}, 'block': {'height': 12236912}}, {'smartContract': {'address': {'address': '0x66d7fa132b5550205d4d6a6645b66283e330b7bb'}}, 'caller': {'address': '0x68c3a95b35c45db5db67ed83c43305052fad6e04'}, 'date': {'date': '2021-04-14'}, 'block': {'height': 12236713}}, {'smartContract': {'address': {'address': '0x4bd3a0f66758f2f4ebe575f9dfd7874e80689f10'}}, 'caller': {'address': '0x68c3a95b35c45db5db67ed83c43305052fad6e04'}, 'date': {'date': '2021-04-14'}, 'block': {'height': 12236712}}, {'smartContract': {'address': {'address': '0x1b604349100a318e369b59a6d6c1b65a31ade677'}}, 'caller': {'address': '0x68c3a95b35c45db5db67ed83c43305052fad6e04'}, 'date': {'date': '2021-03-02'}, 'block': {'height': 11960035}}, {'smartContract': {'address': {'address': '0x7e7ae8923876955d6dcb7285c04065a1b9d6ed8c'}}, 'caller': {'address': '0x68c3a95b35c45db5db67ed83c43305052fad6e04'}, 'date': {'date': '2021-02-20'}, 'block': {'height': 11896976}}, {'smartContract': {'address': {'address': '0x01592e349258233a6f13685228060511eca00ae6'}}, 'caller': {'address': '0x68c3a95b35c45db5db67ed83c43305052fad6e04'}, 'date': {'date': '2021-02-20'}, 'block': {'height': 11896966}}, {'smartContract': {'address': {'address': '0xbbee5349f1f564b6638d6723125877cb48b86fd1'}}, 'caller': {'address': '0x68c3a95b35c45db5db67ed83c43305052fad6e04'}, 'date': {'date': '2021-02-08'}, 'block': {'height': 11818895}}, {'smartContract': {'address': {'address': '0x06589479a31f826410bbd6d43410e7ff2d8eb1b0'}}, 'caller': {'address': '0x68c3a95b35c45db5db67ed83c43305052fad6e04'}, 'date': {'date': '2021-02-08'}, 'block': {'height': 11818891}}, {'smartContract': {'address': {'address': '0xecf0dde35f6d895c065e7526348af1e79433e42a'}}, 'caller': {'address': '0x68c3a95b35c45db5db67ed83c43305052fad6e04'}, 'date': {'date': '2021-02-08'}, 'block': {'height': 11818887}}, {'smartContract': {'address': {'address': '0x0440ae12f329dbd7306b6d9edbb0e667c225c87c'}}, 'caller': {'address': '0x68c3a95b35c45db5db67ed83c43305052fad6e04'}, 'date': {'date': '2021-02-08'}, 'block': {'height': 11818884}}, {'smartContract': {'address': {'address': '0x2e3d21e2730b4e5d5ee7214d4723ea96d041510c'}}, 'caller': {'address': '0x68c3a95b35c45db5db67ed83c43305052fad6e04'}, 'date': {'date': '2021-02-08'}, 'block': {'height': 11818858}}, {'smartContract': {'address': {'address': '0x5859adb05988946b9d08dce2e12ae29af58120c0'}}, 'caller': {'address': '0x68c3a95b35c45db5db67ed83c43305052fad6e04'}, 'date': {'date': '2021-02-08'}, 'block': {'height': 11818854}}, {'smartContract': {'address': {'address': '0x3855c26d0621ceb21b5aaba0b8fe4ad76d658f7d'}}, 'caller': {'address': '0x68c3a95b35c45db5db67ed83c43305052fad6e04'}, 'date': {'date': '2021-02-08'}, 'block': {'height': 11818852}}, {'smartContract': {'address': {'address': '0x106538cc16f938776c7c180186975bca23875287'}}, 'caller': {'address': '0x68c3a95b35c45db5db67ed83c43305052fad6e04'}, 'date': {'date': '2021-02-08'}, 'block': {'height': 11818848}}, {'smartContract': {'address': {'address': '0x7715a2ca2c9ae2c6cde525f9588eded073df3430'}}, 'caller': {'address': '0x68c3a95b35c45db5db67ed83c43305052fad6e04'}, 'date': {'date': '2021-01-21'}, 'block': {'height': 11700737}}, {'smartContract': {'address': {'address': '0xf8aceaae0dfb5d917086e052ef257e9da9d72dea'}}, 'caller': {'address': '0x68c3a95b35c45db5db67ed83c43305052fad6e04'}, 'date': {'date': '2021-01-14'}, 'block': {'height': 11654565}}, {'smartContract': {'address': {'address': '0x0f5ecb70896fd26e595e81dac3d881fbf8e0f7b3'}}, 'caller': {'address': '0x68c3a95b35c45db5db67ed83c43305052fad6e04'}, 'date': {'date': '2021-01-14'}, 'block': {'height': 11654423}}, {'smartContract': {'address': {'address': '0x02957ae53173f58dc9989c4a09853f9528c877f5'}}, 'caller': {'address': '0x68c3a95b35c45db5db67ed83c43305052fad6e04'}, 'date': {'date': '2021-01-10'}, 'block': {'height': 11629592}}, {'smartContract': {'address': {'address': '0x6a86184349aab530a0cb3e978f3f812e3030ff44'}}, 'caller': {'address': '0x68c3a95b35c45db5db67ed83c43305052fad6e04'}, 'date': {'date': '2021-01-10'}, 'block': {'height': 11629588}}, {'smartContract': {'address': {'address': '0xa89572456486936bbdf3919384689397fe8e2e22'}}, 'caller': {'address': '0x68c3a95b35c45db5db67ed83c43305052fad6e04'}, 'date': {'date': '2021-01-10'}, 'block': {'height': 11629456}}, {'smartContract': {'address': {'address': '0xa728721394084ea78f10cebb192323f50407f7f3'}}, 'caller': {'address': '0x68c3a95b35c45db5db67ed83c43305052fad6e04'}, 'date': {'date': '2021-01-10'}, 'block': {'height': 11629455}}, {'smartContract': {'address': {'address': '0xcdbae6de88c7525369d6826ae1cdcab415120b11'}}, 'caller': {'address': '0x68c3a95b35c45db5db67ed83c43305052fad6e04'}, 'date': {'date': '2021-01-10'}, 'block': {'height': 11629453}}, {'smartContract': {'address': {'address': '0x1b3868247dfbc155fa59b30ec03e63b10a8ff7ed'}}, 'caller': {'address': '0x68c3a95b35c45db5db67ed83c43305052fad6e04'}, 'date': {'date': '2021-01-10'}, 'block': {'height': 11629450}}, {'smartContract': {'address': {'address': '0xe4efd87ad34360932e5325d77a0a6e39147debfa'}}, 'caller': {'address': '0x68c3a95b35c45db5db67ed83c43305052fad6e04'}, 'date': {'date': '2021-01-10'}, 'block': {'height': 11629449}}, {'smartContract': {'address': {'address': '0x67a883d6f84a2d307d8f587b638e2f172ef2117a'}}, 'caller': {'address': '0x68c3a95b35c45db5db67ed83c43305052fad6e04'}, 'date': {'date': '2020-12-19'}, 'block': {'height': 11486716}}, {'smartContract': {'address': {'address': '0x121baee143b1859113978798fdc5d904571078bd'}}, 'caller': {'address': '0x68c3a95b35c45db5db67ed83c43305052fad6e04'}, 'date': {'date': '2020-12-19'}, 'block': {'height': 11486676}}, {'smartContract': {'address': {'address': '0xe5fc22db659b09a476622bea3a612c9252b27884'}}, 'caller': {'address': '0x68c3a95b35c45db5db67ed83c43305052fad6e04'}, 'date': {'date': '2020-12-17'}, 'block': {'height': 11473287}}, {'smartContract': {'address': {'address': '0x3e233a85535d32de0fdea8510d460c0aef7fdfec'}}, 'caller': {'address': '0x68c3a95b35c45db5db67ed83c43305052fad6e04'}, 'date': {'date': '2020-12-17'}, 'block': {'height': 11473286}}, {'smartContract': {'address': {'address': '0x7b075b3aa2f1143775101986b52e32da9d98fe22'}}, 'caller': {'address': '0x68c3a95b35c45db5db67ed83c43305052fad6e04'}, 'date': {'date': '2020-12-17'}, 'block': {'height': 11473285}}, {'smartContract': {'address': {'address': '0x6bddf10f9956dcda89998c2e673f74a09deb729b'}}, 'caller': {'address': '0x68c3a95b35c45db5db67ed83c43305052fad6e04'}, 'date': {'date': '2020-12-17'}, 'block': {'height': 11472120}}, {'smartContract': {'address': {'address': '0x1ada8390cee4a088dacbedbc7c92a38cab2e401f'}}, 'caller': {'address': '0x68c3a95b35c45db5db67ed83c43305052fad6e04'}, 'date': {'date': '2020-12-11'}, 'block': {'height': 11433568}}, {'smartContract': {'address': {'address': '0x4e153d084c28f20411d6ea01f7a18e0ec45e19d3'}}, 'caller': {'address': '0x68c3a95b35c45db5db67ed83c43305052fad6e04'}, 'date': {'date': '2020-12-09'}, 'block': {'height': 11419415}}, {'smartContract': {'address': {'address': '0x4b182469337d46e6603ed7e26ba60c56930a342c'}}, 'caller': {'address': '0x68c3a95b35c45db5db67ed83c43305052fad6e04'}, 'date': {'date': '2020-12-09'}, 'block': {'height': 11419414}}, {'smartContract': {'address': {'address': '0xcd2dfee6e7336d967ea8ac25c7146a36bd8d1fba'}}, 'caller': {'address': '0x68c3a95b35c45db5db67ed83c43305052fad6e04'}, 'date': {'date': '2020-12-08'}, 'block': {'height': 11414881}}, {'smartContract': {'address': {'address': '0x27c20f0b0ad78805084eeb8407291326e996fd4f'}}, 'caller': {'address': '0x68c3a95b35c45db5db67ed83c43305052fad6e04'}, 'date': {'date': '2020-12-08'}, 'block': {'height': 11414880}}, {'smartContract': {'address': {'address': '0x8a573cb5234657c8bf054da2ebe63b66fb1f9502'}}, 'caller': {'address': '0x68c3a95b35c45db5db67ed83c43305052fad6e04'}, 'date': {'date': '2020-12-08'}, 'block': {'height': 11414879}}, {'smartContract': {'address': {'address': '0xaf7005aaafab89b34caad7d71b94d7391024ebe2'}}, 'caller': {'address': '0x68c3a95b35c45db5db67ed83c43305052fad6e04'}, 'date': {'date': '2020-12-06'}, 'block': {'height': 11402267}}, {'smartContract': {'address': {'address': '0xa01ffb759c94539e1c89a6fffafc409eab154a65'}}, 'caller': {'address': '0x68c3a95b35c45db5db67ed83c43305052fad6e04'}, 'date': {'date': '2020-12-06'}, 'block': {'height': 11402266}}, {'smartContract': {'address': {'address': '0x9dcea4ab7fc6233b9b93720f29cd7920a2d3c216'}}, 'caller': {'address': '0x68c3a95b35c45db5db67ed83c43305052fad6e04'}, 'date': {'date': '2020-12-04'}, 'block': {'height': 11387043}}, {'smartContract': {'address': {'address': '0x7769680bf1002c98a20e21fcd694bfb9e383516c'}}, 'caller': {'address': '0x68c3a95b35c45db5db67ed83c43305052fad6e04'}, 'date': {'date': '2020-12-04'}, 'block': {'height': 11387036}}, {'smartContract': {'address': {'address': '0xf43775b508b7c3c1624e95fd874630876728fb93'}}, 'caller': {'address': '0x68c3a95b35c45db5db67ed83c43305052fad6e04'}, 'date': {'date': '2020-12-03'}, 'block': {'height': 11380381}}, {'smartContract': {'address': {'address': '0xb435930fa4da72328e867b67e4fbb64e7d45efd4'}}, 'caller': {'address': '0x68c3a95b35c45db5db67ed83c43305052fad6e04'}, 'date': {'date': '2020-12-03'}, 'block': {'height': 11380377}}, {'smartContract': {'address': {'address': '0x45d9a3012e0f15994ec11110d0e47e5bb6cc145b'}}, 'caller': {'address': '0x68c3a95b35c45db5db67ed83c43305052fad6e04'}, 'date': {'date': '2020-12-03'}, 'block': {'height': 11380355}}, {'smartContract': {'address': {'address': '0xd98bc19ffc98e9009146524c8bd835f1bc5d0e6a'}}, 'caller': {'address': '0x68c3a95b35c45db5db67ed83c43305052fad6e04'}, 'date': {'date': '2020-11-29'}, 'block': {'height': 11355577}}, {'smartContract': {'address': {'address': '0x6ed2d6468af9d86648ff81941801c192b171c79a'}}, 'caller': {'address': '0x68c3a95b35c45db5db67ed83c43305052fad6e04'}, 'date': {'date': '2020-11-29'}, 'block': {'height': 11355569}}, {'smartContract': {'address': {'address': '0x3c53230875877321023f757c33d2faf71de2f4bb'}}, 'caller': {'address': '0x68c3a95b35c45db5db67ed83c43305052fad6e04'}, 'date': {'date': '2020-11-29'}, 'block': {'height': 11355536}}, {'smartContract': {'address': {'address': '0x666c2a4625ef5f8cf66a24fbff9f22437754c0cd'}}, 'caller': {'address': '0x68c3a95b35c45db5db67ed83c43305052fad6e04'}, 'date': {'date': '2020-11-29'}, 'block': {'height': 11355491}}, {'smartContract': {'address': {'address': '0x9569d4cd7ac5b010da5697e952efb1ec0efb0d0a'}}, 'caller': {'address': '0x68c3a95b35c45db5db67ed83c43305052fad6e04'}, 'date': {'date': '2020-11-29'}, 'block': {'height': 11355478}}, {'smartContract': {'address': {'address': '0x067d4d3ce63450e74f880f86b5b52ea3edf9db0f'}}, 'caller': {'address': '0x68c3a95b35c45db5db67ed83c43305052fad6e04'}, 'date': {'date': '2020-11-29'}, 'block': {'height': 11355475}}, {'smartContract': {'address': {'address': '0xc462d8ee54953e7d7bf276612b75387ea114c3bf'}}, 'caller': {'address': '0x68c3a95b35c45db5db67ed83c43305052fad6e04'}, 'date': {'date': '2020-11-29'}, 'block': {'height': 11355465}}, {'smartContract': {'address': {'address': '0x2833bdc5b31269d356bdf92d0fd8f3674e877e44'}}, 'caller': {'address': '0x68c3a95b35c45db5db67ed83c43305052fad6e04'}, 'date': {'date': '2020-11-29'}, 'block': {'height': 11355461}}, {'smartContract': {'address': {'address': '0x51882184b7f9beed6db9c617846140da1d429fd4'}}, 'caller': {'address': '0x68c3a95b35c45db5db67ed83c43305052fad6e04'}, 'date': {'date': '2020-11-29'}, 'block': {'height': 11355460}}, {'smartContract': {'address': {'address': '0xdc42a21e38c3b8028b01a6b00d8dbc648f93305c'}}, 'caller': {'address': '0x68c3a95b35c45db5db67ed83c43305052fad6e04'}, 'date': {'date': '2020-11-29'}, 'block': {'height': 11355459}}, {'smartContract': {'address': {'address': '0xebd12620e29dc6c452db7b96e1f190f3ee02bde8'}}, 'caller': {'address': '0x68c3a95b35c45db5db67ed83c43305052fad6e04'}, 'date': {'date': '2020-11-29'}, 'block': {'height': 11355457}}, {'smartContract': {'address': {'address': '0x88da5151ab20387626520c8af8e29e3fc64ee747'}}, 'caller': {'address': '0x68c3a95b35c45db5db67ed83c43305052fad6e04'}, 'date': {'date': '2020-11-29'}, 'block': {'height': 11355406}}, {'smartContract': {'address': {'address': '0x751d0ef5686a8a2a2bdeefec787c2abc27bf75ca'}}, 'caller': {'address': '0x68c3a95b35c45db5db67ed83c43305052fad6e04'}, 'date': {'date': '2020-11-29'}, 'block': {'height': 11355405}}, {'smartContract': {'address': {'address': '0xffd035a605b20e8461b00018adc5413c4e5d6118'}}, 'caller': {'address': '0x68c3a95b35c45db5db67ed83c43305052fad6e04'}, 'date': {'date': '2020-11-29'}, 'block': {'height': 11355404}}, {'smartContract': {'address': {'address': '0x0379da7a5895d13037b6937b109fa8607a659adf'}}, 'caller': {'address': '0x5c69bee701ef814a2b6a3edd4b1652cb9cc5aa6f'}, 'date': {'date': '2020-11-29'}, 'block': {'height': 11355401}}, {'smartContract': {'address': {'address': '0xd4405f0704621dbe9d4dea60e128e0c3b26bddbd'}}, 'caller': {'address': '0x5c69bee701ef814a2b6a3edd4b1652cb9cc5aa6f'}, 'date': {'date': '2020-11-29'}, 'block': {'height': 11355401}}, {'smartContract': {'address': {'address': '0xa7ed29b253d8b4e3109ce07c80fc570f81b63696'}}, 'caller': {'address': '0x68c3a95b35c45db5db67ed83c43305052fad6e04'}, 'date': {'date': '2020-11-29'}, 'block': {'height': 11355392}}, {'smartContract': {'address': {'address': '0xc36824905dff2eaaee7ecc09fcc63abc0af5abc5'}}, 'caller': {'address': '0x68c3a95b35c45db5db67ed83c43305052fad6e04'}, 'date': {'date': '2020-11-29'}, 'block': {'height': 11355390}}, {'smartContract': {'address': {'address': '0x3449fc1cd036255ba1eb19d65ff4ba2b8903a69a'}}, 'caller': {'address': '0x68c3a95b35c45db5db67ed83c43305052fad6e04'}, 'date': {'date': '2020-11-29'}, 'block': {'height': 11355386}}, {'smartContract': {'address': {'address': '0xe146dc148c95985c035a8d06da450fa065f3cf36'}}, 'caller': {'address': '0x68c3a95b35c45db5db67ed83c43305052fad6e04'}, 'date': {'date': '2020-11-29'}, 'block': {'height': 11355382}}]",2020-11-29
254,254,0xbc16da9df0A22f01A16BC0620a27e7D6d6488550,Percent,,0x4fB94CB25918Cbe62EC2ab80E3569492af59B8c3,380976.3388,"[{'smartContract': {'address': {'address': '0x894cc200ddc79292c1bbc673706903f83ff9d787'}}, 'caller': {'address': '0x4fb94cb25918cbe62ec2ab80e3569492af59b8c3'}, 'date': {'date': '2020-10-21'}, 'block': {'height': 11099323}}, {'smartContract': {'address': {'address': '0x1136568622c6fb3b768385c98167b2a0b27658ab'}}, 'caller': {'address': '0x4fb94cb25918cbe62ec2ab80e3569492af59b8c3'}, 'date': {'date': '2020-10-17'}, 'block': {'height': 11072208}}, {'smartContract': {'address': {'address': '0x290052f9074d64f06d4740f42c48168151bfb938'}}, 'caller': {'address': '0x4fb94cb25918cbe62ec2ab80e3569492af59b8c3'}, 'date': {'date': '2020-10-17'}, 'block': {'height': 11072207}}, {'smartContract': {'address': {'address': '0x846630c585e6f0ff6a63c1a0f90b0f61e8327da1'}}, 'caller': {'address': '0x4fb94cb25918cbe62ec2ab80e3569492af59b8c3'}, 'date': {'date': '2020-10-17'}, 'block': {'height': 11072205}}, {'smartContract': {'address': {'address': '0xc98182014c90baa26a21e991bfec95f72bd89aed'}}, 'caller': {'address': '0x4fb94cb25918cbe62ec2ab80e3569492af59b8c3'}, 'date': {'date': '2020-10-17'}, 'block': {'height': 11072205}}, {'smartContract': {'address': {'address': '0x5fc072417bb7d250831e00fd718de4e8a0146e82'}}, 'caller': {'address': '0x4fb94cb25918cbe62ec2ab80e3569492af59b8c3'}, 'date': {'date': '2020-10-17'}, 'block': {'height': 11072205}}, {'smartContract': {'address': {'address': '0x3871751b7e472e3fbb107316a77c3f43ee1b8236'}}, 'caller': {'address': '0x4fb94cb25918cbe62ec2ab80e3569492af59b8c3'}, 'date': {'date': '2020-10-17'}, 'block': {'height': 11072198}}, {'smartContract': {'address': {'address': '0x3fe0359a4dcbe9c943bbc22bac0ec5565620e30c'}}, 'caller': {'address': '0x4fb94cb25918cbe62ec2ab80e3569492af59b8c3'}, 'date': {'date': '2020-10-17'}, 'block': {'height': 11071891}}, {'smartContract': {'address': {'address': '0x0ce8f4e28b175eeec37ba7e28560852b61f72971'}}, 'caller': {'address': '0x9424b1412450d0f8fc2255faf6046b98213b76bd'}, 'date': {'date': '2020-10-15'}, 'block': {'height': 11060208}}, {'smartContract': {'address': {'address': '0xc34c24ac7117354b484d9dcde2f8789249d008d6'}}, 'caller': {'address': '0x76e2cfc1f5fa8f6a5b3fc4c8f4788f0116861f9b'}, 'date': {'date': '2020-10-13'}, 'block': {'height': 11046916}}, {'smartContract': {'address': {'address': '0x4128fe23ef23194e00405603c937b19d3e30482c'}}, 'caller': {'address': '0x4fb94cb25918cbe62ec2ab80e3569492af59b8c3'}, 'date': {'date': '2020-10-09'}, 'block': {'height': 11018924}}, {'smartContract': {'address': {'address': '0xfc4eddc8fe674b239e15838821851bce418f309f'}}, 'caller': {'address': '0x76e2cfc1f5fa8f6a5b3fc4c8f4788f0116861f9b'}, 'date': {'date': '2020-10-07'}, 'block': {'height': 11007271}}, {'smartContract': {'address': {'address': '0xa446d7789f2c1daee6b9377add622a8dfe3c95ba'}}, 'caller': {'address': '0x4fb94cb25918cbe62ec2ab80e3569492af59b8c3'}, 'date': {'date': '2020-10-01'}, 'block': {'height': 10967301}}, {'smartContract': {'address': {'address': '0xc2386a5fc2edd7a36236fe352cbe266252f03292'}}, 'caller': {'address': '0x4fb94cb25918cbe62ec2ab80e3569492af59b8c3'}, 'date': {'date': '2020-09-30'}, 'block': {'height': 10961110}}, {'smartContract': {'address': {'address': '0x2404987433ff32e32c5b0f8fb77a74a5bca44acb'}}, 'caller': {'address': '0x4fb94cb25918cbe62ec2ab80e3569492af59b8c3'}, 'date': {'date': '2020-09-27'}, 'block': {'height': 10946582}}, {'smartContract': {'address': {'address': '0x1890f366b08ebd23320758b741b5aa1359ef6f22'}}, 'caller': {'address': '0x4fb94cb25918cbe62ec2ab80e3569492af59b8c3'}, 'date': {'date': '2020-09-27'}, 'block': {'height': 10946574}}, {'smartContract': {'address': {'address': '0xe2a41a9f32fbf1fde95ba2b40a24dc7384c41fd4'}}, 'caller': {'address': '0x4fb94cb25918cbe62ec2ab80e3569492af59b8c3'}, 'date': {'date': '2020-09-27'}, 'block': {'height': 10946574}}, {'smartContract': {'address': {'address': '0xc62edc15021d1dc411ca07b3e48ea7c57bb3b682'}}, 'caller': {'address': '0x4fb94cb25918cbe62ec2ab80e3569492af59b8c3'}, 'date': {'date': '2020-09-27'}, 'block': {'height': 10946574}}, {'smartContract': {'address': {'address': '0x3f7c656c0c3f547cb18d7a15318e98ae44ed8cbc'}}, 'caller': {'address': '0x4fb94cb25918cbe62ec2ab80e3569492af59b8c3'}, 'date': {'date': '2020-09-26'}, 'block': {'height': 10941179}}, {'smartContract': {'address': {'address': '0xfb770c8822761790a5f41867654911c2a6261300'}}, 'caller': {'address': '0x4fb94cb25918cbe62ec2ab80e3569492af59b8c3'}, 'date': {'date': '2020-09-26'}, 'block': {'height': 10941177}}, {'smartContract': {'address': {'address': '0xa5aea6ca2c82a058f4c495b5fb46be4b045cca95'}}, 'caller': {'address': '0x4fb94cb25918cbe62ec2ab80e3569492af59b8c3'}, 'date': {'date': '2020-09-25'}, 'block': {'height': 10931510}}, {'smartContract': {'address': {'address': '0x0f69f08f872f366ad8edde03dae8812619a17536'}}, 'caller': {'address': '0x4fb94cb25918cbe62ec2ab80e3569492af59b8c3'}, 'date': {'date': '2020-09-23'}, 'block': {'height': 10918369}}, {'smartContract': {'address': {'address': '0x7b4a7fd41c688a7cb116534e341e44126ef5a0fd'}}, 'caller': {'address': '0x4fb94cb25918cbe62ec2ab80e3569492af59b8c3'}, 'date': {'date': '2020-09-23'}, 'block': {'height': 10916984}}, {'smartContract': {'address': {'address': '0x395cb0c7bf2808a11200a9018c98b2839f45c6f9'}}, 'caller': {'address': '0x4fb94cb25918cbe62ec2ab80e3569492af59b8c3'}, 'date': {'date': '2020-09-22'}, 'block': {'height': 10914695}}, {'smartContract': {'address': {'address': '0xf47dd16553a934064509c40dc5466bbfb999528b'}}, 'caller': {'address': '0x4fb94cb25918cbe62ec2ab80e3569492af59b8c3'}, 'date': {'date': '2020-09-22'}, 'block': {'height': 10914653}}, {'smartContract': {'address': {'address': '0x21a6297114853aef193c83fc0271def69ea1b93d'}}, 'caller': {'address': '0x4fb94cb25918cbe62ec2ab80e3569492af59b8c3'}, 'date': {'date': '2020-09-22'}, 'block': {'height': 10914653}}, {'smartContract': {'address': {'address': '0xf67a18404d15d83f5b77c3c522a7aa208f1127be'}}, 'caller': {'address': '0x4fb94cb25918cbe62ec2ab80e3569492af59b8c3'}, 'date': {'date': '2020-09-22'}, 'block': {'height': 10911587}}, {'smartContract': {'address': {'address': '0x23b53026187626ed8488e119767acb2fe5f8de4e'}}, 'caller': {'address': '0x4fb94cb25918cbe62ec2ab80e3569492af59b8c3'}, 'date': {'date': '2020-09-16'}, 'block': {'height': 10870673}}, {'smartContract': {'address': {'address': '0xeb85b2e12320a123d447ca0da26b49e666b799db'}}, 'caller': {'address': '0x9424b1412450d0f8fc2255faf6046b98213b76bd'}, 'date': {'date': '2020-09-16'}, 'block': {'height': 10870634}}, {'smartContract': {'address': {'address': '0x0620e93917befa4a0b88e2d021f14a82f3c0d4d2'}}, 'caller': {'address': '0xa26e15c895efc0616177b7c1e7270a4c7d51c997'}, 'date': {'date': '2020-09-16'}, 'block': {'height': 10870505}}, {'smartContract': {'address': {'address': '0xf49a20407b92332704b5fe4942c95d7d134b843b'}}, 'caller': {'address': '0x4fb94cb25918cbe62ec2ab80e3569492af59b8c3'}, 'date': {'date': '2020-09-16'}, 'block': {'height': 10870463}}, {'smartContract': {'address': {'address': '0x8124502fb129eb1b0052725cfd126e8eb0975ab1'}}, 'caller': {'address': '0x4fb94cb25918cbe62ec2ab80e3569492af59b8c3'}, 'date': {'date': '2020-09-16'}, 'block': {'height': 10870438}}, {'smartContract': {'address': {'address': '0x5859d111210dd9fe6f11502b65c1bf26a46018d2'}}, 'caller': {'address': '0x4fb94cb25918cbe62ec2ab80e3569492af59b8c3'}, 'date': {'date': '2020-09-16'}, 'block': {'height': 10870419}}, {'smartContract': {'address': {'address': '0xa40d04a73d6e00049d8a72623ef8b75879059f70'}}, 'caller': {'address': '0x4fb94cb25918cbe62ec2ab80e3569492af59b8c3'}, 'date': {'date': '2020-09-15'}, 'block': {'height': 10867735}}, {'smartContract': {'address': {'address': '0x0190bf688ff57b935e99487aacebaccf450c5d4f'}}, 'caller': {'address': '0x4fb94cb25918cbe62ec2ab80e3569492af59b8c3'}, 'date': {'date': '2020-09-15'}, 'block': {'height': 10867735}}, {'smartContract': {'address': {'address': '0xed41f2b444d72648647d6f5a124ad15574963706'}}, 'caller': {'address': '0x4fb94cb25918cbe62ec2ab80e3569492af59b8c3'}, 'date': {'date': '2020-09-15'}, 'block': {'height': 10867735}}, {'smartContract': {'address': {'address': '0xfae0adb2d30e2a63730ac927e4e15e96d69b4add'}}, 'caller': {'address': '0x4fb94cb25918cbe62ec2ab80e3569492af59b8c3'}, 'date': {'date': '2020-09-15'}, 'block': {'height': 10866437}}, {'smartContract': {'address': {'address': '0xbc16da9df0a22f01a16bc0620a27e7d6d6488550'}}, 'caller': {'address': '0x4fb94cb25918cbe62ec2ab80e3569492af59b8c3'}, 'date': {'date': '2020-09-15'}, 'block': {'height': 10863364}}, {'smartContract': {'address': {'address': '0x79faee4b277d07ce23e2387ef67ef45acc62f156'}}, 'caller': {'address': '0x4fb94cb25918cbe62ec2ab80e3569492af59b8c3'}, 'date': {'date': '2020-09-15'}, 'block': {'height': 10863364}}]",2020-09-15
255,255,0x7777777777697cFEECF846A76326dA79CC606517,xSigma (SIG),,0x2a7D2665955C1CDB7f41AeA9c3f4CCe74b835b0A,354859.5866,"[{'smartContract': {'address': {'address': '0x23b7e6932cb873b8696afba077c4a2486b1c862e'}}, 'caller': {'address': '0x5c69bee701ef814a2b6a3edd4b1652cb9cc5aa6f'}, 'date': {'date': '2021-02-24'}, 'block': {'height': 11919680}}, {'smartContract': {'address': {'address': '0x7777777777697cfeecf846a76326da79cc606517'}}, 'caller': {'address': '0x2a7d2665955c1cdb7f41aea9c3f4cce74b835b0a'}, 'date': {'date': '2021-02-24'}, 'block': {'height': 11919625}}]",2021-02-24
256,256,0x2A54bA2964C8Cd459Dc568853F79813a60761B58,(Proxy contract) USDI Token,https://github.com/gfx-labs/ip-contracts/,0x958892b4a0512b28AaAC890FC938868BBD42f064,354066.1458,"[{'smartContract': {'address': {'address': '0xbb453600821d086d84e1522f31b298ca97dd9af9'}}, 'caller': {'address': '0xae49ddca05fe891c6a5492ed52d739ec1328cbe2'}, 'date': {'date': '2022-11-08'}, 'block': {'height': 15923314}}, {'smartContract': {'address': {'address': '0xfb42f5afb722d2b01548f77c31ac05bf80e03381'}}, 'caller': {'address': '0x958892b4a0512b28aaac890fc938868bbd42f064'}, 'date': {'date': '2022-09-13'}, 'block': {'height': 15528869}}, {'smartContract': {'address': {'address': '0x0f0767402a2d4399f2649c885ed3bf47099b461b'}}, 'caller': {'address': '0x958892b4a0512b28aaac890fc938868bbd42f064'}, 'date': {'date': '2022-09-13'}, 'block': {'height': 15528653}}, {'smartContract': {'address': {'address': '0x6db54416cbb28c6a78f606947df53e83dd69eb70'}}, 'caller': {'address': '0x958892b4a0512b28aaac890fc938868bbd42f064'}, 'date': {'date': '2022-09-13'}, 'block': {'height': 15528453}}, {'smartContract': {'address': {'address': '0x195fc62c513e5163e24cf47ad626bc630c3b3a5d'}}, 'caller': {'address': '0x958892b4a0512b28aaac890fc938868bbd42f064'}, 'date': {'date': '2022-09-13'}, 'block': {'height': 15528452}}, {'smartContract': {'address': {'address': '0x81f66181ab16faa6f24fac2593fda31bc19ffffa'}}, 'caller': {'address': '0x958892b4a0512b28aaac890fc938868bbd42f064'}, 'date': {'date': '2022-09-13'}, 'block': {'height': 15528136}}, {'smartContract': {'address': {'address': '0x16ac44b1e161c735d7e372169d3573d920a23906'}}, 'caller': {'address': '0x958892b4a0512b28aaac890fc938868bbd42f064'}, 'date': {'date': '2022-08-29'}, 'block': {'height': 15435035}}, {'smartContract': {'address': {'address': '0x285b942297191a7d988ddfe430e6a0945943da08'}}, 'caller': {'address': '0x958892b4a0512b28aaac890fc938868bbd42f064'}, 'date': {'date': '2022-08-22'}, 'block': {'height': 15393059}}, {'smartContract': {'address': {'address': '0x91a1fb8eeaeb0e05629719938b03ee3c32348cf7'}}, 'caller': {'address': '0x958892b4a0512b28aaac890fc938868bbd42f064'}, 'date': {'date': '2022-08-17'}, 'block': {'height': 15360905}}, {'smartContract': {'address': {'address': '0xda0ec83cb108a9aaf660654a81f380d541e16bef'}}, 'caller': {'address': '0x958892b4a0512b28aaac890fc938868bbd42f064'}, 'date': {'date': '2022-08-17'}, 'block': {'height': 15360893}}, {'smartContract': {'address': {'address': '0x5757fcbb8367917ffbd1cacd2dd5a9fa0f204a70'}}, 'caller': {'address': '0x958892b4a0512b28aaac890fc938868bbd42f064'}, 'date': {'date': '2022-08-17'}, 'block': {'height': 15360881}}, {'smartContract': {'address': {'address': '0x8bfe7ae486250dbf2901843cc73b91843c2879de'}}, 'caller': {'address': '0x958892b4a0512b28aaac890fc938868bbd42f064'}, 'date': {'date': '2022-08-14'}, 'block': {'height': 15337226}}, {'smartContract': {'address': {'address': '0xfe1cb3221f13a9c2aa67d29a2b7198e59de2f3b2'}}, 'caller': {'address': '0x958892b4a0512b28aaac890fc938868bbd42f064'}, 'date': {'date': '2022-08-14'}, 'block': {'height': 15337181}}, {'smartContract': {'address': {'address': '0xfc6b554818466a53806bb7eb319621d97b851d94'}}, 'caller': {'address': '0x958892b4a0512b28aaac890fc938868bbd42f064'}, 'date': {'date': '2022-08-14'}, 'block': {'height': 15337126}}, {'smartContract': {'address': {'address': '0x5ac39ed42e14cf330a864d7d1b82690b4d1b9e61'}}, 'caller': {'address': '0x958892b4a0512b28aaac890fc938868bbd42f064'}, 'date': {'date': '2022-08-14'}, 'block': {'height': 15337125}}, {'smartContract': {'address': {'address': '0xf6dcb35f91f740236803635eeca5825cb537e7c0'}}, 'caller': {'address': '0x958892b4a0512b28aaac890fc938868bbd42f064'}, 'date': {'date': '2022-08-14'}, 'block': {'height': 15337122}}, {'smartContract': {'address': {'address': '0x0451f2d1d1b651dec8bfaa814e9aefdb6f6dfca7'}}, 'caller': {'address': '0x958892b4a0512b28aaac890fc938868bbd42f064'}, 'date': {'date': '2022-08-14'}, 'block': {'height': 15336939}}, {'smartContract': {'address': {'address': '0x361093a2221afe4619e4124b22d6f2146d8109aa'}}, 'caller': {'address': '0x958892b4a0512b28aaac890fc938868bbd42f064'}, 'date': {'date': '2022-08-14'}, 'block': {'height': 15336939}}, {'smartContract': {'address': {'address': '0xc12bdf37a43f693949f4a3dafddb604a069ec21b'}}, 'caller': {'address': '0x958892b4a0512b28aaac890fc938868bbd42f064'}, 'date': {'date': '2022-08-14'}, 'block': {'height': 15336939}}, {'smartContract': {'address': {'address': '0xfbd3060fe1ed10c34e236cee837d82f019cf1d1d'}}, 'caller': {'address': '0x958892b4a0512b28aaac890fc938868bbd42f064'}, 'date': {'date': '2022-08-12'}, 'block': {'height': 15328838}}, {'smartContract': {'address': {'address': '0xd80a8f7e3ba76afacbfa66e01bdf3c9776a6aa5a'}}, 'caller': {'address': '0xae49ddca05fe891c6a5492ed52d739ec1328cbe2'}, 'date': {'date': '2022-08-09'}, 'block': {'height': 15310775}}, {'smartContract': {'address': {'address': '0x42b4d79ae23165541f24c4cd52494fe8516b3c80'}}, 'caller': {'address': '0x958892b4a0512b28aaac890fc938868bbd42f064'}, 'date': {'date': '2022-08-09'}, 'block': {'height': 15310769}}, {'smartContract': {'address': {'address': '0x6ebf5bb031ac1edf004b51ea8cbad2c5a2779cf2'}}, 'caller': {'address': '0x958892b4a0512b28aaac890fc938868bbd42f064'}, 'date': {'date': '2022-08-09'}, 'block': {'height': 15310768}}, {'smartContract': {'address': {'address': '0xae49ddca05fe891c6a5492ed52d739ec1328cbe2'}}, 'caller': {'address': '0x958892b4a0512b28aaac890fc938868bbd42f064'}, 'date': {'date': '2022-08-09'}, 'block': {'height': 15310724}}, {'smartContract': {'address': {'address': '0xb800ca12a3e37c381e92daa0a2910d70a267da6e'}}, 'caller': {'address': '0x958892b4a0512b28aaac890fc938868bbd42f064'}, 'date': {'date': '2022-08-09'}, 'block': {'height': 15310722}}, {'smartContract': {'address': {'address': '0xee0b467eab118171d19667fb963f1ec229feeade'}}, 'caller': {'address': '0x958892b4a0512b28aaac890fc938868bbd42f064'}, 'date': {'date': '2022-08-09'}, 'block': {'height': 15310699}}, {'smartContract': {'address': {'address': '0xb5afbb38f00487f2d792b2a18765db9a3019dedf'}}, 'caller': {'address': '0x958892b4a0512b28aaac890fc938868bbd42f064'}, 'date': {'date': '2022-08-03'}, 'block': {'height': 15270093}}, {'smartContract': {'address': {'address': '0x0bd408f2b32ca80c54ccdd21acf38bba3d83dfd8'}}, 'caller': {'address': '0x958892b4a0512b28aaac890fc938868bbd42f064'}, 'date': {'date': '2022-08-03'}, 'block': {'height': 15269971}}, {'smartContract': {'address': {'address': '0xd0701a8da2b6c621df7dd82479211ee4690d815e'}}, 'caller': {'address': '0x958892b4a0512b28aaac890fc938868bbd42f064'}, 'date': {'date': '2022-08-03'}, 'block': {'height': 15269919}}, {'smartContract': {'address': {'address': '0x73052741d8be063b086c4b7efe084b0cee50677a'}}, 'caller': {'address': '0x958892b4a0512b28aaac890fc938868bbd42f064'}, 'date': {'date': '2022-07-20'}, 'block': {'height': 15181871}}, {'smartContract': {'address': {'address': '0xa9dd6fb60c84cc4788b02c45b6b3f59f8444674f'}}, 'caller': {'address': '0x958892b4a0512b28aaac890fc938868bbd42f064'}, 'date': {'date': '2022-07-20'}, 'block': {'height': 15181870}}, {'smartContract': {'address': {'address': '0xaa2639c9dcf71547e585439e8744128ed9832fe8'}}, 'caller': {'address': '0x958892b4a0512b28aaac890fc938868bbd42f064'}, 'date': {'date': '2022-07-20'}, 'block': {'height': 15181868}}, {'smartContract': {'address': {'address': '0x6b91a0ba78acc4a8c7919f96c181a895d5b31563'}}, 'caller': {'address': '0x958892b4a0512b28aaac890fc938868bbd42f064'}, 'date': {'date': '2022-07-20'}, 'block': {'height': 15181867}}, {'smartContract': {'address': {'address': '0xf082066e2f023b57617f2167c1f2a5d93eab65a8'}}, 'caller': {'address': '0x958892b4a0512b28aaac890fc938868bbd42f064'}, 'date': {'date': '2022-07-19'}, 'block': {'height': 15175346}}, {'smartContract': {'address': {'address': '0x705a8a3e6f179cd9f32e60fa75c302188a97b378'}}, 'caller': {'address': '0x958892b4a0512b28aaac890fc938868bbd42f064'}, 'date': {'date': '2022-07-19'}, 'block': {'height': 15175210}}, {'smartContract': {'address': {'address': '0xdd8482e09db2274cbed08846daf97bd21acf9f2b'}}, 'caller': {'address': '0x958892b4a0512b28aaac890fc938868bbd42f064'}, 'date': {'date': '2022-07-19'}, 'block': {'height': 15175209}}, {'smartContract': {'address': {'address': '0x7bb0e115668a9094cf8b3cea4b274daea4c1e8cd'}}, 'caller': {'address': '0x958892b4a0512b28aaac890fc938868bbd42f064'}, 'date': {'date': '2022-07-19'}, 'block': {'height': 15175208}}, {'smartContract': {'address': {'address': '0xedfec0cb12b39ea11e477e722e06d9cd99a9d57a'}}, 'caller': {'address': '0x958892b4a0512b28aaac890fc938868bbd42f064'}, 'date': {'date': '2022-07-16'}, 'block': {'height': 15151468}}, {'smartContract': {'address': {'address': '0x8b3d32cf2bb4d0d16656f4c0b04fa546274f1545'}}, 'caller': {'address': '0x958892b4a0512b28aaac890fc938868bbd42f064'}, 'date': {'date': '2022-07-16'}, 'block': {'height': 15151466}}, {'smartContract': {'address': {'address': '0x2f483ee258d554fae69a30ae788f299a13aed14d'}}, 'caller': {'address': '0x958892b4a0512b28aaac890fc938868bbd42f064'}, 'date': {'date': '2022-07-16'}, 'block': {'height': 15151465}}, {'smartContract': {'address': {'address': '0x0f131c38a552142d5753363090f6f7c4e01ab0e4'}}, 'caller': {'address': '0x958892b4a0512b28aaac890fc938868bbd42f064'}, 'date': {'date': '2022-06-28'}, 'block': {'height': 15041728}}, {'smartContract': {'address': {'address': '0xcc951b45ddb4c354d9df4388b0a1d3204fca80d0'}}, 'caller': {'address': '0x958892b4a0512b28aaac890fc938868bbd42f064'}, 'date': {'date': '2022-06-24'}, 'block': {'height': 15020653}}, {'smartContract': {'address': {'address': '0x63594b2011a0f2616586bf3eef8096d42272f916'}}, 'caller': {'address': '0xb9fc157394af804a3578134a6585c0dc9cc990d4'}, 'date': {'date': '2022-06-22'}, 'block': {'height': 15004989}}, {'smartContract': {'address': {'address': '0xed6a213928db81a3a60bce25aaf199dbaf01dd25'}}, 'caller': {'address': '0x958892b4a0512b28aaac890fc938868bbd42f064'}, 'date': {'date': '2022-06-14'}, 'block': {'height': 14964157}}, {'smartContract': {'address': {'address': '0xd909c5862cdb164adb949d92622082f0092efc3d'}}, 'caller': {'address': '0x958892b4a0512b28aaac890fc938868bbd42f064'}, 'date': {'date': '2022-06-14'}, 'block': {'height': 14964156}}, {'smartContract': {'address': {'address': '0x8e7d39560b15b2d29e01b2502252c4b5f26f5326'}}, 'caller': {'address': '0x958892b4a0512b28aaac890fc938868bbd42f064'}, 'date': {'date': '2022-06-12'}, 'block': {'height': 14952198}}, {'smartContract': {'address': {'address': '0xce1cb785fd61153d330cea24f063d7c61c54aad0'}}, 'caller': {'address': '0x958892b4a0512b28aaac890fc938868bbd42f064'}, 'date': {'date': '2022-06-12'}, 'block': {'height': 14952197}}, {'smartContract': {'address': {'address': '0x8790784510829cc6398a75b40668b30e9f3e22ac'}}, 'caller': {'address': '0x958892b4a0512b28aaac890fc938868bbd42f064'}, 'date': {'date': '2022-06-12'}, 'block': {'height': 14952196}}, {'smartContract': {'address': {'address': '0x65da327b1740d00ff7b366a4fd8f33830a2f03a2'}}, 'caller': {'address': '0x958892b4a0512b28aaac890fc938868bbd42f064'}, 'date': {'date': '2022-06-12'}, 'block': {'height': 14952194}}, {'smartContract': {'address': {'address': '0xd38d3b40f5c2a52823ae0932b8d658932fdb9ed1'}}, 'caller': {'address': '0x958892b4a0512b28aaac890fc938868bbd42f064'}, 'date': {'date': '2022-06-12'}, 'block': {'height': 14952192}}, {'smartContract': {'address': {'address': '0x38c5aa75c2e1ecb9750aa2d882adb55742ac967a'}}, 'caller': {'address': '0x958892b4a0512b28aaac890fc938868bbd42f064'}, 'date': {'date': '2022-06-12'}, 'block': {'height': 14952191}}, {'smartContract': {'address': {'address': '0x5a4396a2fe5fd36c6528a441d7a97c3b0f3e8aee'}}, 'caller': {'address': '0x958892b4a0512b28aaac890fc938868bbd42f064'}, 'date': {'date': '2022-06-11'}, 'block': {'height': 14941365}}, {'smartContract': {'address': {'address': '0xab1b815a8a2e81e001b6fa951d9c0963b7a46da6'}}, 'caller': {'address': '0x958892b4a0512b28aaac890fc938868bbd42f064'}, 'date': {'date': '2022-06-11'}, 'block': {'height': 14941364}}, {'smartContract': {'address': {'address': '0x9fbbf87baa6ec6702742022daa08cc44fddf341d'}}, 'caller': {'address': '0x958892b4a0512b28aaac890fc938868bbd42f064'}, 'date': {'date': '2022-06-11'}, 'block': {'height': 14941364}}, {'smartContract': {'address': {'address': '0xce554405b9a257ed00a4e0f114ff12ab832b4e3b'}}, 'caller': {'address': '0x958892b4a0512b28aaac890fc938868bbd42f064'}, 'date': {'date': '2022-06-11'}, 'block': {'height': 14941350}}, {'smartContract': {'address': {'address': '0xdd011f900065fa6319ba496ba618990d155d4fda'}}, 'caller': {'address': '0x958892b4a0512b28aaac890fc938868bbd42f064'}, 'date': {'date': '2022-06-11'}, 'block': {'height': 14941341}}, {'smartContract': {'address': {'address': '0x1ea3889f3c0ad7de9bcc7c5f13a668b0b4874344'}}, 'caller': {'address': '0x958892b4a0512b28aaac890fc938868bbd42f064'}, 'date': {'date': '2022-06-11'}, 'block': {'height': 14941339}}, {'smartContract': {'address': {'address': '0x93cef8012460764d201b654fea85abecb28919fd'}}, 'caller': {'address': '0x958892b4a0512b28aaac890fc938868bbd42f064'}, 'date': {'date': '2022-06-10'}, 'block': {'height': 14936607}}, {'smartContract': {'address': {'address': '0x68553a806e4f0d8880d8a381b1c955e13ae1e45d'}}, 'caller': {'address': '0x958892b4a0512b28aaac890fc938868bbd42f064'}, 'date': {'date': '2022-06-10'}, 'block': {'height': 14936605}}, {'smartContract': {'address': {'address': '0x9ca161579e40ddc024d86f0c1f66eab14383ac06'}}, 'caller': {'address': '0x958892b4a0512b28aaac890fc938868bbd42f064'}, 'date': {'date': '2022-06-10'}, 'block': {'height': 14936603}}, {'smartContract': {'address': {'address': '0x0f2f7aa507d153ac04431a617840d1ff28a960ac'}}, 'caller': {'address': '0x958892b4a0512b28aaac890fc938868bbd42f064'}, 'date': {'date': '2022-06-10'}, 'block': {'height': 14936408}}, {'smartContract': {'address': {'address': '0xacc79658e677d8a7a5c5133539c59b920af10e60'}}, 'caller': {'address': '0x958892b4a0512b28aaac890fc938868bbd42f064'}, 'date': {'date': '2022-06-10'}, 'block': {'height': 14936407}}, {'smartContract': {'address': {'address': '0x23c72a629ddc90dae7a49a6e44ce216ca3d54847'}}, 'caller': {'address': '0x958892b4a0512b28aaac890fc938868bbd42f064'}, 'date': {'date': '2022-06-10'}, 'block': {'height': 14936405}}, {'smartContract': {'address': {'address': '0xde67fe89fbac308339a317905c9e61ddbdd8832e'}}, 'caller': {'address': '0x958892b4a0512b28aaac890fc938868bbd42f064'}, 'date': {'date': '2022-06-10'}, 'block': {'height': 14936401}}, {'smartContract': {'address': {'address': '0xbe347b88337b606c41c230ff83329a3c19c77a06'}}, 'caller': {'address': '0x958892b4a0512b28aaac890fc938868bbd42f064'}, 'date': {'date': '2022-06-10'}, 'block': {'height': 14936400}}, {'smartContract': {'address': {'address': '0xde631f0f0138f0357b296dba3936d50b7430245d'}}, 'caller': {'address': '0x958892b4a0512b28aaac890fc938868bbd42f064'}, 'date': {'date': '2022-06-10'}, 'block': {'height': 14936398}}, {'smartContract': {'address': {'address': '0x8ed31d7ff5d2ffbf17fe3118a61123f50adb523a'}}, 'caller': {'address': '0x958892b4a0512b28aaac890fc938868bbd42f064'}, 'date': {'date': '2022-06-10'}, 'block': {'height': 14936395}}, {'smartContract': {'address': {'address': '0xa4599c0bd23fcda7e6e77dae01804be70703b7e4'}}, 'caller': {'address': '0x958892b4a0512b28aaac890fc938868bbd42f064'}, 'date': {'date': '2022-06-10'}, 'block': {'height': 14936394}}, {'smartContract': {'address': {'address': '0x22b01826063564cbe01ef47b96d623b739f82bf2'}}, 'caller': {'address': '0x958892b4a0512b28aaac890fc938868bbd42f064'}, 'date': {'date': '2022-06-10'}, 'block': {'height': 14936393}}, {'smartContract': {'address': {'address': '0x85a5fd00bb725661f639f7300d48f64671d33be5'}}, 'caller': {'address': '0x4aae9823fb4c70490f1d802fc697f3fff8d5cbe3'}, 'date': {'date': '2022-06-10'}, 'block': {'height': 14936230}}, {'smartContract': {'address': {'address': '0x266d1020a84b9e8b0ed320831838152075f8c4ca'}}, 'caller': {'address': '0x958892b4a0512b28aaac890fc938868bbd42f064'}, 'date': {'date': '2022-06-10'}, 'block': {'height': 14936209}}, {'smartContract': {'address': {'address': '0xaf239a6fab6a873c779f3f33dbd34104287b93e1'}}, 'caller': {'address': '0x958892b4a0512b28aaac890fc938868bbd42f064'}, 'date': {'date': '2022-06-10'}, 'block': {'height': 14936207}}, {'smartContract': {'address': {'address': '0xdf352c2fcb3cbfdbba619090e2a1deb9ac534a29'}}, 'caller': {'address': '0x958892b4a0512b28aaac890fc938868bbd42f064'}, 'date': {'date': '2022-06-10'}, 'block': {'height': 14936206}}, {'smartContract': {'address': {'address': '0x35bb90c0b96ddb4b93ddf42afedd5204e91a1a10'}}, 'caller': {'address': '0x958892b4a0512b28aaac890fc938868bbd42f064'}, 'date': {'date': '2022-06-10'}, 'block': {'height': 14936205}}, {'smartContract': {'address': {'address': '0x92353938a5fa4a02bea4ff7561280b12293bb195'}}, 'caller': {'address': '0x958892b4a0512b28aaac890fc938868bbd42f064'}, 'date': {'date': '2022-06-10'}, 'block': {'height': 14936200}}, {'smartContract': {'address': {'address': '0x54e112bef9d5fde79a2469d7e06f18b25c93b343'}}, 'caller': {'address': '0x958892b4a0512b28aaac890fc938868bbd42f064'}, 'date': {'date': '2022-06-10'}, 'block': {'height': 14936199}}, {'smartContract': {'address': {'address': '0xafcb74519ff46f0618781abfe5e473bc74aa74ff'}}, 'caller': {'address': '0x958892b4a0512b28aaac890fc938868bbd42f064'}, 'date': {'date': '2022-06-10'}, 'block': {'height': 14936197}}, {'smartContract': {'address': {'address': '0xf6f296542fb3870b6dcc6b93a18f8b762f16aecf'}}, 'caller': {'address': '0x958892b4a0512b28aaac890fc938868bbd42f064'}, 'date': {'date': '2022-06-10'}, 'block': {'height': 14936194}}, {'smartContract': {'address': {'address': '0xc6ff7f78554fcc71b92ee29e7682166f611c98a2'}}, 'caller': {'address': '0x958892b4a0512b28aaac890fc938868bbd42f064'}, 'date': {'date': '2022-06-10'}, 'block': {'height': 14936192}}, {'smartContract': {'address': {'address': '0xf2a771de1b4e59ade4d2000ed696326f0210e4ef'}}, 'caller': {'address': '0x958892b4a0512b28aaac890fc938868bbd42f064'}, 'date': {'date': '2022-06-10'}, 'block': {'height': 14936190}}, {'smartContract': {'address': {'address': '0x5c711a5e8eb7379126779e63cd2faef536742625'}}, 'caller': {'address': '0x958892b4a0512b28aaac890fc938868bbd42f064'}, 'date': {'date': '2022-06-10'}, 'block': {'height': 14936167}}, {'smartContract': {'address': {'address': '0xc91814dde87f7dddd9b808b3b6572678b3df48d2'}}, 'caller': {'address': '0x958892b4a0512b28aaac890fc938868bbd42f064'}, 'date': {'date': '2022-06-10'}, 'block': {'height': 14936158}}, {'smartContract': {'address': {'address': '0x07956092c0f4818d6792a42035d2d2fa0c75e76b'}}, 'caller': {'address': '0x958892b4a0512b28aaac890fc938868bbd42f064'}, 'date': {'date': '2022-06-10'}, 'block': {'height': 14936154}}, {'smartContract': {'address': {'address': '0xaab11f5364e1b369181792610e1f192f76171a59'}}, 'caller': {'address': '0x958892b4a0512b28aaac890fc938868bbd42f064'}, 'date': {'date': '2022-06-10'}, 'block': {'height': 14936153}}, {'smartContract': {'address': {'address': '0xf4818813045e954f5dc55a40c9b60def0ba3d477'}}, 'caller': {'address': '0x958892b4a0512b28aaac890fc938868bbd42f064'}, 'date': {'date': '2022-06-10'}, 'block': {'height': 14936148}}, {'smartContract': {'address': {'address': '0x8ef82c4c48faad513d157a86433cd7d9397ea278'}}, 'caller': {'address': '0x958892b4a0512b28aaac890fc938868bbd42f064'}, 'date': {'date': '2022-06-10'}, 'block': {'height': 14936145}}, {'smartContract': {'address': {'address': '0x0029abd74b7b32e6a82bf9f62cb9dd4bf8e39aaf'}}, 'caller': {'address': '0x958892b4a0512b28aaac890fc938868bbd42f064'}, 'date': {'date': '2022-06-10'}, 'block': {'height': 14936142}}, {'smartContract': {'address': {'address': '0x2a54ba2964c8cd459dc568853f79813a60761b58'}}, 'caller': {'address': '0x958892b4a0512b28aaac890fc938868bbd42f064'}, 'date': {'date': '2022-06-10'}, 'block': {'height': 14936134}}, {'smartContract': {'address': {'address': '0x4a589d70984bac3c05ec39629222005a44bd0172'}}, 'caller': {'address': '0x958892b4a0512b28aaac890fc938868bbd42f064'}, 'date': {'date': '2022-06-10'}, 'block': {'height': 14936133}}, {'smartContract': {'address': {'address': '0x4aae9823fb4c70490f1d802fc697f3fff8d5cbe3'}}, 'caller': {'address': '0x958892b4a0512b28aaac890fc938868bbd42f064'}, 'date': {'date': '2022-06-10'}, 'block': {'height': 14936125}}, {'smartContract': {'address': {'address': '0x8a714b29c53911230a303d1e7d750a6665df5716'}}, 'caller': {'address': '0x958892b4a0512b28aaac890fc938868bbd42f064'}, 'date': {'date': '2022-06-10'}, 'block': {'height': 14936124}}, {'smartContract': {'address': {'address': '0x3d9d8c08dc16aa104b5b24abdd1ad857e2c0d8c5'}}, 'caller': {'address': '0x958892b4a0512b28aaac890fc938868bbd42f064'}, 'date': {'date': '2022-06-10'}, 'block': {'height': 14936093}}, {'smartContract': {'address': {'address': '0x7d60fc2f2219537c2605b827fb08f00d8ead44ae'}}, 'caller': {'address': '0x958892b4a0512b28aaac890fc938868bbd42f064'}, 'date': {'date': '2021-09-10'}, 'block': {'height': 13200907}}, {'smartContract': {'address': {'address': '0x0c3ff7fbeaa7484cdfb7b0632790a67b95e623d3'}}, 'caller': {'address': '0x958892b4a0512b28aaac890fc938868bbd42f064'}, 'date': {'date': '2021-09-10'}, 'block': {'height': 13200818}}, {'smartContract': {'address': {'address': '0xba0191da85b97ab9d7a334a06dc1623967a526f5'}}, 'caller': {'address': '0x958892b4a0512b28aaac890fc938868bbd42f064'}, 'date': {'date': '2021-09-10'}, 'block': {'height': 13200805}}]",2022-06-10
257,257,0xB4d930279552397bbA2ee473229f89Ec245bc365,MahaDAO,http://github.com/mahadao,0x30Edf900a0a6A47cD3057Ec37a163B72773FFf9E,342405.1537,"[{'smartContract': {'address': {'address': '0xd2dd1ee9931e3b454ed039959c7b1aba848fcb6f'}}, 'caller': {'address': '0x30edf900a0a6a47cd3057ec37a163b72773fff9e'}, 'date': {'date': '2021-01-27'}, 'block': {'height': 11738034}}, {'smartContract': {'address': {'address': '0x32788ddb0f973cd968dfbe84455409e2edeeb274'}}, 'caller': {'address': '0x30edf900a0a6a47cd3057ec37a163b72773fff9e'}, 'date': {'date': '2021-01-27'}, 'block': {'height': 11738006}}, {'smartContract': {'address': {'address': '0x8bbe81735658cd78d58755f9c9631f448b62521c'}}, 'caller': {'address': '0x30edf900a0a6a47cd3057ec37a163b72773fff9e'}, 'date': {'date': '2021-01-04'}, 'block': {'height': 11588317}}, {'smartContract': {'address': {'address': '0xff3731bd6f44e49831eacc30388506e6bce4f49e'}}, 'caller': {'address': '0x30edf900a0a6a47cd3057ec37a163b72773fff9e'}, 'date': {'date': '2021-01-04'}, 'block': {'height': 11588317}}, {'smartContract': {'address': {'address': '0x047c4077fa9620a3ca0e2a010ba2012dc13ec07d'}}, 'caller': {'address': '0x30edf900a0a6a47cd3057ec37a163b72773fff9e'}, 'date': {'date': '2021-01-04'}, 'block': {'height': 11587292}}, {'smartContract': {'address': {'address': '0x9812ae472b8fc58257f2256a3f0cc2e14d08481c'}}, 'caller': {'address': '0x30edf900a0a6a47cd3057ec37a163b72773fff9e'}, 'date': {'date': '2020-12-17'}, 'block': {'height': 11470691}}, {'smartContract': {'address': {'address': '0x71306c4a5acbc4a2a8fa84df957455c36f7b3503'}}, 'caller': {'address': '0x30edf900a0a6a47cd3057ec37a163b72773fff9e'}, 'date': {'date': '2020-12-17'}, 'block': {'height': 11470562}}, {'smartContract': {'address': {'address': '0xb4d930279552397bba2ee473229f89ec245bc365'}}, 'caller': {'address': '0x30edf900a0a6a47cd3057ec37a163b72773fff9e'}, 'date': {'date': '2020-12-17'}, 'block': {'height': 11468612}}, {'smartContract': {'address': {'address': '0xb823e1a7474a30b756e511ce947ab3ead7622794'}}, 'caller': {'address': '0x30edf900a0a6a47cd3057ec37a163b72773fff9e'}, 'date': {'date': '2020-12-17'}, 'block': {'height': 11468572}}]",2020-12-17
258,258,0x1ef6A7e2c966fb7C5403EFEFdE38338b1a95a084,ShieldEX,,0x1d2Ce768AEC43e600AFFDA25B344611975a253B9,340625.2271,"[{'smartContract': {'address': {'address': '0x1ef6a7e2c966fb7c5403efefde38338b1a95a084'}}, 'caller': {'address': '0x1d2ce768aec43e600affda25b344611975a253b9'}, 'date': {'date': '2021-05-30'}, 'block': {'height': 12535546}}]",2021-05-30
259,259,0x49E833337ECe7aFE375e44F4E3e8481029218E5c,Value Liquidity,,0x7Be4D5A99c903C437EC77A20CB6d0688cBB73c7f,328685.9842,"[{'smartContract': {'address': {'address': '0x70508dd819635a58babbae1362bc83c41a569a03'}}, 'caller': {'address': '0x7be4d5a99c903c437ec77a20cb6d0688cbb73c7f'}, 'date': {'date': '2021-05-26'}, 'block': {'height': 12510847}}, {'smartContract': {'address': {'address': '0xfcfab4ecdf2caf3c98145b6fcdac1b46760ffcb6'}}, 'caller': {'address': '0x7be4d5a99c903c437ec77a20cb6d0688cbb73c7f'}, 'date': {'date': '2021-03-01'}, 'block': {'height': 11951121}}, {'smartContract': {'address': {'address': '0xdbfc46a53de2f034024b49d77513ac9de418e522'}}, 'caller': {'address': '0x7be4d5a99c903c437ec77a20cb6d0688cbb73c7f'}, 'date': {'date': '2021-02-17'}, 'block': {'height': 11874002}}, {'smartContract': {'address': {'address': '0xbc0d50ee2d5173ec4fa36bbe1627e2f4156459aa'}}, 'caller': {'address': '0xd2fb63ba4a7500376a4fd414b67affdd490625d8'}, 'date': {'date': '2021-02-09'}, 'block': {'height': 11824330}}, {'smartContract': {'address': {'address': '0xe67a15ad76a21cfc5533e19560d5fe14a62bf873'}}, 'caller': {'address': '0xf0159d041db29029ccf285a1043dcaac7088030b'}, 'date': {'date': '2021-02-09'}, 'block': {'height': 11824330}}, {'smartContract': {'address': {'address': '0x99b66f85fc20958a4a1155ee7b42124209df3ef7'}}, 'caller': {'address': '0xf0159d041db29029ccf285a1043dcaac7088030b'}, 'date': {'date': '2021-02-09'}, 'block': {'height': 11824330}}, {'smartContract': {'address': {'address': '0xfdd93976c9744a000efd9a407bc5183ef68b6932'}}, 'caller': {'address': '0xf0159d041db29029ccf285a1043dcaac7088030b'}, 'date': {'date': '2021-02-09'}, 'block': {'height': 11822604}}, {'smartContract': {'address': {'address': '0x62ef495cbbdbc5c5367d07755093a17e75f25830'}}, 'caller': {'address': '0xf0159d041db29029ccf285a1043dcaac7088030b'}, 'date': {'date': '2021-02-09'}, 'block': {'height': 11822604}}, {'smartContract': {'address': {'address': '0x8f6a1dca0a63d078587cf2bb3244dfdfca1fcd02'}}, 'caller': {'address': '0xd2fb63ba4a7500376a4fd414b67affdd490625d8'}, 'date': {'date': '2021-02-09'}, 'block': {'height': 11822604}}, {'smartContract': {'address': {'address': '0xd2fb63ba4a7500376a4fd414b67affdd490625d8'}}, 'caller': {'address': '0x7be4d5a99c903c437ec77a20cb6d0688cbb73c7f'}, 'date': {'date': '2021-02-09'}, 'block': {'height': 11821879}}, {'smartContract': {'address': {'address': '0xc29bcd10bca418622a6d957566d8f5b924e9fdd7'}}, 'caller': {'address': '0x7be4d5a99c903c437ec77a20cb6d0688cbb73c7f'}, 'date': {'date': '2021-02-06'}, 'block': {'height': 11804378}}, {'smartContract': {'address': {'address': '0x605187e4ccb44b2eef08b4dffa34d895e8db76de'}}, 'caller': {'address': '0x7be4d5a99c903c437ec77a20cb6d0688cbb73c7f'}, 'date': {'date': '2021-02-06'}, 'block': {'height': 11801870}}, {'smartContract': {'address': {'address': '0xd5df2a8b6dcc3e4730703a9c1d65c4cf8d591337'}}, 'caller': {'address': '0x7be4d5a99c903c437ec77a20cb6d0688cbb73c7f'}, 'date': {'date': '2021-02-06'}, 'block': {'height': 11801210}}, {'smartContract': {'address': {'address': '0x31a3566d95f638b3568a278915589dad96fcdcf2'}}, 'caller': {'address': '0x7be4d5a99c903c437ec77a20cb6d0688cbb73c7f'}, 'date': {'date': '2021-02-05'}, 'block': {'height': 11795965}}, {'smartContract': {'address': {'address': '0xa17ec9694d1f83f681d7ba67cee7eec0d916de37'}}, 'caller': {'address': '0x7be4d5a99c903c437ec77a20cb6d0688cbb73c7f'}, 'date': {'date': '2021-02-03'}, 'block': {'height': 11780551}}, {'smartContract': {'address': {'address': '0x75262fdd8ae0b4dc5397756ac8d991995de477dd'}}, 'caller': {'address': '0x7be4d5a99c903c437ec77a20cb6d0688cbb73c7f'}, 'date': {'date': '2021-02-02'}, 'block': {'height': 11779407}}, {'smartContract': {'address': {'address': '0xa2d385185bbd96f4794ae3504aeaa7825827a297'}}, 'caller': {'address': '0x7be4d5a99c903c437ec77a20cb6d0688cbb73c7f'}, 'date': {'date': '2021-01-28'}, 'block': {'height': 11745284}}, {'smartContract': {'address': {'address': '0xc4ec02b2295cf9148eb2999d433f4e9f4ee39dd5'}}, 'caller': {'address': '0xf0159d041db29029ccf285a1043dcaac7088030b'}, 'date': {'date': '2021-01-28'}, 'block': {'height': 11744546}}, {'smartContract': {'address': {'address': '0xef7e3bf4e7211eaac76ba50574b8142d287c74c8'}}, 'caller': {'address': '0xf0159d041db29029ccf285a1043dcaac7088030b'}, 'date': {'date': '2021-01-28'}, 'block': {'height': 11744546}}, {'smartContract': {'address': {'address': '0xe533d15bfc599c1466daa39277d178dcdfb86e50'}}, 'caller': {'address': '0x5be1aac0ce9bd53b49179a37508c318ee146e508'}, 'date': {'date': '2021-01-28'}, 'block': {'height': 11744546}}, {'smartContract': {'address': {'address': '0xc00d386b24f2690fcbe8a1b7bd7045de4ec540b5'}}, 'caller': {'address': '0x5021470fc598373fba4fe3384745940eab3e653d'}, 'date': {'date': '2021-01-28'}, 'block': {'height': 11744546}}, {'smartContract': {'address': {'address': '0xd7a4d2f76317c04485c89a65447220864ee5e58f'}}, 'caller': {'address': '0x5be1aac0ce9bd53b49179a37508c318ee146e508'}, 'date': {'date': '2021-01-28'}, 'block': {'height': 11744537}}, {'smartContract': {'address': {'address': '0x27a83f68dd90e35d1b285682a637bd2685dca749'}}, 'caller': {'address': '0xf0159d041db29029ccf285a1043dcaac7088030b'}, 'date': {'date': '2021-01-28'}, 'block': {'height': 11744537}}, {'smartContract': {'address': {'address': '0x3dfe176db4bd8102e2e462d702c32158675a68d7'}}, 'caller': {'address': '0xf0159d041db29029ccf285a1043dcaac7088030b'}, 'date': {'date': '2021-01-28'}, 'block': {'height': 11744537}}, {'smartContract': {'address': {'address': '0xd85ac23daaf52c307a78bcdd9abbd31e351e54a1'}}, 'caller': {'address': '0x5021470fc598373fba4fe3384745940eab3e653d'}, 'date': {'date': '2021-01-28'}, 'block': {'height': 11744537}}, {'smartContract': {'address': {'address': '0x71535ad4c7c5925382cdeadc806371cc89a5085d'}}, 'caller': {'address': '0x7be4d5a99c903c437ec77a20cb6d0688cbb73c7f'}, 'date': {'date': '2021-01-28'}, 'block': {'height': 11744375}}, {'smartContract': {'address': {'address': '0xa321e318ef37fbbd1c825c0c421ce3996e06bbc7'}}, 'caller': {'address': '0x7be4d5a99c903c437ec77a20cb6d0688cbb73c7f'}, 'date': {'date': '2021-01-28'}, 'block': {'height': 11744364}}, {'smartContract': {'address': {'address': '0x5be1aac0ce9bd53b49179a37508c318ee146e508'}}, 'caller': {'address': '0x7be4d5a99c903c437ec77a20cb6d0688cbb73c7f'}, 'date': {'date': '2021-01-28'}, 'block': {'height': 11744133}}, {'smartContract': {'address': {'address': '0xd90eb747156a841995d16b68f58633b713007e18'}}, 'caller': {'address': '0x7be4d5a99c903c437ec77a20cb6d0688cbb73c7f'}, 'date': {'date': '2021-01-28'}, 'block': {'height': 11744080}}, {'smartContract': {'address': {'address': '0x775dcc0121e0a67801b849236207db3af0a97b0d'}}, 'caller': {'address': '0x5021470fc598373fba4fe3384745940eab3e653d'}, 'date': {'date': '2021-01-26'}, 'block': {'height': 11729355}}, {'smartContract': {'address': {'address': '0x45806417d10159b7bace7387fb554110c0d62d67'}}, 'caller': {'address': '0x5021470fc598373fba4fe3384745940eab3e653d'}, 'date': {'date': '2021-01-24'}, 'block': {'height': 11719289}}, {'smartContract': {'address': {'address': '0x52f75ee5033e25f2d8343e0323f1b3fe0b9a0a03'}}, 'caller': {'address': '0x7be4d5a99c903c437ec77a20cb6d0688cbb73c7f'}, 'date': {'date': '2021-01-22'}, 'block': {'height': 11707693}}, {'smartContract': {'address': {'address': '0x959ecbacc9cfaa5ba63406fde9a238895b30257d'}}, 'caller': {'address': '0x7be4d5a99c903c437ec77a20cb6d0688cbb73c7f'}, 'date': {'date': '2021-01-21'}, 'block': {'height': 11697365}}, {'smartContract': {'address': {'address': '0x6a7f824579e280a717d44a96ae8df7fbaa774b36'}}, 'caller': {'address': '0x7be4d5a99c903c437ec77a20cb6d0688cbb73c7f'}, 'date': {'date': '2021-01-20'}, 'block': {'height': 11693648}}, {'smartContract': {'address': {'address': '0xefa14c326424f82503f3120d16898d3084e90942'}}, 'caller': {'address': '0x7be4d5a99c903c437ec77a20cb6d0688cbb73c7f'}, 'date': {'date': '2021-01-20'}, 'block': {'height': 11693644}}, {'smartContract': {'address': {'address': '0xf0159d041db29029ccf285a1043dcaac7088030b'}}, 'caller': {'address': '0x7be4d5a99c903c437ec77a20cb6d0688cbb73c7f'}, 'date': {'date': '2021-01-20'}, 'block': {'height': 11693486}}, {'smartContract': {'address': {'address': '0x6728c58d85eec5ada86190887db4f06443084d52'}}, 'caller': {'address': '0x7be4d5a99c903c437ec77a20cb6d0688cbb73c7f'}, 'date': {'date': '2021-01-20'}, 'block': {'height': 11693162}}, {'smartContract': {'address': {'address': '0x5021470fc598373fba4fe3384745940eab3e653d'}}, 'caller': {'address': '0x7be4d5a99c903c437ec77a20cb6d0688cbb73c7f'}, 'date': {'date': '2021-01-20'}, 'block': {'height': 11691922}}, {'smartContract': {'address': {'address': '0xd989212c51ba850a1787ce4c666eb44a170cc415'}}, 'caller': {'address': '0x7be4d5a99c903c437ec77a20cb6d0688cbb73c7f'}, 'date': {'date': '2021-01-20'}, 'block': {'height': 11691572}}, {'smartContract': {'address': {'address': '0xe85e1e37060d95ae6892a02884e3e621e1ae8755'}}, 'caller': {'address': '0x7be4d5a99c903c437ec77a20cb6d0688cbb73c7f'}, 'date': {'date': '2021-01-19'}, 'block': {'height': 11685264}}, {'smartContract': {'address': {'address': '0x3479b0acf875405d7853f44142fe06470a40f6cc'}}, 'caller': {'address': '0x7be4d5a99c903c437ec77a20cb6d0688cbb73c7f'}, 'date': {'date': '2021-01-19'}, 'block': {'height': 11685202}}, {'smartContract': {'address': {'address': '0xca351b42cd58479e79813cce0a74a8f91cdf0a7b'}}, 'caller': {'address': '0x7be4d5a99c903c437ec77a20cb6d0688cbb73c7f'}, 'date': {'date': '2021-01-19'}, 'block': {'height': 11685170}}, {'smartContract': {'address': {'address': '0x7a247a10e7f7393ba2e534c0859cb04d5f2b9f8d'}}, 'caller': {'address': '0x7be4d5a99c903c437ec77a20cb6d0688cbb73c7f'}, 'date': {'date': '2021-01-19'}, 'block': {'height': 11685096}}, {'smartContract': {'address': {'address': '0xb94343a0352435101fd6fe373e0341f72baf7dd7'}}, 'caller': {'address': '0x7be4d5a99c903c437ec77a20cb6d0688cbb73c7f'}, 'date': {'date': '2021-01-19'}, 'block': {'height': 11685052}}, {'smartContract': {'address': {'address': '0x6d1fa4270176229b726ce786a36725fbe3b080fd'}}, 'caller': {'address': '0x7be4d5a99c903c437ec77a20cb6d0688cbb73c7f'}, 'date': {'date': '2021-01-19'}, 'block': {'height': 11684984}}, {'smartContract': {'address': {'address': '0xb6bf3eba4ab600090235f4bee5894ae17b255e1b'}}, 'caller': {'address': '0x7be4d5a99c903c437ec77a20cb6d0688cbb73c7f'}, 'date': {'date': '2020-12-29'}, 'block': {'height': 11548067}}, {'smartContract': {'address': {'address': '0xa25ec370c34fe82ef4615c8dbbf6229f0a53131a'}}, 'caller': {'address': '0x7be4d5a99c903c437ec77a20cb6d0688cbb73c7f'}, 'date': {'date': '2020-12-29'}, 'block': {'height': 11546995}}, {'smartContract': {'address': {'address': '0x8716f20ed86ce1b9931db53e851b62160437d13f'}}, 'caller': {'address': '0x7be4d5a99c903c437ec77a20cb6d0688cbb73c7f'}, 'date': {'date': '2020-12-29'}, 'block': {'height': 11546916}}, {'smartContract': {'address': {'address': '0xd897b5458afe7e2dc26d94ec33cf7d09a9158568'}}, 'caller': {'address': '0x7be4d5a99c903c437ec77a20cb6d0688cbb73c7f'}, 'date': {'date': '2020-12-29'}, 'block': {'height': 11546916}}, {'smartContract': {'address': {'address': '0x30993bd1d103ac3d163797dc04aafaa1fdd1069c'}}, 'caller': {'address': '0x7be4d5a99c903c437ec77a20cb6d0688cbb73c7f'}, 'date': {'date': '2020-12-29'}, 'block': {'height': 11546853}}, {'smartContract': {'address': {'address': '0x1daadd92b3d3bb6221dc9df64a7ca571685a838d'}}, 'caller': {'address': '0x210f342802a95be9e8cc371961f23524a3d426e7'}, 'date': {'date': '2020-12-25'}, 'block': {'height': 11524998}}, {'smartContract': {'address': {'address': '0xfbea9d9e4c13f56bb6ba7d5cbb814ff2c8c5c4a5'}}, 'caller': {'address': '0x89822f305922c187d42db1017f9b61135be1c1e8'}, 'date': {'date': '2020-12-25'}, 'block': {'height': 11524998}}, {'smartContract': {'address': {'address': '0xee30aff4ad70f2cbcdd0b9b422af92a7be090a13'}}, 'caller': {'address': '0x7be4d5a99c903c437ec77a20cb6d0688cbb73c7f'}, 'date': {'date': '2020-12-20'}, 'block': {'height': 11491574}}, {'smartContract': {'address': {'address': '0x1de515fa7e0834fa07bd7ff4a15fe7869ea4eb7e'}}, 'caller': {'address': '0x7be4d5a99c903c437ec77a20cb6d0688cbb73c7f'}, 'date': {'date': '2020-12-11'}, 'block': {'height': 11431533}}, {'smartContract': {'address': {'address': '0x05d70721c4f75473a07907c0d0c6eebed5f2fef7'}}, 'caller': {'address': '0x7be4d5a99c903c437ec77a20cb6d0688cbb73c7f'}, 'date': {'date': '2020-12-11'}, 'block': {'height': 11430783}}, {'smartContract': {'address': {'address': '0x23be14b17f481a04d7a42aa18ffc4d9d502e70e3'}}, 'caller': {'address': '0x7be4d5a99c903c437ec77a20cb6d0688cbb73c7f'}, 'date': {'date': '2020-12-11'}, 'block': {'height': 11430230}}, {'smartContract': {'address': {'address': '0x4ec183443cebfb8fdb540dd6b4df8ea295dceddc'}}, 'caller': {'address': '0x7be4d5a99c903c437ec77a20cb6d0688cbb73c7f'}, 'date': {'date': '2020-12-08'}, 'block': {'height': 11410209}}, {'smartContract': {'address': {'address': '0x9d531816b38c77859fd3702f4e09e5d6c45b775e'}}, 'caller': {'address': '0x7be4d5a99c903c437ec77a20cb6d0688cbb73c7f'}, 'date': {'date': '2020-12-08'}, 'block': {'height': 11409979}}, {'smartContract': {'address': {'address': '0x713a5f7d7b48f8f4806f9fb4dc9c387c102767e1'}}, 'caller': {'address': '0x7be4d5a99c903c437ec77a20cb6d0688cbb73c7f'}, 'date': {'date': '2020-11-28'}, 'block': {'height': 11348811}}, {'smartContract': {'address': {'address': '0xf4871e1f699cd9b94b005b0b912114b050b35408'}}, 'caller': {'address': '0x7be4d5a99c903c437ec77a20cb6d0688cbb73c7f'}, 'date': {'date': '2020-11-28'}, 'block': {'height': 11345128}}, {'smartContract': {'address': {'address': '0x7b2ef5c86bfb4d9b50100391e289b7dcf445c9a9'}}, 'caller': {'address': '0x7be4d5a99c903c437ec77a20cb6d0688cbb73c7f'}, 'date': {'date': '2020-11-27'}, 'block': {'height': 11338180}}, {'smartContract': {'address': {'address': '0x129a8d8000b8e80a99aa09fe40d189947108bcad'}}, 'caller': {'address': '0x7be4d5a99c903c437ec77a20cb6d0688cbb73c7f'}, 'date': {'date': '2020-11-27'}, 'block': {'height': 11338160}}, {'smartContract': {'address': {'address': '0x87abb9370c9cf8766eaefb48f3b1395ad8439707'}}, 'caller': {'address': '0x7be4d5a99c903c437ec77a20cb6d0688cbb73c7f'}, 'date': {'date': '2020-11-27'}, 'block': {'height': 11338114}}, {'smartContract': {'address': {'address': '0x6acaa8fa3f4bf5644f5575da9c1022eca8ecd8aa'}}, 'caller': {'address': '0x7be4d5a99c903c437ec77a20cb6d0688cbb73c7f'}, 'date': {'date': '2020-11-27'}, 'block': {'height': 11338101}}, {'smartContract': {'address': {'address': '0x0a62cc5ebfa79b155b4ec90e74c00e0176692772'}}, 'caller': {'address': '0x7be4d5a99c903c437ec77a20cb6d0688cbb73c7f'}, 'date': {'date': '2020-11-27'}, 'block': {'height': 11338027}}, {'smartContract': {'address': {'address': '0x555ddd7c3999010cff0ae3671d31cb376fa638f0'}}, 'caller': {'address': '0x7be4d5a99c903c437ec77a20cb6d0688cbb73c7f'}, 'date': {'date': '2020-11-27'}, 'block': {'height': 11338018}}, {'smartContract': {'address': {'address': '0x694fcd0cea05218ea6397f16f88d445707a04dee'}}, 'caller': {'address': '0x7be4d5a99c903c437ec77a20cb6d0688cbb73c7f'}, 'date': {'date': '2020-11-27'}, 'block': {'height': 11338013}}, {'smartContract': {'address': {'address': '0x0ffd9995712b92d772b9dc195c5e00cc984c9932'}}, 'caller': {'address': '0x7be4d5a99c903c437ec77a20cb6d0688cbb73c7f'}, 'date': {'date': '2020-11-27'}, 'block': {'height': 11337963}}, {'smartContract': {'address': {'address': '0x5118e35bc2b061947264bbb32dce0b7bcb9a5448'}}, 'caller': {'address': '0x7be4d5a99c903c437ec77a20cb6d0688cbb73c7f'}, 'date': {'date': '2020-11-27'}, 'block': {'height': 11337940}}, {'smartContract': {'address': {'address': '0xbda22300460bf0d818fb154e1dba58d6d9942f9e'}}, 'caller': {'address': '0x7be4d5a99c903c437ec77a20cb6d0688cbb73c7f'}, 'date': {'date': '2020-11-27'}, 'block': {'height': 11337914}}, {'smartContract': {'address': {'address': '0x030c8eb47f720482f7fac6f1d066431f0c3a7de3'}}, 'caller': {'address': '0x7be4d5a99c903c437ec77a20cb6d0688cbb73c7f'}, 'date': {'date': '2020-11-27'}, 'block': {'height': 11337730}}, {'smartContract': {'address': {'address': '0xff65a22910f6655a58b23831a991b6809ef8095a'}}, 'caller': {'address': '0x7be4d5a99c903c437ec77a20cb6d0688cbb73c7f'}, 'date': {'date': '2020-11-27'}, 'block': {'height': 11337637}}, {'smartContract': {'address': {'address': '0xc7c68aca652b603d59d52eec076a6dfab02b27e6'}}, 'caller': {'address': '0x7be4d5a99c903c437ec77a20cb6d0688cbb73c7f'}, 'date': {'date': '2020-11-25'}, 'block': {'height': 11328191}}, {'smartContract': {'address': {'address': '0x50e50f60b09930ac2cc14bf0725d7a29ff2b8126'}}, 'caller': {'address': '0x7be4d5a99c903c437ec77a20cb6d0688cbb73c7f'}, 'date': {'date': '2020-11-25'}, 'block': {'height': 11327985}}, {'smartContract': {'address': {'address': '0x53aa48b2ac0071a6ce61ddb3ba4e41d395b2db51'}}, 'caller': {'address': '0x7be4d5a99c903c437ec77a20cb6d0688cbb73c7f'}, 'date': {'date': '2020-11-25'}, 'block': {'height': 11327843}}, {'smartContract': {'address': {'address': '0x41a98fb8c34b42402b14a37e18c60efc3c1be51b'}}, 'caller': {'address': '0x7be4d5a99c903c437ec77a20cb6d0688cbb73c7f'}, 'date': {'date': '2020-11-25'}, 'block': {'height': 11327809}}, {'smartContract': {'address': {'address': '0xb250308f23be3bbfbd4af2e74a873fd2bfc94ae6'}}, 'caller': {'address': '0x7be4d5a99c903c437ec77a20cb6d0688cbb73c7f'}, 'date': {'date': '2020-11-25'}, 'block': {'height': 11327775}}, {'smartContract': {'address': {'address': '0x3e67c27d14032304c0e8c3af8214ecf102641dbb'}}, 'caller': {'address': '0x7be4d5a99c903c437ec77a20cb6d0688cbb73c7f'}, 'date': {'date': '2020-11-25'}, 'block': {'height': 11327231}}, {'smartContract': {'address': {'address': '0x7c175a3fd4d2f14e40ac418a1e004dfc8edd3ba8'}}, 'caller': {'address': '0x7be4d5a99c903c437ec77a20cb6d0688cbb73c7f'}, 'date': {'date': '2020-11-25'}, 'block': {'height': 11327182}}, {'smartContract': {'address': {'address': '0x061434f835a87f683793ba1271c2dfeb618a0e00'}}, 'caller': {'address': '0x7be4d5a99c903c437ec77a20cb6d0688cbb73c7f'}, 'date': {'date': '2020-11-25'}, 'block': {'height': 11327142}}, {'smartContract': {'address': {'address': '0xbec7de67579642df01fec1eae1833d668a6b3fdb'}}, 'caller': {'address': '0x7be4d5a99c903c437ec77a20cb6d0688cbb73c7f'}, 'date': {'date': '2020-11-25'}, 'block': {'height': 11326411}}, {'smartContract': {'address': {'address': '0x91df0ffc1b95113ba1f41ca0669fccaec0f55876'}}, 'caller': {'address': '0x7be4d5a99c903c437ec77a20cb6d0688cbb73c7f'}, 'date': {'date': '2020-11-25'}, 'block': {'height': 11326279}}, {'smartContract': {'address': {'address': '0xbaf1e9bb677eff3e2ceea161711e250e90e40a50'}}, 'caller': {'address': '0x7be4d5a99c903c437ec77a20cb6d0688cbb73c7f'}, 'date': {'date': '2020-11-25'}, 'block': {'height': 11326210}}, {'smartContract': {'address': {'address': '0xfeba0c4119564d1175b078db52ad1632c545fb91'}}, 'caller': {'address': '0x7be4d5a99c903c437ec77a20cb6d0688cbb73c7f'}, 'date': {'date': '2020-11-25'}, 'block': {'height': 11325791}}, {'smartContract': {'address': {'address': '0x89822f305922c187d42db1017f9b61135be1c1e8'}}, 'caller': {'address': '0x7be4d5a99c903c437ec77a20cb6d0688cbb73c7f'}, 'date': {'date': '2020-11-23'}, 'block': {'height': 11313567}}, {'smartContract': {'address': {'address': '0x210f342802a95be9e8cc371961f23524a3d426e7'}}, 'caller': {'address': '0x7be4d5a99c903c437ec77a20cb6d0688cbb73c7f'}, 'date': {'date': '2020-11-22'}, 'block': {'height': 11308962}}, {'smartContract': {'address': {'address': '0x45c4d796e7506f467aed24b81db897f18b6f771a'}}, 'caller': {'address': '0x7be4d5a99c903c437ec77a20cb6d0688cbb73c7f'}, 'date': {'date': '2020-11-22'}, 'block': {'height': 11308942}}, {'smartContract': {'address': {'address': '0x8d012729ec8affc08043d97ca2c02fdfdcb90c92'}}, 'caller': {'address': '0x7be4d5a99c903c437ec77a20cb6d0688cbb73c7f'}, 'date': {'date': '2020-11-21'}, 'block': {'height': 11299313}}, {'smartContract': {'address': {'address': '0xfe77bfba0d4640580c7f590d8e9cf0d49b59f93f'}}, 'caller': {'address': '0x7be4d5a99c903c437ec77a20cb6d0688cbb73c7f'}, 'date': {'date': '2020-11-19'}, 'block': {'height': 11290604}}, {'smartContract': {'address': {'address': '0x247b6b13ad67d9c795a25c1d9a6c3857166e4b1a'}}, 'caller': {'address': '0x7be4d5a99c903c437ec77a20cb6d0688cbb73c7f'}, 'date': {'date': '2020-11-19'}, 'block': {'height': 11290025}}, {'smartContract': {'address': {'address': '0xed517fde7f36efeab9d52e569c77491ad964f6e6'}}, 'caller': {'address': '0x7be4d5a99c903c437ec77a20cb6d0688cbb73c7f'}, 'date': {'date': '2020-11-19'}, 'block': {'height': 11290009}}, {'smartContract': {'address': {'address': '0x7a8ac384d3a9086afcc13eb58e90916f17affc89'}}, 'caller': {'address': '0x7be4d5a99c903c437ec77a20cb6d0688cbb73c7f'}, 'date': {'date': '2020-11-19'}, 'block': {'height': 11289239}}, {'smartContract': {'address': {'address': '0xd93112068a47425e60d9d6841043b997df83803f'}}, 'caller': {'address': '0x7be4d5a99c903c437ec77a20cb6d0688cbb73c7f'}, 'date': {'date': '2020-11-19'}, 'block': {'height': 11288842}}, {'smartContract': {'address': {'address': '0x3a2c1d4aad6f85c3d0bd8a2018a6120a30c0c5db'}}, 'caller': {'address': '0x7be4d5a99c903c437ec77a20cb6d0688cbb73c7f'}, 'date': {'date': '2020-11-19'}, 'block': {'height': 11286514}}, {'smartContract': {'address': {'address': '0x467e9f2caa9b7678ddc29b248cb9fb181907bf3e'}}, 'caller': {'address': '0x7be4d5a99c903c437ec77a20cb6d0688cbb73c7f'}, 'date': {'date': '2020-11-12'}, 'block': {'height': 11245186}}, {'smartContract': {'address': {'address': '0x8c2f33b3a580baeb2a1f2d34bcc76e020a54338d'}}, 'caller': {'address': '0x7be4d5a99c903c437ec77a20cb6d0688cbb73c7f'}, 'date': {'date': '2020-11-11'}, 'block': {'height': 11236867}}, {'smartContract': {'address': {'address': '0x98595670e97aa2ec229f366806b37745ad6e92b5'}}, 'caller': {'address': '0x7be4d5a99c903c437ec77a20cb6d0688cbb73c7f'}, 'date': {'date': '2020-11-10'}, 'block': {'height': 11229322}}, {'smartContract': {'address': {'address': '0x85f98829f6f4b4551932de62c48781d17c2281e0'}}, 'caller': {'address': '0x7be4d5a99c903c437ec77a20cb6d0688cbb73c7f'}, 'date': {'date': '2020-11-09'}, 'block': {'height': 11225135}}, {'smartContract': {'address': {'address': '0xb43f0707b2719a5b8ab905d253022c6073a63926'}}, 'caller': {'address': '0x7be4d5a99c903c437ec77a20cb6d0688cbb73c7f'}, 'date': {'date': '2020-11-09'}, 'block': {'height': 11224987}}, {'smartContract': {'address': {'address': '0x3d0e55dbcd7f2974957b6c823bffcd530e2fc2b0'}}, 'caller': {'address': '0x7be4d5a99c903c437ec77a20cb6d0688cbb73c7f'}, 'date': {'date': '2020-11-09'}, 'block': {'height': 11224757}}]",2020-09-15
260,260,0xEF53462838000184F35f7D991452e5f25110b207,Knit Finance,https://github.com/KnitFinance/knitapp,0x68c5E917de0E45bb42cAE2B8672CB2Fa5c695bD6,313141.6291,"[{'smartContract': {'address': {'address': '0xef53462838000184f35f7d991452e5f25110b207'}}, 'caller': {'address': '0x68c5e917de0e45bb42cae2b8672cb2fa5c695bd6'}, 'date': {'date': '2021-08-30'}, 'block': {'height': 13128005}}, {'smartContract': {'address': {'address': '0x7b282e09ca06dae8d116e448765fb849eb1ef3e4'}}, 'caller': {'address': '0x68c5e917de0e45bb42cae2b8672cb2fa5c695bd6'}, 'date': {'date': '2021-08-30'}, 'block': {'height': 13127946}}]",2021-08-30
261,261,0x5a75A093747b72a0e14056352751eDF03518031d,(Proxy contract) EmiSwap - EmiDao Token,https://github.com/EMISWAP-COM/,0x63c14af322C9Cd4C915454c0E7fF5Ba98a23Be4f,296493.0875,"[{'smartContract': {'address': {'address': '0x673f7a16b2d696a987383921292e8f46da715952'}}, 'caller': {'address': '0x63c14af322c9cd4c915454c0e7ff5ba98a23be4f'}, 'date': {'date': '2021-07-02'}, 'block': {'height': 12748020}}, {'smartContract': {'address': {'address': '0xb6e27eb951e5252a3c5ff0a3a6d59b4cff4c9975'}}, 'caller': {'address': '0x63c14af322c9cd4c915454c0e7ff5ba98a23be4f'}, 'date': {'date': '2021-07-01'}, 'block': {'height': 12740370}}, {'smartContract': {'address': {'address': '0x0fbb61f6e0a50a0b5044da8590e622efe65ddc08'}}, 'caller': {'address': '0x5492eefc9330a7cff4ef9519a893681cd109040a'}, 'date': {'date': '2021-06-29'}, 'block': {'height': 12728210}}, {'smartContract': {'address': {'address': '0x75aaed496064ddb9e9ef74698268f912bcfc740d'}}, 'caller': {'address': '0x63c14af322c9cd4c915454c0e7ff5ba98a23be4f'}, 'date': {'date': '2021-06-21'}, 'block': {'height': 12677147}}, {'smartContract': {'address': {'address': '0x99e401f9f825822f005d68b7d903038cc601c73b'}}, 'caller': {'address': '0x63c14af322c9cd4c915454c0e7ff5ba98a23be4f'}, 'date': {'date': '2021-06-21'}, 'block': {'height': 12677085}}, {'smartContract': {'address': {'address': '0xb051f7defd9ed3fbcb8cf911c01b06dbd7281340'}}, 'caller': {'address': '0x63c14af322c9cd4c915454c0e7ff5ba98a23be4f'}, 'date': {'date': '2021-06-09'}, 'block': {'height': 12597616}}, {'smartContract': {'address': {'address': '0x22b8ccdeeeacb1f3879e36e06af413d44fd79f01'}}, 'caller': {'address': '0x63c14af322c9cd4c915454c0e7ff5ba98a23be4f'}, 'date': {'date': '2021-06-08'}, 'block': {'height': 12596219}}, {'smartContract': {'address': {'address': '0x8b50a72b86bc55a49ef034ef961d2d4e69b2681e'}}, 'caller': {'address': '0x63c14af322c9cd4c915454c0e7ff5ba98a23be4f'}, 'date': {'date': '2021-05-21'}, 'block': {'height': 12476387}}, {'smartContract': {'address': {'address': '0xe629c4dc9538614019d17d09f54617ef89e1a3af'}}, 'caller': {'address': '0x63c14af322c9cd4c915454c0e7ff5ba98a23be4f'}, 'date': {'date': '2021-05-20'}, 'block': {'height': 12473313}}, {'smartContract': {'address': {'address': '0xcfd8b0d58eb3b3cab1bb340925b415b7fea13960'}}, 'caller': {'address': '0x63c14af322c9cd4c915454c0e7ff5ba98a23be4f'}, 'date': {'date': '2021-02-13'}, 'block': {'height': 11845851}}, {'smartContract': {'address': {'address': '0x52893082158ee997bb46748bd2ccb2bbb5a23e71'}}, 'caller': {'address': '0x63c14af322c9cd4c915454c0e7ff5ba98a23be4f'}, 'date': {'date': '2021-02-11'}, 'block': {'height': 11834054}}, {'smartContract': {'address': {'address': '0x3d2934b9dcd1295f0caecbeecb6bc5ba7dc1c865'}}, 'caller': {'address': '0x63c14af322c9cd4c915454c0e7ff5ba98a23be4f'}, 'date': {'date': '2021-02-11'}, 'block': {'height': 11833639}}, {'smartContract': {'address': {'address': '0xe06ec5e1c916271ab5a6d0aeaeff83e572903f24'}}, 'caller': {'address': '0x63c14af322c9cd4c915454c0e7ff5ba98a23be4f'}, 'date': {'date': '2021-02-11'}, 'block': {'height': 11833551}}, {'smartContract': {'address': {'address': '0x4856bb26be99ed26e1d96d4e324d351da23a6a69'}}, 'caller': {'address': '0x63c14af322c9cd4c915454c0e7ff5ba98a23be4f'}, 'date': {'date': '2021-02-11'}, 'block': {'height': 11833516}}, {'smartContract': {'address': {'address': '0xd45ccd9e98f8a75f68521de0f9222d8c5f606f8f'}}, 'caller': {'address': '0x63c14af322c9cd4c915454c0e7ff5ba98a23be4f'}, 'date': {'date': '2021-02-11'}, 'block': {'height': 11833451}}, {'smartContract': {'address': {'address': '0x40651edb84bcf4c3280e2132ae4e8f19e58860c2'}}, 'caller': {'address': '0x63c14af322c9cd4c915454c0e7ff5ba98a23be4f'}, 'date': {'date': '2021-02-11'}, 'block': {'height': 11833421}}, {'smartContract': {'address': {'address': '0xba2398194721b292ff628faa782cf22e924d365d'}}, 'caller': {'address': '0x63c14af322c9cd4c915454c0e7ff5ba98a23be4f'}, 'date': {'date': '2021-01-22'}, 'block': {'height': 11707548}}, {'smartContract': {'address': {'address': '0x1771dff85160768255f0a44d20965665806cbf48'}}, 'caller': {'address': '0x63c14af322c9cd4c915454c0e7ff5ba98a23be4f'}, 'date': {'date': '2021-01-22'}, 'block': {'height': 11707451}}, {'smartContract': {'address': {'address': '0x2694f5335ce99168e68f215db6028d44fb0aff62'}}, 'caller': {'address': '0x63c14af322c9cd4c915454c0e7ff5ba98a23be4f'}, 'date': {'date': '2021-01-22'}, 'block': {'height': 11707362}}, {'smartContract': {'address': {'address': '0xe5f877477c7e8fff8e7c3162ec07f53c458fe472'}}, 'caller': {'address': '0x63c14af322c9cd4c915454c0e7ff5ba98a23be4f'}, 'date': {'date': '2021-01-22'}, 'block': {'height': 11707213}}, {'smartContract': {'address': {'address': '0x4120b8eb7da1bf2940b7ec01619f5f1d48e733d8'}}, 'caller': {'address': '0x63c14af322c9cd4c915454c0e7ff5ba98a23be4f'}, 'date': {'date': '2020-12-16'}, 'block': {'height': 11465560}}, {'smartContract': {'address': {'address': '0x4b77a79996d712e2afcda758352ee19934db9316'}}, 'caller': {'address': '0x63c14af322c9cd4c915454c0e7ff5ba98a23be4f'}, 'date': {'date': '2020-12-15'}, 'block': {'height': 11456284}}, {'smartContract': {'address': {'address': '0x42148bfde5a970b837ec47ba1012433dd997436e'}}, 'caller': {'address': '0x63c14af322c9cd4c915454c0e7ff5ba98a23be4f'}, 'date': {'date': '2020-12-15'}, 'block': {'height': 11456259}}, {'smartContract': {'address': {'address': '0x4bcb48c24797573aab6f25e4e0eadf8168c1de9c'}}, 'caller': {'address': '0x63c14af322c9cd4c915454c0e7ff5ba98a23be4f'}, 'date': {'date': '2020-12-15'}, 'block': {'height': 11456217}}, {'smartContract': {'address': {'address': '0x4e7ec6792bd5312fa85cb7357340204fd52a99e7'}}, 'caller': {'address': '0x63c14af322c9cd4c915454c0e7ff5ba98a23be4f'}, 'date': {'date': '2020-11-13'}, 'block': {'height': 11250889}}, {'smartContract': {'address': {'address': '0xf3ffa7934a389a101cfb5ee239daae9d97d53b08'}}, 'caller': {'address': '0x63c14af322c9cd4c915454c0e7ff5ba98a23be4f'}, 'date': {'date': '2020-11-06'}, 'block': {'height': 11202485}}, {'smartContract': {'address': {'address': '0xd1a838d1a35b71e979b777cc4958bddf150eb69c'}}, 'caller': {'address': '0x63c14af322c9cd4c915454c0e7ff5ba98a23be4f'}, 'date': {'date': '2020-11-04'}, 'block': {'height': 11191066}}, {'smartContract': {'address': {'address': '0xcab605ce6240172e5e9c21ce96a2ff33afe90ce4'}}, 'caller': {'address': '0x63c14af322c9cd4c915454c0e7ff5ba98a23be4f'}, 'date': {'date': '2020-11-01'}, 'block': {'height': 11172940}}, {'smartContract': {'address': {'address': '0x57c8844fbdb197ad9c80cb5bccc36ec43ee392ef'}}, 'caller': {'address': '0x63c14af322c9cd4c915454c0e7ff5ba98a23be4f'}, 'date': {'date': '2020-10-31'}, 'block': {'height': 11165801}}, {'smartContract': {'address': {'address': '0xf3d22b81df85d586506bcc52aa5426fe182ff9bd'}}, 'caller': {'address': '0x63c14af322c9cd4c915454c0e7ff5ba98a23be4f'}, 'date': {'date': '2020-10-31'}, 'block': {'height': 11165730}}, {'smartContract': {'address': {'address': '0x9cf73e538acc5b2ea51396ea1a6de505f6a68f2b'}}, 'caller': {'address': '0x63c14af322c9cd4c915454c0e7ff5ba98a23be4f'}, 'date': {'date': '2020-10-31'}, 'block': {'height': 11165707}}, {'smartContract': {'address': {'address': '0x5a75a093747b72a0e14056352751edf03518031d'}}, 'caller': {'address': '0x63c14af322c9cd4c915454c0e7ff5ba98a23be4f'}, 'date': {'date': '2020-10-31'}, 'block': {'height': 11165662}}, {'smartContract': {'address': {'address': '0x6941d1a112771fcd5e6fe7f7ebd674d495ddbf27'}}, 'caller': {'address': '0x63c14af322c9cd4c915454c0e7ff5ba98a23be4f'}, 'date': {'date': '2020-10-31'}, 'block': {'height': 11165620}}, {'smartContract': {'address': {'address': '0x538fab26e5a2b21ab25596430d4659bdba3086b1'}}, 'caller': {'address': '0x63c14af322c9cd4c915454c0e7ff5ba98a23be4f'}, 'date': {'date': '2020-10-31'}, 'block': {'height': 11165573}}, {'smartContract': {'address': {'address': '0x412c9509b6b8a3ae87f5d13e823360b42a55e02b'}}, 'caller': {'address': '0x63c14af322c9cd4c915454c0e7ff5ba98a23be4f'}, 'date': {'date': '2020-10-31'}, 'block': {'height': 11165555}}, {'smartContract': {'address': {'address': '0xc2e079df1ddd87fc4886cce1db343675d1fdb234'}}, 'caller': {'address': '0x63c14af322c9cd4c915454c0e7ff5ba98a23be4f'}, 'date': {'date': '2020-10-31'}, 'block': {'height': 11165509}}, {'smartContract': {'address': {'address': '0x57271b89d4d4ff19051b3029ed27b26e4fb3eec0'}}, 'caller': {'address': '0x63c14af322c9cd4c915454c0e7ff5ba98a23be4f'}, 'date': {'date': '2020-10-31'}, 'block': {'height': 11165486}}, {'smartContract': {'address': {'address': '0xd2a2a353d28e4833faffc882f6649c9c884a7d8f'}}, 'caller': {'address': '0x63c14af322c9cd4c915454c0e7ff5ba98a23be4f'}, 'date': {'date': '2020-10-31'}, 'block': {'height': 11165459}}, {'smartContract': {'address': {'address': '0xdd134d801a018d4068345e2f52fad06813fc8379'}}, 'caller': {'address': '0x63c14af322c9cd4c915454c0e7ff5ba98a23be4f'}, 'date': {'date': '2020-10-31'}, 'block': {'height': 11165431}}]",2020-10-31
262,262,0x8dB253a1943DdDf1AF9bcF8706ac9A0Ce939d922,Unbound,https://github.com/unbound-finance/,0xA46AF1E8308Bd9414cCC3b04d7c49944C1D87DAF,294417.0403,"[{'smartContract': {'address': {'address': '0x439f729e66022d1ba592b1e04ad0804eb5dfca35'}}, 'caller': {'address': '0xa46af1e8308bd9414ccc3b04d7c49944c1d87daf'}, 'date': {'date': '2021-12-14'}, 'block': {'height': 13801968}}, {'smartContract': {'address': {'address': '0xfb1de6e1021a1e503f31ad42bd26891e68bb29c8'}}, 'caller': {'address': '0xa46af1e8308bd9414ccc3b04d7c49944c1d87daf'}, 'date': {'date': '2021-12-14'}, 'block': {'height': 13801963}}, {'smartContract': {'address': {'address': '0x107678c8ef64e8e8dab40bfcca6f8a1ebc82d99a'}}, 'caller': {'address': '0xa46af1e8308bd9414ccc3b04d7c49944c1d87daf'}, 'date': {'date': '2021-12-14'}, 'block': {'height': 13801958}}, {'smartContract': {'address': {'address': '0xac6a1bfd5776ac017d44acad1f468099e7de550a'}}, 'caller': {'address': '0xa46af1e8308bd9414ccc3b04d7c49944c1d87daf'}, 'date': {'date': '2021-12-12'}, 'block': {'height': 13788558}}, {'smartContract': {'address': {'address': '0x67b62a4427a6f1111b94193f96f3a81122f1fd5f'}}, 'caller': {'address': '0xa46af1e8308bd9414ccc3b04d7c49944c1d87daf'}, 'date': {'date': '2021-12-12'}, 'block': {'height': 13788558}}, {'smartContract': {'address': {'address': '0x3b4e5be9c380ba7f0e8e88f98e9928d3e6df96d0'}}, 'caller': {'address': '0xa46af1e8308bd9414ccc3b04d7c49944c1d87daf'}, 'date': {'date': '2021-12-12'}, 'block': {'height': 13788549}}, {'smartContract': {'address': {'address': '0x80f666e786f3bc862a0d7d762d3f7c7193a7681f'}}, 'caller': {'address': '0xa46af1e8308bd9414ccc3b04d7c49944c1d87daf'}, 'date': {'date': '2021-12-12'}, 'block': {'height': 13788549}}, {'smartContract': {'address': {'address': '0x0d3891f52eab019612fe5df32e278b81d4af2dfa'}}, 'caller': {'address': '0xa46af1e8308bd9414ccc3b04d7c49944c1d87daf'}, 'date': {'date': '2021-12-12'}, 'block': {'height': 13788537}}, {'smartContract': {'address': {'address': '0x8db253a1943dddf1af9bcf8706ac9a0ce939d922'}}, 'caller': {'address': '0xa46af1e8308bd9414ccc3b04d7c49944c1d87daf'}, 'date': {'date': '2021-12-07'}, 'block': {'height': 13758604}}]",2021-12-07
263,263,0x33D0568941C0C64ff7e0FB4fbA0B11BD37deEd9f,RAMP DEFI,https://github.com/RAMP-DEFI/RAMP_SECURITY_AUDITS,0x76E2b8125b3f42cb1763BE4173c269b7725499D9,292963.3425,"[{'smartContract': {'address': {'address': '0x24dbc70b3b8c1800372ea8f763e90e3d98935959'}}, 'caller': {'address': '0x76e2b8125b3f42cb1763be4173c269b7725499d9'}, 'date': {'date': '2021-01-20'}, 'block': {'height': 11691181}}, {'smartContract': {'address': {'address': '0x46a10465128abb8c2b3783caf372758227cf1510'}}, 'caller': {'address': '0x76e2b8125b3f42cb1763be4173c269b7725499d9'}, 'date': {'date': '2020-12-09'}, 'block': {'height': 11419027}}, {'smartContract': {'address': {'address': '0x29823fe33b2005c77cc79ebf19a2d7443025dbc6'}}, 'caller': {'address': '0x76e2b8125b3f42cb1763be4173c269b7725499d9'}, 'date': {'date': '2020-12-09'}, 'block': {'height': 11418956}}, {'smartContract': {'address': {'address': '0x3f7e62a3b33e6c1653d3a18cc7fdcb97109f3366'}}, 'caller': {'address': '0x76e2b8125b3f42cb1763be4173c269b7725499d9'}, 'date': {'date': '2020-12-09'}, 'block': {'height': 11418955}}, {'smartContract': {'address': {'address': '0xcd6ad6173cadd3a87ed1ed0105b559d0d0588d1a'}}, 'caller': {'address': '0x76e2b8125b3f42cb1763be4173c269b7725499d9'}, 'date': {'date': '2020-11-12'}, 'block': {'height': 11242986}}, {'smartContract': {'address': {'address': '0x4a24921aeeaebf152dbd90065d694f46fe91338f'}}, 'caller': {'address': '0x76e2b8125b3f42cb1763be4173c269b7725499d9'}, 'date': {'date': '2020-11-12'}, 'block': {'height': 11242964}}, {'smartContract': {'address': {'address': '0x7dea5c2152dd0b6e40db0485faedc15c9b6d8fc6'}}, 'caller': {'address': '0x76e2b8125b3f42cb1763be4173c269b7725499d9'}, 'date': {'date': '2020-11-12'}, 'block': {'height': 11241857}}, {'smartContract': {'address': {'address': '0x43a31af9472edb1873fb3276785f2d0f40178700'}}, 'caller': {'address': '0x76e2b8125b3f42cb1763be4173c269b7725499d9'}, 'date': {'date': '2020-11-12'}, 'block': {'height': 11241821}}, {'smartContract': {'address': {'address': '0x2d9ae31a1390d2d0c52df20d2341962c9de336c4'}}, 'caller': {'address': '0x76e2b8125b3f42cb1763be4173c269b7725499d9'}, 'date': {'date': '2020-11-11'}, 'block': {'height': 11236814}}, {'smartContract': {'address': {'address': '0xc6704b07c496550674146d6c779cbf06b1d36ec8'}}, 'caller': {'address': '0x76e2cfc1f5fa8f6a5b3fc4c8f4788f0116861f9b'}, 'date': {'date': '2020-11-11'}, 'block': {'height': 11236711}}, {'smartContract': {'address': {'address': '0x21038f075e2d0ee78c9fd55a03e5d4adcb634763'}}, 'caller': {'address': '0x76e2cfc1f5fa8f6a5b3fc4c8f4788f0116861f9b'}, 'date': {'date': '2020-11-11'}, 'block': {'height': 11236533}}, {'smartContract': {'address': {'address': '0x2ca9aac41b42357d890450f0bb9f60e34867074a'}}, 'caller': {'address': '0x76e2cfc1f5fa8f6a5b3fc4c8f4788f0116861f9b'}, 'date': {'date': '2020-11-11'}, 'block': {'height': 11235067}}, {'smartContract': {'address': {'address': '0xe49f0abb0bb7be415c3fee7d1b11196e99399c7a'}}, 'caller': {'address': '0x76e2b8125b3f42cb1763be4173c269b7725499d9'}, 'date': {'date': '2020-08-27'}, 'block': {'height': 10740666}}, {'smartContract': {'address': {'address': '0x763e6d1e2e23d5c68743ebccc0f60bb7907aa133'}}, 'caller': {'address': '0x76e2b8125b3f42cb1763be4173c269b7725499d9'}, 'date': {'date': '2020-08-27'}, 'block': {'height': 10740543}}, {'smartContract': {'address': {'address': '0x1199eb02cb222743698e921ed47a2d3407848ef5'}}, 'caller': {'address': '0x76e2cfc1f5fa8f6a5b3fc4c8f4788f0116861f9b'}, 'date': {'date': '2020-08-25'}, 'block': {'height': 10728148}}, {'smartContract': {'address': {'address': '0xcd31d4454c1aa1d3c0699610987c10f482a40ac8'}}, 'caller': {'address': '0x76e2b8125b3f42cb1763be4173c269b7725499d9'}, 'date': {'date': '2020-08-25'}, 'block': {'height': 10728032}}, {'smartContract': {'address': {'address': '0xdea1f88a2cf4fcf467b54c37f765aad1380d0f60'}}, 'caller': {'address': '0x76e2b8125b3f42cb1763be4173c269b7725499d9'}, 'date': {'date': '2020-08-25'}, 'block': {'height': 10728031}}, {'smartContract': {'address': {'address': '0x0798eced89f0e628cb805b30a7c0b10c7a755cb9'}}, 'caller': {'address': '0x76e2b8125b3f42cb1763be4173c269b7725499d9'}, 'date': {'date': '2020-08-25'}, 'block': {'height': 10727981}}, {'smartContract': {'address': {'address': '0x33d0568941c0c64ff7e0fb4fba0b11bd37deed9f'}}, 'caller': {'address': '0x76e2b8125b3f42cb1763be4173c269b7725499d9'}, 'date': {'date': '2020-08-20'}, 'block': {'height': 10700125}}, {'smartContract': {'address': {'address': '0x2dcfbd1ee5ce195937f913a6f8d18f9c9fd33ea4'}}, 'caller': {'address': '0x76e2cfc1f5fa8f6a5b3fc4c8f4788f0116861f9b'}, 'date': {'date': '2020-08-20'}, 'block': {'height': 10700088}}, {'smartContract': {'address': {'address': '0x60eabb367bd7dda81825d09dc7e191a127f65cb8'}}, 'caller': {'address': '0x76e2cfc1f5fa8f6a5b3fc4c8f4788f0116861f9b'}, 'date': {'date': '2020-08-20'}, 'block': {'height': 10700052}}, {'smartContract': {'address': {'address': '0x4d729d5d332afe2e0ba5e88d3c47ab772f83169c'}}, 'caller': {'address': '0x76e2cfc1f5fa8f6a5b3fc4c8f4788f0116861f9b'}, 'date': {'date': '2020-08-20'}, 'block': {'height': 10700035}}, {'smartContract': {'address': {'address': '0x906a96fb54fdf91c04097253410d35ec2dec283f'}}, 'caller': {'address': '0x76e2cfc1f5fa8f6a5b3fc4c8f4788f0116861f9b'}, 'date': {'date': '2020-08-20'}, 'block': {'height': 10700020}}, {'smartContract': {'address': {'address': '0x29c324e806047075b179dc0d21ae27612efc2555'}}, 'caller': {'address': '0x76e2cfc1f5fa8f6a5b3fc4c8f4788f0116861f9b'}, 'date': {'date': '2020-08-20'}, 'block': {'height': 10700006}}]",2020-08-21
264,264,0xB57420FaD6731B004309D5a0ec7C6C906Adb8df7,DotOracle,https://github.com/dotoracle,0x03e73eCA5936CC4d4eB2A2a7dd0644F97e58424d,286647.0957,"[{'smartContract': {'address': {'address': '0x438285fbccba55ce8cdef276030e6b35a0b65b6b'}}, 'caller': {'address': '0x03e73eca5936cc4d4eb2a2a7dd0644f97e58424d'}, 'date': {'date': '2022-09-22'}, 'block': {'height': 15586986}}, {'smartContract': {'address': {'address': '0x44c5d40b115ffb2531642371c42a722e19676409'}}, 'caller': {'address': '0x03e73eca5936cc4d4eb2a2a7dd0644f97e58424d'}, 'date': {'date': '2022-09-22'}, 'block': {'height': 15586962}}, {'smartContract': {'address': {'address': '0x182e582fee6c97a2ae7423261209e283798e0f7b'}}, 'caller': {'address': '0x03e73eca5936cc4d4eb2a2a7dd0644f97e58424d'}, 'date': {'date': '2022-06-03'}, 'block': {'height': 14895918}}, {'smartContract': {'address': {'address': '0x02b758ce469af940c57a42ad1de5d404122bc283'}}, 'caller': {'address': '0x03e73eca5936cc4d4eb2a2a7dd0644f97e58424d'}, 'date': {'date': '2022-06-03'}, 'block': {'height': 14895882}}, {'smartContract': {'address': {'address': '0xf62640dd45572f2d2c0e1122aada9bb57c96b4b9'}}, 'caller': {'address': '0x03e73eca5936cc4d4eb2a2a7dd0644f97e58424d'}, 'date': {'date': '2022-06-03'}, 'block': {'height': 14895881}}, {'smartContract': {'address': {'address': '0x743bf8fb40bcdba20e90c8847a7b4f93c0af5ca3'}}, 'caller': {'address': '0x03e73eca5936cc4d4eb2a2a7dd0644f97e58424d'}, 'date': {'date': '2022-01-05'}, 'block': {'height': 13945094}}, {'smartContract': {'address': {'address': '0x7a32b2362e73cb9dd51f5c232c575fce862fe161'}}, 'caller': {'address': '0x03e73eca5936cc4d4eb2a2a7dd0644f97e58424d'}, 'date': {'date': '2022-01-03'}, 'block': {'height': 13933958}}, {'smartContract': {'address': {'address': '0xaa78a345cb9814c2aaff2a702c1f7e7741371326'}}, 'caller': {'address': '0x03e73eca5936cc4d4eb2a2a7dd0644f97e58424d'}, 'date': {'date': '2021-11-29'}, 'block': {'height': 13707972}}, {'smartContract': {'address': {'address': '0xbf4c359c3c49aa243d0250863eb7b71997762083'}}, 'caller': {'address': '0x03e73eca5936cc4d4eb2a2a7dd0644f97e58424d'}, 'date': {'date': '2021-11-29'}, 'block': {'height': 13707824}}, {'smartContract': {'address': {'address': '0x59a35256e8c80b96b44147c6c71916cba8debdf5'}}, 'caller': {'address': '0x03e73eca5936cc4d4eb2a2a7dd0644f97e58424d'}, 'date': {'date': '2021-11-29'}, 'block': {'height': 13707635}}, {'smartContract': {'address': {'address': '0x190c3e62a759410f7a3fd71c11d90cc4524d9207'}}, 'caller': {'address': '0x03e73eca5936cc4d4eb2a2a7dd0644f97e58424d'}, 'date': {'date': '2021-11-29'}, 'block': {'height': 13707629}}, {'smartContract': {'address': {'address': '0xdd10e20d37f1d92fb6fed21da0ad99bb16ee94fd'}}, 'caller': {'address': '0x03e73eca5936cc4d4eb2a2a7dd0644f97e58424d'}, 'date': {'date': '2021-11-29'}, 'block': {'height': 13707613}}, {'smartContract': {'address': {'address': '0x9756afe5b5fc8bc9157ac1af2080e61664783d4e'}}, 'caller': {'address': '0x03e73eca5936cc4d4eb2a2a7dd0644f97e58424d'}, 'date': {'date': '2021-11-21'}, 'block': {'height': 13656910}}, {'smartContract': {'address': {'address': '0xb57420fad6731b004309d5a0ec7c6c906adb8df7'}}, 'caller': {'address': '0x03e73eca5936cc4d4eb2a2a7dd0644f97e58424d'}, 'date': {'date': '2021-10-25'}, 'block': {'height': 13486435}}]",2021-10-25
265,265,0x485d17A6f1B8780392d53D64751824253011A260,ChronoTech Token,https://github.com/ChronoBank/SmartContracts,0x24495670DB97F50a404400d7aA155537E2fE09e8,286491.4971,"[{'smartContract': {'address': {'address': '0xdb45ef6ebfcb3099f5482e241f1cedc9bc678e96'}}, 'caller': {'address': '0x76e2cfc1f5fa8f6a5b3fc4c8f4788f0116861f9b'}, 'date': {'date': '2021-01-04'}, 'block': {'height': 11585919}}, {'smartContract': {'address': {'address': '0x485d17a6f1b8780392d53d64751824253011a260'}}, 'caller': {'address': '0x24495670db97f50a404400d7aa155537e2fe09e8'}, 'date': {'date': '2020-10-25'}, 'block': {'height': 11124788}}, {'smartContract': {'address': {'address': '0xb3c49c0a2eb3cdd95f84ce1cbc9591c9ca114a8e'}}, 'caller': {'address': '0x24495670db97f50a404400d7aa155537e2fe09e8'}, 'date': {'date': '2020-10-25'}, 'block': {'height': 11124785}}, {'smartContract': {'address': {'address': '0xf96e7acc056acd6056dcc85f58fcd23297b1a7ea'}}, 'caller': {'address': '0xc0a47dfe034b400b47bdad5fecda2621de6c4d95'}, 'date': {'date': '2020-04-14'}, 'block': {'height': 9869374}}]",2020-10-25
266,266,0x4dA34f8264CB33A5c9F17081B9EF5Ff6091116f4,ELFI Token,https://github.com/elysia-dev,0xe87f7e3A65Acc7b79DBa7716BE1d13C6dc1037df,281444.8644,"[{'smartContract': {'address': {'address': '0x4da34f8264cb33a5c9f17081b9ef5ff6091116f4'}}, 'caller': {'address': '0xe87f7e3a65acc7b79dba7716be1d13c6dc1037df'}, 'date': {'date': '2021-07-01'}, 'block': {'height': 12741419}}]",2021-07-01
267,267,0x9F284E1337A815fe77D2Ff4aE46544645B20c5ff,Darwinia Commitment Token,https://github.com/darwinia-network/darwinia,0x52386BE2397e8EAc26298F733b390684203fB580,274895.7657,"[{'smartContract': {'address': {'address': '0xbb8719a1d8c676ffb82508620973a5dbc11e0e93'}}, 'caller': {'address': '0xa5409ec958c83c3f309868babaca7c86dcb077c1'}, 'date': {'date': '2021-03-02'}, 'block': {'height': 11956165}}]",2018-09-26
268,268,0x896e145568624a498c5a909187363AE947631503,Wasabi,https://github.com/wasabi-swap-team,0x68284083acbabCb6da84f62ea341dd8c30500EEE,259769.2634,"[{'smartContract': {'address': {'address': '0xbe8043ad7b54045619022a4f7c3a596023425540'}}, 'caller': {'address': '0x68284083acbabcb6da84f62ea341dd8c30500eee'}, 'date': {'date': '2022-06-17'}, 'block': {'height': 14977979}}, {'smartContract': {'address': {'address': '0x75933e1cd077df4140ff7d51ab9c10db3f21c217'}}, 'caller': {'address': '0x68284083acbabcb6da84f62ea341dd8c30500eee'}, 'date': {'date': '2022-02-16'}, 'block': {'height': 14217588}}, {'smartContract': {'address': {'address': '0x767f11f15640fdd2e7a512e1c268db7fbf6c0e3a'}}, 'caller': {'address': '0x68284083acbabcb6da84f62ea341dd8c30500eee'}, 'date': {'date': '2022-02-09'}, 'block': {'height': 14172418}}, {'smartContract': {'address': {'address': '0x496fa82da20ee4ea92d8f0b13e0f0ded6ec0a8e4'}}, 'caller': {'address': '0x68284083acbabcb6da84f62ea341dd8c30500eee'}, 'date': {'date': '2022-02-03'}, 'block': {'height': 14133519}}, {'smartContract': {'address': {'address': '0x2efd768fbc2b768bd87320ef4fc2da3a196286f7'}}, 'caller': {'address': '0x68284083acbabcb6da84f62ea341dd8c30500eee'}, 'date': {'date': '2022-01-26'}, 'block': {'height': 14080383}}, {'smartContract': {'address': {'address': '0xd6b6f9d0d0e68886a9ad98480e79b75bf4d7e478'}}, 'caller': {'address': '0x68284083acbabcb6da84f62ea341dd8c30500eee'}, 'date': {'date': '2022-01-20'}, 'block': {'height': 14041243}}, {'smartContract': {'address': {'address': '0x4530277855595741b53cac5532b4a6cc9d83d9bc'}}, 'caller': {'address': '0x68284083acbabcb6da84f62ea341dd8c30500eee'}, 'date': {'date': '2022-01-12'}, 'block': {'height': 13988789}}, {'smartContract': {'address': {'address': '0xe5749762f32f6cd98e37ec53123eff402c245e20'}}, 'caller': {'address': '0x68284083acbabcb6da84f62ea341dd8c30500eee'}, 'date': {'date': '2022-01-05'}, 'block': {'height': 13943954}}, {'smartContract': {'address': {'address': '0x89b5daa78847bf168534bd4178b249c1f55dceff'}}, 'caller': {'address': '0x68284083acbabcb6da84f62ea341dd8c30500eee'}, 'date': {'date': '2021-12-29'}, 'block': {'height': 13899276}}, {'smartContract': {'address': {'address': '0x2bc2362dca28c49cbded8616fa517c81442bb686'}}, 'caller': {'address': '0x68284083acbabcb6da84f62ea341dd8c30500eee'}, 'date': {'date': '2021-12-22'}, 'block': {'height': 13853626}}, {'smartContract': {'address': {'address': '0x116f4b7854f07928a3f39bc5f920547947e8b47a'}}, 'caller': {'address': '0x68284083acbabcb6da84f62ea341dd8c30500eee'}, 'date': {'date': '2021-12-15'}, 'block': {'height': 13808429}}, {'smartContract': {'address': {'address': '0xb7055d5ce6522fd009129f22e41db976379035d1'}}, 'caller': {'address': '0x68284083acbabcb6da84f62ea341dd8c30500eee'}, 'date': {'date': '2021-12-07'}, 'block': {'height': 13757583}}, {'smartContract': {'address': {'address': '0xf194e7706b4cf7561a294fb74c94ab964c6299bc'}}, 'caller': {'address': '0x68284083acbabcb6da84f62ea341dd8c30500eee'}, 'date': {'date': '2021-11-30'}, 'block': {'height': 13712666}}, {'smartContract': {'address': {'address': '0x665497b72d0857613a29f73b1dd45b0961b14eaf'}}, 'caller': {'address': '0x68284083acbabcb6da84f62ea341dd8c30500eee'}, 'date': {'date': '2021-11-23'}, 'block': {'height': 13668806}}, {'smartContract': {'address': {'address': '0xc2e274a3df42ab2299cef032083d5e068ec9d339'}}, 'caller': {'address': '0x68284083acbabcb6da84f62ea341dd8c30500eee'}, 'date': {'date': '2021-11-16'}, 'block': {'height': 13624609}}, {'smartContract': {'address': {'address': '0x86b54e036ded4feedd41442f9cd8620feda59dd3'}}, 'caller': {'address': '0x68284083acbabcb6da84f62ea341dd8c30500eee'}, 'date': {'date': '2021-11-09'}, 'block': {'height': 13580885}}, {'smartContract': {'address': {'address': '0x49b74bfda1a89791b89ec954a33148617ada6441'}}, 'caller': {'address': '0x68284083acbabcb6da84f62ea341dd8c30500eee'}, 'date': {'date': '2021-11-01'}, 'block': {'height': 13528906}}, {'smartContract': {'address': {'address': '0xc6f851a159b50dcb1961343df63f46bfe9ffa2b8'}}, 'caller': {'address': '0x68284083acbabcb6da84f62ea341dd8c30500eee'}, 'date': {'date': '2021-10-25'}, 'block': {'height': 13484242}}, {'smartContract': {'address': {'address': '0x1a44e87223e1d982c8584bc4ee236f9f91288d6d'}}, 'caller': {'address': '0x68284083acbabcb6da84f62ea341dd8c30500eee'}, 'date': {'date': '2021-10-18'}, 'block': {'height': 13439584}}, {'smartContract': {'address': {'address': '0x76f6d33b5c89f8d880f94527368861fb3bdd9335'}}, 'caller': {'address': '0x68284083acbabcb6da84f62ea341dd8c30500eee'}, 'date': {'date': '2021-10-12'}, 'block': {'height': 13401643}}, {'smartContract': {'address': {'address': '0xfc14a0fb96144dda4d95bfed6e9a63b1be2c526b'}}, 'caller': {'address': '0x68284083acbabcb6da84f62ea341dd8c30500eee'}, 'date': {'date': '2021-10-04'}, 'block': {'height': 13350401}}, {'smartContract': {'address': {'address': '0x15d0db34281fbac9763de44e58072b311caafea9'}}, 'caller': {'address': '0x68284083acbabcb6da84f62ea341dd8c30500eee'}, 'date': {'date': '2021-09-27'}, 'block': {'height': 13305517}}, {'smartContract': {'address': {'address': '0xd67a43115b7abd589fbd75da51e625c7250c008a'}}, 'caller': {'address': '0x68284083acbabcb6da84f62ea341dd8c30500eee'}, 'date': {'date': '2021-09-20'}, 'block': {'height': 13259865}}, {'smartContract': {'address': {'address': '0x3f7c29b3a760623ba608f6fc795e72c425546201'}}, 'caller': {'address': '0x68284083acbabcb6da84f62ea341dd8c30500eee'}, 'date': {'date': '2021-09-13'}, 'block': {'height': 13216499}}, {'smartContract': {'address': {'address': '0x4519efbcbae2064b8498e61ecd5179e86484de10'}}, 'caller': {'address': '0x68284083acbabcb6da84f62ea341dd8c30500eee'}, 'date': {'date': '2021-09-06'}, 'block': {'height': 13170094}}, {'smartContract': {'address': {'address': '0x2e46b45f272308076532332cc8769f534384a83e'}}, 'caller': {'address': '0x68284083acbabcb6da84f62ea341dd8c30500eee'}, 'date': {'date': '2021-08-30'}, 'block': {'height': 13124909}}, {'smartContract': {'address': {'address': '0x6d0bd8365e2fcd0c2acf7d218f629a319b6c9d47'}}, 'caller': {'address': '0xb9fc157394af804a3578134a6585c0dc9cc990d4'}, 'date': {'date': '2021-08-25'}, 'block': {'height': 13093540}}, {'smartContract': {'address': {'address': '0x0d5db5a48cba4b48c68494015e75482ea2422a23'}}, 'caller': {'address': '0x68284083acbabcb6da84f62ea341dd8c30500eee'}, 'date': {'date': '2021-08-23'}, 'block': {'height': 13079579}}, {'smartContract': {'address': {'address': '0xfa7ce57a0c69367b4bb64c74bd464497e39cbe4e'}}, 'caller': {'address': '0xc0aee478e3658e2610c5f7a4a2e1777ce9e4f2ac'}, 'date': {'date': '2021-08-18'}, 'block': {'height': 13048255}}, {'smartContract': {'address': {'address': '0xba823ebd48df9d303a0821f79ea196840a263988'}}, 'caller': {'address': '0x68284083acbabcb6da84f62ea341dd8c30500eee'}, 'date': {'date': '2021-08-18'}, 'block': {'height': 13047931}}, {'smartContract': {'address': {'address': '0x599355f4f47b212591514624abecc135fa0c1b16'}}, 'caller': {'address': '0x68284083acbabcb6da84f62ea341dd8c30500eee'}, 'date': {'date': '2021-08-18'}, 'block': {'height': 13047879}}, {'smartContract': {'address': {'address': '0x60b4b6e42b5f3cab771313d2169a00fb5378fb15'}}, 'caller': {'address': '0x68284083acbabcb6da84f62ea341dd8c30500eee'}, 'date': {'date': '2021-08-18'}, 'block': {'height': 13047702}}, {'smartContract': {'address': {'address': '0xc4f2030ded976f45fbb23b702ba725d6f88ef142'}}, 'caller': {'address': '0x68284083acbabcb6da84f62ea341dd8c30500eee'}, 'date': {'date': '2021-08-18'}, 'block': {'height': 13047450}}, {'smartContract': {'address': {'address': '0x29ddf2c4f1e80dc9e95cc57a9ca03a28e4ab6d6c'}}, 'caller': {'address': '0x68284083acbabcb6da84f62ea341dd8c30500eee'}, 'date': {'date': '2021-08-18'}, 'block': {'height': 13047435}}, {'smartContract': {'address': {'address': '0xa9ee843c9197a93424d735b7ded92a89bae47f47'}}, 'caller': {'address': '0x68284083acbabcb6da84f62ea341dd8c30500eee'}, 'date': {'date': '2021-08-16'}, 'block': {'height': 13034796}}, {'smartContract': {'address': {'address': '0x47e3492439528fef29bc5da55aa49ed0efa15c6e'}}, 'caller': {'address': '0x68284083acbabcb6da84f62ea341dd8c30500eee'}, 'date': {'date': '2021-08-10'}, 'block': {'height': 12995818}}, {'smartContract': {'address': {'address': '0x7e8cb02f5cf6f777a628f53c25b49c60a57642ee'}}, 'caller': {'address': '0x68284083acbabcb6da84f62ea341dd8c30500eee'}, 'date': {'date': '2021-08-10'}, 'block': {'height': 12995730}}, {'smartContract': {'address': {'address': '0x5cda2a223458316cfe2f829bde7e5581c9d1e4cd'}}, 'caller': {'address': '0x68284083acbabcb6da84f62ea341dd8c30500eee'}, 'date': {'date': '2021-08-09'}, 'block': {'height': 12989426}}, {'smartContract': {'address': {'address': '0x42ca31f3bc29cb3ad21ebcfbbd168ba568af13b6'}}, 'caller': {'address': '0x68284083acbabcb6da84f62ea341dd8c30500eee'}, 'date': {'date': '2021-08-05'}, 'block': {'height': 12962579}}, {'smartContract': {'address': {'address': '0x3a6968e076856f59cead4a80cff2159e66d8a504'}}, 'caller': {'address': '0x68284083acbabcb6da84f62ea341dd8c30500eee'}, 'date': {'date': '2021-08-02'}, 'block': {'height': 12944014}}, {'smartContract': {'address': {'address': '0x2807227adeb8e99812f132417b032f0cc50b94a7'}}, 'caller': {'address': '0x68284083acbabcb6da84f62ea341dd8c30500eee'}, 'date': {'date': '2021-07-28'}, 'block': {'height': 12912510}}, {'smartContract': {'address': {'address': '0xb938d8cbf7fc6455d1f2ebede5ff9a8e887493b2'}}, 'caller': {'address': '0x68284083acbabcb6da84f62ea341dd8c30500eee'}, 'date': {'date': '2021-06-24'}, 'block': {'height': 12695773}}, {'smartContract': {'address': {'address': '0x834893645f06f7ce32729ea27bb7233157ac1f47'}}, 'caller': {'address': '0x68284083acbabcb6da84f62ea341dd8c30500eee'}, 'date': {'date': '2021-06-18'}, 'block': {'height': 12656928}}, {'smartContract': {'address': {'address': '0xf56053612090896cfa14b89f32a259faef49fe5a'}}, 'caller': {'address': '0x68284083acbabcb6da84f62ea341dd8c30500eee'}, 'date': {'date': '2021-06-15'}, 'block': {'height': 12640173}}, {'smartContract': {'address': {'address': '0x767bdd47880b0533b29abb1e3f9f3e30ce009147'}}, 'caller': {'address': '0x68284083acbabcb6da84f62ea341dd8c30500eee'}, 'date': {'date': '2021-05-25'}, 'block': {'height': 12501737}}, {'smartContract': {'address': {'address': '0x0b276d9b1cbdf7bc9556635059c6ce672e6f4052'}}, 'caller': {'address': '0x68284083acbabcb6da84f62ea341dd8c30500eee'}, 'date': {'date': '2021-04-27'}, 'block': {'height': 12320445}}, {'smartContract': {'address': {'address': '0x7ee64f74792c307446cd92d23e551efae3172a28'}}, 'caller': {'address': '0x68284083acbabcb6da84f62ea341dd8c30500eee'}, 'date': {'date': '2021-04-27'}, 'block': {'height': 12320398}}, {'smartContract': {'address': {'address': '0xb642eb5faf7e731ff62823515b3ff82b45d385bc'}}, 'caller': {'address': '0x68284083acbabcb6da84f62ea341dd8c30500eee'}, 'date': {'date': '2021-04-27'}, 'block': {'height': 12320338}}, {'smartContract': {'address': {'address': '0x6a1fbefdf67445c7f531b4f3e04ffb37b7b13794'}}, 'caller': {'address': '0x68284083acbabcb6da84f62ea341dd8c30500eee'}, 'date': {'date': '2021-04-27'}, 'block': {'height': 12320295}}, {'smartContract': {'address': {'address': '0xb208dec45edbd1179d9e275c5d459e6282d606ea'}}, 'caller': {'address': '0x68284083acbabcb6da84f62ea341dd8c30500eee'}, 'date': {'date': '2021-04-24'}, 'block': {'height': 12302678}}, {'smartContract': {'address': {'address': '0x71b426f51f1ba003836abfb457eb2f90643c504e'}}, 'caller': {'address': '0x68284083acbabcb6da84f62ea341dd8c30500eee'}, 'date': {'date': '2021-04-23'}, 'block': {'height': 12294187}}, {'smartContract': {'address': {'address': '0xc95269c12eeaa8061c03cd2340897d97de885c30'}}, 'caller': {'address': '0x68284083acbabcb6da84f62ea341dd8c30500eee'}, 'date': {'date': '2021-04-22'}, 'block': {'height': 12288957}}, {'smartContract': {'address': {'address': '0x99b399b4c79b8c51c4bc8c0df4f49a77cfdec340'}}, 'caller': {'address': '0x68284083acbabcb6da84f62ea341dd8c30500eee'}, 'date': {'date': '2021-04-22'}, 'block': {'height': 12288820}}, {'smartContract': {'address': {'address': '0x55c75414f525ef9ccbb8105ce083edbda0075fb5'}}, 'caller': {'address': '0x68284083acbabcb6da84f62ea341dd8c30500eee'}, 'date': {'date': '2021-04-22'}, 'block': {'height': 12288743}}, {'smartContract': {'address': {'address': '0xcbf335bb8ee86a5a88bebcda4506a665aa8d7022'}}, 'caller': {'address': '0x68284083acbabcb6da84f62ea341dd8c30500eee'}, 'date': {'date': '2021-04-22'}, 'block': {'height': 12288701}}, {'smartContract': {'address': {'address': '0xaf1ea5b45498f6c1b457b0e40cfe423e74713b05'}}, 'caller': {'address': '0x68284083acbabcb6da84f62ea341dd8c30500eee'}, 'date': {'date': '2021-04-13'}, 'block': {'height': 12229669}}, {'smartContract': {'address': {'address': '0x68e91df501ab66a0796d0fd164b907acf5f89ad0'}}, 'caller': {'address': '0x68284083acbabcb6da84f62ea341dd8c30500eee'}, 'date': {'date': '2021-04-13'}, 'block': {'height': 12229590}}, {'smartContract': {'address': {'address': '0x26a70759222b1842a7c72215f64c7fde8db24856'}}, 'caller': {'address': '0x68284083acbabcb6da84f62ea341dd8c30500eee'}, 'date': {'date': '2021-04-13'}, 'block': {'height': 12229536}}, {'smartContract': {'address': {'address': '0xfd8e70e83e399307db3978d3f34b060a06792c36'}}, 'caller': {'address': '0x68284083acbabcb6da84f62ea341dd8c30500eee'}, 'date': {'date': '2021-04-13'}, 'block': {'height': 12229506}}, {'smartContract': {'address': {'address': '0xd542b6741b96e703b7e32cca22a94d69ae50cb7a'}}, 'caller': {'address': '0x68284083acbabcb6da84f62ea341dd8c30500eee'}, 'date': {'date': '2021-04-09'}, 'block': {'height': 12203581}}, {'smartContract': {'address': {'address': '0x2de9441c3e22725474146450fc3467a2c778040f'}}, 'caller': {'address': '0x68284083acbabcb6da84f62ea341dd8c30500eee'}, 'date': {'date': '2021-04-09'}, 'block': {'height': 12203072}}, {'smartContract': {'address': {'address': '0x5712c641ca4c0ef4bcf70a7aa53aeb680abf5844'}}, 'caller': {'address': '0x68284083acbabcb6da84f62ea341dd8c30500eee'}, 'date': {'date': '2021-04-01'}, 'block': {'height': 12151826}}, {'smartContract': {'address': {'address': '0x894ccdbed28e294482fecf10eac5962148bf4e15'}}, 'caller': {'address': '0x68284083acbabcb6da84f62ea341dd8c30500eee'}, 'date': {'date': '2021-04-01'}, 'block': {'height': 12151440}}, {'smartContract': {'address': {'address': '0x805c76c90d4af4c0a1e32dfa90b0b73ea8b459a2'}}, 'caller': {'address': '0x68284083acbabcb6da84f62ea341dd8c30500eee'}, 'date': {'date': '2021-03-26'}, 'block': {'height': 12113961}}, {'smartContract': {'address': {'address': '0x503a241da85f5005513f588e66b3332e952b47da'}}, 'caller': {'address': '0x68284083acbabcb6da84f62ea341dd8c30500eee'}, 'date': {'date': '2021-03-25'}, 'block': {'height': 12109228}}, {'smartContract': {'address': {'address': '0xb457b400b817898efe60a614fdbcdf6626026293'}}, 'caller': {'address': '0x68284083acbabcb6da84f62ea341dd8c30500eee'}, 'date': {'date': '2021-03-22'}, 'block': {'height': 12087482}}, {'smartContract': {'address': {'address': '0x80bdf509dd4f8114cb05e2ff166a100d3499ef7c'}}, 'caller': {'address': '0x68284083acbabcb6da84f62ea341dd8c30500eee'}, 'date': {'date': '2021-03-22'}, 'block': {'height': 12087470}}, {'smartContract': {'address': {'address': '0x0eda8090e9a86668484915e5e1856e83480fa010'}}, 'caller': {'address': '0x68284083acbabcb6da84f62ea341dd8c30500eee'}, 'date': {'date': '2021-03-22'}, 'block': {'height': 12087449}}, {'smartContract': {'address': {'address': '0x896e145568624a498c5a909187363ae947631503'}}, 'caller': {'address': '0x68284083acbabcb6da84f62ea341dd8c30500eee'}, 'date': {'date': '2021-03-22'}, 'block': {'height': 12087392}}, {'smartContract': {'address': {'address': '0xb8c04f13b23cc4046c5446efc8abd8d0daf467ca'}}, 'caller': {'address': '0x68284083acbabcb6da84f62ea341dd8c30500eee'}, 'date': {'date': '2021-03-22'}, 'block': {'height': 12087182}}, {'smartContract': {'address': {'address': '0x219de705e6c22d6fbc27446161efcc7d5d055ecb'}}, 'caller': {'address': '0x68284083acbabcb6da84f62ea341dd8c30500eee'}, 'date': {'date': '2021-03-22'}, 'block': {'height': 12087138}}, {'smartContract': {'address': {'address': '0x5cefb9f7c53a1b0c78e239b2445ddd2d362b7076'}}, 'caller': {'address': '0x68284083acbabcb6da84f62ea341dd8c30500eee'}, 'date': {'date': '2021-03-22'}, 'block': {'height': 12087053}}, {'smartContract': {'address': {'address': '0xc2db4c131adaf01c15a1db654c040c8578929d55'}}, 'caller': {'address': '0x68284083acbabcb6da84f62ea341dd8c30500eee'}, 'date': {'date': '2021-03-22'}, 'block': {'height': 12086832}}]",2021-03-22
269,269,0x03E173Ad8d1581A4802d3B532AcE27a62c5B81dc,Thales Token,,0x4D03eF005e5f559fc9294a8E1CeBbA09284B1F82,257868.2467,"[{'smartContract': {'address': {'address': '0x883d651429b0829bc045a94f288f3b514021b8c1'}}, 'caller': {'address': '0x4d03ef005e5f559fc9294a8e1cebba09284b1f82'}, 'date': {'date': '2021-09-29'}, 'block': {'height': 13319570}}, {'smartContract': {'address': {'address': '0x8d3703d4ded77473e632def20002dadc86bf4aad'}}, 'caller': {'address': '0x4d03ef005e5f559fc9294a8e1cebba09284b1f82'}, 'date': {'date': '2021-09-29'}, 'block': {'height': 13319529}}, {'smartContract': {'address': {'address': '0xdaab884d083fe5c38b4679ae194c52f176bd8783'}}, 'caller': {'address': '0x4d03ef005e5f559fc9294a8e1cebba09284b1f82'}, 'date': {'date': '2021-09-29'}, 'block': {'height': 13319519}}, {'smartContract': {'address': {'address': '0x0764e1723b1091c0b6a5337ff9e2d7054f72a5dc'}}, 'caller': {'address': '0x4d03ef005e5f559fc9294a8e1cebba09284b1f82'}, 'date': {'date': '2021-09-14'}, 'block': {'height': 13223064}}, {'smartContract': {'address': {'address': '0xbae14faf280fb293e6f3d6c0b5e80ed5d477b161'}}, 'caller': {'address': '0x4d03ef005e5f559fc9294a8e1cebba09284b1f82'}, 'date': {'date': '2021-09-12'}, 'block': {'height': 13210181}}, {'smartContract': {'address': {'address': '0x0f33af99f3c124189b8da7c7be6dc08c77a9ddc7'}}, 'caller': {'address': '0x4d03ef005e5f559fc9294a8e1cebba09284b1f82'}, 'date': {'date': '2021-09-11'}, 'block': {'height': 13204279}}, {'smartContract': {'address': {'address': '0x03e173ad8d1581a4802d3b532ace27a62c5b81dc'}}, 'caller': {'address': '0x4d03ef005e5f559fc9294a8e1cebba09284b1f82'}, 'date': {'date': '2021-09-11'}, 'block': {'height': 13204171}}, {'smartContract': {'address': {'address': '0x76ea230080b09932a5e30923d80001e94ce473ba'}}, 'caller': {'address': '0x6b1cd6c90cf2ec9217372212df388b27a8059aef'}, 'date': {'date': '2021-09-01'}, 'block': {'height': 13139393}}, {'smartContract': {'address': {'address': '0x6b1cd6c90cf2ec9217372212df388b27a8059aef'}}, 'caller': {'address': '0x08d610fa9a674bc8a5824411cb5d3f529ca5516e'}, 'date': {'date': '2021-09-01'}, 'block': {'height': 13139393}}, {'smartContract': {'address': {'address': '0x964df433f32f64a9219d33fd1f8afd846bd6ac92'}}, 'caller': {'address': '0x6b1cd6c90cf2ec9217372212df388b27a8059aef'}, 'date': {'date': '2021-09-01'}, 'block': {'height': 13139393}}, {'smartContract': {'address': {'address': '0xeba0c420821700fbf6f108464325545ca991af64'}}, 'caller': {'address': '0x4d03ef005e5f559fc9294a8e1cebba09284b1f82'}, 'date': {'date': '2021-09-01'}, 'block': {'height': 13139392}}, {'smartContract': {'address': {'address': '0x4d6b88bb6e70494298987c5206397be7429b1583'}}, 'caller': {'address': '0xdab08954ee34df4eedacdf218079c1a5863a597e'}, 'date': {'date': '2021-09-01'}, 'block': {'height': 13139385}}, {'smartContract': {'address': {'address': '0xdab08954ee34df4eedacdf218079c1a5863a597e'}}, 'caller': {'address': '0x08d610fa9a674bc8a5824411cb5d3f529ca5516e'}, 'date': {'date': '2021-09-01'}, 'block': {'height': 13139385}}, {'smartContract': {'address': {'address': '0x758093d90178864a7649834616853408d348e8c1'}}, 'caller': {'address': '0xdab08954ee34df4eedacdf218079c1a5863a597e'}, 'date': {'date': '2021-09-01'}, 'block': {'height': 13139385}}, {'smartContract': {'address': {'address': '0xb69c203c0e632553bb6c1c09342f62ad18ea293d'}}, 'caller': {'address': '0x4d03ef005e5f559fc9294a8e1cebba09284b1f82'}, 'date': {'date': '2021-09-01'}, 'block': {'height': 13139363}}, {'smartContract': {'address': {'address': '0x752cc8e44c3d2ca20ef7ca2c41c0c09457284bb5'}}, 'caller': {'address': '0x343aacbeb10ca85cac13b98e0c64f09f191802c8'}, 'date': {'date': '2021-09-01'}, 'block': {'height': 13138792}}, {'smartContract': {'address': {'address': '0x665dffa10466fc6c2b5c317ca17c6efa60233d4b'}}, 'caller': {'address': '0x343aacbeb10ca85cac13b98e0c64f09f191802c8'}, 'date': {'date': '2021-09-01'}, 'block': {'height': 13138792}}, {'smartContract': {'address': {'address': '0x343aacbeb10ca85cac13b98e0c64f09f191802c8'}}, 'caller': {'address': '0x08d610fa9a674bc8a5824411cb5d3f529ca5516e'}, 'date': {'date': '2021-09-01'}, 'block': {'height': 13138792}}, {'smartContract': {'address': {'address': '0x609d38b206d7459dcce246bf6e1649565d334adb'}}, 'caller': {'address': '0x4d03ef005e5f559fc9294a8e1cebba09284b1f82'}, 'date': {'date': '2021-09-01'}, 'block': {'height': 13138791}}, {'smartContract': {'address': {'address': '0xc71a07718739928e63a066f71ddfabf7c2a8b219'}}, 'caller': {'address': '0x3edf0f6534bafd02a82c33be1277d24553fb38b3'}, 'date': {'date': '2021-09-01'}, 'block': {'height': 13138790}}, {'smartContract': {'address': {'address': '0xff173f0d1f1b4519cd07189f4c6bd19b0d64405c'}}, 'caller': {'address': '0x3edf0f6534bafd02a82c33be1277d24553fb38b3'}, 'date': {'date': '2021-09-01'}, 'block': {'height': 13138790}}, {'smartContract': {'address': {'address': '0x3edf0f6534bafd02a82c33be1277d24553fb38b3'}}, 'caller': {'address': '0x08d610fa9a674bc8a5824411cb5d3f529ca5516e'}, 'date': {'date': '2021-09-01'}, 'block': {'height': 13138790}}, {'smartContract': {'address': {'address': '0xf0829013d884003ce4b2f9cb4de9229f5b44639c'}}, 'caller': {'address': '0x4d03ef005e5f559fc9294a8e1cebba09284b1f82'}, 'date': {'date': '2021-09-01'}, 'block': {'height': 13138581}}, {'smartContract': {'address': {'address': '0x77a14eae11790f863ff38e9b428d56ec73703fca'}}, 'caller': {'address': '0x9324991d42ca71e8c451f15a5f8e4abd3515e0b7'}, 'date': {'date': '2021-09-01'}, 'block': {'height': 13138551}}, {'smartContract': {'address': {'address': '0x9324991d42ca71e8c451f15a5f8e4abd3515e0b7'}}, 'caller': {'address': '0x08d610fa9a674bc8a5824411cb5d3f529ca5516e'}, 'date': {'date': '2021-09-01'}, 'block': {'height': 13138551}}, {'smartContract': {'address': {'address': '0x2169501eb9a4f20e4b2a07971bc3a1336a46ed2b'}}, 'caller': {'address': '0x9324991d42ca71e8c451f15a5f8e4abd3515e0b7'}, 'date': {'date': '2021-09-01'}, 'block': {'height': 13138551}}, {'smartContract': {'address': {'address': '0x0121caa5b43fffcf3b9d31e53596046861eb25a3'}}, 'caller': {'address': '0x4d03ef005e5f559fc9294a8e1cebba09284b1f82'}, 'date': {'date': '2021-09-01'}, 'block': {'height': 13138545}}, {'smartContract': {'address': {'address': '0x9834ef1857230ba55473b6fbe18606214a0a3d7e'}}, 'caller': {'address': '0x08d610fa9a674bc8a5824411cb5d3f529ca5516e'}, 'date': {'date': '2021-09-01'}, 'block': {'height': 13138542}}, {'smartContract': {'address': {'address': '0x4120b2ae6a30fb1bb388da19597156658e6007ae'}}, 'caller': {'address': '0x9834ef1857230ba55473b6fbe18606214a0a3d7e'}, 'date': {'date': '2021-09-01'}, 'block': {'height': 13138542}}, {'smartContract': {'address': {'address': '0x7fdd83bf30bf81dd03c3fdcfee82c61fed33709a'}}, 'caller': {'address': '0x9834ef1857230ba55473b6fbe18606214a0a3d7e'}, 'date': {'date': '2021-09-01'}, 'block': {'height': 13138542}}, {'smartContract': {'address': {'address': '0x74559647364f527730e081946362210572fe5b72'}}, 'caller': {'address': '0x4d03ef005e5f559fc9294a8e1cebba09284b1f82'}, 'date': {'date': '2021-09-01'}, 'block': {'height': 13137903}}, {'smartContract': {'address': {'address': '0xcbb917a76fce89575b3fcf7e51d6666ee0f5d2c8'}}, 'caller': {'address': '0x4d03ef005e5f559fc9294a8e1cebba09284b1f82'}, 'date': {'date': '2021-08-31'}, 'block': {'height': 13133734}}, {'smartContract': {'address': {'address': '0xb02e0991f545628c82583c77f32a96919cc223cd'}}, 'caller': {'address': '0x07323046fb59d303ac5fca960a583aebabc00220'}, 'date': {'date': '2021-07-28'}, 'block': {'height': 12913974}}, {'smartContract': {'address': {'address': '0x5aeb336dc190e4734184399cb5110777b03e29f6'}}, 'caller': {'address': '0x07323046fb59d303ac5fca960a583aebabc00220'}, 'date': {'date': '2021-07-28'}, 'block': {'height': 12913974}}, {'smartContract': {'address': {'address': '0x07323046fb59d303ac5fca960a583aebabc00220'}}, 'caller': {'address': '0x08d610fa9a674bc8a5824411cb5d3f529ca5516e'}, 'date': {'date': '2021-07-28'}, 'block': {'height': 12913974}}, {'smartContract': {'address': {'address': '0xf064ff23820d0a1f80989a38a62fbde0ff9e60f7'}}, 'caller': {'address': '0x4d03ef005e5f559fc9294a8e1cebba09284b1f82'}, 'date': {'date': '2021-07-28'}, 'block': {'height': 12913968}}, {'smartContract': {'address': {'address': '0x11210c5ac227db20c181fc67a10cdbfe36864c21'}}, 'caller': {'address': '0x2f9586a096a2da7613361cbe8e8b3b83eec4d0c9'}, 'date': {'date': '2021-07-28'}, 'block': {'height': 12913967}}, {'smartContract': {'address': {'address': '0x2f9586a096a2da7613361cbe8e8b3b83eec4d0c9'}}, 'caller': {'address': '0x08d610fa9a674bc8a5824411cb5d3f529ca5516e'}, 'date': {'date': '2021-07-28'}, 'block': {'height': 12913967}}, {'smartContract': {'address': {'address': '0x025ce755fc30b1fb14f52f6d2630961f2b0f5aa6'}}, 'caller': {'address': '0x2f9586a096a2da7613361cbe8e8b3b83eec4d0c9'}, 'date': {'date': '2021-07-28'}, 'block': {'height': 12913967}}, {'smartContract': {'address': {'address': '0x7efbbe54991d1617d0640686ded937ff1c54fd45'}}, 'caller': {'address': '0x4d03ef005e5f559fc9294a8e1cebba09284b1f82'}, 'date': {'date': '2021-07-28'}, 'block': {'height': 12913965}}, {'smartContract': {'address': {'address': '0x1ac336da1dad40d695eead5eda523ee88d67be93'}}, 'caller': {'address': '0x9930c94f7fb25111a819910a4923b207ba01d7d7'}, 'date': {'date': '2021-07-28'}, 'block': {'height': 12913959}}, {'smartContract': {'address': {'address': '0x109b8823b5aa741ecaa87402c7d80a6ad62e0665'}}, 'caller': {'address': '0x9930c94f7fb25111a819910a4923b207ba01d7d7'}, 'date': {'date': '2021-07-28'}, 'block': {'height': 12913959}}, {'smartContract': {'address': {'address': '0x9930c94f7fb25111a819910a4923b207ba01d7d7'}}, 'caller': {'address': '0x08d610fa9a674bc8a5824411cb5d3f529ca5516e'}, 'date': {'date': '2021-07-28'}, 'block': {'height': 12913959}}, {'smartContract': {'address': {'address': '0x00ca2b3300f19bb73ea40151a5b99efe68bc9a1c'}}, 'caller': {'address': '0x4d03ef005e5f559fc9294a8e1cebba09284b1f82'}, 'date': {'date': '2021-07-28'}, 'block': {'height': 12913957}}, {'smartContract': {'address': {'address': '0x44d23fc84336acef3640f1ef2983b823744f7587'}}, 'caller': {'address': '0x4d03ef005e5f559fc9294a8e1cebba09284b1f82'}, 'date': {'date': '2021-07-28'}, 'block': {'height': 12913949}}, {'smartContract': {'address': {'address': '0xf2130020492986fc113fd01f704c27eb0b671724'}}, 'caller': {'address': '0x90e11fb17eb2728400006d03fd33cffe493be9a5'}, 'date': {'date': '2021-07-28'}, 'block': {'height': 12913948}}, {'smartContract': {'address': {'address': '0x90e11fb17eb2728400006d03fd33cffe493be9a5'}}, 'caller': {'address': '0x08d610fa9a674bc8a5824411cb5d3f529ca5516e'}, 'date': {'date': '2021-07-28'}, 'block': {'height': 12913948}}, {'smartContract': {'address': {'address': '0xb3e757507ad1219f5f1e8b2caa1234b68da22cf2'}}, 'caller': {'address': '0x90e11fb17eb2728400006d03fd33cffe493be9a5'}, 'date': {'date': '2021-07-28'}, 'block': {'height': 12913948}}, {'smartContract': {'address': {'address': '0xa2797f026b310f1d7a95f5fb06127d17408e13b4'}}, 'caller': {'address': '0x4d03ef005e5f559fc9294a8e1cebba09284b1f82'}, 'date': {'date': '2021-07-28'}, 'block': {'height': 12913942}}, {'smartContract': {'address': {'address': '0xf21347b0679c262847bb6c70f903498dedc3551d'}}, 'caller': {'address': '0x08d610fa9a674bc8a5824411cb5d3f529ca5516e'}, 'date': {'date': '2021-07-28'}, 'block': {'height': 12913940}}, {'smartContract': {'address': {'address': '0x8a3518cbb8dbf6f514aafbb9317070685c6f6a38'}}, 'caller': {'address': '0xf21347b0679c262847bb6c70f903498dedc3551d'}, 'date': {'date': '2021-07-28'}, 'block': {'height': 12913940}}, {'smartContract': {'address': {'address': '0x8bc45c2b7b7dca6759c3aa8766d1fa92277ad770'}}, 'caller': {'address': '0xf21347b0679c262847bb6c70f903498dedc3551d'}, 'date': {'date': '2021-07-28'}, 'block': {'height': 12913940}}, {'smartContract': {'address': {'address': '0x5b1c83b88105e6e165e447eea72fa27535863491'}}, 'caller': {'address': '0x4d03ef005e5f559fc9294a8e1cebba09284b1f82'}, 'date': {'date': '2021-07-28'}, 'block': {'height': 12913938}}, {'smartContract': {'address': {'address': '0x2f40fbb5fab0155869200f7a3eb674d763224ee1'}}, 'caller': {'address': '0x08d610fa9a674bc8a5824411cb5d3f529ca5516e'}, 'date': {'date': '2021-07-28'}, 'block': {'height': 12913936}}, {'smartContract': {'address': {'address': '0x6dc9d9f58012242b8dbec91b1f09016713c7022b'}}, 'caller': {'address': '0x2f40fbb5fab0155869200f7a3eb674d763224ee1'}, 'date': {'date': '2021-07-28'}, 'block': {'height': 12913936}}, {'smartContract': {'address': {'address': '0x877237a36aa2c7f7d3730082c37261e1e22d29ee'}}, 'caller': {'address': '0x2f40fbb5fab0155869200f7a3eb674d763224ee1'}, 'date': {'date': '2021-07-28'}, 'block': {'height': 12913936}}, {'smartContract': {'address': {'address': '0xc1245447332af3af150c07f39ecea221dbec9afe'}}, 'caller': {'address': '0x4d03ef005e5f559fc9294a8e1cebba09284b1f82'}, 'date': {'date': '2021-07-28'}, 'block': {'height': 12913934}}, {'smartContract': {'address': {'address': '0x6c17326a5ebf3292bb39a63a5ff2314d7ae3061d'}}, 'caller': {'address': '0x08d610fa9a674bc8a5824411cb5d3f529ca5516e'}, 'date': {'date': '2021-07-28'}, 'block': {'height': 12913931}}, {'smartContract': {'address': {'address': '0x89f1b6223233bb84c67080459e982156e4877568'}}, 'caller': {'address': '0x6c17326a5ebf3292bb39a63a5ff2314d7ae3061d'}, 'date': {'date': '2021-07-28'}, 'block': {'height': 12913931}}, {'smartContract': {'address': {'address': '0x03f353a86cb4aa9ff059a68703d012da3c3fcb68'}}, 'caller': {'address': '0x6c17326a5ebf3292bb39a63a5ff2314d7ae3061d'}, 'date': {'date': '2021-07-28'}, 'block': {'height': 12913931}}, {'smartContract': {'address': {'address': '0x88cd4b9c35828660ae6adea739ea88ad284d4601'}}, 'caller': {'address': '0x4d03ef005e5f559fc9294a8e1cebba09284b1f82'}, 'date': {'date': '2021-07-28'}, 'block': {'height': 12913928}}, {'smartContract': {'address': {'address': '0x1728bd0947ab491f84282012d7844caa1b6b5602'}}, 'caller': {'address': '0x4d03ef005e5f559fc9294a8e1cebba09284b1f82'}, 'date': {'date': '2021-07-28'}, 'block': {'height': 12913921}}, {'smartContract': {'address': {'address': '0xe0ad9ef60975c9c597e103b53bc51373a766d968'}}, 'caller': {'address': '0x08d610fa9a674bc8a5824411cb5d3f529ca5516e'}, 'date': {'date': '2021-07-28'}, 'block': {'height': 12913920}}, {'smartContract': {'address': {'address': '0xf583ce65d83976f7ef47ff1772e4dd5fb6e9067f'}}, 'caller': {'address': '0xe0ad9ef60975c9c597e103b53bc51373a766d968'}, 'date': {'date': '2021-07-28'}, 'block': {'height': 12913920}}, {'smartContract': {'address': {'address': '0x44b075f21affab1d6899d9710bf3cc77b461fbce'}}, 'caller': {'address': '0xe0ad9ef60975c9c597e103b53bc51373a766d968'}, 'date': {'date': '2021-07-28'}, 'block': {'height': 12913920}}, {'smartContract': {'address': {'address': '0x1b919f2fb1085681e7d30fa48aff4f595f20d953'}}, 'caller': {'address': '0x4d03ef005e5f559fc9294a8e1cebba09284b1f82'}, 'date': {'date': '2021-07-28'}, 'block': {'height': 12913915}}, {'smartContract': {'address': {'address': '0x3636646d5bc3b13cbd5f319b648b360a34c037e0'}}, 'caller': {'address': '0xac6d2297c6ee4fddcb856dcb53c48c38a069c418'}, 'date': {'date': '2021-07-28'}, 'block': {'height': 12913911}}, {'smartContract': {'address': {'address': '0xac6d2297c6ee4fddcb856dcb53c48c38a069c418'}}, 'caller': {'address': '0x08d610fa9a674bc8a5824411cb5d3f529ca5516e'}, 'date': {'date': '2021-07-28'}, 'block': {'height': 12913911}}, {'smartContract': {'address': {'address': '0xdb6c7aff30820222c1b6ad2a4ac0d2844211b65d'}}, 'caller': {'address': '0xac6d2297c6ee4fddcb856dcb53c48c38a069c418'}, 'date': {'date': '2021-07-28'}, 'block': {'height': 12913911}}, {'smartContract': {'address': {'address': '0x4f03e0b8a9798a9b9cdf56dc146efef4821f6bfb'}}, 'caller': {'address': '0x4d03ef005e5f559fc9294a8e1cebba09284b1f82'}, 'date': {'date': '2021-07-28'}, 'block': {'height': 12913908}}, {'smartContract': {'address': {'address': '0x396ba3b074c71335b7276828c9d9c352b1155aaa'}}, 'caller': {'address': '0x08d610fa9a674bc8a5824411cb5d3f529ca5516e'}, 'date': {'date': '2021-07-28'}, 'block': {'height': 12913906}}, {'smartContract': {'address': {'address': '0xe849a6c118ad726f252bc0188c6c3b6a0f018f07'}}, 'caller': {'address': '0x396ba3b074c71335b7276828c9d9c352b1155aaa'}, 'date': {'date': '2021-07-28'}, 'block': {'height': 12913906}}, {'smartContract': {'address': {'address': '0x156aa826dd355bc593cfd33222147d10e89556c8'}}, 'caller': {'address': '0x396ba3b074c71335b7276828c9d9c352b1155aaa'}, 'date': {'date': '2021-07-28'}, 'block': {'height': 12913906}}, {'smartContract': {'address': {'address': '0xf0d684586f347a6be3487f3ec4dc1c7bc1617304'}}, 'caller': {'address': '0x4d03ef005e5f559fc9294a8e1cebba09284b1f82'}, 'date': {'date': '2021-07-28'}, 'block': {'height': 12913838}}, {'smartContract': {'address': {'address': '0xeec8109730111fe1f17d55a814e831a1a211e3a7'}}, 'caller': {'address': '0x4d03ef005e5f559fc9294a8e1cebba09284b1f82'}, 'date': {'date': '2021-07-28'}, 'block': {'height': 12913835}}, {'smartContract': {'address': {'address': '0x6c0dfeeb57e126d2a66a71a44678ab51b8a5b1b5'}}, 'caller': {'address': '0x4d03ef005e5f559fc9294a8e1cebba09284b1f82'}, 'date': {'date': '2021-07-28'}, 'block': {'height': 12913827}}, {'smartContract': {'address': {'address': '0x9819227c824637f4c93f14c4d83792084d7c5e9b'}}, 'caller': {'address': '0x4d03ef005e5f559fc9294a8e1cebba09284b1f82'}, 'date': {'date': '2021-07-28'}, 'block': {'height': 12913792}}, {'smartContract': {'address': {'address': '0x5ed98ebb66a929758c7fe5ac60c979adf0f4040a'}}, 'caller': {'address': '0x4d03ef005e5f559fc9294a8e1cebba09284b1f82'}, 'date': {'date': '2021-07-28'}, 'block': {'height': 12913783}}, {'smartContract': {'address': {'address': '0x08d610fa9a674bc8a5824411cb5d3f529ca5516e'}}, 'caller': {'address': '0x4d03ef005e5f559fc9294a8e1cebba09284b1f82'}, 'date': {'date': '2021-07-28'}, 'block': {'height': 12913773}}, {'smartContract': {'address': {'address': '0x7fda84e52ff1d4c4e0241c5917485616fdcfcece'}}, 'caller': {'address': '0x4d03ef005e5f559fc9294a8e1cebba09284b1f82'}, 'date': {'date': '2021-07-28'}, 'block': {'height': 12913768}}, {'smartContract': {'address': {'address': '0x6a8ac20846220c51000ca36ca689015fec1a1866'}}, 'caller': {'address': '0x4d03ef005e5f559fc9294a8e1cebba09284b1f82'}, 'date': {'date': '2021-07-28'}, 'block': {'height': 12913764}}, {'smartContract': {'address': {'address': '0x2dc96bbeb2081942c932e74f5b53c467d324ae92'}}, 'caller': {'address': '0x4d03ef005e5f559fc9294a8e1cebba09284b1f82'}, 'date': {'date': '2021-07-24'}, 'block': {'height': 12888426}}, {'smartContract': {'address': {'address': '0x4d49a1ed7b7f80ac70a6ba47f9cddff64fc8fa21'}}, 'caller': {'address': '0x4d03ef005e5f559fc9294a8e1cebba09284b1f82'}, 'date': {'date': '2021-07-24'}, 'block': {'height': 12888424}}, {'smartContract': {'address': {'address': '0x71f4376a2675d3b88e3e0bdfbcf203e7771e855d'}}, 'caller': {'address': '0x4d03ef005e5f559fc9294a8e1cebba09284b1f82'}, 'date': {'date': '2021-07-24'}, 'block': {'height': 12888421}}, {'smartContract': {'address': {'address': '0x7f21a250924d0a86c9c14e752fe0317ab7314a41'}}, 'caller': {'address': '0x4d03ef005e5f559fc9294a8e1cebba09284b1f82'}, 'date': {'date': '2021-07-24'}, 'block': {'height': 12888419}}, {'smartContract': {'address': {'address': '0x6eccc2b0b3edb844d71df338c37c2f8e28d37230'}}, 'caller': {'address': '0x4d03ef005e5f559fc9294a8e1cebba09284b1f82'}, 'date': {'date': '2021-07-24'}, 'block': {'height': 12888407}}, {'smartContract': {'address': {'address': '0x2206bd16eb8216a89cb779590301a0d61b1b6e41'}}, 'caller': {'address': '0x4d03ef005e5f559fc9294a8e1cebba09284b1f82'}, 'date': {'date': '2021-06-17'}, 'block': {'height': 12651599}}, {'smartContract': {'address': {'address': '0xc3449336909bf8663903c784047f5cbe82da09f1'}}, 'caller': {'address': '0x4d03ef005e5f559fc9294a8e1cebba09284b1f82'}, 'date': {'date': '2021-06-17'}, 'block': {'height': 12651597}}, {'smartContract': {'address': {'address': '0x0c6856ada9e285555630c60c8e759203a61259c4'}}, 'caller': {'address': '0x4d03ef005e5f559fc9294a8e1cebba09284b1f82'}, 'date': {'date': '2021-06-17'}, 'block': {'height': 12651588}}, {'smartContract': {'address': {'address': '0x584956f8e9841f6326eec0c723ebff2b6c6fd977'}}, 'caller': {'address': '0x4d03ef005e5f559fc9294a8e1cebba09284b1f82'}, 'date': {'date': '2021-06-17'}, 'block': {'height': 12651586}}, {'smartContract': {'address': {'address': '0xc604bfbb11a404d269ae649aa31287eb4304bcd8'}}, 'caller': {'address': '0x4d03ef005e5f559fc9294a8e1cebba09284b1f82'}, 'date': {'date': '2021-06-17'}, 'block': {'height': 12651583}}, {'smartContract': {'address': {'address': '0x8525e57d218b717e65a5e84766bdd2d87731640c'}}, 'caller': {'address': '0x4d03ef005e5f559fc9294a8e1cebba09284b1f82'}, 'date': {'date': '2021-06-16'}, 'block': {'height': 12645176}}, {'smartContract': {'address': {'address': '0x0bf2103192581e104274ec2db94383f3815467bf'}}, 'caller': {'address': '0x4d03ef005e5f559fc9294a8e1cebba09284b1f82'}, 'date': {'date': '2021-06-16'}, 'block': {'height': 12645171}}, {'smartContract': {'address': {'address': '0x7236aef748e70f2abfb4dc21c147b3ffea07c57b'}}, 'caller': {'address': '0x4d03ef005e5f559fc9294a8e1cebba09284b1f82'}, 'date': {'date': '2021-06-16'}, 'block': {'height': 12645169}}, {'smartContract': {'address': {'address': '0xab253ffc39b06f67197104c9dcae4cc177b0da8b'}}, 'caller': {'address': '0x4d03ef005e5f559fc9294a8e1cebba09284b1f82'}, 'date': {'date': '2021-06-16'}, 'block': {'height': 12645168}}, {'smartContract': {'address': {'address': '0x58d0bde89851b09a869e5eb773307bae00d7d3e2'}}, 'caller': {'address': '0x4d03ef005e5f559fc9294a8e1cebba09284b1f82'}, 'date': {'date': '2021-06-16'}, 'block': {'height': 12645160}}]",2021-09-11
270,270,0x16ba8Efe847EBDFef99d399902ec29397D403C30,Oh! Finance,https://github.com/orgs/OhFinance,0x000000010b5AFA32AB82B72625D68571B11EAE13,257653.4592,"[{'smartContract': {'address': {'address': '0xe4fb6e4ad1f0af8f50969d4e1fefcd5796fb538c'}}, 'caller': {'address': '0x000000010b5afa32ab82b72625d68571b11eae13'}, 'date': {'date': '2022-12-02'}, 'block': {'height': 16093607}}, {'smartContract': {'address': {'address': '0x9ca75a25768be4555dce733d973a92632388c5ed'}}, 'caller': {'address': '0x000000010b5afa32ab82b72625d68571b11eae13'}, 'date': {'date': '2022-12-02'}, 'block': {'height': 16093604}}, {'smartContract': {'address': {'address': '0x1b6a4f5afec356ae098f97b5379e258f4a683597'}}, 'caller': {'address': '0x000000010b5afa32ab82b72625d68571b11eae13'}, 'date': {'date': '2022-12-02'}, 'block': {'height': 16093601}}, {'smartContract': {'address': {'address': '0xe9eb6367deb53cd188e79122a2f9275b8f156712'}}, 'caller': {'address': '0x000000010b5afa32ab82b72625d68571b11eae13'}, 'date': {'date': '2022-12-02'}, 'block': {'height': 16093600}}, {'smartContract': {'address': {'address': '0xc0f2a396c8a1fc5e2a81ed8a756b2f5a9881f152'}}, 'caller': {'address': '0x000000010b5afa32ab82b72625d68571b11eae13'}, 'date': {'date': '2022-12-02'}, 'block': {'height': 16093425}}, {'smartContract': {'address': {'address': '0x1ecb0820bcab5fc9fe2745d954e52c307efa96d9'}}, 'caller': {'address': '0x000000010b5afa32ab82b72625d68571b11eae13'}, 'date': {'date': '2022-12-02'}, 'block': {'height': 16093424}}, {'smartContract': {'address': {'address': '0x9418ac1b053077ca6429bafdc12b7a5f2dcb0080'}}, 'caller': {'address': '0x000000010b5afa32ab82b72625d68571b11eae13'}, 'date': {'date': '2022-12-02'}, 'block': {'height': 16093416}}, {'smartContract': {'address': {'address': '0xff80302396211cfc15a9d2e3f65dcfffa13eba59'}}, 'caller': {'address': '0x000000010b5afa32ab82b72625d68571b11eae13'}, 'date': {'date': '2022-12-02'}, 'block': {'height': 16093412}}, {'smartContract': {'address': {'address': '0x78226f5a25ef17b05ee71e100def6fe6b9a21384'}}, 'caller': {'address': '0x000000010b5afa32ab82b72625d68571b11eae13'}, 'date': {'date': '2022-12-02'}, 'block': {'height': 16093409}}, {'smartContract': {'address': {'address': '0xb46aa8c2038ed6913e64991959fb35894c2a4f4b'}}, 'caller': {'address': '0x000000010b5afa32ab82b72625d68571b11eae13'}, 'date': {'date': '2022-12-02'}, 'block': {'height': 16093405}}, {'smartContract': {'address': {'address': '0xef5bb30b86e651cc73ad4e28c65dfe186676ae03'}}, 'caller': {'address': '0x000000010b5afa32ab82b72625d68571b11eae13'}, 'date': {'date': '2021-11-01'}, 'block': {'height': 13527966}}, {'smartContract': {'address': {'address': '0xcd564a9108d267a8a3ff2baa9520a004ecec1151'}}, 'caller': {'address': '0x000000010b5afa32ab82b72625d68571b11eae13'}, 'date': {'date': '2021-10-28'}, 'block': {'height': 13508611}}, {'smartContract': {'address': {'address': '0xe0c9c8860291338c160d43616d1a6ee88dfef5a7'}}, 'caller': {'address': '0x000000010b5afa32ab82b72625d68571b11eae13'}, 'date': {'date': '2021-10-28'}, 'block': {'height': 13508608}}, {'smartContract': {'address': {'address': '0xb11f5fe6f9946429f250f6e4ec75e2b11477b351'}}, 'caller': {'address': '0x000000010b5afa32ab82b72625d68571b11eae13'}, 'date': {'date': '2021-10-28'}, 'block': {'height': 13508607}}, {'smartContract': {'address': {'address': '0xa420b99eca98e9e1ed2af0f9b1ac313c3ce20f61'}}, 'caller': {'address': '0x000000010b5afa32ab82b72625d68571b11eae13'}, 'date': {'date': '2021-10-28'}, 'block': {'height': 13508604}}, {'smartContract': {'address': {'address': '0xcb4288ee0484b51ccb8d40893c4812df72cd5f70'}}, 'caller': {'address': '0xc0aee478e3658e2610c5f7a4a2e1777ce9e4f2ac'}, 'date': {'date': '2021-10-26'}, 'block': {'height': 13494435}}, {'smartContract': {'address': {'address': '0x5cb02b71bc98defd595912109928207c8bb80b74'}}, 'caller': {'address': '0x000000010b5afa32ab82b72625d68571b11eae13'}, 'date': {'date': '2021-10-26'}, 'block': {'height': 13492095}}, {'smartContract': {'address': {'address': '0x191fbdeef4746f3b6097095824a66cdf91d106c2'}}, 'caller': {'address': '0x000000010b5afa32ab82b72625d68571b11eae13'}, 'date': {'date': '2021-10-26'}, 'block': {'height': 13491942}}, {'smartContract': {'address': {'address': '0x9d2d11140942d51b3371a1a9a18ad65e3ffc96d9'}}, 'caller': {'address': '0x000000010b5afa32ab82b72625d68571b11eae13'}, 'date': {'date': '2021-10-26'}, 'block': {'height': 13491800}}, {'smartContract': {'address': {'address': '0xd2f6007b0401fd8a72454aec11c1de863e014729'}}, 'caller': {'address': '0x000000010b5afa32ab82b72625d68571b11eae13'}, 'date': {'date': '2021-10-26'}, 'block': {'height': 13491798}}, {'smartContract': {'address': {'address': '0x858ff4dfd113c98af0a791845e524c287b5a9ed4'}}, 'caller': {'address': '0x000000010b5afa32ab82b72625d68571b11eae13'}, 'date': {'date': '2021-10-26'}, 'block': {'height': 13491798}}, {'smartContract': {'address': {'address': '0x650c4ce9580efa4be34f8c865bdb186466754717'}}, 'caller': {'address': '0x000000010b5afa32ab82b72625d68571b11eae13'}, 'date': {'date': '2021-10-26'}, 'block': {'height': 13490626}}, {'smartContract': {'address': {'address': '0x1cd318f41423014bf115e10a3b5f5c3dda6e5f41'}}, 'caller': {'address': '0x000000010b5afa32ab82b72625d68571b11eae13'}, 'date': {'date': '2021-10-26'}, 'block': {'height': 13490620}}, {'smartContract': {'address': {'address': '0x5c5356e0920fc6d410be9e683afbe96bf0022427'}}, 'caller': {'address': '0x000000010b5afa32ab82b72625d68571b11eae13'}, 'date': {'date': '2021-10-26'}, 'block': {'height': 13490616}}, {'smartContract': {'address': {'address': '0xa528639aae2e765351dcd1e0c2dd299d6279db52'}}, 'caller': {'address': '0x000000010b5afa32ab82b72625d68571b11eae13'}, 'date': {'date': '2021-10-26'}, 'block': {'height': 13490599}}, {'smartContract': {'address': {'address': '0xb070ae3158f0e5e7f30a1704d9c1a71d654940ee'}}, 'caller': {'address': '0x000000010b5afa32ab82b72625d68571b11eae13'}, 'date': {'date': '2021-10-26'}, 'block': {'height': 13490592}}, {'smartContract': {'address': {'address': '0x8e5bd22a0606a83183974ba2522c69b4ebdcd92c'}}, 'caller': {'address': '0x000000010b5afa32ab82b72625d68571b11eae13'}, 'date': {'date': '2021-10-26'}, 'block': {'height': 13490530}}, {'smartContract': {'address': {'address': '0xa6b10a0f8822943ba81191160f10ecac06f31b36'}}, 'caller': {'address': '0x000000010b5afa32ab82b72625d68571b11eae13'}, 'date': {'date': '2021-10-26'}, 'block': {'height': 13490529}}, {'smartContract': {'address': {'address': '0x98816eb4c559f2006edb860e7ff6cb9c68d0c324'}}, 'caller': {'address': '0x000000010b5afa32ab82b72625d68571b11eae13'}, 'date': {'date': '2021-10-26'}, 'block': {'height': 13490522}}, {'smartContract': {'address': {'address': '0xf6efc37389e7a3af9abde4d14e4b9c33f2f6eb5a'}}, 'caller': {'address': '0x000000010b5afa32ab82b72625d68571b11eae13'}, 'date': {'date': '2021-10-26'}, 'block': {'height': 13490516}}, {'smartContract': {'address': {'address': '0x2046547d3768a94de530fbba86cd821d4ccf0165'}}, 'caller': {'address': '0x000000010b5afa32ab82b72625d68571b11eae13'}, 'date': {'date': '2021-10-26'}, 'block': {'height': 13490433}}, {'smartContract': {'address': {'address': '0xdea7ff1d84b7e54587b434c1a585718857cf61d1'}}, 'caller': {'address': '0x000000010b5afa32ab82b72625d68571b11eae13'}, 'date': {'date': '2021-10-26'}, 'block': {'height': 13490405}}, {'smartContract': {'address': {'address': '0x85a9758e7ffdd0b63c73d71f976c1e0ceda53202'}}, 'caller': {'address': '0x000000010b5afa32ab82b72625d68571b11eae13'}, 'date': {'date': '2021-10-26'}, 'block': {'height': 13490353}}, {'smartContract': {'address': {'address': '0xc8a5df8c703139a0e4dffd0bc21f67f20dd49ae9'}}, 'caller': {'address': '0xa6b71e26c5e0845f74c812102ca7114b6a896ab2'}, 'date': {'date': '2021-10-26'}, 'block': {'height': 13489981}}, {'smartContract': {'address': {'address': '0x3f62ac1a5d25f7c1f94c293d6421a91badf74681'}}, 'caller': {'address': '0xa6b71e26c5e0845f74c812102ca7114b6a896ab2'}, 'date': {'date': '2021-10-26'}, 'block': {'height': 13489966}}, {'smartContract': {'address': {'address': '0x34e5b09e4da536e9e90af96fcb178c78c2671460'}}, 'caller': {'address': '0xa6b71e26c5e0845f74c812102ca7114b6a896ab2'}, 'date': {'date': '2021-10-26'}, 'block': {'height': 13489943}}, {'smartContract': {'address': {'address': '0xde921b5b1c0dcd2d1c1eef6890e7d23a16a65294'}}, 'caller': {'address': '0xa6b71e26c5e0845f74c812102ca7114b6a896ab2'}, 'date': {'date': '2021-10-26'}, 'block': {'height': 13489927}}, {'smartContract': {'address': {'address': '0x653d11e336205cff78f906d42bca840c2f9c8f01'}}, 'caller': {'address': '0x73a001e72f0fe3ca366d6079dc3427af7865839b'}, 'date': {'date': '2021-10-14'}, 'block': {'height': 13414099}}, {'smartContract': {'address': {'address': '0x16ba8efe847ebdfef99d399902ec29397d403c30'}}, 'caller': {'address': '0x000000010b5afa32ab82b72625d68571b11eae13'}, 'date': {'date': '2021-10-13'}, 'block': {'height': 13407396}}, {'smartContract': {'address': {'address': '0xb60406a48693c06142085f860cee9c14d72b217e'}}, 'caller': {'address': '0x000000010b5afa32ab82b72625d68571b11eae13'}, 'date': {'date': '2021-10-13'}, 'block': {'height': 13406770}}]",2021-10-13
271,271,0xB0B195aEFA3650A6908f15CdaC7D92F8a5791B0B,(Proxy contract) BOB,https://github.com/zkBob,0xce0042B868300000d44A59004Da54A005ffdcf9f,255587.81,[],2022-09-27
272,272,0xd779eEA9936B4e323cDdff2529eb6F13d0A4d66e,ENTER Governance Token,https://github.com/EnterDAO,0xF04215481d77d1B706090D415F652818943Fc80E,249786.6508,"[{'smartContract': {'address': {'address': '0x932807046a9bd3ac1cf67eb73a5de441c8a1c975'}}, 'caller': {'address': '0xf04215481d77d1b706090d415f652818943fc80e'}, 'date': {'date': '2022-11-30'}, 'block': {'height': 16081866}}, {'smartContract': {'address': {'address': '0xb5f74e75766d48bd7179951b6faa80ec677330a5'}}, 'caller': {'address': '0xf04215481d77d1b706090d415f652818943fc80e'}, 'date': {'date': '2022-11-30'}, 'block': {'height': 16081817}}, {'smartContract': {'address': {'address': '0x7a4bfad20976cbf9e820718608a1439ecebd7580'}}, 'caller': {'address': '0xf04215481d77d1b706090d415f652818943fc80e'}, 'date': {'date': '2021-11-06'}, 'block': {'height': 13563369}}, {'smartContract': {'address': {'address': '0xe0e17e647ce3c61c2e878d45198c110caf6282fb'}}, 'caller': {'address': '0xf04215481d77d1b706090d415f652818943fc80e'}, 'date': {'date': '2021-10-19'}, 'block': {'height': 13450184}}, {'smartContract': {'address': {'address': '0xda7a595c980578be1789193d5e153c35b97285b0'}}, 'caller': {'address': '0xf04215481d77d1b706090d415f652818943fc80e'}, 'date': {'date': '2021-10-19'}, 'block': {'height': 13450154}}, {'smartContract': {'address': {'address': '0x7d92c2ce4bf09e37c53350d5694ebcf272348f28'}}, 'caller': {'address': '0xf04215481d77d1b706090d415f652818943fc80e'}, 'date': {'date': '2021-10-19'}, 'block': {'height': 13450130}}, {'smartContract': {'address': {'address': '0xcc6afb2e5e0719190f3ed6fecdda081e76b67900'}}, 'caller': {'address': '0xf04215481d77d1b706090d415f652818943fc80e'}, 'date': {'date': '2021-10-01'}, 'block': {'height': 13331895}}, {'smartContract': {'address': {'address': '0x1cf156368273f34e3bc1e588b8435d7aec13525f'}}, 'caller': {'address': '0xf04215481d77d1b706090d415f652818943fc80e'}, 'date': {'date': '2021-09-29'}, 'block': {'height': 13321889}}, {'smartContract': {'address': {'address': '0xa9b4b5e05ef90cfb8644591186abcf883eda5735'}}, 'caller': {'address': '0xf04215481d77d1b706090d415f652818943fc80e'}, 'date': {'date': '2021-09-22'}, 'block': {'height': 13275310}}, {'smartContract': {'address': {'address': '0xa660ac9cd86edf7d344e30c3008cc0c0f164f871'}}, 'caller': {'address': '0xf04215481d77d1b706090d415f652818943fc80e'}, 'date': {'date': '2021-09-20'}, 'block': {'height': 13263380}}, {'smartContract': {'address': {'address': '0x25768706334e381b79b14ccc6c3ce96653736a5e'}}, 'caller': {'address': '0xf04215481d77d1b706090d415f652818943fc80e'}, 'date': {'date': '2021-09-19'}, 'block': {'height': 13257767}}, {'smartContract': {'address': {'address': '0x9281b0e517e8b4a1e0b26175c7a6982c4ceb83a8'}}, 'caller': {'address': '0xf04215481d77d1b706090d415f652818943fc80e'}, 'date': {'date': '2021-09-19'}, 'block': {'height': 13257763}}, {'smartContract': {'address': {'address': '0xca6de1da6d8e0d43b593476134848e8ed36440c9'}}, 'caller': {'address': '0xf04215481d77d1b706090d415f652818943fc80e'}, 'date': {'date': '2021-09-19'}, 'block': {'height': 13257755}}, {'smartContract': {'address': {'address': '0xb8e936bca76c5b1274162bb114f1b38f039a704c'}}, 'caller': {'address': '0xf04215481d77d1b706090d415f652818943fc80e'}, 'date': {'date': '2021-09-19'}, 'block': {'height': 13257750}}, {'smartContract': {'address': {'address': '0xfced219d83dff48ee702dab93122de8d2aff314f'}}, 'caller': {'address': '0xf04215481d77d1b706090d415f652818943fc80e'}, 'date': {'date': '2021-09-19'}, 'block': {'height': 13256538}}, {'smartContract': {'address': {'address': '0xd65483b8755ac5fea7120e3f68df961d88181dd2'}}, 'caller': {'address': '0xf04215481d77d1b706090d415f652818943fc80e'}, 'date': {'date': '2021-09-19'}, 'block': {'height': 13256528}}, {'smartContract': {'address': {'address': '0xea0b66eec998bb559fa6f1c6b159828f0a2db09d'}}, 'caller': {'address': '0xf04215481d77d1b706090d415f652818943fc80e'}, 'date': {'date': '2021-09-19'}, 'block': {'height': 13256523}}, {'smartContract': {'address': {'address': '0x271dba83ccadd6a9719e314f53d9bf4e2c79d21a'}}, 'caller': {'address': '0xf04215481d77d1b706090d415f652818943fc80e'}, 'date': {'date': '2021-09-19'}, 'block': {'height': 13256522}}, {'smartContract': {'address': {'address': '0x123d229c6faf32c3c99b2670111c705e6b644fa2'}}, 'caller': {'address': '0xf04215481d77d1b706090d415f652818943fc80e'}, 'date': {'date': '2021-09-19'}, 'block': {'height': 13256514}}, {'smartContract': {'address': {'address': '0x9b11e10f54010a52ddfaaf2e37c11ef9891a59f0'}}, 'caller': {'address': '0xf04215481d77d1b706090d415f652818943fc80e'}, 'date': {'date': '2021-09-19'}, 'block': {'height': 13256498}}, {'smartContract': {'address': {'address': '0xcba851105bfa485e390fbd456b9190824ae1212a'}}, 'caller': {'address': '0xf04215481d77d1b706090d415f652818943fc80e'}, 'date': {'date': '2021-09-19'}, 'block': {'height': 13256490}}, {'smartContract': {'address': {'address': '0x3f148612315aae2514ac630d6faf0d94b8cd8e33'}}, 'caller': {'address': '0xf04215481d77d1b706090d415f652818943fc80e'}, 'date': {'date': '2021-09-19'}, 'block': {'height': 13256484}}, {'smartContract': {'address': {'address': '0xcf25693d992b311a873ade17b4b56ba79a49348a'}}, 'caller': {'address': '0xf04215481d77d1b706090d415f652818943fc80e'}, 'date': {'date': '2021-09-19'}, 'block': {'height': 13256431}}, {'smartContract': {'address': {'address': '0xe4ed7dbf867c4c3dd24d31dc55f4a475634a5851'}}, 'caller': {'address': '0xf04215481d77d1b706090d415f652818943fc80e'}, 'date': {'date': '2021-09-19'}, 'block': {'height': 13256360}}, {'smartContract': {'address': {'address': '0xd2c83ab0bee469ab5853c1e60bf8b663094edca5'}}, 'caller': {'address': '0xf04215481d77d1b706090d415f652818943fc80e'}, 'date': {'date': '2021-09-19'}, 'block': {'height': 13256359}}, {'smartContract': {'address': {'address': '0xa6be5520c1d2f443e346b93330f55dc7cfb23b9b'}}, 'caller': {'address': '0xf04215481d77d1b706090d415f652818943fc80e'}, 'date': {'date': '2021-09-19'}, 'block': {'height': 13256357}}, {'smartContract': {'address': {'address': '0xe915d9dc6fbdee48fdea4f832c69dc283588ba61'}}, 'caller': {'address': '0xf04215481d77d1b706090d415f652818943fc80e'}, 'date': {'date': '2021-09-19'}, 'block': {'height': 13256349}}, {'smartContract': {'address': {'address': '0x9f34ecc82405dc4eb220b46fa70bfba5afa802bf'}}, 'caller': {'address': '0xf04215481d77d1b706090d415f652818943fc80e'}, 'date': {'date': '2021-09-19'}, 'block': {'height': 13256344}}, {'smartContract': {'address': {'address': '0xedf1bcc415f60989c176834e8fd5eacbd86b9aa2'}}, 'caller': {'address': '0xf04215481d77d1b706090d415f652818943fc80e'}, 'date': {'date': '2021-09-19'}, 'block': {'height': 13256334}}, {'smartContract': {'address': {'address': '0xcd98afdc3f8b56daa318eba929f1a865aee7cc4f'}}, 'caller': {'address': '0xf04215481d77d1b706090d415f652818943fc80e'}, 'date': {'date': '2021-09-19'}, 'block': {'height': 13256333}}, {'smartContract': {'address': {'address': '0x989e82f1d839f719df6390ae8bca14d5379e14b8'}}, 'caller': {'address': '0xf04215481d77d1b706090d415f652818943fc80e'}, 'date': {'date': '2021-09-13'}, 'block': {'height': 13218844}}, {'smartContract': {'address': {'address': '0xab0d2fab137d42a4c9d959e94c6e6c49f997f3d0'}}, 'caller': {'address': '0xf04215481d77d1b706090d415f652818943fc80e'}, 'date': {'date': '2021-09-13'}, 'block': {'height': 13216802}}, {'smartContract': {'address': {'address': '0xf90c9a65e0ffb902d809b95d8cfd7c40b529431d'}}, 'caller': {'address': '0xf04215481d77d1b706090d415f652818943fc80e'}, 'date': {'date': '2021-09-13'}, 'block': {'height': 13216792}}, {'smartContract': {'address': {'address': '0xa51e3ea7e9af344c0e5fc9096d6983c9756ead4e'}}, 'caller': {'address': '0xf04215481d77d1b706090d415f652818943fc80e'}, 'date': {'date': '2021-09-13'}, 'block': {'height': 13216788}}, {'smartContract': {'address': {'address': '0xbeffe1475920e9270d926d89e5b82d82356021da'}}, 'caller': {'address': '0xf04215481d77d1b706090d415f652818943fc80e'}, 'date': {'date': '2021-09-13'}, 'block': {'height': 13216778}}, {'smartContract': {'address': {'address': '0xa0ef057f67dd76806eaded5d7cbb8080068de2f9'}}, 'caller': {'address': '0xf04215481d77d1b706090d415f652818943fc80e'}, 'date': {'date': '2021-09-13'}, 'block': {'height': 13216766}}, {'smartContract': {'address': {'address': '0x4695377ae36c93ef5efce6ef9e3bbfa5c997cabb'}}, 'caller': {'address': '0xa6b71e26c5e0845f74c812102ca7114b6a896ab2'}, 'date': {'date': '2021-09-12'}, 'block': {'height': 13210425}}, {'smartContract': {'address': {'address': '0xdeafedd909514934a0d3edab196cca1a3e0d8788'}}, 'caller': {'address': '0xf04215481d77d1b706090d415f652818943fc80e'}, 'date': {'date': '2021-09-11'}, 'block': {'height': 13206531}}, {'smartContract': {'address': {'address': '0xd34945dedf0a888b3b7d0cc6079a3e019a5d4760'}}, 'caller': {'address': '0xf04215481d77d1b706090d415f652818943fc80e'}, 'date': {'date': '2021-09-11'}, 'block': {'height': 13206526}}, {'smartContract': {'address': {'address': '0x5b3cb6dc848c436acd56f9618e2d9552c0ca5541'}}, 'caller': {'address': '0xf04215481d77d1b706090d415f652818943fc80e'}, 'date': {'date': '2021-09-11'}, 'block': {'height': 13206518}}, {'smartContract': {'address': {'address': '0x7728d5f761029f96c32cd198a5825bc5ef229b1a'}}, 'caller': {'address': '0xf04215481d77d1b706090d415f652818943fc80e'}, 'date': {'date': '2021-09-11'}, 'block': {'height': 13206515}}, {'smartContract': {'address': {'address': '0xde7b71c6980e9614ec254b11223f524a8600d959'}}, 'caller': {'address': '0xf04215481d77d1b706090d415f652818943fc80e'}, 'date': {'date': '2021-09-11'}, 'block': {'height': 13206512}}, {'smartContract': {'address': {'address': '0xa1c012016b7d7e40cc04abdd5c90f5923065b3aa'}}, 'caller': {'address': '0xf04215481d77d1b706090d415f652818943fc80e'}, 'date': {'date': '2021-09-11'}, 'block': {'height': 13206503}}, {'smartContract': {'address': {'address': '0xbe2ebdb2620c40289ec1b5956d78e58013472eeb'}}, 'caller': {'address': '0xf04215481d77d1b706090d415f652818943fc80e'}, 'date': {'date': '2021-09-11'}, 'block': {'height': 13206487}}, {'smartContract': {'address': {'address': '0xe2eb522721f7ed621628225491f870d7ce1568d0'}}, 'caller': {'address': '0xf04215481d77d1b706090d415f652818943fc80e'}, 'date': {'date': '2021-09-11'}, 'block': {'height': 13206480}}, {'smartContract': {'address': {'address': '0xd3d2125e8aebdfac17ec056c7f3ca8fb5ce27dc6'}}, 'caller': {'address': '0xf04215481d77d1b706090d415f652818943fc80e'}, 'date': {'date': '2021-09-11'}, 'block': {'height': 13206478}}, {'smartContract': {'address': {'address': '0x3473d44a0cb487bc1756ba2aaf0c26fa28cb44b0'}}, 'caller': {'address': '0xf04215481d77d1b706090d415f652818943fc80e'}, 'date': {'date': '2021-09-11'}, 'block': {'height': 13206463}}, {'smartContract': {'address': {'address': '0x5e6def54c8284aced49f22b5e2401665b658019a'}}, 'caller': {'address': '0xf04215481d77d1b706090d415f652818943fc80e'}, 'date': {'date': '2021-09-11'}, 'block': {'height': 13206458}}, {'smartContract': {'address': {'address': '0x655604b89456368ee03878b713ae93cfb3b05438'}}, 'caller': {'address': '0xf04215481d77d1b706090d415f652818943fc80e'}, 'date': {'date': '2021-09-11'}, 'block': {'height': 13206454}}, {'smartContract': {'address': {'address': '0x4a56f0adfd8857128bc1d55e929020a6c55acc19'}}, 'caller': {'address': '0xf04215481d77d1b706090d415f652818943fc80e'}, 'date': {'date': '2021-09-11'}, 'block': {'height': 13206451}}, {'smartContract': {'address': {'address': '0x2181bb438b4bdd30d75607e3e6ab3aa22b86568f'}}, 'caller': {'address': '0xf04215481d77d1b706090d415f652818943fc80e'}, 'date': {'date': '2021-09-11'}, 'block': {'height': 13206443}}, {'smartContract': {'address': {'address': '0x3af5142185a0accae47dd0f08e624a2f8731ff73'}}, 'caller': {'address': '0xf04215481d77d1b706090d415f652818943fc80e'}, 'date': {'date': '2021-09-11'}, 'block': {'height': 13206439}}, {'smartContract': {'address': {'address': '0x3eb3145488f00cc230b05784b5a83ad3feff93f0'}}, 'caller': {'address': '0xf04215481d77d1b706090d415f652818943fc80e'}, 'date': {'date': '2021-09-11'}, 'block': {'height': 13206430}}, {'smartContract': {'address': {'address': '0x9f3df73395109d82cd6e2b3399b97465783e0755'}}, 'caller': {'address': '0xf04215481d77d1b706090d415f652818943fc80e'}, 'date': {'date': '2021-09-11'}, 'block': {'height': 13206421}}, {'smartContract': {'address': {'address': '0xae54e90b215f7c94b356561fa1bffb206e3f1c11'}}, 'caller': {'address': '0xf04215481d77d1b706090d415f652818943fc80e'}, 'date': {'date': '2021-09-11'}, 'block': {'height': 13206407}}, {'smartContract': {'address': {'address': '0x12d329f20072bd28030581b6070d1fb42e9112a1'}}, 'caller': {'address': '0xf04215481d77d1b706090d415f652818943fc80e'}, 'date': {'date': '2021-09-11'}, 'block': {'height': 13206399}}, {'smartContract': {'address': {'address': '0xda0db667fc591389b66ceefb21bf42db28919659'}}, 'caller': {'address': '0xf04215481d77d1b706090d415f652818943fc80e'}, 'date': {'date': '2021-09-11'}, 'block': {'height': 13206390}}, {'smartContract': {'address': {'address': '0xb14aad7b2498fae002fa9849322ed65835c0f415'}}, 'caller': {'address': '0xf04215481d77d1b706090d415f652818943fc80e'}, 'date': {'date': '2021-09-11'}, 'block': {'height': 13206381}}, {'smartContract': {'address': {'address': '0xa73580baf763fe929c92e2c5109b053e0d7174e4'}}, 'caller': {'address': '0xf04215481d77d1b706090d415f652818943fc80e'}, 'date': {'date': '2021-09-11'}, 'block': {'height': 13206375}}, {'smartContract': {'address': {'address': '0xc6b4b26a76105e7fc171a5dae652728892b8449f'}}, 'caller': {'address': '0xf04215481d77d1b706090d415f652818943fc80e'}, 'date': {'date': '2021-09-11'}, 'block': {'height': 13206364}}, {'smartContract': {'address': {'address': '0x761cccecc97950edf55fee8a6ff837127fc58c2d'}}, 'caller': {'address': '0xf04215481d77d1b706090d415f652818943fc80e'}, 'date': {'date': '2021-09-11'}, 'block': {'height': 13206359}}, {'smartContract': {'address': {'address': '0x657b587f8e83abfb368edea00dc6027a61384c90'}}, 'caller': {'address': '0xf04215481d77d1b706090d415f652818943fc80e'}, 'date': {'date': '2021-09-11'}, 'block': {'height': 13206357}}, {'smartContract': {'address': {'address': '0x52fda50ede45e93c4ffad77ba11c92aef71e5b89'}}, 'caller': {'address': '0xf04215481d77d1b706090d415f652818943fc80e'}, 'date': {'date': '2021-09-11'}, 'block': {'height': 13206331}}, {'smartContract': {'address': {'address': '0xb8ef419a80bb21a3dae300b22efcf46ccc642e91'}}, 'caller': {'address': '0xf04215481d77d1b706090d415f652818943fc80e'}, 'date': {'date': '2021-09-11'}, 'block': {'height': 13206323}}, {'smartContract': {'address': {'address': '0x9b56abdd2f1c7fd96203c069ca1618525f3c16fb'}}, 'caller': {'address': '0xf04215481d77d1b706090d415f652818943fc80e'}, 'date': {'date': '2021-09-11'}, 'block': {'height': 13206316}}, {'smartContract': {'address': {'address': '0xf1af74c4456d229fba86834b14b954439363920e'}}, 'caller': {'address': '0xf04215481d77d1b706090d415f652818943fc80e'}, 'date': {'date': '2021-09-11'}, 'block': {'height': 13206304}}, {'smartContract': {'address': {'address': '0x8dad75f60ff763dd4f282bc589af482a266656da'}}, 'caller': {'address': '0xf04215481d77d1b706090d415f652818943fc80e'}, 'date': {'date': '2021-09-11'}, 'block': {'height': 13206298}}, {'smartContract': {'address': {'address': '0x7dee4b318ba4dd864cedf7566b40c9b10e164a93'}}, 'caller': {'address': '0xf04215481d77d1b706090d415f652818943fc80e'}, 'date': {'date': '2021-09-11'}, 'block': {'height': 13206291}}, {'smartContract': {'address': {'address': '0x8dfd7eadfd5bf97ba704a05285d2905e7e5cb768'}}, 'caller': {'address': '0xf04215481d77d1b706090d415f652818943fc80e'}, 'date': {'date': '2021-09-11'}, 'block': {'height': 13206284}}, {'smartContract': {'address': {'address': '0xfd9d9c36c8cb8da280adc172b4d9f5230019fe0d'}}, 'caller': {'address': '0xf04215481d77d1b706090d415f652818943fc80e'}, 'date': {'date': '2021-09-11'}, 'block': {'height': 13206275}}, {'smartContract': {'address': {'address': '0xc1eb57c4d3e8b18264333bd9917642131d9263c9'}}, 'caller': {'address': '0xf04215481d77d1b706090d415f652818943fc80e'}, 'date': {'date': '2021-09-11'}, 'block': {'height': 13206234}}, {'smartContract': {'address': {'address': '0x05e73922577a296131140049500d205fd4da03d1'}}, 'caller': {'address': '0xf04215481d77d1b706090d415f652818943fc80e'}, 'date': {'date': '2021-09-11'}, 'block': {'height': 13206225}}, {'smartContract': {'address': {'address': '0xe3b8de8b2f40a395a5497fadf1e6b54a2d91ba98'}}, 'caller': {'address': '0xf04215481d77d1b706090d415f652818943fc80e'}, 'date': {'date': '2021-09-11'}, 'block': {'height': 13205893}}, {'smartContract': {'address': {'address': '0xa924aa5d4189bb48b039e4d66e64caf9dca8dcbb'}}, 'caller': {'address': '0xf04215481d77d1b706090d415f652818943fc80e'}, 'date': {'date': '2021-09-11'}, 'block': {'height': 13205880}}, {'smartContract': {'address': {'address': '0xa10a8b9fda2ec7857211d255be80b912203bd673'}}, 'caller': {'address': '0xf04215481d77d1b706090d415f652818943fc80e'}, 'date': {'date': '2021-09-11'}, 'block': {'height': 13205876}}, {'smartContract': {'address': {'address': '0x761b31b92c6191a7331306d54bd646c9e7fb0b88'}}, 'caller': {'address': '0xf04215481d77d1b706090d415f652818943fc80e'}, 'date': {'date': '2021-09-11'}, 'block': {'height': 13205870}}, {'smartContract': {'address': {'address': '0xb3fe051e27065e73e0bad6626f5adb364d3ef23a'}}, 'caller': {'address': '0xf04215481d77d1b706090d415f652818943fc80e'}, 'date': {'date': '2021-09-11'}, 'block': {'height': 13205860}}, {'smartContract': {'address': {'address': '0x63263cf3c6be925164a3ab52cee77772498318b5'}}, 'caller': {'address': '0xf04215481d77d1b706090d415f652818943fc80e'}, 'date': {'date': '2021-09-11'}, 'block': {'height': 13205853}}, {'smartContract': {'address': {'address': '0x031a511eb5552b58b665deb5dc54a08aa5face05'}}, 'caller': {'address': '0xf04215481d77d1b706090d415f652818943fc80e'}, 'date': {'date': '2021-09-11'}, 'block': {'height': 13205831}}, {'smartContract': {'address': {'address': '0x1db6db37310aa21256fcaa919886032bd63c6f73'}}, 'caller': {'address': '0xf04215481d77d1b706090d415f652818943fc80e'}, 'date': {'date': '2021-09-11'}, 'block': {'height': 13205824}}, {'smartContract': {'address': {'address': '0x2ddddddcea12b277aaaa4da6ae65e9cc1e53c430'}}, 'caller': {'address': '0xf04215481d77d1b706090d415f652818943fc80e'}, 'date': {'date': '2021-09-11'}, 'block': {'height': 13203246}}, {'smartContract': {'address': {'address': '0xd779eea9936b4e323cddff2529eb6f13d0a4d66e'}}, 'caller': {'address': '0xf04215481d77d1b706090d415f652818943fc80e'}, 'date': {'date': '2021-09-10'}, 'block': {'height': 13199622}}, {'smartContract': {'address': {'address': '0x524a1618eb77c666422491ded2c4e7cb6ecd2c46'}}, 'caller': {'address': '0x909d05f384d0663ed4be59863815ab43b4f347ec'}, 'date': {'date': '2021-08-28'}, 'block': {'height': 13113924}}, {'smartContract': {'address': {'address': '0x93645b078823a1b8abba2839b3ec90bbfcd770da'}}, 'caller': {'address': '0xb9da44c051c6cc9e04b7e0f95e95d69c6a6d8031'}, 'date': {'date': '2021-08-28'}, 'block': {'height': 13113924}}, {'smartContract': {'address': {'address': '0x7b6c9519bd81b2218fb1d30e59ad6fad8f984104'}}, 'caller': {'address': '0x93645b078823a1b8abba2839b3ec90bbfcd770da'}, 'date': {'date': '2021-08-28'}, 'block': {'height': 13113924}}, {'smartContract': {'address': {'address': '0x575409a8f0f40a9e19915079870de60b00381eb0'}}, 'caller': {'address': '0x93645b078823a1b8abba2839b3ec90bbfcd770da'}, 'date': {'date': '2021-08-28'}, 'block': {'height': 13113924}}, {'smartContract': {'address': {'address': '0x2dff30afdf3c7c62476949532e65f7727561268f'}}, 'caller': {'address': '0x93645b078823a1b8abba2839b3ec90bbfcd770da'}, 'date': {'date': '2021-08-28'}, 'block': {'height': 13113924}}, {'smartContract': {'address': {'address': '0x004f8864d66ab04a7b1be351e99bda3757b8c8d5'}}, 'caller': {'address': '0x93645b078823a1b8abba2839b3ec90bbfcd770da'}, 'date': {'date': '2021-08-28'}, 'block': {'height': 13113924}}, {'smartContract': {'address': {'address': '0xeabf454af4c9211dfe8f8014ec03493fd62b652a'}}, 'caller': {'address': '0x93645b078823a1b8abba2839b3ec90bbfcd770da'}, 'date': {'date': '2021-08-28'}, 'block': {'height': 13113924}}, {'smartContract': {'address': {'address': '0x796e705256c1f3967d709832de308b8e0a4526ff'}}, 'caller': {'address': '0x93645b078823a1b8abba2839b3ec90bbfcd770da'}, 'date': {'date': '2021-08-28'}, 'block': {'height': 13113924}}, {'smartContract': {'address': {'address': '0xafb22eb91ab139ff40404b7e53503fb42a637be7'}}, 'caller': {'address': '0xa6b71e26c5e0845f74c812102ca7114b6a896ab2'}, 'date': {'date': '2021-08-28'}, 'block': {'height': 13113783}}]",2021-09-10
273,273,0xf3dcbc6D72a4E1892f7917b7C43b74131Df8480e,BDPToken,https://github.com/bigdataprotocol/bdp-contracts,0x498F9F1740C991CF8028A213e35221C781d6D3F2,246782.4731,"[{'smartContract': {'address': {'address': '0x763b9073c2ef10debd5aea946814ad8b373f2392'}}, 'caller': {'address': '0x76e2cfc1f5fa8f6a5b3fc4c8f4788f0116861f9b'}, 'date': {'date': '2021-03-10'}, 'block': {'height': 12009745}}, {'smartContract': {'address': {'address': '0xc75253291c312e9edd3bbeb5cc228eb50f2e2950'}}, 'caller': {'address': '0x5c69bee701ef814a2b6a3edd4b1652cb9cc5aa6f'}, 'date': {'date': '2021-03-04'}, 'block': {'height': 11970760}}, {'smartContract': {'address': {'address': '0x80a0102a1e601c55fd3f136128bb2d222a879ff3'}}, 'caller': {'address': '0x5c69bee701ef814a2b6a3edd4b1652cb9cc5aa6f'}, 'date': {'date': '2021-03-04'}, 'block': {'height': 11970530}}, {'smartContract': {'address': {'address': '0xf20084ba368567fa3da1da85b43ac1ac310880c8'}}, 'caller': {'address': '0x498f9f1740c991cf8028a213e35221c781d6d3f2'}, 'date': {'date': '2021-03-04'}, 'block': {'height': 11970432}}, {'smartContract': {'address': {'address': '0x7a5ce6abd131ea6b148a022cb76fc180ae3315a6'}}, 'caller': {'address': '0x498f9f1740c991cf8028a213e35221c781d6d3f2'}, 'date': {'date': '2021-03-04'}, 'block': {'height': 11970426}}, {'smartContract': {'address': {'address': '0x0de845955e2bf089012f682fe9bc81dd5f11b372'}}, 'caller': {'address': '0x498f9f1740c991cf8028a213e35221c781d6d3f2'}, 'date': {'date': '2021-03-04'}, 'block': {'height': 11970422}}, {'smartContract': {'address': {'address': '0xf3dcbc6d72a4e1892f7917b7c43b74131df8480e'}}, 'caller': {'address': '0x498f9f1740c991cf8028a213e35221c781d6d3f2'}, 'date': {'date': '2021-03-04'}, 'block': {'height': 11970417}}]",2021-03-04
274,274,0xA5B947687163FE88C3e6af5b17Ae69896F4abccf,Poseidon - H2O Governance Token,https://github.com/h2odata,0x78E869870e425a4d78bc18c46Be9A6B9b8417cb5,246321.3651,"[{'smartContract': {'address': {'address': '0x96b596d871d4cee20d9668e4aca51f6205fa39ea'}}, 'caller': {'address': '0x1f98431c8ad98523631ae4a59f267346ea31f984'}, 'date': {'date': '2022-06-29'}, 'block': {'height': 15043383}}, {'smartContract': {'address': {'address': '0xca0b663826dd8a971ec54d994d8373d7affb460e'}}, 'caller': {'address': '0x1f98431c8ad98523631ae4a59f267346ea31f984'}, 'date': {'date': '2022-04-25'}, 'block': {'height': 14652115}}, {'smartContract': {'address': {'address': '0x7888301a18c65bfad6a6dca555b00fa451f0af05'}}, 'caller': {'address': '0x1f98431c8ad98523631ae4a59f267346ea31f984'}, 'date': {'date': '2022-04-25'}, 'block': {'height': 14652099}}, {'smartContract': {'address': {'address': '0xa3643a6092ab43f318eb4bac762f3f9fe7b66285'}}, 'caller': {'address': '0x78e869870e425a4d78bc18c46be9a6b9b8417cb5'}, 'date': {'date': '2022-04-25'}, 'block': {'height': 14651916}}, {'smartContract': {'address': {'address': '0x57c00c90741b62bb7622b25b585a7799e99ef7ec'}}, 'caller': {'address': '0x78e869870e425a4d78bc18c46be9a6b9b8417cb5'}, 'date': {'date': '2022-04-25'}, 'block': {'height': 14651466}}, {'smartContract': {'address': {'address': '0x0d14d6c998b29f93d95796098d19289c8028f11d'}}, 'caller': {'address': '0x1f98431c8ad98523631ae4a59f267346ea31f984'}, 'date': {'date': '2022-04-24'}, 'block': {'height': 14646983}}, {'smartContract': {'address': {'address': '0x308860276541af9203f01644bfd515c33ba46b5a'}}, 'caller': {'address': '0x1f98431c8ad98523631ae4a59f267346ea31f984'}, 'date': {'date': '2022-04-19'}, 'block': {'height': 14613996}}, {'smartContract': {'address': {'address': '0x12189d266244fa6a8d12112e70e3646b2e3a81ef'}}, 'caller': {'address': '0x4dff63b2963346c538f0d50c7da9de5347a35c1c'}, 'date': {'date': '2022-04-16'}, 'block': {'height': 14597605}}, {'smartContract': {'address': {'address': '0x3e1418127af65f1a9d23eed893aadc95985e2a9a'}}, 'caller': {'address': '0x78e869870e425a4d78bc18c46be9a6b9b8417cb5'}, 'date': {'date': '2022-03-05'}, 'block': {'height': 14328034}}, {'smartContract': {'address': {'address': '0xec116d7a187d43d4c3ee1bae242d6a5296b47a83'}}, 'caller': {'address': '0x78e869870e425a4d78bc18c46be9a6b9b8417cb5'}, 'date': {'date': '2022-03-05'}, 'block': {'height': 14328032}}, {'smartContract': {'address': {'address': '0x6889c413618780e7f015c95f9eb021cff1107f4e'}}, 'caller': {'address': '0x78e869870e425a4d78bc18c46be9a6b9b8417cb5'}, 'date': {'date': '2022-03-05'}, 'block': {'height': 14328031}}, {'smartContract': {'address': {'address': '0x0b0e0f00aab73269a7b1cb938fbe1974f15fd07b'}}, 'caller': {'address': '0x78e869870e425a4d78bc18c46be9a6b9b8417cb5'}, 'date': {'date': '2022-03-05'}, 'block': {'height': 14327951}}, {'smartContract': {'address': {'address': '0x01eabb83df3966f290508ae57127426d2a2f9683'}}, 'caller': {'address': '0x78e869870e425a4d78bc18c46be9a6b9b8417cb5'}, 'date': {'date': '2022-03-05'}, 'block': {'height': 14327950}}, {'smartContract': {'address': {'address': '0x34969436ec5827576115a897e0ded7a2122c820c'}}, 'caller': {'address': '0x78e869870e425a4d78bc18c46be9a6b9b8417cb5'}, 'date': {'date': '2022-03-05'}, 'block': {'height': 14327945}}, {'smartContract': {'address': {'address': '0xb7863264684f84fdc9d0bf77b1f339edd19d530e'}}, 'caller': {'address': '0x78e869870e425a4d78bc18c46be9a6b9b8417cb5'}, 'date': {'date': '2022-03-05'}, 'block': {'height': 14327944}}, {'smartContract': {'address': {'address': '0xb288607250fb8e36a4ab408eca6328946eac24b3'}}, 'caller': {'address': '0x1f98431c8ad98523631ae4a59f267346ea31f984'}, 'date': {'date': '2022-03-05'}, 'block': {'height': 14327885}}, {'smartContract': {'address': {'address': '0x4dff63b2963346c538f0d50c7da9de5347a35c1c'}}, 'caller': {'address': '0x78e869870e425a4d78bc18c46be9a6b9b8417cb5'}, 'date': {'date': '2022-02-27'}, 'block': {'height': 14288153}}, {'smartContract': {'address': {'address': '0x1fe1a1313b4974909cbbc11b208b9062e0c6666a'}}, 'caller': {'address': '0x5e99e959d5e303d2356cde6ce92b6f8a8e4a839a'}, 'date': {'date': '2022-02-27'}, 'block': {'height': 14288112}}, {'smartContract': {'address': {'address': '0xd935c4811ddc015dc2ac5ffae9f574816c7589f2'}}, 'caller': {'address': '0x78e869870e425a4d78bc18c46be9a6b9b8417cb5'}, 'date': {'date': '2022-02-27'}, 'block': {'height': 14288087}}, {'smartContract': {'address': {'address': '0xff55f0a43f9437c0c681545bb4ff25fa9b1bfbf6'}}, 'caller': {'address': '0x78e869870e425a4d78bc18c46be9a6b9b8417cb5'}, 'date': {'date': '2022-02-27'}, 'block': {'height': 14288086}}, {'smartContract': {'address': {'address': '0x13288bd148160f76b37bea93861ca61baea120d1'}}, 'caller': {'address': '0x78e869870e425a4d78bc18c46be9a6b9b8417cb5'}, 'date': {'date': '2022-02-27'}, 'block': {'height': 14288080}}, {'smartContract': {'address': {'address': '0x5b129afafc97ea14d46cd16432c99638b88b9451'}}, 'caller': {'address': '0x78e869870e425a4d78bc18c46be9a6b9b8417cb5'}, 'date': {'date': '2022-02-27'}, 'block': {'height': 14288059}}, {'smartContract': {'address': {'address': '0xeb291fe3cf8a6d4a79c41dc900dfb93473efdd37'}}, 'caller': {'address': '0x78e869870e425a4d78bc18c46be9a6b9b8417cb5'}, 'date': {'date': '2022-02-27'}, 'block': {'height': 14288050}}, {'smartContract': {'address': {'address': '0x5e2bc99c193c11024456115a5f868ac2d502dfb8'}}, 'caller': {'address': '0x78e869870e425a4d78bc18c46be9a6b9b8417cb5'}, 'date': {'date': '2022-02-27'}, 'block': {'height': 14288049}}, {'smartContract': {'address': {'address': '0x56a2833c474cddd40f986ab0579b6ca1242eb96b'}}, 'caller': {'address': '0x78e869870e425a4d78bc18c46be9a6b9b8417cb5'}, 'date': {'date': '2022-02-27'}, 'block': {'height': 14287949}}, {'smartContract': {'address': {'address': '0x7d3b4779bc0da46933cfccc08c9fca40f235e032'}}, 'caller': {'address': '0x78e869870e425a4d78bc18c46be9a6b9b8417cb5'}, 'date': {'date': '2022-02-27'}, 'block': {'height': 14287942}}, {'smartContract': {'address': {'address': '0xf5ecccbf4a64bacddd9d889d01c5d5a2c980babd'}}, 'caller': {'address': '0xda9c8bfcfaee33147ecc38137f9d0898d48aac6a'}, 'date': {'date': '2022-02-27'}, 'block': {'height': 14287939}}, {'smartContract': {'address': {'address': '0xda9c8bfcfaee33147ecc38137f9d0898d48aac6a'}}, 'caller': {'address': '0xfc756c293422eb5aabadfcc7ecd8c7769814c479'}, 'date': {'date': '2022-02-27'}, 'block': {'height': 14287939}}, {'smartContract': {'address': {'address': '0x0b70e71d11949cfc1f0d5940f36803bf117b73e0'}}, 'caller': {'address': '0x1ee828bf055308a86c0e7bb785fc5663f3dbab2e'}, 'date': {'date': '2022-02-27'}, 'block': {'height': 14287938}}, {'smartContract': {'address': {'address': '0xa7194466478edd6be6551223027bb12ddc532905'}}, 'caller': {'address': '0x44b9bb78eb1e3d514cb362057a46b4521d0a677e'}, 'date': {'date': '2022-02-27'}, 'block': {'height': 14287938}}, {'smartContract': {'address': {'address': '0xd097c79730d1ee290c6926323241defa5df09698'}}, 'caller': {'address': '0x78e869870e425a4d78bc18c46be9a6b9b8417cb5'}, 'date': {'date': '2022-02-27'}, 'block': {'height': 14287937}}, {'smartContract': {'address': {'address': '0x3efbb71321db24810e8361a42218dc6e4225e981'}}, 'caller': {'address': '0x2e38004b929ce746f60c50dd6a6ed072ca27b983'}, 'date': {'date': '2022-02-27'}, 'block': {'height': 14287933}}, {'smartContract': {'address': {'address': '0xacaa5cda7c102a5530c7b8d90e60e9ff9cf84cfb'}}, 'caller': {'address': '0x50edd7202e8d53dc2f2cd8599641419d509d6b34'}, 'date': {'date': '2022-02-27'}, 'block': {'height': 14287930}}, {'smartContract': {'address': {'address': '0x650235ffc650d3b3d95c904be345aafb97c586cf'}}, 'caller': {'address': '0x7d87712d43ad10ba3818ed258d6523cb9be33e20'}, 'date': {'date': '2022-02-27'}, 'block': {'height': 14287928}}, {'smartContract': {'address': {'address': '0x8220e2308bb51ebbe5268e36a313de30391aa603'}}, 'caller': {'address': '0x0509763efc0236f018d385442b9c5839eda51f21'}, 'date': {'date': '2022-02-27'}, 'block': {'height': 14287927}}, {'smartContract': {'address': {'address': '0xf61b21c9fbd7821c3374d314281c0e865fa844b6'}}, 'caller': {'address': '0x7a6cc5b755ed05f635cb28402c9870fa1877ca19'}, 'date': {'date': '2022-02-27'}, 'block': {'height': 14287927}}, {'smartContract': {'address': {'address': '0x0642026e7f0b6ccac5925b4e7fa61384250e1701'}}, 'caller': {'address': '0xd726e2f7cc42de91d33b76d760685c58066e7ec0'}, 'date': {'date': '2022-02-27'}, 'block': {'height': 14287912}}, {'smartContract': {'address': {'address': '0x99665a5252c15ca3e24fcebab56d0721fb9d1158'}}, 'caller': {'address': '0x9447981b0d3b55ed813f3efa17ced4af5ad72c83'}, 'date': {'date': '2022-02-27'}, 'block': {'height': 14287912}}, {'smartContract': {'address': {'address': '0xa5b947687163fe88c3e6af5b17ae69896f4abccf'}}, 'caller': {'address': '0x78e869870e425a4d78bc18c46be9a6b9b8417cb5'}, 'date': {'date': '2022-02-27'}, 'block': {'height': 14287862}}, {'smartContract': {'address': {'address': '0x52adf834216a624a89655e540ef3d430e9077b79'}}, 'caller': {'address': '0x78e869870e425a4d78bc18c46be9a6b9b8417cb5'}, 'date': {'date': '2022-02-27'}, 'block': {'height': 14287861}}, {'smartContract': {'address': {'address': '0x86f70c5597fc8af36bbdc580c33b03090b1ba7bf'}}, 'caller': {'address': '0x78e869870e425a4d78bc18c46be9a6b9b8417cb5'}, 'date': {'date': '2022-02-27'}, 'block': {'height': 14287859}}, {'smartContract': {'address': {'address': '0x6ba7b257c4748b9a4724b19739d6adebd9e0d9af'}}, 'caller': {'address': '0x41959ea405ca4e19bdb09bf5d0662330a7e7e2bf'}, 'date': {'date': '2022-02-27'}, 'block': {'height': 14287696}}, {'smartContract': {'address': {'address': '0x6cb1e1404b549c28fb6c2e961b1e55a10b1f5a0b'}}, 'caller': {'address': '0xd726e2f7cc42de91d33b76d760685c58066e7ec0'}, 'date': {'date': '2022-02-27'}, 'block': {'height': 14287695}}, {'smartContract': {'address': {'address': '0x5a993336e74559d74232fc5625fc20f13bfa1f58'}}, 'caller': {'address': '0x9447981b0d3b55ed813f3efa17ced4af5ad72c83'}, 'date': {'date': '2022-02-27'}, 'block': {'height': 14287695}}, {'smartContract': {'address': {'address': '0x173d5e2395d0c20d5a3d35d5b7ec71618211f353'}}, 'caller': {'address': '0x9b5f06ed774e742b462f8962f4c22081c59f4013'}, 'date': {'date': '2022-02-27'}, 'block': {'height': 14287694}}, {'smartContract': {'address': {'address': '0x1e6afa340851d60e75be38494813c09b3356a009'}}, 'caller': {'address': '0x8b15b2d8674b3c85b939c76c6c6ffd7010942b3b'}, 'date': {'date': '2022-02-27'}, 'block': {'height': 14287694}}, {'smartContract': {'address': {'address': '0xd441943f6158f9296eda282bbcb60d291c2c17f9'}}, 'caller': {'address': '0x78e869870e425a4d78bc18c46be9a6b9b8417cb5'}, 'date': {'date': '2022-02-27'}, 'block': {'height': 14287685}}, {'smartContract': {'address': {'address': '0x657ff6b70b076119800e221b407f82eececf4078'}}, 'caller': {'address': '0x78e869870e425a4d78bc18c46be9a6b9b8417cb5'}, 'date': {'date': '2022-02-27'}, 'block': {'height': 14287682}}, {'smartContract': {'address': {'address': '0x1f69df90661f76b7ff279f29cb8ba12a2f1c6677'}}, 'caller': {'address': '0x78e869870e425a4d78bc18c46be9a6b9b8417cb5'}, 'date': {'date': '2022-02-27'}, 'block': {'height': 14287678}}, {'smartContract': {'address': {'address': '0xfc756c293422eb5aabadfcc7ecd8c7769814c479'}}, 'caller': {'address': '0x78e869870e425a4d78bc18c46be9a6b9b8417cb5'}, 'date': {'date': '2022-02-27'}, 'block': {'height': 14287676}}, {'smartContract': {'address': {'address': '0x246afd2196c17c0a549278f44cb2665eda0de7d6'}}, 'caller': {'address': '0x78e869870e425a4d78bc18c46be9a6b9b8417cb5'}, 'date': {'date': '2022-02-27'}, 'block': {'height': 14287674}}, {'smartContract': {'address': {'address': '0x44b9bb78eb1e3d514cb362057a46b4521d0a677e'}}, 'caller': {'address': '0x78e869870e425a4d78bc18c46be9a6b9b8417cb5'}, 'date': {'date': '2022-02-27'}, 'block': {'height': 14287672}}, {'smartContract': {'address': {'address': '0x1ee828bf055308a86c0e7bb785fc5663f3dbab2e'}}, 'caller': {'address': '0x78e869870e425a4d78bc18c46be9a6b9b8417cb5'}, 'date': {'date': '2022-02-27'}, 'block': {'height': 14287671}}, {'smartContract': {'address': {'address': '0x9b5f06ed774e742b462f8962f4c22081c59f4013'}}, 'caller': {'address': '0x78e869870e425a4d78bc18c46be9a6b9b8417cb5'}, 'date': {'date': '2022-02-27'}, 'block': {'height': 14287670}}, {'smartContract': {'address': {'address': '0x5e99e959d5e303d2356cde6ce92b6f8a8e4a839a'}}, 'caller': {'address': '0x78e869870e425a4d78bc18c46be9a6b9b8417cb5'}, 'date': {'date': '2022-02-27'}, 'block': {'height': 14287668}}, {'smartContract': {'address': {'address': '0xb84227d48173db84a4c9e022f063e2383eecd157'}}, 'caller': {'address': '0x78e869870e425a4d78bc18c46be9a6b9b8417cb5'}, 'date': {'date': '2022-02-27'}, 'block': {'height': 14287666}}, {'smartContract': {'address': {'address': '0x135639bb9923a5093e4d614f7c2d4c36b68fc181'}}, 'caller': {'address': '0x78e869870e425a4d78bc18c46be9a6b9b8417cb5'}, 'date': {'date': '2022-02-27'}, 'block': {'height': 14287664}}, {'smartContract': {'address': {'address': '0x7a6cc5b755ed05f635cb28402c9870fa1877ca19'}}, 'caller': {'address': '0x78e869870e425a4d78bc18c46be9a6b9b8417cb5'}, 'date': {'date': '2022-02-27'}, 'block': {'height': 14287662}}, {'smartContract': {'address': {'address': '0x0509763efc0236f018d385442b9c5839eda51f21'}}, 'caller': {'address': '0x78e869870e425a4d78bc18c46be9a6b9b8417cb5'}, 'date': {'date': '2022-02-27'}, 'block': {'height': 14287661}}, {'smartContract': {'address': {'address': '0x9396f870e2ad225cca361cf081cd486acdf4e043'}}, 'caller': {'address': '0x78e869870e425a4d78bc18c46be9a6b9b8417cb5'}, 'date': {'date': '2022-02-27'}, 'block': {'height': 14287659}}, {'smartContract': {'address': {'address': '0x50edd7202e8d53dc2f2cd8599641419d509d6b34'}}, 'caller': {'address': '0x78e869870e425a4d78bc18c46be9a6b9b8417cb5'}, 'date': {'date': '2022-02-27'}, 'block': {'height': 14287657}}, {'smartContract': {'address': {'address': '0x9447981b0d3b55ed813f3efa17ced4af5ad72c83'}}, 'caller': {'address': '0x78e869870e425a4d78bc18c46be9a6b9b8417cb5'}, 'date': {'date': '2022-02-27'}, 'block': {'height': 14287655}}, {'smartContract': {'address': {'address': '0xd726e2f7cc42de91d33b76d760685c58066e7ec0'}}, 'caller': {'address': '0x78e869870e425a4d78bc18c46be9a6b9b8417cb5'}, 'date': {'date': '2022-02-27'}, 'block': {'height': 14287652}}, {'smartContract': {'address': {'address': '0x2e38004b929ce746f60c50dd6a6ed072ca27b983'}}, 'caller': {'address': '0x78e869870e425a4d78bc18c46be9a6b9b8417cb5'}, 'date': {'date': '2022-02-27'}, 'block': {'height': 14287650}}, {'smartContract': {'address': {'address': '0x7d87712d43ad10ba3818ed258d6523cb9be33e20'}}, 'caller': {'address': '0x78e869870e425a4d78bc18c46be9a6b9b8417cb5'}, 'date': {'date': '2022-02-27'}, 'block': {'height': 14287649}}, {'smartContract': {'address': {'address': '0x41959ea405ca4e19bdb09bf5d0662330a7e7e2bf'}}, 'caller': {'address': '0x78e869870e425a4d78bc18c46be9a6b9b8417cb5'}, 'date': {'date': '2022-02-27'}, 'block': {'height': 14287648}}, {'smartContract': {'address': {'address': '0x8b15b2d8674b3c85b939c76c6c6ffd7010942b3b'}}, 'caller': {'address': '0x78e869870e425a4d78bc18c46be9a6b9b8417cb5'}, 'date': {'date': '2022-02-27'}, 'block': {'height': 14287645}}, {'smartContract': {'address': {'address': '0x7fc9296af4893fdea190e0e1c80ad4fc6f27be0b'}}, 'caller': {'address': '0x78e869870e425a4d78bc18c46be9a6b9b8417cb5'}, 'date': {'date': '2022-02-27'}, 'block': {'height': 14287643}}, {'smartContract': {'address': {'address': '0xab046cbc04b6776905236b75f9fd5c7878484aa6'}}, 'caller': {'address': '0x78e869870e425a4d78bc18c46be9a6b9b8417cb5'}, 'date': {'date': '2022-02-27'}, 'block': {'height': 14287641}}, {'smartContract': {'address': {'address': '0xac4f0824ecadb754367917909318ca83b13050e0'}}, 'caller': {'address': '0x78e869870e425a4d78bc18c46be9a6b9b8417cb5'}, 'date': {'date': '2022-02-27'}, 'block': {'height': 14287638}}, {'smartContract': {'address': {'address': '0x2af0b09b0eba5eb7147f57b974ad36722ccfb2d2'}}, 'caller': {'address': '0xa26e15c895efc0616177b7c1e7270a4c7d51c997'}, 'date': {'date': '2022-02-27'}, 'block': {'height': 14287637}}, {'smartContract': {'address': {'address': '0x12f938f12d50c081c0909758f975f70ead5f6e4c'}}, 'caller': {'address': '0x78e869870e425a4d78bc18c46be9a6b9b8417cb5'}, 'date': {'date': '2022-02-27'}, 'block': {'height': 14287635}}, {'smartContract': {'address': {'address': '0x00610f63696445d4a1f44ad199ea095f866d264c'}}, 'caller': {'address': '0xa26e15c895efc0616177b7c1e7270a4c7d51c997'}, 'date': {'date': '2022-02-27'}, 'block': {'height': 14287628}}]",2022-02-27
275,275,0xB1f1F47061A7Be15C69f378CB3f69423bD58F2F8,Flashstake,https://github.com/BlockzeroLabs/flashv3-contracts,0x4B9f696c998f9549485a3a85DcA692Fd6CCE491F,235574.4672,"[{'smartContract': {'address': {'address': '0xce39573dc53f16c4fd16e2a07a467088fd124559'}}, 'caller': {'address': '0x4b9f696c998f9549485a3a85dca692fd6cce491f'}, 'date': {'date': '2022-10-17'}, 'block': {'height': 15770109}}, {'smartContract': {'address': {'address': '0x52d80e027f0a3c27117aec9c3e4d31fb0e66cf2f'}}, 'caller': {'address': '0x4b9f696c998f9549485a3a85dca692fd6cce491f'}, 'date': {'date': '2022-10-17'}, 'block': {'height': 15770098}}, {'smartContract': {'address': {'address': '0xed56856dc3e9328a089f7102aa75c34afb3e6f3f'}}, 'caller': {'address': '0x4b9f696c998f9549485a3a85dca692fd6cce491f'}, 'date': {'date': '2022-10-17'}, 'block': {'height': 15770096}}, {'smartContract': {'address': {'address': '0x689591b5cf1065058d8091a79c76f0e93db4f70f'}}, 'caller': {'address': '0x05736a8d6bc208b9e3c9a7e20e7f53674aea6ab1'}, 'date': {'date': '2022-10-17'}, 'block': {'height': 15769971}}, {'smartContract': {'address': {'address': '0x5ff6d4e7c30ec99f55fd33bd2447c1644fa73c1b'}}, 'caller': {'address': '0x05736a8d6bc208b9e3c9a7e20e7f53674aea6ab1'}, 'date': {'date': '2022-10-17'}, 'block': {'height': 15769970}}, {'smartContract': {'address': {'address': '0x93ee9a13daec3aaa3c18bfdac9581a3b92e3530c'}}, 'caller': {'address': '0x05736a8d6bc208b9e3c9a7e20e7f53674aea6ab1'}, 'date': {'date': '2022-10-17'}, 'block': {'height': 15769970}}, {'smartContract': {'address': {'address': '0xb0db009e9df99c12a2568a1dd3a86b0913ce344c'}}, 'caller': {'address': '0x4b9f696c998f9549485a3a85dca692fd6cce491f'}, 'date': {'date': '2022-10-17'}, 'block': {'height': 15769949}}, {'smartContract': {'address': {'address': '0xe165d4278f4a629b8ec906015c95ccebec56621a'}}, 'caller': {'address': '0x4b9f696c998f9549485a3a85dca692fd6cce491f'}, 'date': {'date': '2022-10-17'}, 'block': {'height': 15769946}}, {'smartContract': {'address': {'address': '0xa3f8115f38356a78898d0d3d50fae356a83ac13d'}}, 'caller': {'address': '0x4b9f696c998f9549485a3a85dca692fd6cce491f'}, 'date': {'date': '2022-10-17'}, 'block': {'height': 15769941}}, {'smartContract': {'address': {'address': '0x98524471fbd7eb186f43aa0cca8abc65ed0df009'}}, 'caller': {'address': '0x4b9f696c998f9549485a3a85dca692fd6cce491f'}, 'date': {'date': '2022-10-06'}, 'block': {'height': 15691818}}, {'smartContract': {'address': {'address': '0x7348de03a1cb59187e6596887b157ef3d452c924'}}, 'caller': {'address': '0x4b9f696c998f9549485a3a85dca692fd6cce491f'}, 'date': {'date': '2022-10-06'}, 'block': {'height': 15691816}}, {'smartContract': {'address': {'address': '0x9b74ce791352cde33929acc6f67814485b3c394d'}}, 'caller': {'address': '0x4b9f696c998f9549485a3a85dca692fd6cce491f'}, 'date': {'date': '2022-10-06'}, 'block': {'height': 15691814}}, {'smartContract': {'address': {'address': '0x31fafc0aff4c622f3d291b4c9376a8242bfdf2b4'}}, 'caller': {'address': '0x4b9f696c998f9549485a3a85dca692fd6cce491f'}, 'date': {'date': '2022-10-06'}, 'block': {'height': 15691811}}, {'smartContract': {'address': {'address': '0x834586cfddacc2f305a92f60ab94eb22f9f1cb94'}}, 'caller': {'address': '0x4b9f696c998f9549485a3a85dca692fd6cce491f'}, 'date': {'date': '2022-09-21'}, 'block': {'height': 15583084}}, {'smartContract': {'address': {'address': '0xe3d64d28cb22b988a46565e77485a1fbbc66de94'}}, 'caller': {'address': '0x05736a8d6bc208b9e3c9a7e20e7f53674aea6ab1'}, 'date': {'date': '2022-09-05'}, 'block': {'height': 15478535}}, {'smartContract': {'address': {'address': '0xb79c8c7e93f21d1aeb5b9ae20100009a2d4b8baa'}}, 'caller': {'address': '0x4b9f696c998f9549485a3a85dca692fd6cce491f'}, 'date': {'date': '2022-09-05'}, 'block': {'height': 15478535}}, {'smartContract': {'address': {'address': '0x221b09c2dabbd87a32cabf38c65eddf49fc61b78'}}, 'caller': {'address': '0x4b9f696c998f9549485a3a85dca692fd6cce491f'}, 'date': {'date': '2022-09-05'}, 'block': {'height': 15478531}}, {'smartContract': {'address': {'address': '0xb66f4bd1a4f0b594fd5c7c3513b14025d072e31d'}}, 'caller': {'address': '0x05736a8d6bc208b9e3c9a7e20e7f53674aea6ab1'}, 'date': {'date': '2022-09-05'}, 'block': {'height': 15478474}}, {'smartContract': {'address': {'address': '0x759b36d0910f1fe770f3a03a77e428db8b3a97fa'}}, 'caller': {'address': '0x4b9f696c998f9549485a3a85dca692fd6cce491f'}, 'date': {'date': '2022-09-05'}, 'block': {'height': 15478474}}, {'smartContract': {'address': {'address': '0x543134ec56ee444403461519c1ec8590c7475897'}}, 'caller': {'address': '0x4b9f696c998f9549485a3a85dca692fd6cce491f'}, 'date': {'date': '2022-09-05'}, 'block': {'height': 15478469}}, {'smartContract': {'address': {'address': '0x78ca80a14e0d35d9895740903d746a257fc03674'}}, 'caller': {'address': '0x4b9f696c998f9549485a3a85dca692fd6cce491f'}, 'date': {'date': '2022-09-05'}, 'block': {'height': 15478431}}, {'smartContract': {'address': {'address': '0x4d1733b4a6b92056f77b42e01ff05f0f1e863a5a'}}, 'caller': {'address': '0x05736a8d6bc208b9e3c9a7e20e7f53674aea6ab1'}, 'date': {'date': '2022-09-05'}, 'block': {'height': 15478430}}, {'smartContract': {'address': {'address': '0x8373dd2efcaea8174136e9d5f729219e47ee94ca'}}, 'caller': {'address': '0x4b9f696c998f9549485a3a85dca692fd6cce491f'}, 'date': {'date': '2022-09-05'}, 'block': {'height': 15478423}}, {'smartContract': {'address': {'address': '0x313c7b13880cfae46d158343b5879a1056e7be5b'}}, 'caller': {'address': '0x4b9f696c998f9549485a3a85dca692fd6cce491f'}, 'date': {'date': '2022-09-05'}, 'block': {'height': 15478395}}, {'smartContract': {'address': {'address': '0x32ea96f6f2985bd38e4dac3bc08156198bc2324d'}}, 'caller': {'address': '0x05736a8d6bc208b9e3c9a7e20e7f53674aea6ab1'}, 'date': {'date': '2022-09-05'}, 'block': {'height': 15478390}}, {'smartContract': {'address': {'address': '0x6e5ed1a5901e81f6bc008023d766454d831b6617'}}, 'caller': {'address': '0x4b9f696c998f9549485a3a85dca692fd6cce491f'}, 'date': {'date': '2022-09-05'}, 'block': {'height': 15478382}}, {'smartContract': {'address': {'address': '0x57d551a18aae2c9de6977425f1df34dcd5db4977'}}, 'caller': {'address': '0x4b9f696c998f9549485a3a85dca692fd6cce491f'}, 'date': {'date': '2022-08-10'}, 'block': {'height': 15316959}}, {'smartContract': {'address': {'address': '0xcb1205ac28693beda01e0b66e9b4d06231609bfd'}}, 'caller': {'address': '0x4b9f696c998f9549485a3a85dca692fd6cce491f'}, 'date': {'date': '2022-08-10'}, 'block': {'height': 15316956}}, {'smartContract': {'address': {'address': '0x209fcb1b6f437f18eebe6dfa7936b507be59b0b7'}}, 'caller': {'address': '0x4b9f696c998f9549485a3a85dca692fd6cce491f'}, 'date': {'date': '2022-08-10'}, 'block': {'height': 15316954}}, {'smartContract': {'address': {'address': '0x1c65bbad253d5614607ab242ee5db3c90b454f92'}}, 'caller': {'address': '0x4b9f696c998f9549485a3a85dca692fd6cce491f'}, 'date': {'date': '2022-08-10'}, 'block': {'height': 15316854}}, {'smartContract': {'address': {'address': '0xb7d958663e2f1a00f0c2757bcff9587222e44d0c'}}, 'caller': {'address': '0x4b9f696c998f9549485a3a85dca692fd6cce491f'}, 'date': {'date': '2022-08-10'}, 'block': {'height': 15316853}}, {'smartContract': {'address': {'address': '0xdac68115be8e2119d44e2fdbeeedffa5439d13b8'}}, 'caller': {'address': '0x4b9f696c998f9549485a3a85dca692fd6cce491f'}, 'date': {'date': '2022-08-10'}, 'block': {'height': 15316852}}, {'smartContract': {'address': {'address': '0x94231242f02c6a9d90d9595a7db52aaa706bd2c5'}}, 'caller': {'address': '0x4b9f696c998f9549485a3a85dca692fd6cce491f'}, 'date': {'date': '2022-08-01'}, 'block': {'height': 15259395}}, {'smartContract': {'address': {'address': '0xe221bbf1d5960fc420d451206cf2ee0539398aac'}}, 'caller': {'address': '0x05736a8d6bc208b9e3c9a7e20e7f53674aea6ab1'}, 'date': {'date': '2022-08-01'}, 'block': {'height': 15259390}}, {'smartContract': {'address': {'address': '0x15c32f81df9b00b97b68148b6bdeb72d57f24845'}}, 'caller': {'address': '0x4b9f696c998f9549485a3a85dca692fd6cce491f'}, 'date': {'date': '2022-08-01'}, 'block': {'height': 15259378}}, {'smartContract': {'address': {'address': '0xb50d9479ffed1822fd5fcb25a352069d0d929f52'}}, 'caller': {'address': '0x4b9f696c998f9549485a3a85dca692fd6cce491f'}, 'date': {'date': '2022-08-01'}, 'block': {'height': 15258298}}, {'smartContract': {'address': {'address': '0x139c72c0335e2ef1da4d2153664cbfabedf86cca'}}, 'caller': {'address': '0x4b9f696c998f9549485a3a85dca692fd6cce491f'}, 'date': {'date': '2022-08-01'}, 'block': {'height': 15258295}}, {'smartContract': {'address': {'address': '0x541a7b5a8a6bb28ec44fab9d41cc2b4aaf4f9a33'}}, 'caller': {'address': '0x4b9f696c998f9549485a3a85dca692fd6cce491f'}, 'date': {'date': '2022-08-01'}, 'block': {'height': 15258285}}, {'smartContract': {'address': {'address': '0xb89494ab70001a2f25372b5e962046908188feea'}}, 'caller': {'address': '0x4b9f696c998f9549485a3a85dca692fd6cce491f'}, 'date': {'date': '2022-07-28'}, 'block': {'height': 15234037}}, {'smartContract': {'address': {'address': '0xfc3e57b4fad993813bd9a09951274102ac1f3bd8'}}, 'caller': {'address': '0x4b9f696c998f9549485a3a85dca692fd6cce491f'}, 'date': {'date': '2022-07-28'}, 'block': {'height': 15234009}}, {'smartContract': {'address': {'address': '0x5028c667d1c9da0a9090f16e1607f60b7717fc6a'}}, 'caller': {'address': '0x05736a8d6bc208b9e3c9a7e20e7f53674aea6ab1'}, 'date': {'date': '2022-07-28'}, 'block': {'height': 15234007}}, {'smartContract': {'address': {'address': '0x89988fb43890c857205cee04413ef173c93f55fc'}}, 'caller': {'address': '0x4b9f696c998f9549485a3a85dca692fd6cce491f'}, 'date': {'date': '2022-07-28'}, 'block': {'height': 15233987}}, {'smartContract': {'address': {'address': '0x78b2d65dd1d3d9fb2972d7ef467261ca101ec2b9'}}, 'caller': {'address': '0x4b9f696c998f9549485a3a85dca692fd6cce491f'}, 'date': {'date': '2022-07-28'}, 'block': {'height': 15233959}}, {'smartContract': {'address': {'address': '0x05736a8d6bc208b9e3c9a7e20e7f53674aea6ab1'}}, 'caller': {'address': '0x4b9f696c998f9549485a3a85dca692fd6cce491f'}, 'date': {'date': '2022-07-28'}, 'block': {'height': 15233956}}, {'smartContract': {'address': {'address': '0x3b090839c26fe3b2bdfa2f4cd7f3ab001ccdf73f'}}, 'caller': {'address': '0x4b9f696c998f9549485a3a85dca692fd6cce491f'}, 'date': {'date': '2022-07-28'}, 'block': {'height': 15233955}}, {'smartContract': {'address': {'address': '0xb1f1f47061a7be15c69f378cb3f69423bd58f2f8'}}, 'caller': {'address': '0x4b9f696c998f9549485a3a85dca692fd6cce491f'}, 'date': {'date': '2022-07-28'}, 'block': {'height': 15233925}}, {'smartContract': {'address': {'address': '0x5dfcd72f36f9784655f356a181084264b4e9c9f8'}}, 'caller': {'address': '0x4b9f696c998f9549485a3a85dca692fd6cce491f'}, 'date': {'date': '2022-07-28'}, 'block': {'height': 15233925}}]",2022-07-29
276,276,0xeF9Cd7882c067686691B6fF49e650b43AFBBCC6B,FinNexus,,0x961918dcC6F1F78f93E357182614C791041f401E,233592.1963,"[{'smartContract': {'address': {'address': '0xef9cd7882c067686691b6ff49e650b43afbbcc6b'}}, 'caller': {'address': '0x961918dcc6f1f78f93e357182614c791041f401e'}, 'date': {'date': '2020-07-27'}, 'block': {'height': 10541706}}, {'smartContract': {'address': {'address': '0xad2f6762e2cb2bf6412522b194648fe33f80b496'}}, 'caller': {'address': '0x961918dcc6f1f78f93e357182614c791041f401e'}, 'date': {'date': '2020-07-27'}, 'block': {'height': 10539218}}]",2020-07-27
277,277,0x6F87D756DAf0503d08Eb8993686c7Fc01Dc44fB1,UniTrade,,0x23D3808fEaEb966F9C6c5EF326E1dD37686E5972,227253.7801,"[{'smartContract': {'address': {'address': '0x14f809659ed9c77a32f3db82000570f4470b1de7'}}, 'caller': {'address': '0x23d3808feaeb966f9c6c5ef326e1dd37686e5972'}, 'date': {'date': '2022-06-07'}, 'block': {'height': 14919848}}, {'smartContract': {'address': {'address': '0x37a3c39305f82aa1f3434e3e54ad21f82a24f53b'}}, 'caller': {'address': '0x23d3808feaeb966f9c6c5ef326e1dd37686e5972'}, 'date': {'date': '2020-08-05'}, 'block': {'height': 10597350}}, {'smartContract': {'address': {'address': '0xce9c78af83a0fac0ec9065a71b7943be873d5e90'}}, 'caller': {'address': '0x23d3808feaeb966f9c6c5ef326e1dd37686e5972'}, 'date': {'date': '2020-08-05'}, 'block': {'height': 10597088}}, {'smartContract': {'address': {'address': '0x5c5312e2c6c191b0ce5b4966dd81c1db1f7cdbab'}}, 'caller': {'address': '0x23d3808feaeb966f9c6c5ef326e1dd37686e5972'}, 'date': {'date': '2020-08-03'}, 'block': {'height': 10583958}}, {'smartContract': {'address': {'address': '0x765168730d2b92962168acac7e8208257ffa7866'}}, 'caller': {'address': '0x23d3808feaeb966f9c6c5ef326e1dd37686e5972'}, 'date': {'date': '2020-08-03'}, 'block': {'height': 10583942}}, {'smartContract': {'address': {'address': '0x6f87d756daf0503d08eb8993686c7fc01dc44fb1'}}, 'caller': {'address': '0x23d3808feaeb966f9c6c5ef326e1dd37686e5972'}, 'date': {'date': '2020-07-27'}, 'block': {'height': 10539926}}, {'smartContract': {'address': {'address': '0x1fb5db7213572ac59ce876185d726eec19eece91'}}, 'caller': {'address': '0x23d3808feaeb966f9c6c5ef326e1dd37686e5972'}, 'date': {'date': '2020-07-09'}, 'block': {'height': 10422700}}]",2020-07-27
278,278,0xa9C125BF4C8bB26f299c00969532B66732b1F758,Aelin,,0x1b9dFC56e38b0F92448659C114e2347Bd803911c,214397.921,"[{'smartContract': {'address': {'address': '0x0db3b38383e87b03ac745b0d58d17434c890e0d3'}}, 'caller': {'address': '0x1b9dfc56e38b0f92448659c114e2347bd803911c'}, 'date': {'date': '2022-10-26'}, 'block': {'height': 15835370}}, {'smartContract': {'address': {'address': '0xaeea6d9b3d67ff5f5f19d6ced92ac25199ee985f'}}, 'caller': {'address': '0x4e59b44847b379578588920ca78fbf26c0b4956c'}, 'date': {'date': '2022-07-01'}, 'block': {'height': 15053664}}, {'smartContract': {'address': {'address': '0xf0ee62005149b008bd3991edfea2cad5eae592aa'}}, 'caller': {'address': '0x4e59b44847b379578588920ca78fbf26c0b4956c'}, 'date': {'date': '2022-07-01'}, 'block': {'height': 15053651}}, {'smartContract': {'address': {'address': '0xd20fc42e293734f58316e2106933b8d9fb14f5b2'}}, 'caller': {'address': '0x1b9dfc56e38b0f92448659c114e2347bd803911c'}, 'date': {'date': '2022-05-21'}, 'block': {'height': 14818177}}, {'smartContract': {'address': {'address': '0x7510792a3b1969f9307f3845ce88e39578f2bae1'}}, 'caller': {'address': '0x1b9dfc56e38b0f92448659c114e2347bd803911c'}, 'date': {'date': '2022-05-04'}, 'block': {'height': 14710499}}, {'smartContract': {'address': {'address': '0x94d2fdf684158875b99adabba8a5977730642550'}}, 'caller': {'address': '0x1b9dfc56e38b0f92448659c114e2347bd803911c'}, 'date': {'date': '2022-04-25'}, 'block': {'height': 14652783}}, {'smartContract': {'address': {'address': '0x52e4f244f380f8fa51816c8a10a63105dd4de084'}}, 'caller': {'address': '0x1b9dfc56e38b0f92448659c114e2347bd803911c'}, 'date': {'date': '2022-04-21'}, 'block': {'height': 14627208}}, {'smartContract': {'address': {'address': '0x4066d196a423b2b3b8b054f4f40efb47a74e200c'}}, 'caller': {'address': '0x1b9dfc56e38b0f92448659c114e2347bd803911c'}, 'date': {'date': '2022-04-08'}, 'block': {'height': 14546010}}, {'smartContract': {'address': {'address': '0x7a80254e5564ee7f7bb53b9da6c7f768a7d2e8c9'}}, 'caller': {'address': '0x1b9dfc56e38b0f92448659c114e2347bd803911c'}, 'date': {'date': '2022-04-08'}, 'block': {'height': 14546009}}, {'smartContract': {'address': {'address': '0xdd9c6479a44ff66c500b18a13d69b7245b80d39c'}}, 'caller': {'address': '0x1b9dfc56e38b0f92448659c114e2347bd803911c'}, 'date': {'date': '2022-04-08'}, 'block': {'height': 14545994}}, {'smartContract': {'address': {'address': '0x520d812604e7b2ce71819fdbfe9ac40e56327f8f'}}, 'caller': {'address': '0x1b9dfc56e38b0f92448659c114e2347bd803911c'}, 'date': {'date': '2022-04-08'}, 'block': {'height': 14545993}}, {'smartContract': {'address': {'address': '0xb4ed26ddc6fe3a1ea5e83c3fe145ca00c086563d'}}, 'caller': {'address': '0x1b9dfc56e38b0f92448659c114e2347bd803911c'}, 'date': {'date': '2022-04-07'}, 'block': {'height': 14537816}}, {'smartContract': {'address': {'address': '0xe593f3509eb2a620dc61078bcdedba355f083e8b'}}, 'caller': {'address': '0x1b9dfc56e38b0f92448659c114e2347bd803911c'}, 'date': {'date': '2022-03-22'}, 'block': {'height': 14434272}}, {'smartContract': {'address': {'address': '0x15eef5ad78c4d9e5f247e68978ca32b5d25ca524'}}, 'caller': {'address': '0x1b9dfc56e38b0f92448659c114e2347bd803911c'}, 'date': {'date': '2022-03-01'}, 'block': {'height': 14300418}}, {'smartContract': {'address': {'address': '0x33cce3a8ba0bf7ec56b2ccd2ad9306748a84e4cf'}}, 'caller': {'address': '0x1b9dfc56e38b0f92448659c114e2347bd803911c'}, 'date': {'date': '2022-02-14'}, 'block': {'height': 14203324}}, {'smartContract': {'address': {'address': '0xa9c125bf4c8bb26f299c00969532b66732b1f758'}}, 'caller': {'address': '0x1b9dfc56e38b0f92448659c114e2347bd803911c'}, 'date': {'date': '2022-02-08'}, 'block': {'height': 14164550}}, {'smartContract': {'address': {'address': '0xf3c96924d85566c031ddc48dbc63b2d71da6d0f6'}}, 'caller': {'address': '0x1b9dfc56e38b0f92448659c114e2347bd803911c'}, 'date': {'date': '2022-01-27'}, 'block': {'height': 14086563}}, {'smartContract': {'address': {'address': '0x212137adfabbc3525f73183022a403c70c4e8ae6'}}, 'caller': {'address': '0x1b9dfc56e38b0f92448659c114e2347bd803911c'}, 'date': {'date': '2022-01-26'}, 'block': {'height': 14079629}}, {'smartContract': {'address': {'address': '0xeb883d9478af15c2c176030849d8fa31169b63b9'}}, 'caller': {'address': '0x1b9dfc56e38b0f92448659c114e2347bd803911c'}, 'date': {'date': '2022-01-20'}, 'block': {'height': 14042016}}, {'smartContract': {'address': {'address': '0x21c0251da69920414ec36c8f19fb61f3d50027af'}}, 'caller': {'address': '0x1b9dfc56e38b0f92448659c114e2347bd803911c'}, 'date': {'date': '2022-01-20'}, 'block': {'height': 14042013}}, {'smartContract': {'address': {'address': '0x5a994686046982f6e855e41c9ae418df137f5f6b'}}, 'caller': {'address': '0x1b9dfc56e38b0f92448659c114e2347bd803911c'}, 'date': {'date': '2022-01-20'}, 'block': {'height': 14041982}}, {'smartContract': {'address': {'address': '0x3f95e5099cf3a125145212afd53039b8d8c5656e'}}, 'caller': {'address': '0x1b9dfc56e38b0f92448659c114e2347bd803911c'}, 'date': {'date': '2022-01-19'}, 'block': {'height': 14035119}}, {'smartContract': {'address': {'address': '0x30a667df8562a2460f45ac297d833a36feac0c2f'}}, 'caller': {'address': '0x1b9dfc56e38b0f92448659c114e2347bd803911c'}, 'date': {'date': '2022-01-10'}, 'block': {'height': 13976604}}, {'smartContract': {'address': {'address': '0xbade2a874e27b5b0920da93efe6845036c6fb5a4'}}, 'caller': {'address': '0x1b9dfc56e38b0f92448659c114e2347bd803911c'}, 'date': {'date': '2021-12-16'}, 'block': {'height': 13813461}}, {'smartContract': {'address': {'address': '0xeb6c39a0b62ede31f4ae426c1202b27476b69312'}}, 'caller': {'address': '0x1b9dfc56e38b0f92448659c114e2347bd803911c'}, 'date': {'date': '2021-12-15'}, 'block': {'height': 13810683}}, {'smartContract': {'address': {'address': '0x16365b45eb269b5b5dacb34b4a15399ec79b95eb'}}, 'caller': {'address': '0x1b9dfc56e38b0f92448659c114e2347bd803911c'}, 'date': {'date': '2021-12-15'}, 'block': {'height': 13810512}}, {'smartContract': {'address': {'address': '0xb37d31b2a74029b5951a2778f959282e2d518595'}}, 'caller': {'address': '0x1b9dfc56e38b0f92448659c114e2347bd803911c'}, 'date': {'date': '2021-12-15'}, 'block': {'height': 13808358}}, {'smartContract': {'address': {'address': '0x5427fefa711eff984124bfbb1ab6fbf5e3da1820'}}, 'caller': {'address': '0x1b9dfc56e38b0f92448659c114e2347bd803911c'}, 'date': {'date': '2021-12-01'}, 'block': {'height': 13719989}}, {'smartContract': {'address': {'address': '0x5803457e3074e727fa7f9aed60454bf2f127853b'}}, 'caller': {'address': '0x1b9dfc56e38b0f92448659c114e2347bd803911c'}, 'date': {'date': '2021-11-23'}, 'block': {'height': 13670103}}, {'smartContract': {'address': {'address': '0xea129ae043c4cb73dcb241aaa074f9e667641ba0'}}, 'caller': {'address': '0x1b9dfc56e38b0f92448659c114e2347bd803911c'}, 'date': {'date': '2021-11-23'}, 'block': {'height': 13670101}}, {'smartContract': {'address': {'address': '0x61f85ff2a2f4289be4bb9b72fc7010b3142b5f41'}}, 'caller': {'address': '0x1b9dfc56e38b0f92448659c114e2347bd803911c'}, 'date': {'date': '2021-11-23'}, 'block': {'height': 13670097}}, {'smartContract': {'address': {'address': '0xb01fd7bc0b3c433e313bf92dac09ff3942212b42'}}, 'caller': {'address': '0x1b9dfc56e38b0f92448659c114e2347bd803911c'}, 'date': {'date': '2021-11-23'}, 'block': {'height': 13670076}}, {'smartContract': {'address': {'address': '0xcb4a7569a61300c50cf80a2be16329ad9f5f8f9e'}}, 'caller': {'address': '0x1b9dfc56e38b0f92448659c114e2347bd803911c'}, 'date': {'date': '2021-11-23'}, 'block': {'height': 13670034}}, {'smartContract': {'address': {'address': '0x8a4b4c2acadeaa7206df96f00052e41d74a015ce'}}, 'caller': {'address': '0x1b9dfc56e38b0f92448659c114e2347bd803911c'}, 'date': {'date': '2021-11-23'}, 'block': {'height': 13670030}}, {'smartContract': {'address': {'address': '0xc578cbaf5a411dfa9f0d227f97dadaa4074ad062'}}, 'caller': {'address': '0x1b9dfc56e38b0f92448659c114e2347bd803911c'}, 'date': {'date': '2021-11-16'}, 'block': {'height': 13625665}}, {'smartContract': {'address': {'address': '0xd85e30c5d372942810c86c4ac9d7b3bb24cc1965'}}, 'caller': {'address': '0x1b9dfc56e38b0f92448659c114e2347bd803911c'}, 'date': {'date': '2021-11-16'}, 'block': {'height': 13625664}}, {'smartContract': {'address': {'address': '0xb1835871e00a587df6fa6b401973980811b25560'}}, 'caller': {'address': '0x1b9dfc56e38b0f92448659c114e2347bd803911c'}, 'date': {'date': '2021-11-16'}, 'block': {'height': 13625614}}, {'smartContract': {'address': {'address': '0x8c75adb1d9f38f6c2af54be8120f598b9dba446c'}}, 'caller': {'address': '0x1b9dfc56e38b0f92448659c114e2347bd803911c'}, 'date': {'date': '2021-11-16'}, 'block': {'height': 13625606}}, {'smartContract': {'address': {'address': '0xd916ebe244832b3fe5f1606009b51145cda99d56'}}, 'caller': {'address': '0x1b9dfc56e38b0f92448659c114e2347bd803911c'}, 'date': {'date': '2021-11-16'}, 'block': {'height': 13625605}}, {'smartContract': {'address': {'address': '0x1e6b1ceaf75936f153abb7b65fba57abae14e6ce'}}, 'caller': {'address': '0x1b9dfc56e38b0f92448659c114e2347bd803911c'}, 'date': {'date': '2021-11-16'}, 'block': {'height': 13625603}}, {'smartContract': {'address': {'address': '0x8d982783040e3ccc0c04cc7b88b9637ce7286c50'}}, 'caller': {'address': '0x1b9dfc56e38b0f92448659c114e2347bd803911c'}, 'date': {'date': '2021-11-16'}, 'block': {'height': 13625599}}, {'smartContract': {'address': {'address': '0xa251c4691c1ffd7d9b128874c023427513d8ac5c'}}, 'caller': {'address': '0x1b9dfc56e38b0f92448659c114e2347bd803911c'}, 'date': {'date': '2021-11-16'}, 'block': {'height': 13625597}}, {'smartContract': {'address': {'address': '0x841ce48f9446c8e281d3f1444cb859b4a6d0738c'}}, 'caller': {'address': '0x1b9dfc56e38b0f92448659c114e2347bd803911c'}, 'date': {'date': '2021-06-23'}, 'block': {'height': 12688264}}]",2022-02-08
279,279,0x470EBf5f030Ed85Fc1ed4C2d36B9DD02e77CF1b7,Temple,https://github.com/TempleDAO/TempleDAO,0xDAB2FFE554FE42d8Ab1aEe38cB17e93C41b59ccF,193679.6459,"[{'smartContract': {'address': {'address': '0xec3c1abdab15ebc069ec5e320eaacf716edfc011'}}, 'caller': {'address': '0x65fe8babf7da367b2b45cbd748f0490713f84828'}, 'date': {'date': '2022-06-12'}, 'block': {'height': 14948085}}, {'smartContract': {'address': {'address': '0x65fe8babf7da367b2b45cbd748f0490713f84828'}}, 'caller': {'address': '0xdab2ffe554fe42d8ab1aee38cb17e93c41b59ccf'}, 'date': {'date': '2022-06-12'}, 'block': {'height': 14948085}}, {'smartContract': {'address': {'address': '0xc3940f86a16f54a6d74e200616eb7309e31ac004'}}, 'caller': {'address': '0x65fe8babf7da367b2b45cbd748f0490713f84828'}, 'date': {'date': '2022-06-12'}, 'block': {'height': 14948085}}, {'smartContract': {'address': {'address': '0x6f5bb7cc4f3d6628d0095545552757ab377fe15c'}}, 'caller': {'address': '0xdab2ffe554fe42d8ab1aee38cb17e93c41b59ccf'}, 'date': {'date': '2022-06-11'}, 'block': {'height': 14944715}}, {'smartContract': {'address': {'address': '0x8a18ce5f2a0623aef5e77f34c76fa3b4f67bd3b9'}}, 'caller': {'address': '0x3f5c4347d9ec3efdff3dcfddb2cc78fd578a11a8'}, 'date': {'date': '2022-06-11'}, 'block': {'height': 14944710}}, {'smartContract': {'address': {'address': '0x3f5c4347d9ec3efdff3dcfddb2cc78fd578a11a8'}}, 'caller': {'address': '0xdab2ffe554fe42d8ab1aee38cb17e93c41b59ccf'}, 'date': {'date': '2022-06-11'}, 'block': {'height': 14944710}}, {'smartContract': {'address': {'address': '0xe3fc869bb4760725182be1bf99b257e731326a12'}}, 'caller': {'address': '0x3f5c4347d9ec3efdff3dcfddb2cc78fd578a11a8'}, 'date': {'date': '2022-06-11'}, 'block': {'height': 14944710}}, {'smartContract': {'address': {'address': '0x248ba5985053ee399a76b5822adeb12fa0ab1424'}}, 'caller': {'address': '0xdab2ffe554fe42d8ab1aee38cb17e93c41b59ccf'}, 'date': {'date': '2022-06-11'}, 'block': {'height': 14944709}}, {'smartContract': {'address': {'address': '0x8a17403b929ed1b6b50ea880d9c93068a5105d4c'}}, 'caller': {'address': '0xdab2ffe554fe42d8ab1aee38cb17e93c41b59ccf'}, 'date': {'date': '2022-06-11'}, 'block': {'height': 14944703}}, {'smartContract': {'address': {'address': '0x1f667edf04d8abf8409bf579a3f1bbf8ec263a85'}}, 'caller': {'address': '0xdab2ffe554fe42d8ab1aee38cb17e93c41b59ccf'}, 'date': {'date': '2022-06-04'}, 'block': {'height': 14902817}}, {'smartContract': {'address': {'address': '0xb0d978c8be39c119922b99f483cd8c4092f0ea56'}}, 'caller': {'address': '0xdab2ffe554fe42d8ab1aee38cb17e93c41b59ccf'}, 'date': {'date': '2022-03-16'}, 'block': {'height': 14397234}}, {'smartContract': {'address': {'address': '0xe0aafcf26576a53cbec99481607fb53384909c36'}}, 'caller': {'address': '0xdab2ffe554fe42d8ab1aee38cb17e93c41b59ccf'}, 'date': {'date': '2022-02-04'}, 'block': {'height': 14137300}}, {'smartContract': {'address': {'address': '0x7fb24ec7c643e952514d3442be705f644f764a6d'}}, 'caller': {'address': '0xdab2ffe554fe42d8ab1aee38cb17e93c41b59ccf'}, 'date': {'date': '2022-02-04'}, 'block': {'height': 14137195}}, {'smartContract': {'address': {'address': '0x0e2791939ae6918707fd7e02a1e94f0204098aeb'}}, 'caller': {'address': '0xdab2ffe554fe42d8ab1aee38cb17e93c41b59ccf'}, 'date': {'date': '2022-02-03'}, 'block': {'height': 14129904}}, {'smartContract': {'address': {'address': '0x1b44a9a94f2bb14eef0ded2f0428231e358d31d7'}}, 'caller': {'address': '0xdab2ffe554fe42d8ab1aee38cb17e93c41b59ccf'}, 'date': {'date': '2022-02-02'}, 'block': {'height': 14129542}}, {'smartContract': {'address': {'address': '0x9419308970a2e5dbec444dcea7e1fccd5be4e44c'}}, 'caller': {'address': '0xdab2ffe554fe42d8ab1aee38cb17e93c41b59ccf'}, 'date': {'date': '2022-01-28'}, 'block': {'height': 14093264}}, {'smartContract': {'address': {'address': '0x092ab6f1f08120e43b5643cec66a091afeafacd2'}}, 'caller': {'address': '0xdab2ffe554fe42d8ab1aee38cb17e93c41b59ccf'}, 'date': {'date': '2022-01-28'}, 'block': {'height': 14093247}}, {'smartContract': {'address': {'address': '0x78f683247cb2121b4ebfbd04110760da42752a6b'}}, 'caller': {'address': '0xdab2ffe554fe42d8ab1aee38cb17e93c41b59ccf'}, 'date': {'date': '2022-01-28'}, 'block': {'height': 14093239}}, {'smartContract': {'address': {'address': '0x8b0861bc6d4bfcc8dc1e0d387ccef56324c911ef'}}, 'caller': {'address': '0xdab2ffe554fe42d8ab1aee38cb17e93c41b59ccf'}, 'date': {'date': '2022-01-28'}, 'block': {'height': 14093225}}, {'smartContract': {'address': {'address': '0xf7b10a0c780a3906d9a9f3d706ecd2624b6ed84e'}}, 'caller': {'address': '0xdab2ffe554fe42d8ab1aee38cb17e93c41b59ccf'}, 'date': {'date': '2022-01-09'}, 'block': {'height': 13971005}}, {'smartContract': {'address': {'address': '0xd88fd6484f5d6da1ee78d43ade9fc377cf6accf1'}}, 'caller': {'address': '0xdab2ffe554fe42d8ab1aee38cb17e93c41b59ccf'}, 'date': {'date': '2022-01-07'}, 'block': {'height': 13956520}}, {'smartContract': {'address': {'address': '0xc6d556c34a179a224aebe42e77c6e76594148b97'}}, 'caller': {'address': '0xdab2ffe554fe42d8ab1aee38cb17e93c41b59ccf'}, 'date': {'date': '2021-12-24'}, 'block': {'height': 13865824}}, {'smartContract': {'address': {'address': '0xc8c3c72d667196bad40de3e5eadc29e74431257b'}}, 'caller': {'address': '0xdab2ffe554fe42d8ab1aee38cb17e93c41b59ccf'}, 'date': {'date': '2021-12-19'}, 'block': {'height': 13836975}}, {'smartContract': {'address': {'address': '0x3faeb34ab68709dca02d6b48a03256317b338896'}}, 'caller': {'address': '0xdab2ffe554fe42d8ab1aee38cb17e93c41b59ccf'}, 'date': {'date': '2021-12-19'}, 'block': {'height': 13836927}}, {'smartContract': {'address': {'address': '0x8a5058100e60e8f7c42305eb505b12785bba3bca'}}, 'caller': {'address': '0xdab2ffe554fe42d8ab1aee38cb17e93c41b59ccf'}, 'date': {'date': '2021-12-19'}, 'block': {'height': 13836924}}, {'smartContract': {'address': {'address': '0xa96253757581749be972ca967dc87c61584b9866'}}, 'caller': {'address': '0xdab2ffe554fe42d8ab1aee38cb17e93c41b59ccf'}, 'date': {'date': '2021-12-19'}, 'block': {'height': 13836820}}, {'smartContract': {'address': {'address': '0x20beb455c3b7b0d84091b84c25f51bc002d92f05'}}, 'caller': {'address': '0xdab2ffe554fe42d8ab1aee38cb17e93c41b59ccf'}, 'date': {'date': '2021-12-19'}, 'block': {'height': 13836548}}, {'smartContract': {'address': {'address': '0x355bf8c1489e74d155e0f746604af84eb01eb829'}}, 'caller': {'address': '0xdab2ffe554fe42d8ab1aee38cb17e93c41b59ccf'}, 'date': {'date': '2021-12-19'}, 'block': {'height': 13836547}}, {'smartContract': {'address': {'address': '0x4fb817e3e4a8c0d69b71e56273861115ffa4e2ff'}}, 'caller': {'address': '0xdab2ffe554fe42d8ab1aee38cb17e93c41b59ccf'}, 'date': {'date': '2021-12-18'}, 'block': {'height': 13828536}}, {'smartContract': {'address': {'address': '0x1aa6a5d7e889043b317c7a3203f41493dbb785e3'}}, 'caller': {'address': '0xdab2ffe554fe42d8ab1aee38cb17e93c41b59ccf'}, 'date': {'date': '2021-12-18'}, 'block': {'height': 13828533}}, {'smartContract': {'address': {'address': '0x49bcb2574d2857a9e13fc97ab2e986253b2d6255'}}, 'caller': {'address': '0xdab2ffe554fe42d8ab1aee38cb17e93c41b59ccf'}, 'date': {'date': '2021-12-18'}, 'block': {'height': 13828306}}, {'smartContract': {'address': {'address': '0x04768037329a05bcb59515243668bd2d3da0cbb9'}}, 'caller': {'address': '0xdab2ffe554fe42d8ab1aee38cb17e93c41b59ccf'}, 'date': {'date': '2021-12-18'}, 'block': {'height': 13828304}}, {'smartContract': {'address': {'address': '0x6021444f1706f15465bee85463bcc7d7cc17fc03'}}, 'caller': {'address': '0xdab2ffe554fe42d8ab1aee38cb17e93c41b59ccf'}, 'date': {'date': '2021-12-18'}, 'block': {'height': 13828302}}, {'smartContract': {'address': {'address': '0x967591888a5e8aed9d2a920fe4cc726e83d2bca9'}}, 'caller': {'address': '0xdab2ffe554fe42d8ab1aee38cb17e93c41b59ccf'}, 'date': {'date': '2021-12-18'}, 'block': {'height': 13827143}}, {'smartContract': {'address': {'address': '0x72e9fa8ed38ddbda4b044e95a206edaa509fdf72'}}, 'caller': {'address': '0xdab2ffe554fe42d8ab1aee38cb17e93c41b59ccf'}, 'date': {'date': '2021-12-17'}, 'block': {'height': 13822594}}, {'smartContract': {'address': {'address': '0x8ed9a9980e4c7e87edf8da13fc2ba53802bba117'}}, 'caller': {'address': '0xdab2ffe554fe42d8ab1aee38cb17e93c41b59ccf'}, 'date': {'date': '2021-11-07'}, 'block': {'height': 13566156}}, {'smartContract': {'address': {'address': '0xb9c5655aa30f50101020346bf906366bab05276a'}}, 'caller': {'address': '0xdab2ffe554fe42d8ab1aee38cb17e93c41b59ccf'}, 'date': {'date': '2021-11-07'}, 'block': {'height': 13566152}}, {'smartContract': {'address': {'address': '0xfd8dfcc544dc79454a826e11370baf2e99e0a05b'}}, 'caller': {'address': '0xdab2ffe554fe42d8ab1aee38cb17e93c41b59ccf'}, 'date': {'date': '2021-11-06'}, 'block': {'height': 13564970}}, {'smartContract': {'address': {'address': '0x4d6175d58c5aceef30f546c0d5a557effa53a950'}}, 'caller': {'address': '0xa6b71e26c5e0845f74c812102ca7114b6a896ab2'}, 'date': {'date': '2021-11-03'}, 'block': {'height': 13543633}}, {'smartContract': {'address': {'address': '0xa2642df0139faebb1d45526a46d5c54b805be02c'}}, 'caller': {'address': '0xdab2ffe554fe42d8ab1aee38cb17e93c41b59ccf'}, 'date': {'date': '2021-11-02'}, 'block': {'height': 13536694}}, {'smartContract': {'address': {'address': '0x48e38ee2e10020ca814f43ff727b648c12728c0e'}}, 'caller': {'address': '0xdab2ffe554fe42d8ab1aee38cb17e93c41b59ccf'}, 'date': {'date': '2021-11-02'}, 'block': {'height': 13536693}}, {'smartContract': {'address': {'address': '0xb18f07b22845df936310b63bdd04ce0e28e78c6f'}}, 'caller': {'address': '0xdab2ffe554fe42d8ab1aee38cb17e93c41b59ccf'}, 'date': {'date': '2021-11-02'}, 'block': {'height': 13536663}}, {'smartContract': {'address': {'address': '0x4fa80013f5d13db10f2c5dc2987081cb48c7c069'}}, 'caller': {'address': '0xdab2ffe554fe42d8ab1aee38cb17e93c41b59ccf'}, 'date': {'date': '2021-10-21'}, 'block': {'height': 13460247}}, {'smartContract': {'address': {'address': '0xdc9d4685847f1c8bdd4ce86be6a83fa09b6a08b1'}}, 'caller': {'address': '0xdab2ffe554fe42d8ab1aee38cb17e93c41b59ccf'}, 'date': {'date': '2021-09-29'}, 'block': {'height': 13322042}}, {'smartContract': {'address': {'address': '0x22c2fe05f55f81bf32310acd9a7c51c4d7b4e443'}}, 'caller': {'address': '0xdab2ffe554fe42d8ab1aee38cb17e93c41b59ccf'}, 'date': {'date': '2021-09-29'}, 'block': {'height': 13322015}}, {'smartContract': {'address': {'address': '0xfe30097a5d4b21323e9cf442fdc4e0fe40029fa5'}}, 'caller': {'address': '0x22c2fe05f55f81bf32310acd9a7c51c4d7b4e443'}, 'date': {'date': '2021-09-29'}, 'block': {'height': 13322015}}, {'smartContract': {'address': {'address': '0x879b843868da248b1f2f53b4f8cc6e17e7e8b949'}}, 'caller': {'address': '0xdab2ffe554fe42d8ab1aee38cb17e93c41b59ccf'}, 'date': {'date': '2021-09-29'}, 'block': {'height': 13321977}}, {'smartContract': {'address': {'address': '0x654590f810f01b51dc7b86915d4632977e49ea33'}}, 'caller': {'address': '0x4d14b24edb751221b3ff08bbb8bd91d4b1c8bc77'}, 'date': {'date': '2021-09-29'}, 'block': {'height': 13321960}}, {'smartContract': {'address': {'address': '0x4d14b24edb751221b3ff08bbb8bd91d4b1c8bc77'}}, 'caller': {'address': '0xdab2ffe554fe42d8ab1aee38cb17e93c41b59ccf'}, 'date': {'date': '2021-09-29'}, 'block': {'height': 13321960}}, {'smartContract': {'address': {'address': '0xfaeadcd9cb6870a5df09e403e4dcfcf1a6f20a0c'}}, 'caller': {'address': '0xdab2ffe554fe42d8ab1aee38cb17e93c41b59ccf'}, 'date': {'date': '2021-09-29'}, 'block': {'height': 13321901}}, {'smartContract': {'address': {'address': '0x470ebf5f030ed85fc1ed4c2d36b9dd02e77cf1b7'}}, 'caller': {'address': '0xdab2ffe554fe42d8ab1aee38cb17e93c41b59ccf'}, 'date': {'date': '2021-09-29'}, 'block': {'height': 13321581}}, {'smartContract': {'address': {'address': '0x6cf2a119f98a4b4a7fa4fd08a1e72d7af3ba72fe'}}, 'caller': {'address': '0xdab2ffe554fe42d8ab1aee38cb17e93c41b59ccf'}, 'date': {'date': '2021-09-25'}, 'block': {'height': 13295449}}]",2021-09-29
280,280,0xf56842Af3B56Fd72d17cB103f92d027bBa912e89,BambooDeFi,https://github.com/bamboo-defi,0x0274FaCE6395e161291Bb1435989Fd225D848fB8,190989.2005,"[{'smartContract': {'address': {'address': '0xf56842af3b56fd72d17cb103f92d027bba912e89'}}, 'caller': {'address': '0x0274face6395e161291bb1435989fd225d848fb8'}, 'date': {'date': '2020-10-26'}, 'block': {'height': 11134853}}, {'smartContract': {'address': {'address': '0x2c10977e698620a68b6bb053bf151dba537b37b8'}}, 'caller': {'address': '0x0274face6395e161291bb1435989fd225d848fb8'}, 'date': {'date': '2020-10-26'}, 'block': {'height': 11134843}}]",2020-10-27
281,281,0x0AaCfbeC6a24756c20D41914F2caba817C0d8521,(Proxy contract) YAM,https://github.com/yam-finance/yam-protocol,0x683A78bA1f6b25E29fbBC9Cd1BFA29A51520De84,190709.7909,"[{'smartContract': {'address': {'address': '0x9956461ef548d0c697101c6870748d7b6cbf8126'}}, 'caller': {'address': '0x444cd42baeddeb707eed823f7177b9abcc779c04'}, 'date': {'date': '2021-12-16'}, 'block': {'height': 13817139}}, {'smartContract': {'address': {'address': '0xc92ec84423db017ee76354b786ac9c60bea35379'}}, 'caller': {'address': '0x683a78ba1f6b25e29fbbc9cd1bfa29a51520de84'}, 'date': {'date': '2020-12-30'}, 'block': {'height': 11558000}}, {'smartContract': {'address': {'address': '0xa940e0541f8b8a40551b28d4c7e37bd85de426ff'}}, 'caller': {'address': '0x683a78ba1f6b25e29fbbc9cd1bfa29a51520de84'}, 'date': {'date': '2020-11-16'}, 'block': {'height': 11271409}}, {'smartContract': {'address': {'address': '0x465a5ba960173386a08505d178b8ca3e24b4642d'}}, 'caller': {'address': '0x683a78ba1f6b25e29fbbc9cd1bfa29a51520de84'}, 'date': {'date': '2020-11-16'}, 'block': {'height': 11271218}}, {'smartContract': {'address': {'address': '0xc32f9b0292965c5dd4a0ea1abfcc1f5a36d66986'}}, 'caller': {'address': '0x683a78ba1f6b25e29fbbc9cd1bfa29a51520de84'}, 'date': {'date': '2020-11-09'}, 'block': {'height': 11224168}}, {'smartContract': {'address': {'address': '0xd67c05523d8ec1c60760fd017ef006b9f6e496d0'}}, 'caller': {'address': '0x683a78ba1f6b25e29fbbc9cd1bfa29a51520de84'}, 'date': {'date': '2020-11-09'}, 'block': {'height': 11224072}}, {'smartContract': {'address': {'address': '0x209ddd6b50f748b6eaa25a2793341566492b2526'}}, 'caller': {'address': '0x683a78ba1f6b25e29fbbc9cd1bfa29a51520de84'}, 'date': {'date': '2020-11-03'}, 'block': {'height': 11186016}}, {'smartContract': {'address': {'address': '0xedf7c3d4cb2e89506c1469709073025d09d47bdd'}}, 'caller': {'address': '0x683a78ba1f6b25e29fbbc9cd1bfa29a51520de84'}, 'date': {'date': '2020-11-03'}, 'block': {'height': 11185996}}, {'smartContract': {'address': {'address': '0x45f95ceb85e22877cf0285059405c205ebdc9cc7'}}, 'caller': {'address': '0x683a78ba1f6b25e29fbbc9cd1bfa29a51520de84'}, 'date': {'date': '2020-11-03'}, 'block': {'height': 11185988}}, {'smartContract': {'address': {'address': '0x6ebf85f830e7d5b3d01eb64e34a1003223942ead'}}, 'caller': {'address': '0x683a78ba1f6b25e29fbbc9cd1bfa29a51520de84'}, 'date': {'date': '2020-11-03'}, 'block': {'height': 11185968}}, {'smartContract': {'address': {'address': '0xa4837f64b3a7fb3eee95faee6614dfb8afc1e202'}}, 'caller': {'address': '0x683a78ba1f6b25e29fbbc9cd1bfa29a51520de84'}, 'date': {'date': '2020-11-03'}, 'block': {'height': 11185869}}, {'smartContract': {'address': {'address': '0xd93f403b432d39aa0f736c2021be6051d85a1d55'}}, 'caller': {'address': '0x683a78ba1f6b25e29fbbc9cd1bfa29a51520de84'}, 'date': {'date': '2020-11-03'}, 'block': {'height': 11185822}}, {'smartContract': {'address': {'address': '0x97990b693835da58a281636296d2bf02787dea17'}}, 'caller': {'address': '0x683a78ba1f6b25e29fbbc9cd1bfa29a51520de84'}, 'date': {'date': '2020-10-23'}, 'block': {'height': 11114443}}, {'smartContract': {'address': {'address': '0x92ab5cce7af1605da2681458ae52a0bec4ecb74c'}}, 'caller': {'address': '0x683a78ba1f6b25e29fbbc9cd1bfa29a51520de84'}, 'date': {'date': '2020-10-21'}, 'block': {'height': 11100995}}, {'smartContract': {'address': {'address': '0x78bdd33e95ecbcac16745fb28db0ffb703344026'}}, 'caller': {'address': '0x683a78ba1f6b25e29fbbc9cd1bfa29a51520de84'}, 'date': {'date': '2020-09-22'}, 'block': {'height': 10910236}}, {'smartContract': {'address': {'address': '0x5b0501f7041120d36bc8c6dc3faea0b74b32a0ed'}}, 'caller': {'address': '0x683a78ba1f6b25e29fbbc9cd1bfa29a51520de84'}, 'date': {'date': '2020-09-18'}, 'block': {'height': 10887063}}, {'smartContract': {'address': {'address': '0x62702387c2a26c903985e9d078d18c45acae0908'}}, 'caller': {'address': '0x683a78ba1f6b25e29fbbc9cd1bfa29a51520de84'}, 'date': {'date': '2020-09-18'}, 'block': {'height': 10887059}}, {'smartContract': {'address': {'address': '0x8b4f1616751117c38a0f84f9a146cca191ea3ec5'}}, 'caller': {'address': '0x683a78ba1f6b25e29fbbc9cd1bfa29a51520de84'}, 'date': {'date': '2020-09-18'}, 'block': {'height': 10887054}}, {'smartContract': {'address': {'address': '0x72cfed9293cbfb2bfc7515c413048c697c6c811c'}}, 'caller': {'address': '0x683a78ba1f6b25e29fbbc9cd1bfa29a51520de84'}, 'date': {'date': '2020-09-18'}, 'block': {'height': 10887019}}, {'smartContract': {'address': {'address': '0x1fb361f274f316d383b94d761832ab68099a7b00'}}, 'caller': {'address': '0x683a78ba1f6b25e29fbbc9cd1bfa29a51520de84'}, 'date': {'date': '2020-09-18'}, 'block': {'height': 10886923}}, {'smartContract': {'address': {'address': '0xcf27ca116dd5c7b4201c75b46489d1c075362087'}}, 'caller': {'address': '0x683a78ba1f6b25e29fbbc9cd1bfa29a51520de84'}, 'date': {'date': '2020-09-18'}, 'block': {'height': 10886921}}, {'smartContract': {'address': {'address': '0x0aacfbec6a24756c20d41914f2caba817c0d8521'}}, 'caller': {'address': '0x683a78ba1f6b25e29fbbc9cd1bfa29a51520de84'}, 'date': {'date': '2020-09-18'}, 'block': {'height': 10886913}}, {'smartContract': {'address': {'address': '0x6508fb1ed4d7ece18dfff05c834e44124edbd910'}}, 'caller': {'address': '0x683a78ba1f6b25e29fbbc9cd1bfa29a51520de84'}, 'date': {'date': '2020-09-18'}, 'block': {'height': 10886911}}, {'smartContract': {'address': {'address': '0x0e4486777654b885089e00c6188ab5a178aca21a'}}, 'caller': {'address': '0x683a78ba1f6b25e29fbbc9cd1bfa29a51520de84'}, 'date': {'date': '2020-09-18'}, 'block': {'height': 10886902}}, {'smartContract': {'address': {'address': '0xaba8cac6866b83ae4eec97dd07ed254282f6ad8a'}}, 'caller': {'address': '0x683a78ba1f6b25e29fbbc9cd1bfa29a51520de84'}, 'date': {'date': '2020-08-19'}, 'block': {'height': 10691249}}, {'smartContract': {'address': {'address': '0xf1d7c9e4c57a5c1902f4a4ae2630d2da78ffb1c1'}}, 'caller': {'address': '0x683a78ba1f6b25e29fbbc9cd1bfa29a51520de84'}, 'date': {'date': '2020-08-19'}, 'block': {'height': 10691247}}, {'smartContract': {'address': {'address': '0xb4a742959026c88e49824a5e3efe71098ebc13bb'}}, 'caller': {'address': '0x683a78ba1f6b25e29fbbc9cd1bfa29a51520de84'}, 'date': {'date': '2020-08-19'}, 'block': {'height': 10691245}}, {'smartContract': {'address': {'address': '0x7acb40bb78ccd89b2068e5ed76beaebd04231474'}}, 'caller': {'address': '0x683a78ba1f6b25e29fbbc9cd1bfa29a51520de84'}, 'date': {'date': '2020-08-19'}, 'block': {'height': 10691240}}, {'smartContract': {'address': {'address': '0xd87c869f4672363ef2367bb817b086a25735626b'}}, 'caller': {'address': '0x683a78ba1f6b25e29fbbc9cd1bfa29a51520de84'}, 'date': {'date': '2020-08-12'}, 'block': {'height': 10648201}}, {'smartContract': {'address': {'address': '0xadde6cad00d2ad14ff7cfed5a8f9577baeba79c1'}}, 'caller': {'address': '0x683a78ba1f6b25e29fbbc9cd1bfa29a51520de84'}, 'date': {'date': '2020-08-12'}, 'block': {'height': 10647924}}, {'smartContract': {'address': {'address': '0x656c91956af6e758b411ec0962b2c8416e4825a0'}}, 'caller': {'address': '0x683a78ba1f6b25e29fbbc9cd1bfa29a51520de84'}, 'date': {'date': '2020-08-12'}, 'block': {'height': 10647918}}, {'smartContract': {'address': {'address': '0x6c3fc1ffdb14d92394f40eec91d9ce8b807f132d'}}, 'caller': {'address': '0x683a78ba1f6b25e29fbbc9cd1bfa29a51520de84'}, 'date': {'date': '2020-08-11'}, 'block': {'height': 10636703}}, {'smartContract': {'address': {'address': '0x8538e5910c6f80419cd3170c26073ff238048c9e'}}, 'caller': {'address': '0x683a78ba1f6b25e29fbbc9cd1bfa29a51520de84'}, 'date': {'date': '2020-08-11'}, 'block': {'height': 10636698}}, {'smartContract': {'address': {'address': '0x6009a344c7f993b16eba2c673fefd2e07f9be5fd'}}, 'caller': {'address': '0x683a78ba1f6b25e29fbbc9cd1bfa29a51520de84'}, 'date': {'date': '2020-08-11'}, 'block': {'height': 10636693}}, {'smartContract': {'address': {'address': '0xcfe1e539acb2d489a651ca011a6eb93d32f97e23'}}, 'caller': {'address': '0x683a78ba1f6b25e29fbbc9cd1bfa29a51520de84'}, 'date': {'date': '2020-08-11'}, 'block': {'height': 10636691}}, {'smartContract': {'address': {'address': '0xfdc28897a1e32b595f1f4f1d3ae0df93b1eee452'}}, 'caller': {'address': '0x683a78ba1f6b25e29fbbc9cd1bfa29a51520de84'}, 'date': {'date': '2020-08-11'}, 'block': {'height': 10636686}}, {'smartContract': {'address': {'address': '0xaddbcd6a68bfeb6e312e82b30ce1eb4a54497f4c'}}, 'caller': {'address': '0x683a78ba1f6b25e29fbbc9cd1bfa29a51520de84'}, 'date': {'date': '2020-08-11'}, 'block': {'height': 10636683}}, {'smartContract': {'address': {'address': '0xc5b6488c7d5bed173b76bd5dca712f45fb9eaeab'}}, 'caller': {'address': '0x683a78ba1f6b25e29fbbc9cd1bfa29a51520de84'}, 'date': {'date': '2020-08-11'}, 'block': {'height': 10636680}}, {'smartContract': {'address': {'address': '0x9ebb67687fee2d265d7b824714df13622d90e663'}}, 'caller': {'address': '0x683a78ba1f6b25e29fbbc9cd1bfa29a51520de84'}, 'date': {'date': '2020-08-11'}, 'block': {'height': 10636675}}, {'smartContract': {'address': {'address': '0x587a07ce5c265a38dd6d42def1566ba73eeb06f5'}}, 'caller': {'address': '0x683a78ba1f6b25e29fbbc9cd1bfa29a51520de84'}, 'date': {'date': '2020-08-11'}, 'block': {'height': 10636671}}, {'smartContract': {'address': {'address': '0x9a0846911e2c6edb06bea20e6fef9bbbf37e4119'}}, 'caller': {'address': '0x683a78ba1f6b25e29fbbc9cd1bfa29a51520de84'}, 'date': {'date': '2020-08-11'}, 'block': {'height': 10636625}}, {'smartContract': {'address': {'address': '0xf32f72ac09cb6c002d0954318bb548321ffd4e34'}}, 'caller': {'address': '0x683a78ba1f6b25e29fbbc9cd1bfa29a51520de84'}, 'date': {'date': '2020-08-11'}, 'block': {'height': 10636623}}, {'smartContract': {'address': {'address': '0x960f7f93f60f84e41f84fcfa62c745bb614bc99f'}}, 'caller': {'address': '0x683a78ba1f6b25e29fbbc9cd1bfa29a51520de84'}, 'date': {'date': '2020-08-11'}, 'block': {'height': 10636617}}, {'smartContract': {'address': {'address': '0x86ad8caa66c407d7485b05584b9ac9a7e2371275'}}, 'caller': {'address': '0x683a78ba1f6b25e29fbbc9cd1bfa29a51520de84'}, 'date': {'date': '2020-08-11'}, 'block': {'height': 10636612}}, {'smartContract': {'address': {'address': '0xf20907be37b6818f5bbd633cc22af27a903b371e'}}, 'caller': {'address': '0x683a78ba1f6b25e29fbbc9cd1bfa29a51520de84'}, 'date': {'date': '2020-08-11'}, 'block': {'height': 10636606}}, {'smartContract': {'address': {'address': '0xc78a54cbde918a1e88f4300e1c73a6caf03cb09b'}}, 'caller': {'address': '0x683a78ba1f6b25e29fbbc9cd1bfa29a51520de84'}, 'date': {'date': '2020-08-11'}, 'block': {'height': 10636603}}, {'smartContract': {'address': {'address': '0x6aba376e3331e3090456495e8292ecdfa1ab4920'}}, 'caller': {'address': '0x683a78ba1f6b25e29fbbc9cd1bfa29a51520de84'}, 'date': {'date': '2020-08-11'}, 'block': {'height': 10636590}}, {'smartContract': {'address': {'address': '0xae99ff8fe2236af5083ea979ecf1dbaa0efd07e3'}}, 'caller': {'address': '0x683a78ba1f6b25e29fbbc9cd1bfa29a51520de84'}, 'date': {'date': '2020-08-11'}, 'block': {'height': 10636584}}, {'smartContract': {'address': {'address': '0x649714bc2fffcb1e65c689b49a10216d4960833d'}}, 'caller': {'address': '0x683a78ba1f6b25e29fbbc9cd1bfa29a51520de84'}, 'date': {'date': '2020-08-11'}, 'block': {'height': 10636575}}, {'smartContract': {'address': {'address': '0xc53195bbad57105cc9a4df752121afd9c15fbd8f'}}, 'caller': {'address': '0x683a78ba1f6b25e29fbbc9cd1bfa29a51520de84'}, 'date': {'date': '2020-08-11'}, 'block': {'height': 10636566}}, {'smartContract': {'address': {'address': '0x0e2298e3b3390e3b945a5456fbf59ecc3f55da16'}}, 'caller': {'address': '0x683a78ba1f6b25e29fbbc9cd1bfa29a51520de84'}, 'date': {'date': '2020-08-11'}, 'block': {'height': 10636560}}, {'smartContract': {'address': {'address': '0xa923af6d05993495257a872ec69dbbf01501eb0e'}}, 'caller': {'address': '0x683a78ba1f6b25e29fbbc9cd1bfa29a51520de84'}, 'date': {'date': '2020-08-11'}, 'block': {'height': 10636552}}, {'smartContract': {'address': {'address': '0x327ab530b53e78b55068609028c55ab843ffddc7'}}, 'caller': {'address': '0x683a78ba1f6b25e29fbbc9cd1bfa29a51520de84'}, 'date': {'date': '2020-08-11'}, 'block': {'height': 10636542}}]",2020-09-18
282,282,0x9B99CcA871Be05119B2012fd4474731dd653FEBe,(Proxy contract) Antimatter.Finance Governance Token (MATTER),https://github.com/antimatter-finance,0x3D0A2a1ddeD59cC1cE1edF59295e1491748fD52B,186699.674,"[{'smartContract': {'address': {'address': '0x2ee6ad8fdad5850f730f8e390da1707b8711a8e2'}}, 'caller': {'address': '0x3d0a2a1dded59cc1ce1edf59295e1491748fd52b'}, 'date': {'date': '2021-11-15'}, 'block': {'height': 13622807}}, {'smartContract': {'address': {'address': '0x8285ed6158579c7f280eaa7c80a5bacc42114921'}}, 'caller': {'address': '0x90183c741cc13195884b6e332aa0ac1f7c1e67fa'}, 'date': {'date': '2021-10-07'}, 'block': {'height': 13373400}}, {'smartContract': {'address': {'address': '0x9a0272a3ecc6c99cc04f939dfec7082452c34a70'}}, 'caller': {'address': '0x90183c741cc13195884b6e332aa0ac1f7c1e67fa'}, 'date': {'date': '2021-10-07'}, 'block': {'height': 13373400}}, {'smartContract': {'address': {'address': '0xb5c0751226b3e68ea701886cb724c2598d46f6c5'}}, 'caller': {'address': '0x3d0a2a1dded59cc1ce1edf59295e1491748fd52b'}, 'date': {'date': '2021-10-07'}, 'block': {'height': 13373147}}, {'smartContract': {'address': {'address': '0xf6d0a39e792d2f88f295b652d1446c3777b9584f'}}, 'caller': {'address': '0x3d0a2a1dded59cc1ce1edf59295e1491748fd52b'}, 'date': {'date': '2021-10-07'}, 'block': {'height': 13373147}}, {'smartContract': {'address': {'address': '0xf6099a0fd5edf4845527c46709fd5712ad2f485e'}}, 'caller': {'address': '0x3d0a2a1dded59cc1ce1edf59295e1491748fd52b'}, 'date': {'date': '2021-10-07'}, 'block': {'height': 13373135}}, {'smartContract': {'address': {'address': '0xdaa3c664982b194b3268b53c29ffa4516e38cd7c'}}, 'caller': {'address': '0x3d0a2a1dded59cc1ce1edf59295e1491748fd52b'}, 'date': {'date': '2021-10-07'}, 'block': {'height': 13371441}}, {'smartContract': {'address': {'address': '0xb6363b39dccc7aecbc63225128d6276037fdb0d8'}}, 'caller': {'address': '0x3d0a2a1dded59cc1ce1edf59295e1491748fd52b'}, 'date': {'date': '2021-07-23'}, 'block': {'height': 12881842}}, {'smartContract': {'address': {'address': '0xcb8429f22541e8f5cd8ea6c20bffdce7cda65227'}}, 'caller': {'address': '0x3d0a2a1dded59cc1ce1edf59295e1491748fd52b'}, 'date': {'date': '2021-07-23'}, 'block': {'height': 12881842}}, {'smartContract': {'address': {'address': '0x54cb9978f6de819f18fbcef872e1415dacae82a9'}}, 'caller': {'address': '0x3d0a2a1dded59cc1ce1edf59295e1491748fd52b'}, 'date': {'date': '2021-07-23'}, 'block': {'height': 12881842}}, {'smartContract': {'address': {'address': '0xca7a25dafae5d3b7f4bd77e136afb23737154f27'}}, 'caller': {'address': '0x3d0a2a1dded59cc1ce1edf59295e1491748fd52b'}, 'date': {'date': '2021-07-23'}, 'block': {'height': 12881842}}, {'smartContract': {'address': {'address': '0xea2b69d6104ac541a35efe6404501813df125d21'}}, 'caller': {'address': '0x3d0a2a1dded59cc1ce1edf59295e1491748fd52b'}, 'date': {'date': '2021-07-23'}, 'block': {'height': 12881842}}, {'smartContract': {'address': {'address': '0xf80975be2840c1422d3d9e5b198c49781e7fe299'}}, 'caller': {'address': '0x3d0a2a1dded59cc1ce1edf59295e1491748fd52b'}, 'date': {'date': '2021-07-23'}, 'block': {'height': 12881836}}, {'smartContract': {'address': {'address': '0x90183c741cc13195884b6e332aa0ac1f7c1e67fa'}}, 'caller': {'address': '0x3d0a2a1dded59cc1ce1edf59295e1491748fd52b'}, 'date': {'date': '2021-07-23'}, 'block': {'height': 12881836}}, {'smartContract': {'address': {'address': '0x14a2a45283d7b8eb1581f66644efdcce2acbf65b'}}, 'caller': {'address': '0x3d0a2a1dded59cc1ce1edf59295e1491748fd52b'}, 'date': {'date': '2021-07-23'}, 'block': {'height': 12881836}}, {'smartContract': {'address': {'address': '0x04eeaf041beb5f977811d6caef2d82f1a82fc5c1'}}, 'caller': {'address': '0x3d0a2a1dded59cc1ce1edf59295e1491748fd52b'}, 'date': {'date': '2021-07-23'}, 'block': {'height': 12881834}}, {'smartContract': {'address': {'address': '0xdfec7a95a6f0289dadf81641b3b742d9b2a3c0c6'}}, 'caller': {'address': '0x3d0a2a1dded59cc1ce1edf59295e1491748fd52b'}, 'date': {'date': '2021-07-23'}, 'block': {'height': 12881833}}, {'smartContract': {'address': {'address': '0x7c85cea98f069c1afdfd66057d9f6fd77f2dfa45'}}, 'caller': {'address': '0x3d0a2a1dded59cc1ce1edf59295e1491748fd52b'}, 'date': {'date': '2021-07-23'}, 'block': {'height': 12881832}}, {'smartContract': {'address': {'address': '0x9b99cca871be05119b2012fd4474731dd653febe'}}, 'caller': {'address': '0x3d0a2a1dded59cc1ce1edf59295e1491748fd52b'}, 'date': {'date': '2021-07-23'}, 'block': {'height': 12881831}}, {'smartContract': {'address': {'address': '0x2a5c603c6c67d58b0d50d67f6de590084ea153a7'}}, 'caller': {'address': '0x3d0a2a1dded59cc1ce1edf59295e1491748fd52b'}, 'date': {'date': '2021-07-23'}, 'block': {'height': 12881753}}, {'smartContract': {'address': {'address': '0x86453608e3de724f86fc0ee274890dec8a6837bb'}}, 'caller': {'address': '0x3d0a2a1dded59cc1ce1edf59295e1491748fd52b'}, 'date': {'date': '2021-07-23'}, 'block': {'height': 12881737}}, {'smartContract': {'address': {'address': '0x98a823d540bc42de913d0559052966082fdf12bf'}}, 'caller': {'address': '0x3d0a2a1dded59cc1ce1edf59295e1491748fd52b'}, 'date': {'date': '2021-07-23'}, 'block': {'height': 12881730}}, {'smartContract': {'address': {'address': '0x08d59467e8fbee7575ed0905bba03903654cfbfd'}}, 'caller': {'address': '0x3d0a2a1dded59cc1ce1edf59295e1491748fd52b'}, 'date': {'date': '2021-07-23'}, 'block': {'height': 12881728}}, {'smartContract': {'address': {'address': '0x04aa9e9cbf5fe828d775ef405fd1d8d5c9e0527a'}}, 'caller': {'address': '0x3d0a2a1dded59cc1ce1edf59295e1491748fd52b'}, 'date': {'date': '2021-07-23'}, 'block': {'height': 12881716}}, {'smartContract': {'address': {'address': '0x05180a95e74e00209f799c718a9b6a6e8f84b106'}}, 'caller': {'address': '0x3d0a2a1dded59cc1ce1edf59295e1491748fd52b'}, 'date': {'date': '2021-07-11'}, 'block': {'height': 12805467}}, {'smartContract': {'address': {'address': '0x95235173ce34c35e050a97e89ac0d8d7053406ea'}}, 'caller': {'address': '0x3d0a2a1dded59cc1ce1edf59295e1491748fd52b'}, 'date': {'date': '2021-06-09'}, 'block': {'height': 12597019}}, {'smartContract': {'address': {'address': '0xd13c0828bd627df0f37bc938aab89284baead33d'}}, 'caller': {'address': '0x3d0a2a1dded59cc1ce1edf59295e1491748fd52b'}, 'date': {'date': '2021-06-06'}, 'block': {'height': 12578724}}, {'smartContract': {'address': {'address': '0xa3e0a5b3c42608e5ca9158a88ac9b325ea73de34'}}, 'caller': {'address': '0x3d0a2a1dded59cc1ce1edf59295e1491748fd52b'}, 'date': {'date': '2021-06-04'}, 'block': {'height': 12569707}}, {'smartContract': {'address': {'address': '0xb49c6a31f8662854cc3798b62435fa82b10d2036'}}, 'caller': {'address': '0x3d0a2a1dded59cc1ce1edf59295e1491748fd52b'}, 'date': {'date': '2021-04-15'}, 'block': {'height': 12244225}}, {'smartContract': {'address': {'address': '0x55f56e3655fc860f939034e0994e0544fb050cce'}}, 'caller': {'address': '0x3d0a2a1dded59cc1ce1edf59295e1491748fd52b'}, 'date': {'date': '2021-04-15'}, 'block': {'height': 12243430}}, {'smartContract': {'address': {'address': '0xdf5760c08cbe3271b67e286fbd905fb1e3f79835'}}, 'caller': {'address': '0x3d0a2a1dded59cc1ce1edf59295e1491748fd52b'}, 'date': {'date': '2021-04-15'}, 'block': {'height': 12243425}}, {'smartContract': {'address': {'address': '0xe7499c938afecc334c4e7748e47b5b4189854841'}}, 'caller': {'address': '0x3d0a2a1dded59cc1ce1edf59295e1491748fd52b'}, 'date': {'date': '2021-04-11'}, 'block': {'height': 12218942}}, {'smartContract': {'address': {'address': '0xee91a4c96004114b335435bcada1e2a9b74178b2'}}, 'caller': {'address': '0x3d0a2a1dded59cc1ce1edf59295e1491748fd52b'}, 'date': {'date': '2021-04-08'}, 'block': {'height': 12198702}}, {'smartContract': {'address': {'address': '0x7ce706ffbe8a6639276a9d09b082624148c4162d'}}, 'caller': {'address': '0x3d0a2a1dded59cc1ce1edf59295e1491748fd52b'}, 'date': {'date': '2021-04-08'}, 'block': {'height': 12198700}}, {'smartContract': {'address': {'address': '0x933bcc3b0d1eea2a485424ec6573b29742cddf72'}}, 'caller': {'address': '0x3d0a2a1dded59cc1ce1edf59295e1491748fd52b'}, 'date': {'date': '2021-04-08'}, 'block': {'height': 12198698}}, {'smartContract': {'address': {'address': '0x67f6740f722afb340c7463654ad7b13bfbbe17d2'}}, 'caller': {'address': '0x3d0a2a1dded59cc1ce1edf59295e1491748fd52b'}, 'date': {'date': '2021-04-08'}, 'block': {'height': 12198698}}, {'smartContract': {'address': {'address': '0xdda4ce65af0f394036a503a924410d3a83f55d4c'}}, 'caller': {'address': '0x3d0a2a1dded59cc1ce1edf59295e1491748fd52b'}, 'date': {'date': '2021-04-08'}, 'block': {'height': 12198657}}, {'smartContract': {'address': {'address': '0xcdda703169d0dbbb5d0558e36a114b5a52edde6d'}}, 'caller': {'address': '0x3d0a2a1dded59cc1ce1edf59295e1491748fd52b'}, 'date': {'date': '2021-04-08'}, 'block': {'height': 12198478}}, {'smartContract': {'address': {'address': '0xd5ee7f431ffb7f03a19cfae69a1e75a450ec2021'}}, 'caller': {'address': '0x60d0769c4940ca58648c0aa34ecdf390a10f272e'}, 'date': {'date': '2021-04-08'}, 'block': {'height': 12198238}}, {'smartContract': {'address': {'address': '0xc72813b0bc5125a419c6cc1b4e4cf3030e60657e'}}, 'caller': {'address': '0x60d0769c4940ca58648c0aa34ecdf390a10f272e'}, 'date': {'date': '2021-04-08'}, 'block': {'height': 12198238}}, {'smartContract': {'address': {'address': '0x3843a61f2960108287a51806c683fc854dc00354'}}, 'caller': {'address': '0x60d0769c4940ca58648c0aa34ecdf390a10f272e'}, 'date': {'date': '2021-04-08'}, 'block': {'height': 12198121}}, {'smartContract': {'address': {'address': '0xfe41168fe09359c4b010e414c724c643df4159a3'}}, 'caller': {'address': '0x60d0769c4940ca58648c0aa34ecdf390a10f272e'}, 'date': {'date': '2021-04-08'}, 'block': {'height': 12198121}}, {'smartContract': {'address': {'address': '0x157c929f9c7fe9943e7fa749c3af7814b0fe013d'}}, 'caller': {'address': '0x60d0769c4940ca58648c0aa34ecdf390a10f272e'}, 'date': {'date': '2021-04-08'}, 'block': {'height': 12197864}}, {'smartContract': {'address': {'address': '0x946cd42a99635e5f3ad891a2636ee3ce4b878a26'}}, 'caller': {'address': '0x60d0769c4940ca58648c0aa34ecdf390a10f272e'}, 'date': {'date': '2021-04-08'}, 'block': {'height': 12197864}}, {'smartContract': {'address': {'address': '0x132095729ce5c27d4b8bc9a2a53ecadfabeba073'}}, 'caller': {'address': '0x3d0a2a1dded59cc1ce1edf59295e1491748fd52b'}, 'date': {'date': '2021-04-08'}, 'block': {'height': 12197808}}, {'smartContract': {'address': {'address': '0x036af46b35c5fe11c1c48bc0301e325738f44c4a'}}, 'caller': {'address': '0x3d0a2a1dded59cc1ce1edf59295e1491748fd52b'}, 'date': {'date': '2021-04-08'}, 'block': {'height': 12197802}}, {'smartContract': {'address': {'address': '0x04039bcdd52128f7f0ddab7b501c4d7b8dcb530b'}}, 'caller': {'address': '0x3d0a2a1dded59cc1ce1edf59295e1491748fd52b'}, 'date': {'date': '2021-04-08'}, 'block': {'height': 12197799}}, {'smartContract': {'address': {'address': '0xff924104a30d34671b57568ec7640aaaa5b2d376'}}, 'caller': {'address': '0x3d0a2a1dded59cc1ce1edf59295e1491748fd52b'}, 'date': {'date': '2021-03-13'}, 'block': {'height': 12032380}}, {'smartContract': {'address': {'address': '0x32496ae91e870d2e395482ffc12995985060feff'}}, 'caller': {'address': '0x3d0a2a1dded59cc1ce1edf59295e1491748fd52b'}, 'date': {'date': '2021-03-09'}, 'block': {'height': 12004804}}, {'smartContract': {'address': {'address': '0x1b95567cc970163cf18a4116eda74d04ad96a391'}}, 'caller': {'address': '0x3d0a2a1dded59cc1ce1edf59295e1491748fd52b'}, 'date': {'date': '2021-02-27'}, 'block': {'height': 11936904}}, {'smartContract': {'address': {'address': '0xa8f2a7d5defe04d190fb15477f8c6dc3b8ccb2ed'}}, 'caller': {'address': '0x3d0a2a1dded59cc1ce1edf59295e1491748fd52b'}, 'date': {'date': '2021-02-23'}, 'block': {'height': 11915458}}, {'smartContract': {'address': {'address': '0x994013d05302eef18372b749088f1513f3d27e23'}}, 'caller': {'address': '0x3d0a2a1dded59cc1ce1edf59295e1491748fd52b'}, 'date': {'date': '2021-02-19'}, 'block': {'height': 11889930}}, {'smartContract': {'address': {'address': '0x007d7f360ae0ec72115d3149852e25aea7f7500e'}}, 'caller': {'address': '0x3d0a2a1dded59cc1ce1edf59295e1491748fd52b'}, 'date': {'date': '2021-02-19'}, 'block': {'height': 11889916}}, {'smartContract': {'address': {'address': '0xb7582d8ed4f3cd3f39058cd8cba763d6798d7ddf'}}, 'caller': {'address': '0x3d0a2a1dded59cc1ce1edf59295e1491748fd52b'}, 'date': {'date': '2021-02-19'}, 'block': {'height': 11889914}}, {'smartContract': {'address': {'address': '0x674eba12d944d43bd5cfd95f4999953788f87a35'}}, 'caller': {'address': '0x3d0a2a1dded59cc1ce1edf59295e1491748fd52b'}, 'date': {'date': '2021-02-19'}, 'block': {'height': 11889914}}, {'smartContract': {'address': {'address': '0x5e9f791e5bf7ade7bf5de95a3b4e7b65f606b273'}}, 'caller': {'address': '0x3d0a2a1dded59cc1ce1edf59295e1491748fd52b'}, 'date': {'date': '2021-02-19'}, 'block': {'height': 11889914}}, {'smartContract': {'address': {'address': '0x1eecb386a7ef37f021697977d1e10c02a4698d63'}}, 'caller': {'address': '0x3d0a2a1dded59cc1ce1edf59295e1491748fd52b'}, 'date': {'date': '2021-02-19'}, 'block': {'height': 11889914}}, {'smartContract': {'address': {'address': '0x60d0769c4940ca58648c0aa34ecdf390a10f272e'}}, 'caller': {'address': '0x3d0a2a1dded59cc1ce1edf59295e1491748fd52b'}, 'date': {'date': '2021-02-19'}, 'block': {'height': 11889912}}, {'smartContract': {'address': {'address': '0x2b74eb5a4e59b87d20cd03c3df2a5150d0651b90'}}, 'caller': {'address': '0x3d0a2a1dded59cc1ce1edf59295e1491748fd52b'}, 'date': {'date': '2021-02-19'}, 'block': {'height': 11889898}}, {'smartContract': {'address': {'address': '0xdd310153e713e2ba332ec5407361e7f846d4127b'}}, 'caller': {'address': '0x3d0a2a1dded59cc1ce1edf59295e1491748fd52b'}, 'date': {'date': '2021-02-19'}, 'block': {'height': 11889897}}, {'smartContract': {'address': {'address': '0x17a1d9f441a6e6c4ff901de8e5864f8a5746a950'}}, 'caller': {'address': '0x3d0a2a1dded59cc1ce1edf59295e1491748fd52b'}, 'date': {'date': '2021-02-19'}, 'block': {'height': 11889897}}, {'smartContract': {'address': {'address': '0x6c9d4b938a119f91e7eeacd97cb4bed2b8f5d1af'}}, 'caller': {'address': '0x3d0a2a1dded59cc1ce1edf59295e1491748fd52b'}, 'date': {'date': '2021-02-19'}, 'block': {'height': 11889886}}, {'smartContract': {'address': {'address': '0x1c9491865a1de77c5b6e19d2e6a5f1d7a6f2b25f'}}, 'caller': {'address': '0x3d0a2a1dded59cc1ce1edf59295e1491748fd52b'}, 'date': {'date': '2021-02-19'}, 'block': {'height': 11889878}}]",2021-07-23
283,283,0xE63684BcF2987892CEfB4caA79BD21b34e98A291,Chicken,,0x1413CeD060D11fD46e851053B94B5A69E6E91dcc,180084.545,"[{'smartContract': {'address': {'address': '0xb72f87df6b5c004227b6a045fd451cb716669150'}}, 'caller': {'address': '0x1413ced060d11fd46e851053b94b5a69e6e91dcc'}, 'date': {'date': '2020-12-14'}, 'block': {'height': 11449674}}, {'smartContract': {'address': {'address': '0x8709ea9fa0f1839237c9dd3d59d243c411391970'}}, 'caller': {'address': '0x1413ced060d11fd46e851053b94b5a69e6e91dcc'}, 'date': {'date': '2020-12-14'}, 'block': {'height': 11449642}}, {'smartContract': {'address': {'address': '0x71e0a6b4472a433cad1fa2ce880ecb78c1f94a7c'}}, 'caller': {'address': '0x1413ced060d11fd46e851053b94b5a69e6e91dcc'}, 'date': {'date': '2020-12-10'}, 'block': {'height': 11422722}}, {'smartContract': {'address': {'address': '0xe6d3548b81f877265ac57c5d4a37097e26186ec6'}}, 'caller': {'address': '0x1413ced060d11fd46e851053b94b5a69e6e91dcc'}, 'date': {'date': '2020-12-10'}, 'block': {'height': 11422644}}, {'smartContract': {'address': {'address': '0x87ae4928f6582376a0489e9f70750334bbc2eb35'}}, 'caller': {'address': '0x1413ced060d11fd46e851053b94b5a69e6e91dcc'}, 'date': {'date': '2020-09-20'}, 'block': {'height': 10898037}}, {'smartContract': {'address': {'address': '0xe63684bcf2987892cefb4caa79bd21b34e98a291'}}, 'caller': {'address': '0x1413ced060d11fd46e851053b94b5a69e6e91dcc'}, 'date': {'date': '2020-09-20'}, 'block': {'height': 10898011}}, {'smartContract': {'address': {'address': '0xda25c5988a5ab6160f6c6479f26848d9895551c5'}}, 'caller': {'address': '0x1413ced060d11fd46e851053b94b5a69e6e91dcc'}, 'date': {'date': '2020-09-15'}, 'block': {'height': 10864424}}, {'smartContract': {'address': {'address': '0x3fb3600ea221a4e232f4d3c42d709e4afd9d2b32'}}, 'caller': {'address': '0x1413ced060d11fd46e851053b94b5a69e6e91dcc'}, 'date': {'date': '2020-09-15'}, 'block': {'height': 10864412}}]",2020-09-20
284,284,0x20945cA1df56D237fD40036d47E866C7DcCD2114,Nsure Network Token,,0x04aE9200C02d598EDF2801C3E3850431d57CD707,178156.4981,"[{'smartContract': {'address': {'address': '0x1995dc62b91163e4693f63eae7af6559c8ab299c'}}, 'caller': {'address': '0x76e2cfc1f5fa8f6a5b3fc4c8f4788f0116861f9b'}, 'date': {'date': '2021-04-29'}, 'block': {'height': 12334105}}, {'smartContract': {'address': {'address': '0x20945ca1df56d237fd40036d47e866c7dccd2114'}}, 'caller': {'address': '0x04ae9200c02d598edf2801c3e3850431d57cd707'}, 'date': {'date': '2020-10-08'}, 'block': {'height': 11014946}}]",2020-10-08
285,285,0x92E187a03B6CD19CB6AF293ba17F2745Fd2357D5,Unit Protocol,https://github.com/unitprotocol/core,0xf827AC3A510ecA8D7f356C9C9d78699d5848Cabf,175954.5,"[{'smartContract': {'address': {'address': '0x9f2138ccb930f0654b2c40e7e29ff8291452eed8'}}, 'caller': {'address': '0xf827ac3a510eca8d7f356c9c9d78699d5848cabf'}, 'date': {'date': '2021-10-19'}, 'block': {'height': 13447639}}, {'smartContract': {'address': {'address': '0x48ddd27a4d54cd3e8c34f34f7e66e998442dbce3'}}, 'caller': {'address': '0xf827ac3a510eca8d7f356c9c9d78699d5848cabf'}, 'date': {'date': '2021-10-19'}, 'block': {'height': 13447619}}, {'smartContract': {'address': {'address': '0xdd4c0521aa148fb704f12330c4fa16e631a26d96'}}, 'caller': {'address': '0xf827ac3a510eca8d7f356c9c9d78699d5848cabf'}, 'date': {'date': '2021-10-11'}, 'block': {'height': 13398680}}, {'smartContract': {'address': {'address': '0x18e6c923d57a1378b6addc473a59b40d031069ec'}}, 'caller': {'address': '0xf827ac3a510eca8d7f356c9c9d78699d5848cabf'}, 'date': {'date': '2021-10-11'}, 'block': {'height': 13398572}}, {'smartContract': {'address': {'address': '0x57a3cc9b4c5b189b116a8d4af18db7e653044a1a'}}, 'caller': {'address': '0xf827ac3a510eca8d7f356c9c9d78699d5848cabf'}, 'date': {'date': '2021-09-28'}, 'block': {'height': 13313488}}, {'smartContract': {'address': {'address': '0x492530fc97522d142bc57710be57fa57a43dc911'}}, 'caller': {'address': '0xf827ac3a510eca8d7f356c9c9d78699d5848cabf'}, 'date': {'date': '2021-09-23'}, 'block': {'height': 13282475}}, {'smartContract': {'address': {'address': '0x650cc1623f81582b19e89db09e242d8de0dae511'}}, 'caller': {'address': '0xf827ac3a510eca8d7f356c9c9d78699d5848cabf'}, 'date': {'date': '2021-09-23'}, 'block': {'height': 13282409}}, {'smartContract': {'address': {'address': '0x8ac08b12b9417dbecf7f6ab2dd96e22441adf3a4'}}, 'caller': {'address': '0xf827ac3a510eca8d7f356c9c9d78699d5848cabf'}, 'date': {'date': '2021-09-23'}, 'block': {'height': 13282260}}, {'smartContract': {'address': {'address': '0xc6733b8bb1ef64ef450e8fcd8682f6bec0a5099a'}}, 'caller': {'address': '0xf827ac3a510eca8d7f356c9c9d78699d5848cabf'}, 'date': {'date': '2021-09-23'}, 'block': {'height': 13282163}}, {'smartContract': {'address': {'address': '0xd88e1f40b6cd9793aa10a6c3ceea1d01c2a507f9'}}, 'caller': {'address': '0xf827ac3a510eca8d7f356c9c9d78699d5848cabf'}, 'date': {'date': '2021-09-02'}, 'block': {'height': 13146475}}, {'smartContract': {'address': {'address': '0xd31817a1e1578c4bece02fbfb235d76f5716f18f'}}, 'caller': {'address': '0xf827ac3a510eca8d7f356c9c9d78699d5848cabf'}, 'date': {'date': '2021-08-25'}, 'block': {'height': 13094337}}, {'smartContract': {'address': {'address': '0x807983026c476d4e0d695e80413309aa186e0ba7'}}, 'caller': {'address': '0xf827ac3a510eca8d7f356c9c9d78699d5848cabf'}, 'date': {'date': '2021-08-21'}, 'block': {'height': 13067800}}, {'smartContract': {'address': {'address': '0x3f93de882da8150dc98a3a1f4626e80e3282df46'}}, 'caller': {'address': '0xf827ac3a510eca8d7f356c9c9d78699d5848cabf'}, 'date': {'date': '2021-08-09'}, 'block': {'height': 12992789}}, {'smartContract': {'address': {'address': '0xc5eb82b5929d802ca3dcfff45a1c2cb968274b48'}}, 'caller': {'address': '0xf827ac3a510eca8d7f356c9c9d78699d5848cabf'}, 'date': {'date': '2021-08-06'}, 'block': {'height': 12972053}}, {'smartContract': {'address': {'address': '0xe85d5fe256f5f5c9e446502ae994fda12fd6700a'}}, 'caller': {'address': '0xf827ac3a510eca8d7f356c9c9d78699d5848cabf'}, 'date': {'date': '2021-08-01'}, 'block': {'height': 12941895}}, {'smartContract': {'address': {'address': '0xab5cf4620c16fdbd584b64c6e6eb7703a422f604'}}, 'caller': {'address': '0xf827ac3a510eca8d7f356c9c9d78699d5848cabf'}, 'date': {'date': '2021-08-01'}, 'block': {'height': 12941814}}, {'smartContract': {'address': {'address': '0x759eb07a8258bcf5590e9303763803dcf264652d'}}, 'caller': {'address': '0xf827ac3a510eca8d7f356c9c9d78699d5848cabf'}, 'date': {'date': '2021-06-27'}, 'block': {'height': 12716015}}, {'smartContract': {'address': {'address': '0x40b743ca424e3ec7b97f5ad93d2263ae01dae1d8'}}, 'caller': {'address': '0xf827ac3a510eca8d7f356c9c9d78699d5848cabf'}, 'date': {'date': '2021-06-10'}, 'block': {'height': 12609260}}, {'smartContract': {'address': {'address': '0x9f30aae9d4c15e6299d916d1117613d52331a2e9'}}, 'caller': {'address': '0xf827ac3a510eca8d7f356c9c9d78699d5848cabf'}, 'date': {'date': '2021-06-09'}, 'block': {'height': 12601500}}, {'smartContract': {'address': {'address': '0xaef1ed4c492bf4c57221be0706def67813d79955'}}, 'caller': {'address': '0xf827ac3a510eca8d7f356c9c9d78699d5848cabf'}, 'date': {'date': '2021-05-19'}, 'block': {'height': 12463664}}, {'smartContract': {'address': {'address': '0xf7633fa353e74edb211b1d22e23c96ae4d7b24c0'}}, 'caller': {'address': '0xf827ac3a510eca8d7f356c9c9d78699d5848cabf'}, 'date': {'date': '2021-05-19'}, 'block': {'height': 12463628}}, {'smartContract': {'address': {'address': '0x0e08d9e1dc22a400ebca25e9a8f292910fa8fe08'}}, 'caller': {'address': '0xf827ac3a510eca8d7f356c9c9d78699d5848cabf'}, 'date': {'date': '2021-04-22'}, 'block': {'height': 12291467}}, {'smartContract': {'address': {'address': '0x220ea780a484c18fd0ab252014c58299759a1fbd'}}, 'caller': {'address': '0xf827ac3a510eca8d7f356c9c9d78699d5848cabf'}, 'date': {'date': '2021-04-22'}, 'block': {'height': 12291418}}, {'smartContract': {'address': {'address': '0xad3617d11f4c1d30603551ea75e9ace9cb386e15'}}, 'caller': {'address': '0xf827ac3a510eca8d7f356c9c9d78699d5848cabf'}, 'date': {'date': '2021-04-16'}, 'block': {'height': 12253136}}, {'smartContract': {'address': {'address': '0x72a2e0d0a201b54dcfb668a46be99494eff6d2a8'}}, 'caller': {'address': '0xf827ac3a510eca8d7f356c9c9d78699d5848cabf'}, 'date': {'date': '2021-04-16'}, 'block': {'height': 12253059}}, {'smartContract': {'address': {'address': '0x769e35030f5ce160b287bce0462d46decf29b6dd'}}, 'caller': {'address': '0xf827ac3a510eca8d7f356c9c9d78699d5848cabf'}, 'date': {'date': '2021-04-16'}, 'block': {'height': 12252921}}, {'smartContract': {'address': {'address': '0xbfe2e6ecedfb9cdf0e9da98ab116d57ddc82d078'}}, 'caller': {'address': '0xf827ac3a510eca8d7f356c9c9d78699d5848cabf'}, 'date': {'date': '2021-04-16'}, 'block': {'height': 12252847}}, {'smartContract': {'address': {'address': '0x4dd1a6db148becdadadfc407d23b725edd3cfb6f'}}, 'caller': {'address': '0xf827ac3a510eca8d7f356c9c9d78699d5848cabf'}, 'date': {'date': '2021-04-07'}, 'block': {'height': 12193669}}, {'smartContract': {'address': {'address': '0x0e13ab042ec5ab9fc6f43979406088b9028f66fa'}}, 'caller': {'address': '0xf827ac3a510eca8d7f356c9c9d78699d5848cabf'}, 'date': {'date': '2021-04-07'}, 'block': {'height': 12193604}}, {'smartContract': {'address': {'address': '0x1a5ff58bc3246eb233fea20d32b79b5f01ec650c'}}, 'caller': {'address': '0xf827ac3a510eca8d7f356c9c9d78699d5848cabf'}, 'date': {'date': '2021-04-07'}, 'block': {'height': 12193561}}, {'smartContract': {'address': {'address': '0x190db945ae572ae72e367b549b78c41e211864ab'}}, 'caller': {'address': '0xf827ac3a510eca8d7f356c9c9d78699d5848cabf'}, 'date': {'date': '2021-04-07'}, 'block': {'height': 12193544}}, {'smartContract': {'address': {'address': '0x5968bc303930155d36fa9aee2b5b0f6d39598434'}}, 'caller': {'address': '0xf827ac3a510eca8d7f356c9c9d78699d5848cabf'}, 'date': {'date': '2021-04-07'}, 'block': {'height': 12193498}}, {'smartContract': {'address': {'address': '0x75fbfe26b21fd3ea008af0c764949f8214150c8f'}}, 'caller': {'address': '0xf827ac3a510eca8d7f356c9c9d78699d5848cabf'}, 'date': {'date': '2021-04-07'}, 'block': {'height': 12193476}}, {'smartContract': {'address': {'address': '0x54b21c140f5463e1fda69b934da619eaaa61f1ca'}}, 'caller': {'address': '0xf827ac3a510eca8d7f356c9c9d78699d5848cabf'}, 'date': {'date': '2021-04-07'}, 'block': {'height': 12192853}}, {'smartContract': {'address': {'address': '0x3db39b538db1123389c77f888a213f1a6dd22ef3'}}, 'caller': {'address': '0xf827ac3a510eca8d7f356c9c9d78699d5848cabf'}, 'date': {'date': '2021-03-26'}, 'block': {'height': 12116652}}, {'smartContract': {'address': {'address': '0x18a2381d318ee56d19316f4a7d39a2a7996e8390'}}, 'caller': {'address': '0xf827ac3a510eca8d7f356c9c9d78699d5848cabf'}, 'date': {'date': '2021-03-24'}, 'block': {'height': 12101763}}, {'smartContract': {'address': {'address': '0x88f2ec209b58076db31e4221a737313941be2ef8'}}, 'caller': {'address': '0xf827ac3a510eca8d7f356c9c9d78699d5848cabf'}, 'date': {'date': '2021-03-24'}, 'block': {'height': 12101713}}, {'smartContract': {'address': {'address': '0x5a17246f4717dff92022498ee5a85f0de2028354'}}, 'caller': {'address': '0xf827ac3a510eca8d7f356c9c9d78699d5848cabf'}, 'date': {'date': '2021-03-24'}, 'block': {'height': 12101693}}, {'smartContract': {'address': {'address': '0x2637d65912660e527c998824b8933d1a1bd7daa3'}}, 'caller': {'address': '0xf827ac3a510eca8d7f356c9c9d78699d5848cabf'}, 'date': {'date': '2021-03-24'}, 'block': {'height': 12101566}}, {'smartContract': {'address': {'address': '0xfeacfc01e122bb6b17dc4aef4f0e3be20fca888d'}}, 'caller': {'address': '0xf827ac3a510eca8d7f356c9c9d78699d5848cabf'}, 'date': {'date': '2021-03-24'}, 'block': {'height': 12101482}}, {'smartContract': {'address': {'address': '0xfb8cd2c428e30b25acb72d5e0e8e01384942398c'}}, 'caller': {'address': '0xf827ac3a510eca8d7f356c9c9d78699d5848cabf'}, 'date': {'date': '2021-03-24'}, 'block': {'height': 12101385}}, {'smartContract': {'address': {'address': '0x18485d35c86adb634c8879a58c25f50c960c5917'}}, 'caller': {'address': '0xf827ac3a510eca8d7f356c9c9d78699d5848cabf'}, 'date': {'date': '2021-03-22'}, 'block': {'height': 12090507}}, {'smartContract': {'address': {'address': '0x854bf644e31d6619d3fe246f8d83e87ed85baa12'}}, 'caller': {'address': '0xf827ac3a510eca8d7f356c9c9d78699d5848cabf'}, 'date': {'date': '2021-03-19'}, 'block': {'height': 12070943}}, {'smartContract': {'address': {'address': '0xb91d1327b12fad162de808b050a0c6580478ac4c'}}, 'caller': {'address': '0xf827ac3a510eca8d7f356c9c9d78699d5848cabf'}, 'date': {'date': '2021-03-19'}, 'block': {'height': 12070886}}, {'smartContract': {'address': {'address': '0x97d940afe6cb90bea9e7562d8f3fdc1fc3e691f4'}}, 'caller': {'address': '0xf827ac3a510eca8d7f356c9c9d78699d5848cabf'}, 'date': {'date': '2021-03-19'}, 'block': {'height': 12070803}}, {'smartContract': {'address': {'address': '0x7a646c42b64d21e6b871efd85f54d707ace1f9d1'}}, 'caller': {'address': '0xf827ac3a510eca8d7f356c9c9d78699d5848cabf'}, 'date': {'date': '2021-03-19'}, 'block': {'height': 12070783}}, {'smartContract': {'address': {'address': '0xe684e37037a4be060ff00a60715621a97029717b'}}, 'caller': {'address': '0xf827ac3a510eca8d7f356c9c9d78699d5848cabf'}, 'date': {'date': '2021-03-19'}, 'block': {'height': 12070783}}, {'smartContract': {'address': {'address': '0x1145e9503000c4b2c9022a196717be5b7feba6a1'}}, 'caller': {'address': '0xf827ac3a510eca8d7f356c9c9d78699d5848cabf'}, 'date': {'date': '2021-03-19'}, 'block': {'height': 12070567}}, {'smartContract': {'address': {'address': '0x0b17546514aad0d5453f9e2d0a56a19cb5dae774'}}, 'caller': {'address': '0xf827ac3a510eca8d7f356c9c9d78699d5848cabf'}, 'date': {'date': '2021-03-19'}, 'block': {'height': 12070355}}, {'smartContract': {'address': {'address': '0x3e7f1d12a7893ba8eb9478b779b648da2bd38ae6'}}, 'caller': {'address': '0xf827ac3a510eca8d7f356c9c9d78699d5848cabf'}, 'date': {'date': '2021-03-10'}, 'block': {'height': 12011186}}, {'smartContract': {'address': {'address': '0x5cc4eb6508069e5bdd2612ed7a34bc87d152d9ae'}}, 'caller': {'address': '0xf827ac3a510eca8d7f356c9c9d78699d5848cabf'}, 'date': {'date': '2021-02-24'}, 'block': {'height': 11920189}}, {'smartContract': {'address': {'address': '0x764888ee55ec7505bc7a02445a96d2ec3fe93841'}}, 'caller': {'address': '0x76e2cfc1f5fa8f6a5b3fc4c8f4788f0116861f9b'}, 'date': {'date': '2021-02-24'}, 'block': {'height': 11920117}}, {'smartContract': {'address': {'address': '0xa6e6b6e396f6c403a1071c72d996a40262c2d13d'}}, 'caller': {'address': '0x76e2cfc1f5fa8f6a5b3fc4c8f4788f0116861f9b'}, 'date': {'date': '2021-02-24'}, 'block': {'height': 11919915}}, {'smartContract': {'address': {'address': '0x3976cdc41f34466ebb7efa2fd097d3eab808ea65'}}, 'caller': {'address': '0xf827ac3a510eca8d7f356c9c9d78699d5848cabf'}, 'date': {'date': '2021-02-24'}, 'block': {'height': 11919885}}, {'smartContract': {'address': {'address': '0x9e6677e1b81e259ddb429caf86076f76aadc5c1e'}}, 'caller': {'address': '0xf827ac3a510eca8d7f356c9c9d78699d5848cabf'}, 'date': {'date': '2021-02-24'}, 'block': {'height': 11919885}}, {'smartContract': {'address': {'address': '0xcfb68a2d5e411970beddc9aa176c11084c954010'}}, 'caller': {'address': '0xf827ac3a510eca8d7f356c9c9d78699d5848cabf'}, 'date': {'date': '2021-02-24'}, 'block': {'height': 11919885}}, {'smartContract': {'address': {'address': '0x5812f7c10dcbdec97cf5d0ec4ed687850d1749c0'}}, 'caller': {'address': '0xf827ac3a510eca8d7f356c9c9d78699d5848cabf'}, 'date': {'date': '2021-02-24'}, 'block': {'height': 11919741}}, {'smartContract': {'address': {'address': '0xa8070f193a27b61bdb0697b3f50699d456d5a60f'}}, 'caller': {'address': '0xf827ac3a510eca8d7f356c9c9d78699d5848cabf'}, 'date': {'date': '2021-02-24'}, 'block': {'height': 11919547}}, {'smartContract': {'address': {'address': '0xb088c78a8e2e454a6145bfba37ca5de129688ff7'}}, 'caller': {'address': '0xf827ac3a510eca8d7f356c9c9d78699d5848cabf'}, 'date': {'date': '2021-02-19'}, 'block': {'height': 11888291}}, {'smartContract': {'address': {'address': '0xb82c6d510b3a0dc9f198de0ad2a3839973c6783c'}}, 'caller': {'address': '0xf827ac3a510eca8d7f356c9c9d78699d5848cabf'}, 'date': {'date': '2021-02-19'}, 'block': {'height': 11888275}}, {'smartContract': {'address': {'address': '0xc31629c9d5bc9a28cefa34d73d87d86b2a6b4315'}}, 'caller': {'address': '0xf827ac3a510eca8d7f356c9c9d78699d5848cabf'}, 'date': {'date': '2021-02-19'}, 'block': {'height': 11888241}}, {'smartContract': {'address': {'address': '0x10bbe205832edc371781cc224ef202cd98e8f38f'}}, 'caller': {'address': '0xf827ac3a510eca8d7f356c9c9d78699d5848cabf'}, 'date': {'date': '2021-02-19'}, 'block': {'height': 11888233}}, {'smartContract': {'address': {'address': '0xd51f509fb80b4ff4d4bfb4144eed877f0f499af6'}}, 'caller': {'address': '0xf827ac3a510eca8d7f356c9c9d78699d5848cabf'}, 'date': {'date': '2021-02-02'}, 'block': {'height': 11776288}}, {'smartContract': {'address': {'address': '0xd90332db0fe0e5ea1a195a5ba6fc8949eab8ab4e'}}, 'caller': {'address': '0xf827ac3a510eca8d7f356c9c9d78699d5848cabf'}, 'date': {'date': '2021-01-08'}, 'block': {'height': 11610755}}, {'smartContract': {'address': {'address': '0x78d09b58402c29016425497289e12fdd12f06027'}}, 'caller': {'address': '0xf827ac3a510eca8d7f356c9c9d78699d5848cabf'}, 'date': {'date': '2021-01-07'}, 'block': {'height': 11609829}}, {'smartContract': {'address': {'address': '0x20c854cdd322d3a501da91374027b4b257de57dd'}}, 'caller': {'address': '0xf827ac3a510eca8d7f356c9c9d78699d5848cabf'}, 'date': {'date': '2021-01-07'}, 'block': {'height': 11609820}}, {'smartContract': {'address': {'address': '0xb993e2982ec5f6d8925c7df34a581005e7148993'}}, 'caller': {'address': '0xf827ac3a510eca8d7f356c9c9d78699d5848cabf'}, 'date': {'date': '2021-01-07'}, 'block': {'height': 11609791}}, {'smartContract': {'address': {'address': '0x54ba276a62e7e3e76d362f672f00ed31a983067b'}}, 'caller': {'address': '0xf827ac3a510eca8d7f356c9c9d78699d5848cabf'}, 'date': {'date': '2021-01-07'}, 'block': {'height': 11609549}}, {'smartContract': {'address': {'address': '0xea2e09cec87c7cd8f6ae09d1906a7526f159e538'}}, 'caller': {'address': '0xf827ac3a510eca8d7f356c9c9d78699d5848cabf'}, 'date': {'date': '2021-01-07'}, 'block': {'height': 11608743}}, {'smartContract': {'address': {'address': '0x0ca3de93de71e4a28eb5d04b72970d69458a3d21'}}, 'caller': {'address': '0xf827ac3a510eca8d7f356c9c9d78699d5848cabf'}, 'date': {'date': '2021-01-07'}, 'block': {'height': 11608468}}, {'smartContract': {'address': {'address': '0x3f03b937b986ad10dd171c393562f3fbe03abd9d'}}, 'caller': {'address': '0xf827ac3a510eca8d7f356c9c9d78699d5848cabf'}, 'date': {'date': '2021-01-07'}, 'block': {'height': 11608415}}, {'smartContract': {'address': {'address': '0x852de08f3cd5b92dd8b3b92b321363d04eeec39e'}}, 'caller': {'address': '0xf827ac3a510eca8d7f356c9c9d78699d5848cabf'}, 'date': {'date': '2021-01-07'}, 'block': {'height': 11608362}}, {'smartContract': {'address': {'address': '0x989ac9c8353c3f01412705d7e50b4ab9e804c227'}}, 'caller': {'address': '0xf827ac3a510eca8d7f356c9c9d78699d5848cabf'}, 'date': {'date': '2020-12-17'}, 'block': {'height': 11471174}}, {'smartContract': {'address': {'address': '0x0ca1a59a987922375234df94919a456f61e93e1e'}}, 'caller': {'address': '0xf827ac3a510eca8d7f356c9c9d78699d5848cabf'}, 'date': {'date': '2020-12-17'}, 'block': {'height': 11471174}}, {'smartContract': {'address': {'address': '0x92e187a03b6cd19cb6af293ba17f2745fd2357d5'}}, 'caller': {'address': '0xf827ac3a510eca8d7f356c9c9d78699d5848cabf'}, 'date': {'date': '2020-12-13'}, 'block': {'height': 11444577}}, {'smartContract': {'address': {'address': '0x56dd677842214cbb97ad88dbaa58dd55e1b179ea'}}, 'caller': {'address': '0xf827ac3a510eca8d7f356c9c9d78699d5848cabf'}, 'date': {'date': '2020-12-09'}, 'block': {'height': 11420394}}, {'smartContract': {'address': {'address': '0xad5fd513e62fa67d03e4518f0a6bffdb238263b0'}}, 'caller': {'address': '0xf827ac3a510eca8d7f356c9c9d78699d5848cabf'}, 'date': {'date': '2020-12-02'}, 'block': {'height': 11375111}}, {'smartContract': {'address': {'address': '0x3052764f1af2f8b7a887deafa42153530676079b'}}, 'caller': {'address': '0xf827ac3a510eca8d7f356c9c9d78699d5848cabf'}, 'date': {'date': '2020-12-02'}, 'block': {'height': 11373663}}, {'smartContract': {'address': {'address': '0x211a6d4d4f49c0c5814451589d6378fda614adb9'}}, 'caller': {'address': '0xf827ac3a510eca8d7f356c9c9d78699d5848cabf'}, 'date': {'date': '2020-12-02'}, 'block': {'height': 11373662}}, {'smartContract': {'address': {'address': '0xb5927cae19572166bfd19a0ad18af825760fb75b'}}, 'caller': {'address': '0xf827ac3a510eca8d7f356c9c9d78699d5848cabf'}, 'date': {'date': '2020-12-01'}, 'block': {'height': 11369251}}, {'smartContract': {'address': {'address': '0x1ee32424cd66c23386cf511c8b749c1e92043b0c'}}, 'caller': {'address': '0xf827ac3a510eca8d7f356c9c9d78699d5848cabf'}, 'date': {'date': '2020-12-01'}, 'block': {'height': 11369237}}, {'smartContract': {'address': {'address': '0xa7e17e0e06544a1a281ffce2b86090e6fe5f91ed'}}, 'caller': {'address': '0xf827ac3a510eca8d7f356c9c9d78699d5848cabf'}, 'date': {'date': '2020-12-01'}, 'block': {'height': 11369227}}, {'smartContract': {'address': {'address': '0x21781023d62b5931474fb9cb95cad1ac8934037c'}}, 'caller': {'address': '0xf827ac3a510eca8d7f356c9c9d78699d5848cabf'}, 'date': {'date': '2020-12-01'}, 'block': {'height': 11369224}}, {'smartContract': {'address': {'address': '0x3b5f4d33845d546c76dfb624ef002cb3a58391e9'}}, 'caller': {'address': '0xf827ac3a510eca8d7f356c9c9d78699d5848cabf'}, 'date': {'date': '2020-12-01'}, 'block': {'height': 11369220}}, {'smartContract': {'address': {'address': '0x90052a5a46137636d6366b4f0cb184c6f411bd53'}}, 'caller': {'address': '0xf827ac3a510eca8d7f356c9c9d78699d5848cabf'}, 'date': {'date': '2020-12-01'}, 'block': {'height': 11369194}}, {'smartContract': {'address': {'address': '0xc39c00474956e4a098a50bf796b8be07203e55ba'}}, 'caller': {'address': '0xf827ac3a510eca8d7f356c9c9d78699d5848cabf'}, 'date': {'date': '2020-12-01'}, 'block': {'height': 11366443}}, {'smartContract': {'address': {'address': '0xd3f605dc4f8cdc7c199b73fdef814dfa86058cd3'}}, 'caller': {'address': '0xf827ac3a510eca8d7f356c9c9d78699d5848cabf'}, 'date': {'date': '2020-11-29'}, 'block': {'height': 11355049}}, {'smartContract': {'address': {'address': '0x16c3ad40950acfb0910452d0c537f91570cc8f76'}}, 'caller': {'address': '0xf827ac3a510eca8d7f356c9c9d78699d5848cabf'}, 'date': {'date': '2020-11-29'}, 'block': {'height': 11354739}}, {'smartContract': {'address': {'address': '0x240892db3f143757f83fdb20ee77a9859053e681'}}, 'caller': {'address': '0xf827ac3a510eca8d7f356c9c9d78699d5848cabf'}, 'date': {'date': '2020-11-29'}, 'block': {'height': 11354739}}, {'smartContract': {'address': {'address': '0xf1ca03aae24c4865d09643cb929141d8d3c60a75'}}, 'caller': {'address': '0xf827ac3a510eca8d7f356c9c9d78699d5848cabf'}, 'date': {'date': '2020-11-29'}, 'block': {'height': 11354685}}, {'smartContract': {'address': {'address': '0x78727a77028d9130d2772713d570780231e64ecf'}}, 'caller': {'address': '0xf827ac3a510eca8d7f356c9c9d78699d5848cabf'}, 'date': {'date': '2020-11-29'}, 'block': {'height': 11354460}}, {'smartContract': {'address': {'address': '0x61ad09b18c192834859e1a8c22abc457f5d38f5f'}}, 'caller': {'address': '0xf827ac3a510eca8d7f356c9c9d78699d5848cabf'}, 'date': {'date': '2020-11-28'}, 'block': {'height': 11347055}}, {'smartContract': {'address': {'address': '0x2b6369fb4faaa3c0b2b766a5e1073fec6b176270'}}, 'caller': {'address': '0xf827ac3a510eca8d7f356c9c9d78699d5848cabf'}, 'date': {'date': '2020-11-28'}, 'block': {'height': 11346702}}, {'smartContract': {'address': {'address': '0x573c7913c07514ed801d55ae3d3a04c26e27d0ba'}}, 'caller': {'address': '0xf827ac3a510eca8d7f356c9c9d78699d5848cabf'}, 'date': {'date': '2020-11-28'}, 'block': {'height': 11346474}}, {'smartContract': {'address': {'address': '0x35386f5500c25737bd6fc901c5bf632552f9766a'}}, 'caller': {'address': '0xf827ac3a510eca8d7f356c9c9d78699d5848cabf'}, 'date': {'date': '2020-11-28'}, 'block': {'height': 11346263}}, {'smartContract': {'address': {'address': '0x5f324b7152427a5c593ac41622ea5f8af0ee19c9'}}, 'caller': {'address': '0xf827ac3a510eca8d7f356c9c9d78699d5848cabf'}, 'date': {'date': '2020-11-27'}, 'block': {'height': 11340327}}, {'smartContract': {'address': {'address': '0xcc5e2cccf2ee61ef84893ca1e6cbb5636753c21b'}}, 'caller': {'address': '0xf827ac3a510eca8d7f356c9c9d78699d5848cabf'}, 'date': {'date': '2020-11-27'}, 'block': {'height': 11340043}}, {'smartContract': {'address': {'address': '0xf6f90336666413c73a940e0a53cb2f762326ab10'}}, 'caller': {'address': '0xf827ac3a510eca8d7f356c9c9d78699d5848cabf'}, 'date': {'date': '2020-11-24'}, 'block': {'height': 11320958}}, {'smartContract': {'address': {'address': '0x754106b2f312c987dd34161f8b4735392fa93f06'}}, 'caller': {'address': '0xf827ac3a510eca8d7f356c9c9d78699d5848cabf'}, 'date': {'date': '2020-11-24'}, 'block': {'height': 11320948}}, {'smartContract': {'address': {'address': '0x6aade8a8a6b85921009d2caa25dc69348f4c009e'}}, 'caller': {'address': '0xf827ac3a510eca8d7f356c9c9d78699d5848cabf'}, 'date': {'date': '2020-11-23'}, 'block': {'height': 11316650}}]",2020-12-13
286,286,0x7b39917f9562C8Bc83c7a6c2950FF571375D505D,LeagueDAO Governance Token,https://github.com/LeagueDAO/LEAG-Token,0x5FBd8AE80e26D82922f69aa51A99737dCd748f12,174553.0384,"[{'smartContract': {'address': {'address': '0xa9a0ff066d6ec30c5b7a0aa22ba9c23fccd2d934'}}, 'caller': {'address': '0x775ecef1c70ed299e37006f6820d6252b0e90bd6'}, 'date': {'date': '2022-08-15'}, 'block': {'height': 15348877}}, {'smartContract': {'address': {'address': '0x4d186bfc947bce046f2158f9daf16f753feddf2f'}}, 'caller': {'address': '0xa5409ec958c83c3f309868babaca7c86dcb077c1'}, 'date': {'date': '2022-04-21'}, 'block': {'height': 14631139}}, {'smartContract': {'address': {'address': '0xcbfc6e810186d9f1cd2f52a1afabcee5ae855a54'}}, 'caller': {'address': '0x5fbd8ae80e26d82922f69aa51a99737dcd748f12'}, 'date': {'date': '2021-12-22'}, 'block': {'height': 13854822}}, {'smartContract': {'address': {'address': '0x69306741ee6471f251b60b59691fb3b490e73cad'}}, 'caller': {'address': '0x5fbd8ae80e26d82922f69aa51a99737dcd748f12'}, 'date': {'date': '2021-10-29'}, 'block': {'height': 13513404}}, {'smartContract': {'address': {'address': '0xbdc2a52811529aa83153d11ecb8aa89613423e71'}}, 'caller': {'address': '0x5fbd8ae80e26d82922f69aa51a99737dcd748f12'}, 'date': {'date': '2021-10-24'}, 'block': {'height': 13480470}}, {'smartContract': {'address': {'address': '0x0f64ca8259bc44b709c7d173630b732f058064fb'}}, 'caller': {'address': '0x5fbd8ae80e26d82922f69aa51a99737dcd748f12'}, 'date': {'date': '2021-10-17'}, 'block': {'height': 13436079}}, {'smartContract': {'address': {'address': '0xccb04b5ad3ee27a1c3fe8ea15cac802ad4f4f5b8'}}, 'caller': {'address': '0x5fbd8ae80e26d82922f69aa51a99737dcd748f12'}, 'date': {'date': '2021-10-08'}, 'block': {'height': 13376888}}, {'smartContract': {'address': {'address': '0x07986b7ddf0c6b7e1e717bc8794f80d9c4c4b001'}}, 'caller': {'address': '0x5fbd8ae80e26d82922f69aa51a99737dcd748f12'}, 'date': {'date': '2021-10-08'}, 'block': {'height': 13376877}}, {'smartContract': {'address': {'address': '0xd4e9821f54caf6019500252f88158f4d8f469922'}}, 'caller': {'address': '0x5fbd8ae80e26d82922f69aa51a99737dcd748f12'}, 'date': {'date': '2021-10-08'}, 'block': {'height': 13376870}}, {'smartContract': {'address': {'address': '0xbc1ce49430073a3154becd8a090e74845cd835fc'}}, 'caller': {'address': '0x5fbd8ae80e26d82922f69aa51a99737dcd748f12'}, 'date': {'date': '2021-10-08'}, 'block': {'height': 13376865}}, {'smartContract': {'address': {'address': '0x56a87c8d98f80a34281161bdff82310d06feb5cf'}}, 'caller': {'address': '0x5fbd8ae80e26d82922f69aa51a99737dcd748f12'}, 'date': {'date': '2021-10-08'}, 'block': {'height': 13376864}}, {'smartContract': {'address': {'address': '0x11cf7938cdf238c70b406e4650cfff40614107ee'}}, 'caller': {'address': '0x5fbd8ae80e26d82922f69aa51a99737dcd748f12'}, 'date': {'date': '2021-10-08'}, 'block': {'height': 13376862}}, {'smartContract': {'address': {'address': '0x0ee09c6f99b2d27d8ca712033370647f347e32ba'}}, 'caller': {'address': '0x5fbd8ae80e26d82922f69aa51a99737dcd748f12'}, 'date': {'date': '2021-10-08'}, 'block': {'height': 13376854}}, {'smartContract': {'address': {'address': '0x0636aadbcfc05cefab81e80c5e5a1f49de2053a8'}}, 'caller': {'address': '0x5fbd8ae80e26d82922f69aa51a99737dcd748f12'}, 'date': {'date': '2021-10-08'}, 'block': {'height': 13376849}}, {'smartContract': {'address': {'address': '0x43921eb2e5c78d9e887d3ecd4620a3bd606f4f95'}}, 'caller': {'address': '0x5fbd8ae80e26d82922f69aa51a99737dcd748f12'}, 'date': {'date': '2021-10-08'}, 'block': {'height': 13376844}}, {'smartContract': {'address': {'address': '0x71e667b90c50789324fccc31d27cf58da2c7849b'}}, 'caller': {'address': '0x5fbd8ae80e26d82922f69aa51a99737dcd748f12'}, 'date': {'date': '2021-10-08'}, 'block': {'height': 13376796}}, {'smartContract': {'address': {'address': '0x129780e6f0b873ee9957cfa3cd9406ac9f644a0d'}}, 'caller': {'address': '0x5fbd8ae80e26d82922f69aa51a99737dcd748f12'}, 'date': {'date': '2021-10-07'}, 'block': {'height': 13370529}}, {'smartContract': {'address': {'address': '0xe3b051511f770c2592d0b6c89605d2565a4fe35f'}}, 'caller': {'address': '0x5fbd8ae80e26d82922f69aa51a99737dcd748f12'}, 'date': {'date': '2021-10-07'}, 'block': {'height': 13370528}}, {'smartContract': {'address': {'address': '0x538fa4276ef71c0b4f5d27c20e6e2970aa8eadd6'}}, 'caller': {'address': '0x5fbd8ae80e26d82922f69aa51a99737dcd748f12'}, 'date': {'date': '2021-10-07'}, 'block': {'height': 13370515}}, {'smartContract': {'address': {'address': '0xc5f6f6552d4042e47429208a8e058cb52f7f4b75'}}, 'caller': {'address': '0x5fbd8ae80e26d82922f69aa51a99737dcd748f12'}, 'date': {'date': '2021-10-07'}, 'block': {'height': 13370513}}, {'smartContract': {'address': {'address': '0xdc45125168048031663dfed884bc44d80b9faaae'}}, 'caller': {'address': '0x5fbd8ae80e26d82922f69aa51a99737dcd748f12'}, 'date': {'date': '2021-10-07'}, 'block': {'height': 13370506}}, {'smartContract': {'address': {'address': '0x1b1f18499fa8248bfa93c186160bc660c2652b3f'}}, 'caller': {'address': '0x5fbd8ae80e26d82922f69aa51a99737dcd748f12'}, 'date': {'date': '2021-10-07'}, 'block': {'height': 13370505}}, {'smartContract': {'address': {'address': '0x82f8614655e9d8b302b4388510a43985618435d3'}}, 'caller': {'address': '0x5fbd8ae80e26d82922f69aa51a99737dcd748f12'}, 'date': {'date': '2021-10-07'}, 'block': {'height': 13370497}}, {'smartContract': {'address': {'address': '0x6a3b079f5be571dfeedaa3ffe92650403f52760a'}}, 'caller': {'address': '0x5fbd8ae80e26d82922f69aa51a99737dcd748f12'}, 'date': {'date': '2021-10-07'}, 'block': {'height': 13370495}}, {'smartContract': {'address': {'address': '0xc3edabc5b887ee98bdd8f048e2a1c48d100c7bd8'}}, 'caller': {'address': '0x5fbd8ae80e26d82922f69aa51a99737dcd748f12'}, 'date': {'date': '2021-10-07'}, 'block': {'height': 13370494}}, {'smartContract': {'address': {'address': '0x384999d5e3a64d3ecb92afccf22c07321a4f60a2'}}, 'caller': {'address': '0x5fbd8ae80e26d82922f69aa51a99737dcd748f12'}, 'date': {'date': '2021-10-07'}, 'block': {'height': 13370445}}, {'smartContract': {'address': {'address': '0x53986d9ab11e53d491840007b3935d8a94e4b04b'}}, 'caller': {'address': '0x5fbd8ae80e26d82922f69aa51a99737dcd748f12'}, 'date': {'date': '2021-10-07'}, 'block': {'height': 13370414}}, {'smartContract': {'address': {'address': '0x67f60da0f409ab8427e8a408efc4b137d0bd4e7b'}}, 'caller': {'address': '0x5fbd8ae80e26d82922f69aa51a99737dcd748f12'}, 'date': {'date': '2021-10-07'}, 'block': {'height': 13370406}}, {'smartContract': {'address': {'address': '0xed0737a63ab43aa7328981acc72511d79a6a0e52'}}, 'caller': {'address': '0x5fbd8ae80e26d82922f69aa51a99737dcd748f12'}, 'date': {'date': '2021-10-07'}, 'block': {'height': 13370405}}, {'smartContract': {'address': {'address': '0x9ebb6cb692ff18b9ad93692377959248b7998a43'}}, 'caller': {'address': '0x5fbd8ae80e26d82922f69aa51a99737dcd748f12'}, 'date': {'date': '2021-10-07'}, 'block': {'height': 13370404}}, {'smartContract': {'address': {'address': '0x825f878371d854744960224f381d6d497f334801'}}, 'caller': {'address': '0x5fbd8ae80e26d82922f69aa51a99737dcd748f12'}, 'date': {'date': '2021-10-07'}, 'block': {'height': 13370398}}, {'smartContract': {'address': {'address': '0x46868779f34ed57397cad3a8362e8027d17dc860'}}, 'caller': {'address': '0x5fbd8ae80e26d82922f69aa51a99737dcd748f12'}, 'date': {'date': '2021-10-07'}, 'block': {'height': 13370397}}, {'smartContract': {'address': {'address': '0xfef87c297ed6473dfa31c0bf4ae0ad0c9d352ce1'}}, 'caller': {'address': '0x5fbd8ae80e26d82922f69aa51a99737dcd748f12'}, 'date': {'date': '2021-10-07'}, 'block': {'height': 13370391}}, {'smartContract': {'address': {'address': '0x0f8039283f1e02bf65d174493ff3d173c7d82e8f'}}, 'caller': {'address': '0x5fbd8ae80e26d82922f69aa51a99737dcd748f12'}, 'date': {'date': '2021-10-06'}, 'block': {'height': 13365029}}, {'smartContract': {'address': {'address': '0x7b39917f9562c8bc83c7a6c2950ff571375d505d'}}, 'caller': {'address': '0x5fbd8ae80e26d82922f69aa51a99737dcd748f12'}, 'date': {'date': '2021-09-14'}, 'block': {'height': 13224269}}]",2021-09-14
287,287,0x3af33bEF05C2dCb3C7288b77fe1C8d2AeBA4d789,Kromatika,https://github.com/Kromatika-Finance,0xdbAABc182e5FCEbf216C353A3EBE32cDB7390094,170849.1839,"[{'smartContract': {'address': {'address': '0xddf82a683e9af51f48c6b9114b5e0cc220bac52d'}}, 'caller': {'address': '0x5c69bee701ef814a2b6a3edd4b1652cb9cc5aa6f'}, 'date': {'date': '2021-11-17'}, 'block': {'height': 13631985}}, {'smartContract': {'address': {'address': '0xc5bf7a684a0dfca02a1e603b1d27af0af523a54f'}}, 'caller': {'address': '0xa6b71e26c5e0845f74c812102ca7114b6a896ab2'}, 'date': {'date': '2021-11-16'}, 'block': {'height': 13625693}}, {'smartContract': {'address': {'address': '0x6ae0cdc5d2b89a8dcb99ad6b3435b3e7f7290077'}}, 'caller': {'address': '0x1f98431c8ad98523631ae4a59f267346ea31f984'}, 'date': {'date': '2021-11-15'}, 'block': {'height': 13620097}}, {'smartContract': {'address': {'address': '0x3af33bef05c2dcb3c7288b77fe1c8d2aeba4d789'}}, 'caller': {'address': '0xdbaabc182e5fcebf216c353a3ebe32cdb7390094'}, 'date': {'date': '2021-11-13'}, 'block': {'height': 13610686}}]",2021-11-14
288,288,0xF2f9A7e93f845b3ce154EfbeB64fB9346FCCE509,UniPower,,0xc951D3463EbBa4e9Ec8dDfe1f42bc5895C46eC8f,169747.5892,"[{'smartContract': {'address': {'address': '0xaf4aa0c99025dcea3c34101858c38328ef2859db'}}, 'caller': {'address': '0xc951d3463ebba4e9ec8ddfe1f42bc5895c46ec8f'}, 'date': {'date': '2021-12-11'}, 'block': {'height': 13784372}}, {'smartContract': {'address': {'address': '0x8221f253aae1e29620c6a80c01f32db1fbcff931'}}, 'caller': {'address': '0xc951d3463ebba4e9ec8ddfe1f42bc5895c46ec8f'}, 'date': {'date': '2021-12-11'}, 'block': {'height': 13784345}}, {'smartContract': {'address': {'address': '0x9b509f075fbc48926781156662163f98ba7294c5'}}, 'caller': {'address': '0xa5409ec958c83c3f309868babaca7c86dcb077c1'}, 'date': {'date': '2021-08-24'}, 'block': {'height': 13090900}}, {'smartContract': {'address': {'address': '0x63f3176a3fb737d3b096bf5b992487491e9f34ef'}}, 'caller': {'address': '0xc951d3463ebba4e9ec8ddfe1f42bc5895c46ec8f'}, 'date': {'date': '2021-08-02'}, 'block': {'height': 12947781}}, {'smartContract': {'address': {'address': '0x90a59a3c0e025a8f9e4c20d4ddcf54ebc5e22e7e'}}, 'caller': {'address': '0xc951d3463ebba4e9ec8ddfe1f42bc5895c46ec8f'}, 'date': {'date': '2021-02-14'}, 'block': {'height': 11856689}}, {'smartContract': {'address': {'address': '0x101210a79e3e0620bcafb771bcddf1b5ea72584d'}}, 'caller': {'address': '0xc951d3463ebba4e9ec8ddfe1f42bc5895c46ec8f'}, 'date': {'date': '2021-01-25'}, 'block': {'height': 11726947}}, {'smartContract': {'address': {'address': '0x16fdd3966ef69dedc15e42238b3fb35464949645'}}, 'caller': {'address': '0xc951d3463ebba4e9ec8ddfe1f42bc5895c46ec8f'}, 'date': {'date': '2021-01-25'}, 'block': {'height': 11726883}}, {'smartContract': {'address': {'address': '0x1a2b8bd37a89c45dd12304e67818f2adb5a54bf5'}}, 'caller': {'address': '0xc951d3463ebba4e9ec8ddfe1f42bc5895c46ec8f'}, 'date': {'date': '2020-07-18'}, 'block': {'height': 10483752}}, {'smartContract': {'address': {'address': '0xae7b530be880457523eb46d8ec6484e067c018b4'}}, 'caller': {'address': '0xc951d3463ebba4e9ec8ddfe1f42bc5895c46ec8f'}, 'date': {'date': '2020-07-02'}, 'block': {'height': 10380199}}, {'smartContract': {'address': {'address': '0xd23d2dd023095d22f61662e3de7f6b456d5721d7'}}, 'caller': {'address': '0xc951d3463ebba4e9ec8ddfe1f42bc5895c46ec8f'}, 'date': {'date': '2020-07-01'}, 'block': {'height': 10373714}}, {'smartContract': {'address': {'address': '0xea7719fefc1e30f50856b20ce7f0c738583d6177'}}, 'caller': {'address': '0xc951d3463ebba4e9ec8ddfe1f42bc5895c46ec8f'}, 'date': {'date': '2020-06-22'}, 'block': {'height': 10317517}}, {'smartContract': {'address': {'address': '0x608b18886736c7743af8facb8e5c7e5c069fe6da'}}, 'caller': {'address': '0xc951d3463ebba4e9ec8ddfe1f42bc5895c46ec8f'}, 'date': {'date': '2020-06-22'}, 'block': {'height': 10317494}}, {'smartContract': {'address': {'address': '0x76b5ea183d30119d2467c71982b2e08385e657f7'}}, 'caller': {'address': '0xc951d3463ebba4e9ec8ddfe1f42bc5895c46ec8f'}, 'date': {'date': '2020-06-22'}, 'block': {'height': 10317457}}, {'smartContract': {'address': {'address': '0xf9315727bbd54f2ac98b8708c4d2b103b883af8e'}}, 'caller': {'address': '0xc951d3463ebba4e9ec8ddfe1f42bc5895c46ec8f'}, 'date': {'date': '2020-06-22'}, 'block': {'height': 10317393}}, {'smartContract': {'address': {'address': '0xb435da8a65bfa26ace6655e0a452dd740205cab0'}}, 'caller': {'address': '0xc951d3463ebba4e9ec8ddfe1f42bc5895c46ec8f'}, 'date': {'date': '2020-06-22'}, 'block': {'height': 10317259}}, {'smartContract': {'address': {'address': '0xd0b69eaa09aacabceedfa0f2a2ceeda4eacacf4a'}}, 'caller': {'address': '0xc951d3463ebba4e9ec8ddfe1f42bc5895c46ec8f'}, 'date': {'date': '2020-06-22'}, 'block': {'height': 10317247}}, {'smartContract': {'address': {'address': '0xbca0be141be0f0ba4e78e44eb2f395bc067037df'}}, 'caller': {'address': '0xc951d3463ebba4e9ec8ddfe1f42bc5895c46ec8f'}, 'date': {'date': '2020-06-22'}, 'block': {'height': 10317120}}, {'smartContract': {'address': {'address': '0xa1ed2ce4340918a0b998e31ffd33afdff76f6a68'}}, 'caller': {'address': '0xc951d3463ebba4e9ec8ddfe1f42bc5895c46ec8f'}, 'date': {'date': '2020-06-22'}, 'block': {'height': 10317091}}, {'smartContract': {'address': {'address': '0xfffb632647a33326dca6299b2c4324b0d519a4e4'}}, 'caller': {'address': '0xc951d3463ebba4e9ec8ddfe1f42bc5895c46ec8f'}, 'date': {'date': '2020-06-22'}, 'block': {'height': 10317084}}, {'smartContract': {'address': {'address': '0xfc330419c8f60e68ca40aa152c3cde798b4c40a5'}}, 'caller': {'address': '0xc951d3463ebba4e9ec8ddfe1f42bc5895c46ec8f'}, 'date': {'date': '2020-06-22'}, 'block': {'height': 10317044}}, {'smartContract': {'address': {'address': '0xa4a4e1c593f13e793d5b99e28c247d2916ba3818'}}, 'caller': {'address': '0xc951d3463ebba4e9ec8ddfe1f42bc5895c46ec8f'}, 'date': {'date': '2020-06-22'}, 'block': {'height': 10317028}}, {'smartContract': {'address': {'address': '0xe40e1531a4b56fb65571ad2ca43dc0048a316a2d'}}, 'caller': {'address': '0xc951d3463ebba4e9ec8ddfe1f42bc5895c46ec8f'}, 'date': {'date': '2020-06-22'}, 'block': {'height': 10316986}}, {'smartContract': {'address': {'address': '0x275e4e092d30b1fcfb04691b4a639e045593b2a3'}}, 'caller': {'address': '0xc951d3463ebba4e9ec8ddfe1f42bc5895c46ec8f'}, 'date': {'date': '2020-06-19'}, 'block': {'height': 10297336}}, {'smartContract': {'address': {'address': '0xc73bb871dbf66958242deba79e4db19bc2934513'}}, 'caller': {'address': '0xc951d3463ebba4e9ec8ddfe1f42bc5895c46ec8f'}, 'date': {'date': '2020-06-12'}, 'block': {'height': 10251525}}, {'smartContract': {'address': {'address': '0x49f9316eb22de90d9343c573fbd7cc0b5ec6e19f'}}, 'caller': {'address': '0x5c69bee701ef814a2b6a3edd4b1652cb9cc5aa6f'}, 'date': {'date': '2020-06-03'}, 'block': {'height': 10192947}}, {'smartContract': {'address': {'address': '0xf2f9a7e93f845b3ce154efbeb64fb9346fcce509'}}, 'caller': {'address': '0xc951d3463ebba4e9ec8ddfe1f42bc5895c46ec8f'}, 'date': {'date': '2020-06-03'}, 'block': {'height': 10192885}}, {'smartContract': {'address': {'address': '0xabd3f1231f61437c5283ad59be5d4b829102c338'}}, 'caller': {'address': '0xc951d3463ebba4e9ec8ddfe1f42bc5895c46ec8f'}, 'date': {'date': '2020-06-03'}, 'block': {'height': 10192865}}, {'smartContract': {'address': {'address': '0x1b3e697596eb3df0e4e7df3f5e314ec6b3d169c1'}}, 'caller': {'address': '0xc951d3463ebba4e9ec8ddfe1f42bc5895c46ec8f'}, 'date': {'date': '2020-04-06'}, 'block': {'height': 9819677}}]",2020-06-03
289,289,0xB17548c7B510427baAc4e267BEa62e800b247173,Swarm Markets,https://github.com/SwarmMarkets/trade-smart-contracts,0xbeAeE712741c7f99B64B798Ca127FE776d491FB4,167980.8174,"[{'smartContract': {'address': {'address': '0xbda5743b76bcc88337336ef027958422f4dfe5f4'}}, 'caller': {'address': '0xbeaee712741c7f99b64b798ca127fe776d491fb4'}, 'date': {'date': '2022-07-14'}, 'block': {'height': 15140720}}, {'smartContract': {'address': {'address': '0x35e59bf5ff5a732d9aa3665ebeb49b2e71714244'}}, 'caller': {'address': '0xbeaee712741c7f99b64b798ca127fe776d491fb4'}, 'date': {'date': '2022-07-14'}, 'block': {'height': 15140719}}, {'smartContract': {'address': {'address': '0x7005e13e8118b72f0d77e3418cdf4b48e768c820'}}, 'caller': {'address': '0xbeaee712741c7f99b64b798ca127fe776d491fb4'}, 'date': {'date': '2022-07-14'}, 'block': {'height': 15140717}}, {'smartContract': {'address': {'address': '0xe7f5cacaace4502358614e547546303c777487be'}}, 'caller': {'address': '0xfa9f3c42e063d78a46a4f1e5b6b4c365203d478e'}, 'date': {'date': '2022-07-12'}, 'block': {'height': 15128565}}, {'smartContract': {'address': {'address': '0xfa9f3c42e063d78a46a4f1e5b6b4c365203d478e'}}, 'caller': {'address': '0xbeaee712741c7f99b64b798ca127fe776d491fb4'}, 'date': {'date': '2022-07-12'}, 'block': {'height': 15128546}}, {'smartContract': {'address': {'address': '0x4afe7d5d85ed6b4aa02ce49f907248cd8810a368'}}, 'caller': {'address': '0xbeaee712741c7f99b64b798ca127fe776d491fb4'}, 'date': {'date': '2022-06-14'}, 'block': {'height': 14963330}}, {'smartContract': {'address': {'address': '0x9516cac65d54cc2fe4c070978223f930894ba072'}}, 'caller': {'address': '0xbeaee712741c7f99b64b798ca127fe776d491fb4'}, 'date': {'date': '2022-06-14'}, 'block': {'height': 14962909}}, {'smartContract': {'address': {'address': '0x20bf447fe55ac3718538e89c8c32396b174e82a6'}}, 'caller': {'address': '0xbeaee712741c7f99b64b798ca127fe776d491fb4'}, 'date': {'date': '2022-06-10'}, 'block': {'height': 14940372}}, {'smartContract': {'address': {'address': '0xd0fbc3d37269ee42df57cd264e737e29a8b7c978'}}, 'caller': {'address': '0xbeaee712741c7f99b64b798ca127fe776d491fb4'}, 'date': {'date': '2022-06-10'}, 'block': {'height': 14940238}}, {'smartContract': {'address': {'address': '0x0035a7a798b5c46ef3569e2b5366e4c6773a6d9b'}}, 'caller': {'address': '0x247d082cd7649098d377ff8812d84aa354b55c14'}, 'date': {'date': '2022-03-29'}, 'block': {'height': 14480837}}, {'smartContract': {'address': {'address': '0x6c538a042db5f0442a9eea0a96803836b76dc9b7'}}, 'caller': {'address': '0x247d082cd7649098d377ff8812d84aa354b55c14'}, 'date': {'date': '2022-03-14'}, 'block': {'height': 14386801}}, {'smartContract': {'address': {'address': '0x803492629acb304578c09493be086bbc9deb497c'}}, 'caller': {'address': '0xbeaee712741c7f99b64b798ca127fe776d491fb4'}, 'date': {'date': '2021-12-23'}, 'block': {'height': 13863076}}, {'smartContract': {'address': {'address': '0x53fbfe5b1dfea7923f4691f819ca6e278de4e337'}}, 'caller': {'address': '0xbeaee712741c7f99b64b798ca127fe776d491fb4'}, 'date': {'date': '2021-12-22'}, 'block': {'height': 13857048}}, {'smartContract': {'address': {'address': '0x7a3d18271d54d6159104d2b5e791662f07dffad1'}}, 'caller': {'address': '0xbeaee712741c7f99b64b798ca127fe776d491fb4'}, 'date': {'date': '2021-12-22'}, 'block': {'height': 13857047}}, {'smartContract': {'address': {'address': '0x9835fa9b914bcbc45d731edde0d1d63adb56c477'}}, 'caller': {'address': '0xbeaee712741c7f99b64b798ca127fe776d491fb4'}, 'date': {'date': '2021-12-02'}, 'block': {'height': 13728548}}, {'smartContract': {'address': {'address': '0x247d082cd7649098d377ff8812d84aa354b55c14'}}, 'caller': {'address': '0xbeaee712741c7f99b64b798ca127fe776d491fb4'}, 'date': {'date': '2021-12-02'}, 'block': {'height': 13727536}}, {'smartContract': {'address': {'address': '0x6da68d65583460742ba8711b166ad51540713ff7'}}, 'caller': {'address': '0xbeaee712741c7f99b64b798ca127fe776d491fb4'}, 'date': {'date': '2021-10-20'}, 'block': {'height': 13456527}}, {'smartContract': {'address': {'address': '0x0b2a66c5106bc4be40214b0699adf8d5d9e9674d'}}, 'caller': {'address': '0xbeaee712741c7f99b64b798ca127fe776d491fb4'}, 'date': {'date': '2021-10-12'}, 'block': {'height': 13405214}}, {'smartContract': {'address': {'address': '0xe9d5ee56c12d800f2a4216f2e938888e161a31a5'}}, 'caller': {'address': '0xe1532de8fa6ead8af4e461a9c3c9544c938f33b5'}, 'date': {'date': '2021-08-20'}, 'block': {'height': 13062643}}, {'smartContract': {'address': {'address': '0x96c47b0f10a9258df8e1f72ad2747e6deff5c9f7'}}, 'caller': {'address': '0xe1532de8fa6ead8af4e461a9c3c9544c938f33b5'}, 'date': {'date': '2021-08-20'}, 'block': {'height': 13062621}}, {'smartContract': {'address': {'address': '0x9492663e3aaf2eab0872eb562d2dd959468b4b17'}}, 'caller': {'address': '0x9186503af1d7d3317b4c2c44a815be984838c296'}, 'date': {'date': '2021-08-20'}, 'block': {'height': 13061869}}, {'smartContract': {'address': {'address': '0x80e32d09fbeaa6aa01d76aa68024670e8db8a953'}}, 'caller': {'address': '0xe1532de8fa6ead8af4e461a9c3c9544c938f33b5'}, 'date': {'date': '2021-08-19'}, 'block': {'height': 13055665}}, {'smartContract': {'address': {'address': '0xd281132e873e04870bcea815c52de33a6ef4a1c9'}}, 'caller': {'address': '0xe1532de8fa6ead8af4e461a9c3c9544c938f33b5'}, 'date': {'date': '2021-08-17'}, 'block': {'height': 13042806}}, {'smartContract': {'address': {'address': '0xe04e87f0d1ea8b5a1eaf00f18758ad7c61c598b0'}}, 'caller': {'address': '0x9186503af1d7d3317b4c2c44a815be984838c296'}, 'date': {'date': '2021-08-17'}, 'block': {'height': 13042588}}, {'smartContract': {'address': {'address': '0x8ce7f3c64a7286379c74ed1a18a2afc021f96ce0'}}, 'caller': {'address': '0x9186503af1d7d3317b4c2c44a815be984838c296'}, 'date': {'date': '2021-08-17'}, 'block': {'height': 13042577}}, {'smartContract': {'address': {'address': '0x2a6b66489b6f2354236ef8c204d5614c75f76784'}}, 'caller': {'address': '0xe1532de8fa6ead8af4e461a9c3c9544c938f33b5'}, 'date': {'date': '2021-08-12'}, 'block': {'height': 13013191}}, {'smartContract': {'address': {'address': '0x7e0ee28f2af7d158eb88eaf12402860122d3930d'}}, 'caller': {'address': '0x9186503af1d7d3317b4c2c44a815be984838c296'}, 'date': {'date': '2021-08-11'}, 'block': {'height': 13003673}}, {'smartContract': {'address': {'address': '0xee3a72a79d1c0f22b53befe1dcb9f11682126772'}}, 'caller': {'address': '0xe1532de8fa6ead8af4e461a9c3c9544c938f33b5'}, 'date': {'date': '2021-08-06'}, 'block': {'height': 12969851}}, {'smartContract': {'address': {'address': '0x9221c67b935932ce5a6cb59ac3f46fde1b82c298'}}, 'caller': {'address': '0xbeaee712741c7f99b64b798ca127fe776d491fb4'}, 'date': {'date': '2021-08-04'}, 'block': {'height': 12958689}}, {'smartContract': {'address': {'address': '0x6b0f858ac88f13bb26081a8e86d3dd723c8031ac'}}, 'caller': {'address': '0xbeaee712741c7f99b64b798ca127fe776d491fb4'}, 'date': {'date': '2021-07-27'}, 'block': {'height': 12908785}}, {'smartContract': {'address': {'address': '0x0c033bb39e67eb598d399c06a8a519498da1cec9'}}, 'caller': {'address': '0xbeaee712741c7f99b64b798ca127fe776d491fb4'}, 'date': {'date': '2021-07-16'}, 'block': {'height': 12836536}}, {'smartContract': {'address': {'address': '0x9a30173523d48cd26f681c46712cd65589eac56b'}}, 'caller': {'address': '0xbeaee712741c7f99b64b798ca127fe776d491fb4'}, 'date': {'date': '2021-07-13'}, 'block': {'height': 12818466}}, {'smartContract': {'address': {'address': '0xb17548c7b510427baac4e267bea62e800b247173'}}, 'caller': {'address': '0xbeaee712741c7f99b64b798ca127fe776d491fb4'}, 'date': {'date': '2021-07-02'}, 'block': {'height': 12748470}}, {'smartContract': {'address': {'address': '0xfc63b16f5dfaf3c9e1b4bde873f79ce02c216b33'}}, 'caller': {'address': '0xbeaee712741c7f99b64b798ca127fe776d491fb4'}, 'date': {'date': '2021-07-02'}, 'block': {'height': 12745216}}, {'smartContract': {'address': {'address': '0x599a905999085f7a8a4ca34ee1557a2bdac0e7b8'}}, 'caller': {'address': '0xe1532de8fa6ead8af4e461a9c3c9544c938f33b5'}, 'date': {'date': '2021-06-30'}, 'block': {'height': 12738421}}, {'smartContract': {'address': {'address': '0x727262945d552df910383c1acaab4082787dc80d'}}, 'caller': {'address': '0x9186503af1d7d3317b4c2c44a815be984838c296'}, 'date': {'date': '2021-06-30'}, 'block': {'height': 12738418}}, {'smartContract': {'address': {'address': '0x5c9caeb97551aa6a6bf4f85d60a8656b300af8dc'}}, 'caller': {'address': '0xe1532de8fa6ead8af4e461a9c3c9544c938f33b5'}, 'date': {'date': '2021-06-15'}, 'block': {'height': 12641712}}, {'smartContract': {'address': {'address': '0x7d9e96ff1e389303db0e8802e0e7b5a60a5bdcfa'}}, 'caller': {'address': '0x9186503af1d7d3317b4c2c44a815be984838c296'}, 'date': {'date': '2021-06-15'}, 'block': {'height': 12641706}}, {'smartContract': {'address': {'address': '0xdde53eff3632ed4820c41ffe66cd32a42aba3899'}}, 'caller': {'address': '0xe1532de8fa6ead8af4e461a9c3c9544c938f33b5'}, 'date': {'date': '2021-06-15'}, 'block': {'height': 12641701}}, {'smartContract': {'address': {'address': '0x46656b0cbed140a594c33065928e867c13ed7238'}}, 'caller': {'address': '0xe1532de8fa6ead8af4e461a9c3c9544c938f33b5'}, 'date': {'date': '2021-06-15'}, 'block': {'height': 12641695}}, {'smartContract': {'address': {'address': '0xbb278e01cb02a2b5552db93646bc7dae8fc2d53b'}}, 'caller': {'address': '0x9186503af1d7d3317b4c2c44a815be984838c296'}, 'date': {'date': '2021-06-15'}, 'block': {'height': 12641687}}, {'smartContract': {'address': {'address': '0x43c28c4a103d939097dc4d9b20c327148f13c4c6'}}, 'caller': {'address': '0xe1532de8fa6ead8af4e461a9c3c9544c938f33b5'}, 'date': {'date': '2021-06-15'}, 'block': {'height': 12641682}}, {'smartContract': {'address': {'address': '0x71b3c05afc180e528529e0c026501e606118894c'}}, 'caller': {'address': '0xe1532de8fa6ead8af4e461a9c3c9544c938f33b5'}, 'date': {'date': '2021-05-14'}, 'block': {'height': 12434976}}, {'smartContract': {'address': {'address': '0x8c4167154accd56797d122d8bcaad3a9432ed4af'}}, 'caller': {'address': '0x9186503af1d7d3317b4c2c44a815be984838c296'}, 'date': {'date': '2021-05-14'}, 'block': {'height': 12434923}}, {'smartContract': {'address': {'address': '0xfc6274505d08210117c56b541794a72338ed3fb6'}}, 'caller': {'address': '0xe1532de8fa6ead8af4e461a9c3c9544c938f33b5'}, 'date': {'date': '2021-05-14'}, 'block': {'height': 12434920}}, {'smartContract': {'address': {'address': '0x6ceb875d9e8d75e0e68040d9bb63b21de134e843'}}, 'caller': {'address': '0xe1532de8fa6ead8af4e461a9c3c9544c938f33b5'}, 'date': {'date': '2021-05-14'}, 'block': {'height': 12434918}}, {'smartContract': {'address': {'address': '0x5321647f3c3769bc7bb9e10ab10d7f5c2e402c56'}}, 'caller': {'address': '0xbeaee712741c7f99b64b798ca127fe776d491fb4'}, 'date': {'date': '2021-05-14'}, 'block': {'height': 12434325}}, {'smartContract': {'address': {'address': '0x8133eeb249f0636bba0b8230ba1089a219263c04'}}, 'caller': {'address': '0xbeaee712741c7f99b64b798ca127fe776d491fb4'}, 'date': {'date': '2021-05-14'}, 'block': {'height': 12434323}}, {'smartContract': {'address': {'address': '0xabc2108199f33adf0343ef3a67565313c0aed6c1'}}, 'caller': {'address': '0xbeaee712741c7f99b64b798ca127fe776d491fb4'}, 'date': {'date': '2021-05-14'}, 'block': {'height': 12434322}}, {'smartContract': {'address': {'address': '0xe1532de8fa6ead8af4e461a9c3c9544c938f33b5'}}, 'caller': {'address': '0xbeaee712741c7f99b64b798ca127fe776d491fb4'}, 'date': {'date': '2021-05-14'}, 'block': {'height': 12434321}}, {'smartContract': {'address': {'address': '0xefbcbd94d9c411e3f0ffa559ce627498122aca82'}}, 'caller': {'address': '0xbeaee712741c7f99b64b798ca127fe776d491fb4'}, 'date': {'date': '2021-05-14'}, 'block': {'height': 12434320}}, {'smartContract': {'address': {'address': '0x9c9aa80f7b4990ba1ee75a121e1bf1e46fffbae1'}}, 'caller': {'address': '0xbeaee712741c7f99b64b798ca127fe776d491fb4'}, 'date': {'date': '2021-05-14'}, 'block': {'height': 12434319}}, {'smartContract': {'address': {'address': '0x2b9dc65253c035eb21778cb3898eab5a0ada0cce'}}, 'caller': {'address': '0xbeaee712741c7f99b64b798ca127fe776d491fb4'}, 'date': {'date': '2021-05-14'}, 'block': {'height': 12434318}}, {'smartContract': {'address': {'address': '0xd641ae2ad8a0e72ad92ddeda7cef67ee3f2a49b9'}}, 'caller': {'address': '0xbeaee712741c7f99b64b798ca127fe776d491fb4'}, 'date': {'date': '2021-05-14'}, 'block': {'height': 12434315}}, {'smartContract': {'address': {'address': '0xf70cee7c7e638f9364c4076a01226337ec51fca5'}}, 'caller': {'address': '0xbeaee712741c7f99b64b798ca127fe776d491fb4'}, 'date': {'date': '2021-05-14'}, 'block': {'height': 12434313}}, {'smartContract': {'address': {'address': '0xc1b06da65074c9df0109d312eb3e59e04f638514'}}, 'caller': {'address': '0xbeaee712741c7f99b64b798ca127fe776d491fb4'}, 'date': {'date': '2021-05-14'}, 'block': {'height': 12434309}}, {'smartContract': {'address': {'address': '0xe214d97ba7ff83144699737f73d271c006013d91'}}, 'caller': {'address': '0xbeaee712741c7f99b64b798ca127fe776d491fb4'}, 'date': {'date': '2021-05-14'}, 'block': {'height': 12434307}}, {'smartContract': {'address': {'address': '0xce36f03fe18fbf1761c77faf0dce4dc154dcb5fa'}}, 'caller': {'address': '0xbeaee712741c7f99b64b798ca127fe776d491fb4'}, 'date': {'date': '2021-05-14'}, 'block': {'height': 12434304}}, {'smartContract': {'address': {'address': '0x991fd11876a438af7bcadc98f4b3cf201bdf6191'}}, 'caller': {'address': '0xbeaee712741c7f99b64b798ca127fe776d491fb4'}, 'date': {'date': '2021-05-14'}, 'block': {'height': 12434303}}, {'smartContract': {'address': {'address': '0xb441417e6ff3acf60b9f0216d8c3179913080daa'}}, 'caller': {'address': '0xbeaee712741c7f99b64b798ca127fe776d491fb4'}, 'date': {'date': '2021-05-14'}, 'block': {'height': 12434302}}, {'smartContract': {'address': {'address': '0xf96e9a7ce4c68d85198f959f4138ca449943a0fe'}}, 'caller': {'address': '0xbeaee712741c7f99b64b798ca127fe776d491fb4'}, 'date': {'date': '2021-05-14'}, 'block': {'height': 12433258}}, {'smartContract': {'address': {'address': '0x9186503af1d7d3317b4c2c44a815be984838c296'}}, 'caller': {'address': '0xbeaee712741c7f99b64b798ca127fe776d491fb4'}, 'date': {'date': '2021-05-14'}, 'block': {'height': 12432945}}, {'smartContract': {'address': {'address': '0xf5fada32917350b91fbd9bbde62e69bf483a960a'}}, 'caller': {'address': '0xbeaee712741c7f99b64b798ca127fe776d491fb4'}, 'date': {'date': '2021-05-14'}, 'block': {'height': 12432943}}, {'smartContract': {'address': {'address': '0x8f58fea61c133864b0211a278d4b286a57c98022'}}, 'caller': {'address': '0xbeaee712741c7f99b64b798ca127fe776d491fb4'}, 'date': {'date': '2021-05-14'}, 'block': {'height': 12432940}}]",2021-07-02
290,290,0xe8e8486228753E01Dbc222dA262Aa706Bd67e601,Arch Ethereum Web3,,0xeF72D3278dC3Eba6Dc2614965308d1435FFd748a,167826.0224,[],2021-11-09
291,291,0x18a1Ea69A50A85752b7bC204a2c45A95Ce6E429d,Spice,https://github.com/spicetradeai,0x1e7b390149Abb3B891e0a7027E111188032D4540,165115.1392,"[{'smartContract': {'address': {'address': '0x874000d720dcbf7feef7347fe80c731c00e70efa'}}, 'caller': {'address': '0x1e7b390149abb3b891e0a7027e111188032d4540'}, 'date': {'date': '2022-11-13'}, 'block': {'height': 15964123}}, {'smartContract': {'address': {'address': '0xb9e9284dab829961c0964fc849cf93f1ba1695ee'}}, 'caller': {'address': '0x1e7b390149abb3b891e0a7027e111188032d4540'}, 'date': {'date': '2022-09-29'}, 'block': {'height': 15641216}}, {'smartContract': {'address': {'address': '0x6c5aa389da4d357ffe7ab4606522dab2067a9a13'}}, 'caller': {'address': '0x1e7b390149abb3b891e0a7027e111188032d4540'}, 'date': {'date': '2022-09-26'}, 'block': {'height': 15618625}}, {'smartContract': {'address': {'address': '0xd0f6cb7c6dd1c7144129cd64022b9ff537458094'}}, 'caller': {'address': '0x1e7b390149abb3b891e0a7027e111188032d4540'}, 'date': {'date': '2022-09-25'}, 'block': {'height': 15611378}}, {'smartContract': {'address': {'address': '0x1b0cfc52767599dd07885697e14b1a08a4f8978e'}}, 'caller': {'address': '0x1e7b390149abb3b891e0a7027e111188032d4540'}, 'date': {'date': '2022-09-10'}, 'block': {'height': 15506648}}, {'smartContract': {'address': {'address': '0x3018234c038d524147ff47148baa8381306f28cf'}}, 'caller': {'address': '0x1e7b390149abb3b891e0a7027e111188032d4540'}, 'date': {'date': '2022-08-06'}, 'block': {'height': 15290163}}, {'smartContract': {'address': {'address': '0x71bcc0bf974aae8cc55d033c17d50486fc77e3ae'}}, 'caller': {'address': '0x1e7b390149abb3b891e0a7027e111188032d4540'}, 'date': {'date': '2022-08-06'}, 'block': {'height': 15290148}}, {'smartContract': {'address': {'address': '0xa3138c75d8068e4ee8d946ba9600578824c80107'}}, 'caller': {'address': '0x1e7b390149abb3b891e0a7027e111188032d4540'}, 'date': {'date': '2022-07-30'}, 'block': {'height': 15246574}}, {'smartContract': {'address': {'address': '0xf7e7ddd562fa902e0e32ad00743a3eb2f5ee4ad0'}}, 'caller': {'address': '0x1e7b390149abb3b891e0a7027e111188032d4540'}, 'date': {'date': '2022-07-30'}, 'block': {'height': 15246557}}, {'smartContract': {'address': {'address': '0xf2d8f29fd944f16e987de50cebe245d426f0b429'}}, 'caller': {'address': '0x1e7b390149abb3b891e0a7027e111188032d4540'}, 'date': {'date': '2022-07-30'}, 'block': {'height': 15246555}}, {'smartContract': {'address': {'address': '0x6ab837f3dea4fe89a879b4fe7248a1c221a1be64'}}, 'caller': {'address': '0x1e7b390149abb3b891e0a7027e111188032d4540'}, 'date': {'date': '2022-07-30'}, 'block': {'height': 15246554}}, {'smartContract': {'address': {'address': '0x5843cc743a2ffcdaf1e3f90bd0fc245f31446d8f'}}, 'caller': {'address': '0x1e7b390149abb3b891e0a7027e111188032d4540'}, 'date': {'date': '2022-07-30'}, 'block': {'height': 15246552}}, {'smartContract': {'address': {'address': '0xebfe1738daecf6bab322825eaaf235fb2ae4c42b'}}, 'caller': {'address': '0x1e7b390149abb3b891e0a7027e111188032d4540'}, 'date': {'date': '2022-07-30'}, 'block': {'height': 15246551}}, {'smartContract': {'address': {'address': '0x33d666286b541e4964d73b583eda72f28d94fb45'}}, 'caller': {'address': '0x91fae1bc94a9793708fbc66adcb59087c46dee10'}, 'date': {'date': '2022-07-30'}, 'block': {'height': 15246538}}, {'smartContract': {'address': {'address': '0x92f22bf997a79127deacb3bd8fc712404d6409b3'}}, 'caller': {'address': '0x1e7b390149abb3b891e0a7027e111188032d4540'}, 'date': {'date': '2022-07-30'}, 'block': {'height': 15246519}}, {'smartContract': {'address': {'address': '0xc87f0a3f3671f7d01278625561dc6e284b62dae9'}}, 'caller': {'address': '0x1e7b390149abb3b891e0a7027e111188032d4540'}, 'date': {'date': '2022-07-30'}, 'block': {'height': 15246514}}, {'smartContract': {'address': {'address': '0x7d24ac561a335e610174bd8bfe93f955d1c0c317'}}, 'caller': {'address': '0x1e7b390149abb3b891e0a7027e111188032d4540'}, 'date': {'date': '2022-07-30'}, 'block': {'height': 15246512}}, {'smartContract': {'address': {'address': '0x75eb2e23bc4f2563c3c7d7f18a705dd5d4f14f23'}}, 'caller': {'address': '0x1e7b390149abb3b891e0a7027e111188032d4540'}, 'date': {'date': '2022-07-30'}, 'block': {'height': 15246510}}, {'smartContract': {'address': {'address': '0x2e541650baf0edde752499bbc8f79285bffee8a6'}}, 'caller': {'address': '0x1e7b390149abb3b891e0a7027e111188032d4540'}, 'date': {'date': '2022-07-30'}, 'block': {'height': 15246507}}, {'smartContract': {'address': {'address': '0x582add991cca266bd0057b302e561bb0614b6a0c'}}, 'caller': {'address': '0x1e7b390149abb3b891e0a7027e111188032d4540'}, 'date': {'date': '2022-07-30'}, 'block': {'height': 15246504}}, {'smartContract': {'address': {'address': '0x07609dd4980c5f6951d38ca161eb8afbeec6ca2c'}}, 'caller': {'address': '0x1e7b390149abb3b891e0a7027e111188032d4540'}, 'date': {'date': '2022-07-30'}, 'block': {'height': 15246469}}, {'smartContract': {'address': {'address': '0xdcd1d9f049e7454e90e194f93dcd1ed4df22f16d'}}, 'caller': {'address': '0x1e7b390149abb3b891e0a7027e111188032d4540'}, 'date': {'date': '2022-07-30'}, 'block': {'height': 15246441}}, {'smartContract': {'address': {'address': '0x43bc055a39b40e39d64419f3bc1ae3bc5a3e2087'}}, 'caller': {'address': '0x1e7b390149abb3b891e0a7027e111188032d4540'}, 'date': {'date': '2022-07-30'}, 'block': {'height': 15246417}}, {'smartContract': {'address': {'address': '0x03c70a4623a9b9510e16c4d9a530d117cc275ddd'}}, 'caller': {'address': '0x1e7b390149abb3b891e0a7027e111188032d4540'}, 'date': {'date': '2022-07-30'}, 'block': {'height': 15246415}}, {'smartContract': {'address': {'address': '0xad9103837c4ae0faee5929ce5969d633feba16f1'}}, 'caller': {'address': '0x1e7b390149abb3b891e0a7027e111188032d4540'}, 'date': {'date': '2022-07-30'}, 'block': {'height': 15246413}}, {'smartContract': {'address': {'address': '0x1ed30153aac25b80faa299d26655e41714a1732e'}}, 'caller': {'address': '0x1e7b390149abb3b891e0a7027e111188032d4540'}, 'date': {'date': '2022-07-30'}, 'block': {'height': 15246412}}, {'smartContract': {'address': {'address': '0x16a1badaf880e8bdefb54563df16534f9e17ac74'}}, 'caller': {'address': '0x1e7b390149abb3b891e0a7027e111188032d4540'}, 'date': {'date': '2022-07-30'}, 'block': {'height': 15246411}}, {'smartContract': {'address': {'address': '0x990e24ddd35d532b501731388b8bba0badc88eba'}}, 'caller': {'address': '0x91fae1bc94a9793708fbc66adcb59087c46dee10'}, 'date': {'date': '2022-07-30'}, 'block': {'height': 15246396}}, {'smartContract': {'address': {'address': '0x7b24f9f01079262353f3e7d50da9c4632c185db0'}}, 'caller': {'address': '0x1e7b390149abb3b891e0a7027e111188032d4540'}, 'date': {'date': '2022-07-30'}, 'block': {'height': 15246364}}, {'smartContract': {'address': {'address': '0x37129b96896891e56bc099540fe7d1841005a367'}}, 'caller': {'address': '0x1e7b390149abb3b891e0a7027e111188032d4540'}, 'date': {'date': '2022-07-30'}, 'block': {'height': 15246356}}, {'smartContract': {'address': {'address': '0x302ba14f379b872272393ec23bfd70667fa098a7'}}, 'caller': {'address': '0x1e7b390149abb3b891e0a7027e111188032d4540'}, 'date': {'date': '2022-07-30'}, 'block': {'height': 15246351}}, {'smartContract': {'address': {'address': '0x9d506bf018fde28c6443664615ea240dca0035eb'}}, 'caller': {'address': '0x1e7b390149abb3b891e0a7027e111188032d4540'}, 'date': {'date': '2022-07-30'}, 'block': {'height': 15246347}}, {'smartContract': {'address': {'address': '0x01f4af873f0cbd914deaa3ab95d2fa1b7d4c86c0'}}, 'caller': {'address': '0x1e7b390149abb3b891e0a7027e111188032d4540'}, 'date': {'date': '2022-07-30'}, 'block': {'height': 15246344}}, {'smartContract': {'address': {'address': '0x8b928dff2223b863d7168f09728012f7887cbb57'}}, 'caller': {'address': '0x1e7b390149abb3b891e0a7027e111188032d4540'}, 'date': {'date': '2022-07-30'}, 'block': {'height': 15246341}}, {'smartContract': {'address': {'address': '0x77819fbb53b9765ceb9ffe704e7d835d1b8cf81e'}}, 'caller': {'address': '0x1e7b390149abb3b891e0a7027e111188032d4540'}, 'date': {'date': '2022-07-30'}, 'block': {'height': 15246338}}, {'smartContract': {'address': {'address': '0xd18fd8dd44ce07849e2d739703e88bc99c355035'}}, 'caller': {'address': '0x1e7b390149abb3b891e0a7027e111188032d4540'}, 'date': {'date': '2022-07-30'}, 'block': {'height': 15246246}}, {'smartContract': {'address': {'address': '0x29c8db9058ee969b4dc0bf603f99f9b1c2dbd1e8'}}, 'caller': {'address': '0x1e7b390149abb3b891e0a7027e111188032d4540'}, 'date': {'date': '2022-07-30'}, 'block': {'height': 15246241}}, {'smartContract': {'address': {'address': '0x3457daebddf86f6b7fb3f8fba93d5aada6c75baf'}}, 'caller': {'address': '0x1e7b390149abb3b891e0a7027e111188032d4540'}, 'date': {'date': '2022-07-30'}, 'block': {'height': 15246238}}, {'smartContract': {'address': {'address': '0x55dcff319871a589d7559808d609fe5bb832f4c8'}}, 'caller': {'address': '0x1e7b390149abb3b891e0a7027e111188032d4540'}, 'date': {'date': '2022-07-30'}, 'block': {'height': 15246233}}, {'smartContract': {'address': {'address': '0xbc3e39a7da290263a74338fd45ff71f482ae123a'}}, 'caller': {'address': '0x1e7b390149abb3b891e0a7027e111188032d4540'}, 'date': {'date': '2022-07-30'}, 'block': {'height': 15246229}}, {'smartContract': {'address': {'address': '0x0f70b82c4031f7b5ee841aaa3a9ba4369f816586'}}, 'caller': {'address': '0x1e7b390149abb3b891e0a7027e111188032d4540'}, 'date': {'date': '2022-07-30'}, 'block': {'height': 15246226}}, {'smartContract': {'address': {'address': '0x9ef87ba6eec990e44f1bb56676c65fd8f5bb5770'}}, 'caller': {'address': '0x1e7b390149abb3b891e0a7027e111188032d4540'}, 'date': {'date': '2022-07-30'}, 'block': {'height': 15246225}}, {'smartContract': {'address': {'address': '0x57b59f981730c6257df57cf6f0d98283749a9eeb'}}, 'caller': {'address': '0x1e7b390149abb3b891e0a7027e111188032d4540'}, 'date': {'date': '2022-07-24'}, 'block': {'height': 15206659}}, {'smartContract': {'address': {'address': '0x5f018e73c185ab23647c82bd039e762813877f0e'}}, 'caller': {'address': '0x1e7b390149abb3b891e0a7027e111188032d4540'}, 'date': {'date': '2022-06-16'}, 'block': {'height': 14971498}}, {'smartContract': {'address': {'address': '0x885fc9843cd54e91e673f7c02b539a7b6ae8ef0e'}}, 'caller': {'address': '0x1e7b390149abb3b891e0a7027e111188032d4540'}, 'date': {'date': '2022-06-05'}, 'block': {'height': 14911668}}, {'smartContract': {'address': {'address': '0x6ef8851228c2c315961814e53c552aa5fb0a6b0b'}}, 'caller': {'address': '0x1e7b390149abb3b891e0a7027e111188032d4540'}, 'date': {'date': '2022-06-05'}, 'block': {'height': 14911645}}, {'smartContract': {'address': {'address': '0xbce6d1047e30bc5666df158ad570a7df6f0e2529'}}, 'caller': {'address': '0x1e7b390149abb3b891e0a7027e111188032d4540'}, 'date': {'date': '2022-06-05'}, 'block': {'height': 14911643}}, {'smartContract': {'address': {'address': '0xb4bb93c07aae242db3202451f24890569793d1a1'}}, 'caller': {'address': '0x1e7b390149abb3b891e0a7027e111188032d4540'}, 'date': {'date': '2022-06-05'}, 'block': {'height': 14911641}}, {'smartContract': {'address': {'address': '0x5f8d60bd555563ec15ac9abba85ad52a0a16e7d1'}}, 'caller': {'address': '0x1e7b390149abb3b891e0a7027e111188032d4540'}, 'date': {'date': '2022-06-05'}, 'block': {'height': 14911640}}, {'smartContract': {'address': {'address': '0x588a1d1b5f3aef4fe0f509e60896c561fa076c57'}}, 'caller': {'address': '0x1e7b390149abb3b891e0a7027e111188032d4540'}, 'date': {'date': '2022-06-05'}, 'block': {'height': 14911638}}, {'smartContract': {'address': {'address': '0x688a82f0957b808d4ae03d6d7f39d8b90b1043a3'}}, 'caller': {'address': '0x91fae1bc94a9793708fbc66adcb59087c46dee10'}, 'date': {'date': '2022-06-05'}, 'block': {'height': 14911625}}, {'smartContract': {'address': {'address': '0xbef0047253f3991773ac1797557a3dde7ba23eb5'}}, 'caller': {'address': '0x1e7b390149abb3b891e0a7027e111188032d4540'}, 'date': {'date': '2022-06-05'}, 'block': {'height': 14911583}}, {'smartContract': {'address': {'address': '0xf9c2b386ff5df088ac717ab0010587bad3bc1ab1'}}, 'caller': {'address': '0x1e7b390149abb3b891e0a7027e111188032d4540'}, 'date': {'date': '2022-06-05'}, 'block': {'height': 14911573}}, {'smartContract': {'address': {'address': '0x7953c852304813a71a21d8729adae82e8e1b6441'}}, 'caller': {'address': '0x1e7b390149abb3b891e0a7027e111188032d4540'}, 'date': {'date': '2022-06-05'}, 'block': {'height': 14911570}}, {'smartContract': {'address': {'address': '0xc976b9b6dc086af05b273d786f04cf73ec7bd479'}}, 'caller': {'address': '0x1e7b390149abb3b891e0a7027e111188032d4540'}, 'date': {'date': '2022-06-05'}, 'block': {'height': 14911568}}, {'smartContract': {'address': {'address': '0xc7c6bf833d2e1c4911754e37d06f7d66b227fae7'}}, 'caller': {'address': '0x1e7b390149abb3b891e0a7027e111188032d4540'}, 'date': {'date': '2022-06-05'}, 'block': {'height': 14911566}}, {'smartContract': {'address': {'address': '0x902574f60cff347170f04a4f512c5f8b290ea73b'}}, 'caller': {'address': '0x1e7b390149abb3b891e0a7027e111188032d4540'}, 'date': {'date': '2022-06-05'}, 'block': {'height': 14911565}}, {'smartContract': {'address': {'address': '0x6b407a39e6502c3355f78d591711fdd127e6e2bb'}}, 'caller': {'address': '0x1e7b390149abb3b891e0a7027e111188032d4540'}, 'date': {'date': '2022-06-05'}, 'block': {'height': 14911563}}, {'smartContract': {'address': {'address': '0xde495223f7cd7ee0cde1addbd6836046bbdf3ad3'}}, 'caller': {'address': '0xb9fc157394af804a3578134a6585c0dc9cc990d4'}, 'date': {'date': '2022-06-05'}, 'block': {'height': 14911500}}, {'smartContract': {'address': {'address': '0x13111a7150614af6809c2b42849701d9b84bdb31'}}, 'caller': {'address': '0x1e7b390149abb3b891e0a7027e111188032d4540'}, 'date': {'date': '2022-06-05'}, 'block': {'height': 14911457}}, {'smartContract': {'address': {'address': '0xf3c85aa8d48ba8bcaa4424ce8f121f8a62d59002'}}, 'caller': {'address': '0x1e7b390149abb3b891e0a7027e111188032d4540'}, 'date': {'date': '2022-06-05'}, 'block': {'height': 14911443}}, {'smartContract': {'address': {'address': '0x0404084e0e63eb98766a4540a0ac6b0fbf17d155'}}, 'caller': {'address': '0x1e7b390149abb3b891e0a7027e111188032d4540'}, 'date': {'date': '2022-06-05'}, 'block': {'height': 14911442}}, {'smartContract': {'address': {'address': '0x9bd0342fc5f66ea8f4e7257d6d9d0cfaddd5467d'}}, 'caller': {'address': '0x1e7b390149abb3b891e0a7027e111188032d4540'}, 'date': {'date': '2022-06-05'}, 'block': {'height': 14911384}}, {'smartContract': {'address': {'address': '0x05d4d700e04dccb0bef8b8fcb54a6cdd5c9518bc'}}, 'caller': {'address': '0x1e7b390149abb3b891e0a7027e111188032d4540'}, 'date': {'date': '2022-06-05'}, 'block': {'height': 14911383}}, {'smartContract': {'address': {'address': '0xc3abffcca5a9870510d3869f86340145effd7d89'}}, 'caller': {'address': '0x1e7b390149abb3b891e0a7027e111188032d4540'}, 'date': {'date': '2022-06-05'}, 'block': {'height': 14911382}}, {'smartContract': {'address': {'address': '0x153f0e24bc761f456cc121d443f2af761ad9d2dd'}}, 'caller': {'address': '0x1e7b390149abb3b891e0a7027e111188032d4540'}, 'date': {'date': '2022-06-05'}, 'block': {'height': 14911380}}, {'smartContract': {'address': {'address': '0x0a8ab428fd0a5f3dd849f9e9ef38c2b2894cea10'}}, 'caller': {'address': '0x1e7b390149abb3b891e0a7027e111188032d4540'}, 'date': {'date': '2022-06-05'}, 'block': {'height': 14911376}}, {'smartContract': {'address': {'address': '0x038ee16bc19e362cc5ba1915f32a3a6717047287'}}, 'caller': {'address': '0x1e7b390149abb3b891e0a7027e111188032d4540'}, 'date': {'date': '2022-06-05'}, 'block': {'height': 14911375}}, {'smartContract': {'address': {'address': '0xde1d0ad1aa256834d849b6e954be15e0e7d46767'}}, 'caller': {'address': '0x1e7b390149abb3b891e0a7027e111188032d4540'}, 'date': {'date': '2022-06-05'}, 'block': {'height': 14911374}}, {'smartContract': {'address': {'address': '0x994f5acb01f70a1997eb649dd90b0c8bc9498c8d'}}, 'caller': {'address': '0x91fae1bc94a9793708fbc66adcb59087c46dee10'}, 'date': {'date': '2022-06-05'}, 'block': {'height': 14911352}}, {'smartContract': {'address': {'address': '0x4c55011e3b909e3e8ec3b381d184260bf2c472bf'}}, 'caller': {'address': '0x91fae1bc94a9793708fbc66adcb59087c46dee10'}, 'date': {'date': '2022-06-05'}, 'block': {'height': 14911345}}, {'smartContract': {'address': {'address': '0x48a57756b14ab02549f6e4cc50ab72e8f7aad7a5'}}, 'caller': {'address': '0x1e7b390149abb3b891e0a7027e111188032d4540'}, 'date': {'date': '2022-06-05'}, 'block': {'height': 14911295}}, {'smartContract': {'address': {'address': '0x18a1ea69a50a85752b7bc204a2c45a95ce6e429d'}}, 'caller': {'address': '0x1e7b390149abb3b891e0a7027e111188032d4540'}, 'date': {'date': '2022-06-05'}, 'block': {'height': 14911289}}, {'smartContract': {'address': {'address': '0x45fdb1b92a649fb6a64ef1511d3ba5bf60044838'}}, 'caller': {'address': '0x1e7b390149abb3b891e0a7027e111188032d4540'}, 'date': {'date': '2022-06-05'}, 'block': {'height': 14911285}}, {'smartContract': {'address': {'address': '0xe78e4322bd3256589133b6e85ec523e63fc212cb'}}, 'caller': {'address': '0x1e7b390149abb3b891e0a7027e111188032d4540'}, 'date': {'date': '2022-06-05'}, 'block': {'height': 14911282}}, {'smartContract': {'address': {'address': '0x90c46172db25916345e61a6d88a8ad1c76cba164'}}, 'caller': {'address': '0x1e7b390149abb3b891e0a7027e111188032d4540'}, 'date': {'date': '2022-06-01'}, 'block': {'height': 14886125}}, {'smartContract': {'address': {'address': '0x98e354a2050dd24a971db602737994acad8a5d4c'}}, 'caller': {'address': '0x1e7b390149abb3b891e0a7027e111188032d4540'}, 'date': {'date': '2022-06-01'}, 'block': {'height': 14886122}}, {'smartContract': {'address': {'address': '0x9a9ffb18d19cc2ac379f6b512e11034c30b09e94'}}, 'caller': {'address': '0x1e7b390149abb3b891e0a7027e111188032d4540'}, 'date': {'date': '2022-06-01'}, 'block': {'height': 14886120}}, {'smartContract': {'address': {'address': '0xa68f454e1e298ac5db69aba9e22d1d19c7a5f593'}}, 'caller': {'address': '0x1e7b390149abb3b891e0a7027e111188032d4540'}, 'date': {'date': '2022-06-01'}, 'block': {'height': 14886118}}]",2022-06-06
292,292,0xF4Dc48D260C93ad6a96c5Ce563E70CA578987c74,Babylon.Finance,,0x040cC3AF8455F3c34D1df1D2a305e047a062BeBf,164873.4455,"[{'smartContract': {'address': {'address': '0xc646caadfbb75493921b03e215d96722d22acb40'}}, 'caller': {'address': '0x040cc3af8455f3c34d1df1d2a305e047a062bebf'}, 'date': {'date': '2021-11-29'}, 'block': {'height': 13710893}}, {'smartContract': {'address': {'address': '0x64b2c872d4ff44ba0803b9ff69c01d0786647412'}}, 'caller': {'address': '0x040cc3af8455f3c34d1df1d2a305e047a062bebf'}, 'date': {'date': '2021-11-29'}, 'block': {'height': 13710861}}, {'smartContract': {'address': {'address': '0x9ba88dc60f499c50a0bd2fb92b22f5a0a4b0e99c'}}, 'caller': {'address': '0x040cc3af8455f3c34d1df1d2a305e047a062bebf'}, 'date': {'date': '2021-11-22'}, 'block': {'height': 13665056}}, {'smartContract': {'address': {'address': '0xc1117d2cfbc09500dcb386aea5a9ac0d42325c5f'}}, 'caller': {'address': '0x040cc3af8455f3c34d1df1d2a305e047a062bebf'}, 'date': {'date': '2021-11-22'}, 'block': {'height': 13664141}}, {'smartContract': {'address': {'address': '0x740913fef40720e82498d5b73a4e8c3a5d9b9d79'}}, 'caller': {'address': '0x040cc3af8455f3c34d1df1d2a305e047a062bebf'}, 'date': {'date': '2021-11-17'}, 'block': {'height': 13633269}}, {'smartContract': {'address': {'address': '0x3393bf9ff37899735b149fc2f5233b6639903dfa'}}, 'caller': {'address': '0x040cc3af8455f3c34d1df1d2a305e047a062bebf'}, 'date': {'date': '2021-11-17'}, 'block': {'height': 13632988}}, {'smartContract': {'address': {'address': '0x2206c57512f60a2732e719e1e0cddd2c59af153e'}}, 'caller': {'address': '0x040cc3af8455f3c34d1df1d2a305e047a062bebf'}, 'date': {'date': '2021-11-14'}, 'block': {'height': 13614572}}, {'smartContract': {'address': {'address': '0x9c6a39e503b3d2246e1b304f2ac6034326823cba'}}, 'caller': {'address': '0x040cc3af8455f3c34d1df1d2a305e047a062bebf'}, 'date': {'date': '2021-11-08'}, 'block': {'height': 13576524}}, {'smartContract': {'address': {'address': '0x22619f6710c7d82d7b7fe31449d351b61373d63d'}}, 'caller': {'address': '0x040cc3af8455f3c34d1df1d2a305e047a062bebf'}, 'date': {'date': '2021-11-08'}, 'block': {'height': 13573598}}, {'smartContract': {'address': {'address': '0x02fef0051a0ab2a948a7c3b62e7c435f65d08ce0'}}, 'caller': {'address': '0x040cc3af8455f3c34d1df1d2a305e047a062bebf'}, 'date': {'date': '2021-11-08'}, 'block': {'height': 13573556}}, {'smartContract': {'address': {'address': '0x0d6975f868bd7f7d5d6c1b89b635ea0e7fef35ab'}}, 'caller': {'address': '0x040cc3af8455f3c34d1df1d2a305e047a062bebf'}, 'date': {'date': '2021-11-08'}, 'block': {'height': 13573547}}, {'smartContract': {'address': {'address': '0x4602f4326d49e19db2a069abb2823b47d6999817'}}, 'caller': {'address': '0x040cc3af8455f3c34d1df1d2a305e047a062bebf'}, 'date': {'date': '2021-11-04'}, 'block': {'height': 13550795}}, {'smartContract': {'address': {'address': '0xc07ed52498520d368fdb223f1119d43748e8624b'}}, 'caller': {'address': '0x040cc3af8455f3c34d1df1d2a305e047a062bebf'}, 'date': {'date': '2021-11-01'}, 'block': {'height': 13530886}}, {'smartContract': {'address': {'address': '0x6a7b8f2c49994d9dbcfe10805b7ca59176693696'}}, 'caller': {'address': '0x040cc3af8455f3c34d1df1d2a305e047a062bebf'}, 'date': {'date': '2021-11-01'}, 'block': {'height': 13530876}}, {'smartContract': {'address': {'address': '0xe06a43acc2091431cd6420bf79f9a21cc7e5d789'}}, 'caller': {'address': '0x040cc3af8455f3c34d1df1d2a305e047a062bebf'}, 'date': {'date': '2021-10-27'}, 'block': {'height': 13496742}}, {'smartContract': {'address': {'address': '0x1d110f3dcdccdf324cc51d2fb15dd0bdd37bc070'}}, 'caller': {'address': '0x040cc3af8455f3c34d1df1d2a305e047a062bebf'}, 'date': {'date': '2021-10-25'}, 'block': {'height': 13487455}}, {'smartContract': {'address': {'address': '0xcfd66826912484dbc1ac61491bdf9c1dc0bb045d'}}, 'caller': {'address': '0x040cc3af8455f3c34d1df1d2a305e047a062bebf'}, 'date': {'date': '2021-10-23'}, 'block': {'height': 13474556}}, {'smartContract': {'address': {'address': '0x137d2fc6b8222fac4cee6fa69412d49e5eb34526'}}, 'caller': {'address': '0x040cc3af8455f3c34d1df1d2a305e047a062bebf'}, 'date': {'date': '2021-10-23'}, 'block': {'height': 13474533}}, {'smartContract': {'address': {'address': '0x197864c3bb93b19e4b53b005eb5da67c1fb425cd'}}, 'caller': {'address': '0x040cc3af8455f3c34d1df1d2a305e047a062bebf'}, 'date': {'date': '2021-10-23'}, 'block': {'height': 13474499}}, {'smartContract': {'address': {'address': '0x95a2d35d367b63b5acf26a6e27e18e5f430bb32b'}}, 'caller': {'address': '0x040cc3af8455f3c34d1df1d2a305e047a062bebf'}, 'date': {'date': '2021-10-23'}, 'block': {'height': 13474447}}, {'smartContract': {'address': {'address': '0x7360fe492985fceb6b97618743573b0e9017ec06'}}, 'caller': {'address': '0x040cc3af8455f3c34d1df1d2a305e047a062bebf'}, 'date': {'date': '2021-10-23'}, 'block': {'height': 13474417}}, {'smartContract': {'address': {'address': '0x5e007abc0d9ef4984b0b3ee9b8cb79045bf6a195'}}, 'caller': {'address': '0x040cc3af8455f3c34d1df1d2a305e047a062bebf'}, 'date': {'date': '2021-10-23'}, 'block': {'height': 13474408}}, {'smartContract': {'address': {'address': '0x76b612d48abcb4f1e688777cde43a6323ac6202e'}}, 'caller': {'address': '0x040cc3af8455f3c34d1df1d2a305e047a062bebf'}, 'date': {'date': '2021-10-20'}, 'block': {'height': 13456080}}, {'smartContract': {'address': {'address': '0xe4a037bf352934ac3efd8be407c9589066ac5409'}}, 'caller': {'address': '0x040cc3af8455f3c34d1df1d2a305e047a062bebf'}, 'date': {'date': '2021-10-16'}, 'block': {'height': 13429626}}, {'smartContract': {'address': {'address': '0x59d3b1d2b7e9b14753bd492e080822a7da54262e'}}, 'caller': {'address': '0x040cc3af8455f3c34d1df1d2a305e047a062bebf'}, 'date': {'date': '2021-10-16'}, 'block': {'height': 13429611}}, {'smartContract': {'address': {'address': '0x95f08dd2f67e56b01ca3319c971f2f0769b16257'}}, 'caller': {'address': '0x040cc3af8455f3c34d1df1d2a305e047a062bebf'}, 'date': {'date': '2021-10-16'}, 'block': {'height': 13429600}}, {'smartContract': {'address': {'address': '0x9538a8ab18a33efca1a934dd2a9c1884b9604270'}}, 'caller': {'address': '0x040cc3af8455f3c34d1df1d2a305e047a062bebf'}, 'date': {'date': '2021-10-16'}, 'block': {'height': 13429569}}, {'smartContract': {'address': {'address': '0x31a3dea599cb7de521ed30d8a366a3d53c34654a'}}, 'caller': {'address': '0x040cc3af8455f3c34d1df1d2a305e047a062bebf'}, 'date': {'date': '2021-10-16'}, 'block': {'height': 13429548}}, {'smartContract': {'address': {'address': '0x6dabcf39469399ac0334da340caac924db368a46'}}, 'caller': {'address': '0x040cc3af8455f3c34d1df1d2a305e047a062bebf'}, 'date': {'date': '2021-10-12'}, 'block': {'height': 13403683}}, {'smartContract': {'address': {'address': '0xcf72410c025ce4116b8cef4b84bfcc5e1e87b3a8'}}, 'caller': {'address': '0x040cc3af8455f3c34d1df1d2a305e047a062bebf'}, 'date': {'date': '2021-10-08'}, 'block': {'height': 13374881}}, {'smartContract': {'address': {'address': '0x092e616d9d1f8e7d1e7bcaa9a99cf0a3bc8dc952'}}, 'caller': {'address': '0x040cc3af8455f3c34d1df1d2a305e047a062bebf'}, 'date': {'date': '2021-10-07'}, 'block': {'height': 13374846}}, {'smartContract': {'address': {'address': '0x825f54f114b9abaa6e0e8eeb674688e444b831aa'}}, 'caller': {'address': '0x040cc3af8455f3c34d1df1d2a305e047a062bebf'}, 'date': {'date': '2021-10-07'}, 'block': {'height': 13371501}}, {'smartContract': {'address': {'address': '0x29341abf87e23473541f92c0a9905e492f9e3d27'}}, 'caller': {'address': '0x040cc3af8455f3c34d1df1d2a305e047a062bebf'}, 'date': {'date': '2021-10-07'}, 'block': {'height': 13371399}}, {'smartContract': {'address': {'address': '0xdccdf2d78239abb788ad728d63ac45d90defe24a'}}, 'caller': {'address': '0x040cc3af8455f3c34d1df1d2a305e047a062bebf'}, 'date': {'date': '2021-09-29'}, 'block': {'height': 13318508}}, {'smartContract': {'address': {'address': '0xa6347dc5bc165877065f5f34faf7dd25ddea0929'}}, 'caller': {'address': '0x040cc3af8455f3c34d1df1d2a305e047a062bebf'}, 'date': {'date': '2021-09-29'}, 'block': {'height': 13317431}}, {'smartContract': {'address': {'address': '0x2735972b59e00efab70af36b891ccdf6bb0c8db9'}}, 'caller': {'address': '0x040cc3af8455f3c34d1df1d2a305e047a062bebf'}, 'date': {'date': '2021-09-28'}, 'block': {'height': 13317077}}, {'smartContract': {'address': {'address': '0x04d8bdc93ed9fc0908d3a03275c4c6487c718e68'}}, 'caller': {'address': '0x040cc3af8455f3c34d1df1d2a305e047a062bebf'}, 'date': {'date': '2021-09-28'}, 'block': {'height': 13317040}}, {'smartContract': {'address': {'address': '0x826bdb42b2885332bee966781a9d4ec7e002e2c8'}}, 'caller': {'address': '0x040cc3af8455f3c34d1df1d2a305e047a062bebf'}, 'date': {'date': '2021-09-28'}, 'block': {'height': 13317002}}, {'smartContract': {'address': {'address': '0x27725cd03f82e9af5811940da6cb27bc6a51cedc'}}, 'caller': {'address': '0x040cc3af8455f3c34d1df1d2a305e047a062bebf'}, 'date': {'date': '2021-09-28'}, 'block': {'height': 13316993}}, {'smartContract': {'address': {'address': '0x1984154a44c13784efd60c09b0678e3cddac0033'}}, 'caller': {'address': '0x040cc3af8455f3c34d1df1d2a305e047a062bebf'}, 'date': {'date': '2021-09-28'}, 'block': {'height': 13313624}}, {'smartContract': {'address': {'address': '0xed35ba2aa94f011856e3a394bf0b9f4f6c80b3ee'}}, 'caller': {'address': '0x040cc3af8455f3c34d1df1d2a305e047a062bebf'}, 'date': {'date': '2021-09-27'}, 'block': {'height': 13308938}}, {'smartContract': {'address': {'address': '0xd22889bbfb4e21c7adcdd2d1e1deeec4c5eb8f48'}}, 'caller': {'address': '0x040cc3af8455f3c34d1df1d2a305e047a062bebf'}, 'date': {'date': '2021-09-21'}, 'block': {'height': 13267421}}, {'smartContract': {'address': {'address': '0xd7ac1f8c059712679712aded3c7a569bde1e86e0'}}, 'caller': {'address': '0x040cc3af8455f3c34d1df1d2a305e047a062bebf'}, 'date': {'date': '2021-09-19'}, 'block': {'height': 13257417}}, {'smartContract': {'address': {'address': '0x9b4cd563655845afae03214868cddfb069d728d4'}}, 'caller': {'address': '0x040cc3af8455f3c34d1df1d2a305e047a062bebf'}, 'date': {'date': '2021-09-17'}, 'block': {'height': 13242749}}, {'smartContract': {'address': {'address': '0x0d9d10d3d1ee10bfe8d6958f67a917a696559e01'}}, 'caller': {'address': '0x040cc3af8455f3c34d1df1d2a305e047a062bebf'}, 'date': {'date': '2021-09-17'}, 'block': {'height': 13242717}}, {'smartContract': {'address': {'address': '0xa1716f55ceae8ea8ff2c416e479e747da9009e02'}}, 'caller': {'address': '0x040cc3af8455f3c34d1df1d2a305e047a062bebf'}, 'date': {'date': '2021-09-16'}, 'block': {'height': 13235599}}, {'smartContract': {'address': {'address': '0xbacd67c61db31f6852ca841f1b2b4f63e46a71b7'}}, 'caller': {'address': '0x040cc3af8455f3c34d1df1d2a305e047a062bebf'}, 'date': {'date': '2021-09-16'}, 'block': {'height': 13235575}}, {'smartContract': {'address': {'address': '0x9519eee4eed851e3d7912799722d5f29bbe05c07'}}, 'caller': {'address': '0x040cc3af8455f3c34d1df1d2a305e047a062bebf'}, 'date': {'date': '2021-09-16'}, 'block': {'height': 13235537}}, {'smartContract': {'address': {'address': '0x4f8508be29c5ddcf40a2d5106e45078874737fa6'}}, 'caller': {'address': '0x040cc3af8455f3c34d1df1d2a305e047a062bebf'}, 'date': {'date': '2021-09-16'}, 'block': {'height': 13235513}}, {'smartContract': {'address': {'address': '0xee919d9e48289e0a2900ba4b6af9464459e428cd'}}, 'caller': {'address': '0x040cc3af8455f3c34d1df1d2a305e047a062bebf'}, 'date': {'date': '2021-09-16'}, 'block': {'height': 13235498}}, {'smartContract': {'address': {'address': '0xb0b59bd5e1e5ea0097f12c05c986da2f173e2fe7'}}, 'caller': {'address': '0x040cc3af8455f3c34d1df1d2a305e047a062bebf'}, 'date': {'date': '2021-09-16'}, 'block': {'height': 13235444}}, {'smartContract': {'address': {'address': '0x84b3fa1b3037d8ee7b6fc51d9e02c834c8eb202e'}}, 'caller': {'address': '0x040cc3af8455f3c34d1df1d2a305e047a062bebf'}, 'date': {'date': '2021-09-13'}, 'block': {'height': 13219142}}, {'smartContract': {'address': {'address': '0xd62a3feb39315902c0dce31d81cacbe2e4da4dff'}}, 'caller': {'address': '0x040cc3af8455f3c34d1df1d2a305e047a062bebf'}, 'date': {'date': '2021-09-12'}, 'block': {'height': 13212043}}, {'smartContract': {'address': {'address': '0x7cf1ceb2f70f9a5dba3dffdd768d7f5dfd7e3050'}}, 'caller': {'address': '0x040cc3af8455f3c34d1df1d2a305e047a062bebf'}, 'date': {'date': '2021-09-10'}, 'block': {'height': 13195657}}, {'smartContract': {'address': {'address': '0xc557141c8a1c80f6e0157db76feb7088d89500c6'}}, 'caller': {'address': '0x040cc3af8455f3c34d1df1d2a305e047a062bebf'}, 'date': {'date': '2021-09-09'}, 'block': {'height': 13193688}}, {'smartContract': {'address': {'address': '0xced84fc82393771a083655f4058c4fbb33794487'}}, 'caller': {'address': '0x040cc3af8455f3c34d1df1d2a305e047a062bebf'}, 'date': {'date': '2021-09-09'}, 'block': {'height': 13193399}}, {'smartContract': {'address': {'address': '0xf2183a490222361afefde327ebb5de189833d52a'}}, 'caller': {'address': '0x040cc3af8455f3c34d1df1d2a305e047a062bebf'}, 'date': {'date': '2021-09-09'}, 'block': {'height': 13193187}}, {'smartContract': {'address': {'address': '0xf32e0ac61f0eb61d38b977b7149aa44a721d903b'}}, 'caller': {'address': '0x040cc3af8455f3c34d1df1d2a305e047a062bebf'}, 'date': {'date': '2021-09-09'}, 'block': {'height': 13192183}}, {'smartContract': {'address': {'address': '0x9840b66a5dfe08508c46709abf29cf9360d43032'}}, 'caller': {'address': '0x040cc3af8455f3c34d1df1d2a305e047a062bebf'}, 'date': {'date': '2021-09-09'}, 'block': {'height': 13192115}}, {'smartContract': {'address': {'address': '0x1deeb192f4bef4fd18aad59669ecb7d94e831c50'}}, 'caller': {'address': '0x040cc3af8455f3c34d1df1d2a305e047a062bebf'}, 'date': {'date': '2021-09-09'}, 'block': {'height': 13192100}}, {'smartContract': {'address': {'address': '0x28a619b28130a4aaf9236e7294d988a7ecd1a190'}}, 'caller': {'address': '0x040cc3af8455f3c34d1df1d2a305e047a062bebf'}, 'date': {'date': '2021-09-09'}, 'block': {'height': 13191785}}, {'smartContract': {'address': {'address': '0x6504227a2f6c44e951289179de769b8c9898c075'}}, 'caller': {'address': '0x040cc3af8455f3c34d1df1d2a305e047a062bebf'}, 'date': {'date': '2021-09-09'}, 'block': {'height': 13188729}}, {'smartContract': {'address': {'address': '0x2288a1db5ae0f38ef17fce74b51217e40d794ece'}}, 'caller': {'address': '0x040cc3af8455f3c34d1df1d2a305e047a062bebf'}, 'date': {'date': '2021-09-08'}, 'block': {'height': 13188047}}, {'smartContract': {'address': {'address': '0x3ed713fa0e914526e6b3d9e43038c5460f03539f'}}, 'caller': {'address': '0x040cc3af8455f3c34d1df1d2a305e047a062bebf'}, 'date': {'date': '2021-09-08'}, 'block': {'height': 13185802}}, {'smartContract': {'address': {'address': '0x8f752c0ff15e53ea476b3482ca06637849a13d09'}}, 'caller': {'address': '0x040cc3af8455f3c34d1df1d2a305e047a062bebf'}, 'date': {'date': '2021-09-08'}, 'block': {'height': 13182163}}, {'smartContract': {'address': {'address': '0x9d5f471cd191ed196bec3bc2d644adc19e3b8c3e'}}, 'caller': {'address': '0x040cc3af8455f3c34d1df1d2a305e047a062bebf'}, 'date': {'date': '2021-09-08'}, 'block': {'height': 13182146}}, {'smartContract': {'address': {'address': '0x7eeafc69ef1660632547cfdfa63eb0e1f60aa35e'}}, 'caller': {'address': '0x040cc3af8455f3c34d1df1d2a305e047a062bebf'}, 'date': {'date': '2021-09-08'}, 'block': {'height': 13182144}}, {'smartContract': {'address': {'address': '0x686c2440943bd47ee84217165193ad79ed264c2f'}}, 'caller': {'address': '0x040cc3af8455f3c34d1df1d2a305e047a062bebf'}, 'date': {'date': '2021-09-08'}, 'block': {'height': 13182127}}, {'smartContract': {'address': {'address': '0x7d20ff38f6f2a4bf03e5b603d799378b473ea84e'}}, 'caller': {'address': '0x040cc3af8455f3c34d1df1d2a305e047a062bebf'}, 'date': {'date': '2021-09-08'}, 'block': {'height': 13182115}}, {'smartContract': {'address': {'address': '0x848cd7194d8175f644a43c504e8d6c6e3976ae93'}}, 'caller': {'address': '0x040cc3af8455f3c34d1df1d2a305e047a062bebf'}, 'date': {'date': '2021-09-08'}, 'block': {'height': 13182108}}, {'smartContract': {'address': {'address': '0x612f563725763bb068e533b4fabb2530a4d10b6a'}}, 'caller': {'address': '0x040cc3af8455f3c34d1df1d2a305e047a062bebf'}, 'date': {'date': '2021-09-08'}, 'block': {'height': 13182104}}, {'smartContract': {'address': {'address': '0x9c3dd49c8ce717718da5973a440ca1332f0197ae'}}, 'caller': {'address': '0x040cc3af8455f3c34d1df1d2a305e047a062bebf'}, 'date': {'date': '2021-09-08'}, 'block': {'height': 13182095}}, {'smartContract': {'address': {'address': '0x745a51080efdf5c8664a28f150ef3688f97e331e'}}, 'caller': {'address': '0x040cc3af8455f3c34d1df1d2a305e047a062bebf'}, 'date': {'date': '2021-09-08'}, 'block': {'height': 13182088}}, {'smartContract': {'address': {'address': '0xfe06f1d501f417e6e87531ab7618c65d42735995'}}, 'caller': {'address': '0x040cc3af8455f3c34d1df1d2a305e047a062bebf'}, 'date': {'date': '2021-09-08'}, 'block': {'height': 13182078}}, {'smartContract': {'address': {'address': '0xbec3de5b14902c660bd2c7efd2f259998424cc24'}}, 'caller': {'address': '0x040cc3af8455f3c34d1df1d2a305e047a062bebf'}, 'date': {'date': '2021-09-04'}, 'block': {'height': 13156656}}, {'smartContract': {'address': {'address': '0xe6ed0eacb79a6e457416e4df38ed778fd6c6d193'}}, 'caller': {'address': '0x040cc3af8455f3c34d1df1d2a305e047a062bebf'}, 'date': {'date': '2021-09-04'}, 'block': {'height': 13156635}}, {'smartContract': {'address': {'address': '0xa16c239413b4ea8815ce0694760e0342fd5aa0a1'}}, 'caller': {'address': '0x040cc3af8455f3c34d1df1d2a305e047a062bebf'}, 'date': {'date': '2021-08-28'}, 'block': {'height': 13113930}}, {'smartContract': {'address': {'address': '0x0eb2e7cd7982771efca5f2235e18e7d9bb4989bc'}}, 'caller': {'address': '0x040cc3af8455f3c34d1df1d2a305e047a062bebf'}, 'date': {'date': '2021-08-27'}, 'block': {'height': 13107562}}, {'smartContract': {'address': {'address': '0x1a48a19cf805875c8e16e27194d7880843b4de10'}}, 'caller': {'address': '0x040cc3af8455f3c34d1df1d2a305e047a062bebf'}, 'date': {'date': '2021-08-24'}, 'block': {'height': 13088985}}, {'smartContract': {'address': {'address': '0xc20a85ae296eb8548fd7c9042bce5302ef877f50'}}, 'caller': {'address': '0x040cc3af8455f3c34d1df1d2a305e047a062bebf'}, 'date': {'date': '2021-08-15'}, 'block': {'height': 13028702}}, {'smartContract': {'address': {'address': '0xceabfbfec55dfd5184802c4c0e2110772ed5a526'}}, 'caller': {'address': '0x040cc3af8455f3c34d1df1d2a305e047a062bebf'}, 'date': {'date': '2021-08-10'}, 'block': {'height': 12999291}}, {'smartContract': {'address': {'address': '0xe73825b149027816c3a7a4b8a41b497704a4523b'}}, 'caller': {'address': '0x040cc3af8455f3c34d1df1d2a305e047a062bebf'}, 'date': {'date': '2021-08-03'}, 'block': {'height': 12953910}}, {'smartContract': {'address': {'address': '0x445b7565f87bb135e6e9f358f7c4c76358939a9d'}}, 'caller': {'address': '0x040cc3af8455f3c34d1df1d2a305e047a062bebf'}, 'date': {'date': '2021-07-29'}, 'block': {'height': 12921039}}, {'smartContract': {'address': {'address': '0x2131c81b3af8a4f3055d44801aa331b594c1e38e'}}, 'caller': {'address': '0x040cc3af8455f3c34d1df1d2a305e047a062bebf'}, 'date': {'date': '2021-07-29'}, 'block': {'height': 12920427}}, {'smartContract': {'address': {'address': '0x6bd54132756a2fc00ab92206356e9b8b899d47c7'}}, 'caller': {'address': '0x040cc3af8455f3c34d1df1d2a305e047a062bebf'}, 'date': {'date': '2021-07-29'}, 'block': {'height': 12920358}}, {'smartContract': {'address': {'address': '0x009efacc05539b5d41c1bac30e01832726a3ca3c'}}, 'caller': {'address': '0x040cc3af8455f3c34d1df1d2a305e047a062bebf'}, 'date': {'date': '2021-07-27'}, 'block': {'height': 12908144}}, {'smartContract': {'address': {'address': '0x36f4cfdcad509feed484d56fb57708031cf97d4c'}}, 'caller': {'address': '0x040cc3af8455f3c34d1df1d2a305e047a062bebf'}, 'date': {'date': '2021-07-26'}, 'block': {'height': 12903641}}, {'smartContract': {'address': {'address': '0xabad3bb197260bb86e0b9d37a1370b44f6193043'}}, 'caller': {'address': '0x040cc3af8455f3c34d1df1d2a305e047a062bebf'}, 'date': {'date': '2021-07-22'}, 'block': {'height': 12877049}}, {'smartContract': {'address': {'address': '0x2a6e31ed6855bf38732a6a8eb53173afa2960d38'}}, 'caller': {'address': '0x040cc3af8455f3c34d1df1d2a305e047a062bebf'}, 'date': {'date': '2021-07-22'}, 'block': {'height': 12877044}}, {'smartContract': {'address': {'address': '0x5c9680b3a4384bad20f6c95afc8a4f0a12daf964'}}, 'caller': {'address': '0x040cc3af8455f3c34d1df1d2a305e047a062bebf'}, 'date': {'date': '2021-07-22'}, 'block': {'height': 12877037}}, {'smartContract': {'address': {'address': '0x0e4a62012a392dad625aea94129971f1e2512b3b'}}, 'caller': {'address': '0x040cc3af8455f3c34d1df1d2a305e047a062bebf'}, 'date': {'date': '2021-07-22'}, 'block': {'height': 12877027}}, {'smartContract': {'address': {'address': '0xc4672e7c0ab71f552be09cd0e04f0ea395a295a6'}}, 'caller': {'address': '0x040cc3af8455f3c34d1df1d2a305e047a062bebf'}, 'date': {'date': '2021-07-22'}, 'block': {'height': 12877015}}, {'smartContract': {'address': {'address': '0x003ecb5a0deeb2eb38978ce87a1687863f9a6e5c'}}, 'caller': {'address': '0x040cc3af8455f3c34d1df1d2a305e047a062bebf'}, 'date': {'date': '2021-07-22'}, 'block': {'height': 12877002}}, {'smartContract': {'address': {'address': '0x423eac6108dade6f9df7582d0e1a73b6576f6c59'}}, 'caller': {'address': '0x040cc3af8455f3c34d1df1d2a305e047a062bebf'}, 'date': {'date': '2021-07-22'}, 'block': {'height': 12876991}}, {'smartContract': {'address': {'address': '0x9d234b69ad344461cf21f6eb455279b4abc61345'}}, 'caller': {'address': '0x040cc3af8455f3c34d1df1d2a305e047a062bebf'}, 'date': {'date': '2021-07-22'}, 'block': {'height': 12876985}}, {'smartContract': {'address': {'address': '0x4dc23befea4fa92af2de5834120e14ea43ad7924'}}, 'caller': {'address': '0x040cc3af8455f3c34d1df1d2a305e047a062bebf'}, 'date': {'date': '2021-07-22'}, 'block': {'height': 12876980}}, {'smartContract': {'address': {'address': '0xa31ad604920396c468e94e9c0ec29a9478c01b29'}}, 'caller': {'address': '0x040cc3af8455f3c34d1df1d2a305e047a062bebf'}, 'date': {'date': '2021-07-22'}, 'block': {'height': 12876974}}, {'smartContract': {'address': {'address': '0xae88f0464f4a2b3c8f603849afa57fdfdff58a07'}}, 'caller': {'address': '0x040cc3af8455f3c34d1df1d2a305e047a062bebf'}, 'date': {'date': '2021-07-22'}, 'block': {'height': 12876971}}, {'smartContract': {'address': {'address': '0xc5a6075e4db4fc24785ce4208c548c9b8c1b3622'}}, 'caller': {'address': '0x040cc3af8455f3c34d1df1d2a305e047a062bebf'}, 'date': {'date': '2021-07-22'}, 'block': {'height': 12876965}}, {'smartContract': {'address': {'address': '0x766bf7b8e1ad672a0bcf8dd4ea657acd4f034f80'}}, 'caller': {'address': '0x040cc3af8455f3c34d1df1d2a305e047a062bebf'}, 'date': {'date': '2021-07-22'}, 'block': {'height': 12876961}}]",2021-07-20
293,293,0xCd2828fc4D8E8a0eDe91bB38CF64B1a81De65Bf6,OddzToken,https://github.com/oddz-finance,0xE36b46AEA38d1E9c7a4CEB698682bF46932782FE,160945.8031,"[{'smartContract': {'address': {'address': '0x62e423deacf48843e539ac64fff5eee5e6af9959'}}, 'caller': {'address': '0xe36b46aea38d1e9c7a4ceb698682bf46932782fe'}, 'date': {'date': '2021-09-22'}, 'block': {'height': 13276365}}, {'smartContract': {'address': {'address': '0x5553a0654c594f6d1b2d650520ba33a401d0a109'}}, 'caller': {'address': '0xe36b46aea38d1e9c7a4ceb698682bf46932782fe'}, 'date': {'date': '2021-04-03'}, 'block': {'height': 12165777}}, {'smartContract': {'address': {'address': '0x833c46160e2df537c0815f125d2bc9a30a3a864e'}}, 'caller': {'address': '0xe36b46aea38d1e9c7a4ceb698682bf46932782fe'}, 'date': {'date': '2021-04-03'}, 'block': {'height': 12165776}}, {'smartContract': {'address': {'address': '0x08cfc8fbfb7046b226c8bd81b15f5b6805ecd574'}}, 'caller': {'address': '0xe36b46aea38d1e9c7a4ceb698682bf46932782fe'}, 'date': {'date': '2021-04-03'}, 'block': {'height': 12165775}}, {'smartContract': {'address': {'address': '0xccec71e6fd6888e86bc4ddcc401ec2229bb7ba76'}}, 'caller': {'address': '0xe36b46aea38d1e9c7a4ceb698682bf46932782fe'}, 'date': {'date': '2021-04-03'}, 'block': {'height': 12165774}}, {'smartContract': {'address': {'address': '0x558ee598e242799fc8df038fd088a6c8d870adf8'}}, 'caller': {'address': '0xe36b46aea38d1e9c7a4ceb698682bf46932782fe'}, 'date': {'date': '2021-04-03'}, 'block': {'height': 12165772}}, {'smartContract': {'address': {'address': '0x67c71ad30b4f4d6c559d192a71af71bfb9631838'}}, 'caller': {'address': '0xe36b46aea38d1e9c7a4ceb698682bf46932782fe'}, 'date': {'date': '2021-04-03'}, 'block': {'height': 12165762}}, {'smartContract': {'address': {'address': '0xf5e7774ab4dbb8793ec9f5f5d9c8e9a81007a7f9'}}, 'caller': {'address': '0xe36b46aea38d1e9c7a4ceb698682bf46932782fe'}, 'date': {'date': '2021-04-03'}, 'block': {'height': 12165759}}, {'smartContract': {'address': {'address': '0x8344eac3ae1cf4b96c74496918847e0c1b4ff4dd'}}, 'caller': {'address': '0xe36b46aea38d1e9c7a4ceb698682bf46932782fe'}, 'date': {'date': '2021-04-03'}, 'block': {'height': 12165758}}, {'smartContract': {'address': {'address': '0x5766bcf585b10cef2b06214c5e61ca84cee42084'}}, 'caller': {'address': '0xe36b46aea38d1e9c7a4ceb698682bf46932782fe'}, 'date': {'date': '2021-04-03'}, 'block': {'height': 12165757}}, {'smartContract': {'address': {'address': '0x641c5df245536383ecaad775c83b742dc1ba9f30'}}, 'caller': {'address': '0xe36b46aea38d1e9c7a4ceb698682bf46932782fe'}, 'date': {'date': '2021-04-03'}, 'block': {'height': 12165755}}, {'smartContract': {'address': {'address': '0xb3e8d2ef0e336de161b34dcfad7b45938f122d9c'}}, 'caller': {'address': '0xe36b46aea38d1e9c7a4ceb698682bf46932782fe'}, 'date': {'date': '2021-04-03'}, 'block': {'height': 12165744}}, {'smartContract': {'address': {'address': '0x87931ba4c325c140923a9e5c93d61a2054cade41'}}, 'caller': {'address': '0xe36b46aea38d1e9c7a4ceb698682bf46932782fe'}, 'date': {'date': '2021-04-03'}, 'block': {'height': 12165743}}, {'smartContract': {'address': {'address': '0xc97d55b01caf864b458a016e5d379477c002b1fa'}}, 'caller': {'address': '0xe36b46aea38d1e9c7a4ceb698682bf46932782fe'}, 'date': {'date': '2021-04-03'}, 'block': {'height': 12165742}}, {'smartContract': {'address': {'address': '0xdb063c2a5fbc5a0e2fc59e229e7d5f5f26b00d25'}}, 'caller': {'address': '0xe36b46aea38d1e9c7a4ceb698682bf46932782fe'}, 'date': {'date': '2021-04-03'}, 'block': {'height': 12165741}}, {'smartContract': {'address': {'address': '0x2c116396f7282ced94bbdc94bd3c9e7938493dff'}}, 'caller': {'address': '0xe36b46aea38d1e9c7a4ceb698682bf46932782fe'}, 'date': {'date': '2021-04-03'}, 'block': {'height': 12165740}}, {'smartContract': {'address': {'address': '0xc11fd1685fafe1c3743553d5c320ab27169d96cf'}}, 'caller': {'address': '0xe36b46aea38d1e9c7a4ceb698682bf46932782fe'}, 'date': {'date': '2021-04-03'}, 'block': {'height': 12165737}}, {'smartContract': {'address': {'address': '0xe7f863f519afdb7ebcb8e052673ca07cf9ccdceb'}}, 'caller': {'address': '0xe36b46aea38d1e9c7a4ceb698682bf46932782fe'}, 'date': {'date': '2021-04-03'}, 'block': {'height': 12165734}}, {'smartContract': {'address': {'address': '0xf350e392fb2a8586d7db70fa2e813666749c6ebd'}}, 'caller': {'address': '0xe36b46aea38d1e9c7a4ceb698682bf46932782fe'}, 'date': {'date': '2021-04-02'}, 'block': {'height': 12160170}}, {'smartContract': {'address': {'address': '0xca8d86ea683f9b5e4f639a721f8095db0c60c568'}}, 'caller': {'address': '0xe36b46aea38d1e9c7a4ceb698682bf46932782fe'}, 'date': {'date': '2021-04-02'}, 'block': {'height': 12160168}}, {'smartContract': {'address': {'address': '0x2e1d590b356e6c03436162ddcfc3b34f5ebc2697'}}, 'caller': {'address': '0xe36b46aea38d1e9c7a4ceb698682bf46932782fe'}, 'date': {'date': '2021-04-02'}, 'block': {'height': 12160160}}, {'smartContract': {'address': {'address': '0x2cf09abec150d5a44dc8be0fa81036e7abd345c5'}}, 'caller': {'address': '0xe36b46aea38d1e9c7a4ceb698682bf46932782fe'}, 'date': {'date': '2021-04-02'}, 'block': {'height': 12160159}}, {'smartContract': {'address': {'address': '0x32d45104c5662d6e5b2247f5a36d19368cb5f6d1'}}, 'caller': {'address': '0xe36b46aea38d1e9c7a4ceb698682bf46932782fe'}, 'date': {'date': '2021-04-02'}, 'block': {'height': 12160158}}, {'smartContract': {'address': {'address': '0x900354a84c3fd32cf53fee0f804521ae57ba7153'}}, 'caller': {'address': '0xe36b46aea38d1e9c7a4ceb698682bf46932782fe'}, 'date': {'date': '2021-04-02'}, 'block': {'height': 12160154}}, {'smartContract': {'address': {'address': '0x09527a4f5925bc60b73e17e08a4524873fd2da86'}}, 'caller': {'address': '0xe36b46aea38d1e9c7a4ceb698682bf46932782fe'}, 'date': {'date': '2021-04-02'}, 'block': {'height': 12160151}}, {'smartContract': {'address': {'address': '0x791bdfd486a95888a62e6d4477e2f546c6e0f429'}}, 'caller': {'address': '0xe36b46aea38d1e9c7a4ceb698682bf46932782fe'}, 'date': {'date': '2021-04-02'}, 'block': {'height': 12160099}}, {'smartContract': {'address': {'address': '0x41b03bfdcc9ab576a2f4253f03cbaf24ee413652'}}, 'caller': {'address': '0xe36b46aea38d1e9c7a4ceb698682bf46932782fe'}, 'date': {'date': '2021-04-02'}, 'block': {'height': 12160097}}, {'smartContract': {'address': {'address': '0x31acc141d41d0a5343fd4b0825480cb6c59ef156'}}, 'caller': {'address': '0xe36b46aea38d1e9c7a4ceb698682bf46932782fe'}, 'date': {'date': '2021-04-02'}, 'block': {'height': 12160093}}, {'smartContract': {'address': {'address': '0x7a8a718c36d8515b34155df0e4ab3707b4b266fc'}}, 'caller': {'address': '0xe36b46aea38d1e9c7a4ceb698682bf46932782fe'}, 'date': {'date': '2021-04-02'}, 'block': {'height': 12160092}}, {'smartContract': {'address': {'address': '0x654a586c6a41451693eecace47e221856eb2b2b2'}}, 'caller': {'address': '0xe36b46aea38d1e9c7a4ceb698682bf46932782fe'}, 'date': {'date': '2021-04-02'}, 'block': {'height': 12160082}}, {'smartContract': {'address': {'address': '0xe98cd5118dc27bdfea6d2fc82d87e284eb37adcc'}}, 'caller': {'address': '0xe36b46aea38d1e9c7a4ceb698682bf46932782fe'}, 'date': {'date': '2021-04-02'}, 'block': {'height': 12160078}}, {'smartContract': {'address': {'address': '0x17aa79568b465fbbcae49b2b9a0416a912fc273b'}}, 'caller': {'address': '0xe36b46aea38d1e9c7a4ceb698682bf46932782fe'}, 'date': {'date': '2021-04-02'}, 'block': {'height': 12160074}}, {'smartContract': {'address': {'address': '0xcb4448749956b9c51a2545705fa2b83a76f9d460'}}, 'caller': {'address': '0xe36b46aea38d1e9c7a4ceb698682bf46932782fe'}, 'date': {'date': '2021-04-02'}, 'block': {'height': 12160070}}, {'smartContract': {'address': {'address': '0xa3726cd18ceae7aee54ea27573211ac9f790005d'}}, 'caller': {'address': '0xe36b46aea38d1e9c7a4ceb698682bf46932782fe'}, 'date': {'date': '2021-04-02'}, 'block': {'height': 12160069}}, {'smartContract': {'address': {'address': '0x5378b6ed0e592de50cfc0df052f489ab8fd12e3b'}}, 'caller': {'address': '0xe36b46aea38d1e9c7a4ceb698682bf46932782fe'}, 'date': {'date': '2021-04-02'}, 'block': {'height': 12160019}}, {'smartContract': {'address': {'address': '0x4c2c1f605c4ebcaa971183bd6cf806f611c41a85'}}, 'caller': {'address': '0xe36b46aea38d1e9c7a4ceb698682bf46932782fe'}, 'date': {'date': '2021-04-02'}, 'block': {'height': 12160012}}, {'smartContract': {'address': {'address': '0x308eb218a592691dfe5127e7ad68391147d6e97f'}}, 'caller': {'address': '0xe36b46aea38d1e9c7a4ceb698682bf46932782fe'}, 'date': {'date': '2021-04-02'}, 'block': {'height': 12160011}}, {'smartContract': {'address': {'address': '0x55212636bceec4d3ef2a4934b8126a5e6ec69b31'}}, 'caller': {'address': '0xe36b46aea38d1e9c7a4ceb698682bf46932782fe'}, 'date': {'date': '2021-04-02'}, 'block': {'height': 12160010}}, {'smartContract': {'address': {'address': '0x45b49c1b991de32dd90fe9459a6c60fefa86dc14'}}, 'caller': {'address': '0xe36b46aea38d1e9c7a4ceb698682bf46932782fe'}, 'date': {'date': '2021-04-02'}, 'block': {'height': 12160007}}, {'smartContract': {'address': {'address': '0x39824069d74aba48596c456feb9d0b4290125951'}}, 'caller': {'address': '0xe36b46aea38d1e9c7a4ceb698682bf46932782fe'}, 'date': {'date': '2021-03-18'}, 'block': {'height': 12061792}}, {'smartContract': {'address': {'address': '0xe29af1a3f69ce32340ed9db76d7eb7df3497dcbc'}}, 'caller': {'address': '0xe36b46aea38d1e9c7a4ceb698682bf46932782fe'}, 'date': {'date': '2021-03-18'}, 'block': {'height': 12061774}}, {'smartContract': {'address': {'address': '0x5528cb00919ceac3466ba8990b5685e1d77a22f2'}}, 'caller': {'address': '0xe36b46aea38d1e9c7a4ceb698682bf46932782fe'}, 'date': {'date': '2021-03-17'}, 'block': {'height': 12053830}}, {'smartContract': {'address': {'address': '0xcd2828fc4d8e8a0ede91bb38cf64b1a81de65bf6'}}, 'caller': {'address': '0xe36b46aea38d1e9c7a4ceb698682bf46932782fe'}, 'date': {'date': '2021-03-16'}, 'block': {'height': 12050387}}, {'smartContract': {'address': {'address': '0x5ebec7605faffd53c130f71b1de37677452ad399'}}, 'caller': {'address': '0xe36b46aea38d1e9c7a4ceb698682bf46932782fe'}, 'date': {'date': '2021-03-16'}, 'block': {'height': 12050366}}, {'smartContract': {'address': {'address': '0x61ccd5b4fc2a7c6896027d25ee5e132c4930db6e'}}, 'caller': {'address': '0xe36b46aea38d1e9c7a4ceb698682bf46932782fe'}, 'date': {'date': '2021-03-16'}, 'block': {'height': 12050358}}]",2021-03-16
294,294,0x066798d9ef0833ccc719076Dab77199eCbd178b0,SakeToken,https://github.com/Sakeswap,0x142151D3b15b8961F2937Cf7880Bcd10c050800C,158912.7554,"[{'smartContract': {'address': {'address': '0x22bc22ec2622df3d5c9e5597a10359ef11747e8f'}}, 'caller': {'address': '0x142151d3b15b8961f2937cf7880bcd10c050800c'}, 'date': {'date': '2021-12-07'}, 'block': {'height': 13756061}}, {'smartContract': {'address': {'address': '0x73075e83bf2d9beae32047cd412ce52f567e3c42'}}, 'caller': {'address': '0xbf515ff38d55737c56d62e8b6a8eea322ec38aa5'}, 'date': {'date': '2021-05-13'}, 'block': {'height': 12426590}}, {'smartContract': {'address': {'address': '0x44a2112b0cfa5055e3cf98728d39cf288887f35c'}}, 'caller': {'address': '0x85e797b460d790305add131ddf931b78c79ce3d6'}, 'date': {'date': '2021-04-04'}, 'block': {'height': 12171100}}, {'smartContract': {'address': {'address': '0x85e797b460d790305add131ddf931b78c79ce3d6'}}, 'caller': {'address': '0x75e48c954594d64ef9613aeef97ad85370f13807'}, 'date': {'date': '2021-04-04'}, 'block': {'height': 12171100}}, {'smartContract': {'address': {'address': '0x4396a63180750a2ebb8feac6231153f71003c3a7'}}, 'caller': {'address': '0x75e48c954594d64ef9613aeef97ad85370f13807'}, 'date': {'date': '2021-04-04'}, 'block': {'height': 12171091}}, {'smartContract': {'address': {'address': '0x62378f5f53aca42758ac8869f18c54ef3e9847a1'}}, 'caller': {'address': '0x4396a63180750a2ebb8feac6231153f71003c3a7'}, 'date': {'date': '2021-04-04'}, 'block': {'height': 12171091}}, {'smartContract': {'address': {'address': '0xcee58dd9173b596f457e49b390a30b8e85a1d2f0'}}, 'caller': {'address': '0x142151d3b15b8961f2937cf7880bcd10c050800c'}, 'date': {'date': '2021-03-24'}, 'block': {'height': 12101926}}, {'smartContract': {'address': {'address': '0xd85ca7666d4c805a7a0f67484335d76970df6d98'}}, 'caller': {'address': '0x2074bd7d0fefed3e9d43aae696681f54ec8c28cc'}, 'date': {'date': '2021-03-22'}, 'block': {'height': 12086071}}, {'smartContract': {'address': {'address': '0x2074bd7d0fefed3e9d43aae696681f54ec8c28cc'}}, 'caller': {'address': '0x75e48c954594d64ef9613aeef97ad85370f13807'}, 'date': {'date': '2021-03-22'}, 'block': {'height': 12086071}}, {'smartContract': {'address': {'address': '0xa2aee696420cb3aa09c09d617bedf58c34f58144'}}, 'caller': {'address': '0x1381acf100be5013385353d9a8a25a0cf5c47bff'}, 'date': {'date': '2021-02-04'}, 'block': {'height': 11789279}}, {'smartContract': {'address': {'address': '0x1381acf100be5013385353d9a8a25a0cf5c47bff'}}, 'caller': {'address': '0x75e48c954594d64ef9613aeef97ad85370f13807'}, 'date': {'date': '2021-02-04'}, 'block': {'height': 11789279}}, {'smartContract': {'address': {'address': '0x3ed1b76c68f6fd1c645e1e596cec0c77f56711cc'}}, 'caller': {'address': '0x75e48c954594d64ef9613aeef97ad85370f13807'}, 'date': {'date': '2020-12-30'}, 'block': {'height': 11553345}}, {'smartContract': {'address': {'address': '0xd40f2088d94899dede8127383e133d7c453004df'}}, 'caller': {'address': '0x3ed1b76c68f6fd1c645e1e596cec0c77f56711cc'}, 'date': {'date': '2020-12-30'}, 'block': {'height': 11553345}}, {'smartContract': {'address': {'address': '0x7910773350b1ec310beb638cc104c09d8b25f8a5'}}, 'caller': {'address': '0x142151d3b15b8961f2937cf7880bcd10c050800c'}, 'date': {'date': '2020-11-19'}, 'block': {'height': 11286188}}, {'smartContract': {'address': {'address': '0x92be21217d76bd3735a5ba0612d026ff6e714f78'}}, 'caller': {'address': '0x142151d3b15b8961f2937cf7880bcd10c050800c'}, 'date': {'date': '2020-11-19'}, 'block': {'height': 11286174}}, {'smartContract': {'address': {'address': '0x1e54716a606cf6308e9b201882c7722df69411ca'}}, 'caller': {'address': '0x142151d3b15b8961f2937cf7880bcd10c050800c'}, 'date': {'date': '2020-11-17'}, 'block': {'height': 11275312}}, {'smartContract': {'address': {'address': '0x209adb20b0d6115ea69ef34c7afa4ac6216c2be2'}}, 'caller': {'address': '0x142151d3b15b8961f2937cf7880bcd10c050800c'}, 'date': {'date': '2020-11-17'}, 'block': {'height': 11275283}}, {'smartContract': {'address': {'address': '0x300cc4f4095bbdbab9ca0f3923eb68b7e9bc2b1d'}}, 'caller': {'address': '0x8285a54aeb4cf7fcbc24ac77004cb2f2bf0e8685'}, 'date': {'date': '2020-10-25'}, 'block': {'height': 11123504}}, {'smartContract': {'address': {'address': '0x8285a54aeb4cf7fcbc24ac77004cb2f2bf0e8685'}}, 'caller': {'address': '0x75e48c954594d64ef9613aeef97ad85370f13807'}, 'date': {'date': '2020-10-25'}, 'block': {'height': 11123504}}, {'smartContract': {'address': {'address': '0xc4b2f47a82d836e5f1b3cee5e9ed45d8ef83638f'}}, 'caller': {'address': '0xa50ad160ea7acf40cbe19fd9c78c63c3d75c4eee'}, 'date': {'date': '2020-10-25'}, 'block': {'height': 11123495}}, {'smartContract': {'address': {'address': '0xa50ad160ea7acf40cbe19fd9c78c63c3d75c4eee'}}, 'caller': {'address': '0x75e48c954594d64ef9613aeef97ad85370f13807'}, 'date': {'date': '2020-10-25'}, 'block': {'height': 11123495}}, {'smartContract': {'address': {'address': '0x0e4b5a586b9bc8e4197b79b7fbe8b66e5aebf13a'}}, 'caller': {'address': '0x142151d3b15b8961f2937cf7880bcd10c050800c'}, 'date': {'date': '2020-10-22'}, 'block': {'height': 11104909}}, {'smartContract': {'address': {'address': '0x44d84a9da47fd8f4a06ad66b197d1441fca53f92'}}, 'caller': {'address': '0x142151d3b15b8961f2937cf7880bcd10c050800c'}, 'date': {'date': '2020-10-22'}, 'block': {'height': 11104888}}, {'smartContract': {'address': {'address': '0x7d01adb5336704a44c28aa6274c6687ec9fbc6d2'}}, 'caller': {'address': '0x142151d3b15b8961f2937cf7880bcd10c050800c'}, 'date': {'date': '2020-10-22'}, 'block': {'height': 11104489}}, {'smartContract': {'address': {'address': '0xbfb71eeb4d41af889a8b4dbc2c82e83e6d6a99ec'}}, 'caller': {'address': '0x142151d3b15b8961f2937cf7880bcd10c050800c'}, 'date': {'date': '2020-10-16'}, 'block': {'height': 11069392}}, {'smartContract': {'address': {'address': '0x3a417237364fbe95955edf0b7351dc9c44e59fc7'}}, 'caller': {'address': '0x142151d3b15b8961f2937cf7880bcd10c050800c'}, 'date': {'date': '2020-10-07'}, 'block': {'height': 11008762}}, {'smartContract': {'address': {'address': '0xc8b227ae84a162744465007c38240b367928d5f8'}}, 'caller': {'address': '0x142151d3b15b8961f2937cf7880bcd10c050800c'}, 'date': {'date': '2020-10-07'}, 'block': {'height': 11008740}}, {'smartContract': {'address': {'address': '0x7c6ef72c49198ab28ab13e4dd3dfca09cbd4348f'}}, 'caller': {'address': '0x4a4193e9d928faf8826eb7c95ca7765a6a2e69f8'}, 'date': {'date': '2020-10-01'}, 'block': {'height': 10970790}}, {'smartContract': {'address': {'address': '0x4a4193e9d928faf8826eb7c95ca7765a6a2e69f8'}}, 'caller': {'address': '0x75e48c954594d64ef9613aeef97ad85370f13807'}, 'date': {'date': '2020-10-01'}, 'block': {'height': 10970790}}, {'smartContract': {'address': {'address': '0xa6a7722f6444676b7d331ae602d28e366bbfa46f'}}, 'caller': {'address': '0x5c69bee701ef814a2b6a3edd4b1652cb9cc5aa6f'}, 'date': {'date': '2020-10-01'}, 'block': {'height': 10970785}}, {'smartContract': {'address': {'address': '0x3cd23886ba9a24c139dc3f1c00c566e4fd2ffeb2'}}, 'caller': {'address': '0x6b87e032fb6de10ccdeb2dd4479d96653e2d1a14'}, 'date': {'date': '2020-09-26'}, 'block': {'height': 10939730}}, {'smartContract': {'address': {'address': '0x6b87e032fb6de10ccdeb2dd4479d96653e2d1a14'}}, 'caller': {'address': '0x75e48c954594d64ef9613aeef97ad85370f13807'}, 'date': {'date': '2020-09-26'}, 'block': {'height': 10939730}}, {'smartContract': {'address': {'address': '0xad544cb54b1ac6023196a4128f3bc3b449771119'}}, 'caller': {'address': '0x2ad95483ac838e2884563ad278e933fba96bc242'}, 'date': {'date': '2020-09-26'}, 'block': {'height': 10939717}}, {'smartContract': {'address': {'address': '0x2ad95483ac838e2884563ad278e933fba96bc242'}}, 'caller': {'address': '0x75e48c954594d64ef9613aeef97ad85370f13807'}, 'date': {'date': '2020-09-26'}, 'block': {'height': 10939717}}, {'smartContract': {'address': {'address': '0xca3d6a94759cb675f0ac10a76fc0da6ee6bf6e7b'}}, 'caller': {'address': '0x75e48c954594d64ef9613aeef97ad85370f13807'}, 'date': {'date': '2020-09-26'}, 'block': {'height': 10939709}}, {'smartContract': {'address': {'address': '0xe1433e781237910a860ffcb581c48e300b3eae36'}}, 'caller': {'address': '0xca3d6a94759cb675f0ac10a76fc0da6ee6bf6e7b'}, 'date': {'date': '2020-09-26'}, 'block': {'height': 10939709}}, {'smartContract': {'address': {'address': '0xe2e5aca8e483a4c057892ee1f03bebc9bfa1f9c2'}}, 'caller': {'address': '0x75e48c954594d64ef9613aeef97ad85370f13807'}, 'date': {'date': '2020-09-26'}, 'block': {'height': 10939699}}, {'smartContract': {'address': {'address': '0xed43c8b5e0900406e4a8c36e8ac87392d147d409'}}, 'caller': {'address': '0xe2e5aca8e483a4c057892ee1f03bebc9bfa1f9c2'}, 'date': {'date': '2020-09-26'}, 'block': {'height': 10939699}}, {'smartContract': {'address': {'address': '0xc134922a5d9117dbb97904b61fcbe04b803b5c50'}}, 'caller': {'address': '0x75e48c954594d64ef9613aeef97ad85370f13807'}, 'date': {'date': '2020-09-26'}, 'block': {'height': 10939687}}, {'smartContract': {'address': {'address': '0x3fd6d4ba86d3899dfad912945463812fa38738cd'}}, 'caller': {'address': '0xc134922a5d9117dbb97904b61fcbe04b803b5c50'}, 'date': {'date': '2020-09-26'}, 'block': {'height': 10939687}}, {'smartContract': {'address': {'address': '0x64d2b64145fb7a3f43d5911aa604e2105366c863'}}, 'caller': {'address': '0x75e48c954594d64ef9613aeef97ad85370f13807'}, 'date': {'date': '2020-09-26'}, 'block': {'height': 10939681}}, {'smartContract': {'address': {'address': '0x95bb8eb4de774294b550b92e970f8107ebc75fc2'}}, 'caller': {'address': '0x64d2b64145fb7a3f43d5911aa604e2105366c863'}, 'date': {'date': '2020-09-26'}, 'block': {'height': 10939681}}, {'smartContract': {'address': {'address': '0x41174363be5ae22c6c79ebdadf7c7a047f929e22'}}, 'caller': {'address': '0x5b4956e9a624e87f0642131d902cdbb4f9aedbef'}, 'date': {'date': '2020-09-26'}, 'block': {'height': 10939672}}, {'smartContract': {'address': {'address': '0x5b4956e9a624e87f0642131d902cdbb4f9aedbef'}}, 'caller': {'address': '0x75e48c954594d64ef9613aeef97ad85370f13807'}, 'date': {'date': '2020-09-26'}, 'block': {'height': 10939672}}, {'smartContract': {'address': {'address': '0x2c1e97500593b8472ae3fc1793d69819a477f4d9'}}, 'caller': {'address': '0x692a2c1dc88b53eed63f852432072a2808d4fd2f'}, 'date': {'date': '2020-09-26'}, 'block': {'height': 10939628}}, {'smartContract': {'address': {'address': '0x692a2c1dc88b53eed63f852432072a2808d4fd2f'}}, 'caller': {'address': '0x75e48c954594d64ef9613aeef97ad85370f13807'}, 'date': {'date': '2020-09-26'}, 'block': {'height': 10939628}}, {'smartContract': {'address': {'address': '0x89ba27e73c929ebef87c9ff4b43052012ea838d9'}}, 'caller': {'address': '0x75e48c954594d64ef9613aeef97ad85370f13807'}, 'date': {'date': '2020-09-26'}, 'block': {'height': 10939615}}, {'smartContract': {'address': {'address': '0xa7fc747c7a8bd1304cfa5abf23452deb69de0623'}}, 'caller': {'address': '0x89ba27e73c929ebef87c9ff4b43052012ea838d9'}, 'date': {'date': '2020-09-26'}, 'block': {'height': 10939615}}, {'smartContract': {'address': {'address': '0xccf88704a8fd9da3da4a41705bbb3a0b0c0a7a15'}}, 'caller': {'address': '0xa8d7405de9ad4baeb75f355de2413b46cc98bd25'}, 'date': {'date': '2020-09-26'}, 'block': {'height': 10939601}}, {'smartContract': {'address': {'address': '0xa8d7405de9ad4baeb75f355de2413b46cc98bd25'}}, 'caller': {'address': '0x75e48c954594d64ef9613aeef97ad85370f13807'}, 'date': {'date': '2020-09-26'}, 'block': {'height': 10939601}}, {'smartContract': {'address': {'address': '0xb144c82e991bd5860c1af0e7ae6c16a1b560f019'}}, 'caller': {'address': '0xa425833329fa3a1f722230eb0999160b917e4ce9'}, 'date': {'date': '2020-09-26'}, 'block': {'height': 10939593}}, {'smartContract': {'address': {'address': '0xa425833329fa3a1f722230eb0999160b917e4ce9'}}, 'caller': {'address': '0x75e48c954594d64ef9613aeef97ad85370f13807'}, 'date': {'date': '2020-09-26'}, 'block': {'height': 10939593}}, {'smartContract': {'address': {'address': '0x91b2a2ef00f195ebc1fa8417b4f62b23717353ef'}}, 'caller': {'address': '0x75e48c954594d64ef9613aeef97ad85370f13807'}, 'date': {'date': '2020-09-26'}, 'block': {'height': 10939585}}, {'smartContract': {'address': {'address': '0xa3db3145c43998262b621c9c6595c1714b37fac2'}}, 'caller': {'address': '0x91b2a2ef00f195ebc1fa8417b4f62b23717353ef'}, 'date': {'date': '2020-09-26'}, 'block': {'height': 10939585}}, {'smartContract': {'address': {'address': '0x06ab9f8defa69a08738bbbcffed40694239c5dc2'}}, 'caller': {'address': '0x3c51608d44fcbfff701beb590f0ad65bbebf845b'}, 'date': {'date': '2020-09-26'}, 'block': {'height': 10939578}}, {'smartContract': {'address': {'address': '0x3c51608d44fcbfff701beb590f0ad65bbebf845b'}}, 'caller': {'address': '0x75e48c954594d64ef9613aeef97ad85370f13807'}, 'date': {'date': '2020-09-26'}, 'block': {'height': 10939578}}, {'smartContract': {'address': {'address': '0x96c49667eb8cd1ff574b11624712f69e2b090072'}}, 'caller': {'address': '0x26dd48414fc29221c4372991f6f2dc93ada98496'}, 'date': {'date': '2020-09-26'}, 'block': {'height': 10939568}}, {'smartContract': {'address': {'address': '0x26dd48414fc29221c4372991f6f2dc93ada98496'}}, 'caller': {'address': '0x75e48c954594d64ef9613aeef97ad85370f13807'}, 'date': {'date': '2020-09-26'}, 'block': {'height': 10939568}}, {'smartContract': {'address': {'address': '0x1fa31572ed12db74c361befbf8836d4f63c5b89c'}}, 'caller': {'address': '0x67915e4d64bbccb8a98163c85095a46d61dcc43d'}, 'date': {'date': '2020-09-26'}, 'block': {'height': 10939565}}, {'smartContract': {'address': {'address': '0x67915e4d64bbccb8a98163c85095a46d61dcc43d'}}, 'caller': {'address': '0x75e48c954594d64ef9613aeef97ad85370f13807'}, 'date': {'date': '2020-09-26'}, 'block': {'height': 10939565}}, {'smartContract': {'address': {'address': '0xddaaa6f959d43fa06ab2bf14c2ed02f5f8ba1153'}}, 'caller': {'address': '0x75e48c954594d64ef9613aeef97ad85370f13807'}, 'date': {'date': '2020-09-26'}, 'block': {'height': 10939551}}, {'smartContract': {'address': {'address': '0x6e47d46f0c658c9277115460e5531f3d65d9c898'}}, 'caller': {'address': '0xddaaa6f959d43fa06ab2bf14c2ed02f5f8ba1153'}, 'date': {'date': '2020-09-26'}, 'block': {'height': 10939551}}, {'smartContract': {'address': {'address': '0xfe3c8cdb9acd342324ce8f1c460d8b746a557eea'}}, 'caller': {'address': '0x32c6562e63b19d0b7dc369fe2a2057ca832a5c74'}, 'date': {'date': '2020-09-26'}, 'block': {'height': 10939537}}, {'smartContract': {'address': {'address': '0x32c6562e63b19d0b7dc369fe2a2057ca832a5c74'}}, 'caller': {'address': '0x75e48c954594d64ef9613aeef97ad85370f13807'}, 'date': {'date': '2020-09-26'}, 'block': {'height': 10939537}}, {'smartContract': {'address': {'address': '0x4862100684713296ab30075243e76bfe87b16014'}}, 'caller': {'address': '0x75e48c954594d64ef9613aeef97ad85370f13807'}, 'date': {'date': '2020-09-26'}, 'block': {'height': 10939529}}, {'smartContract': {'address': {'address': '0x801d98e387de46fc3ac59cb402e0cb178eb2f639'}}, 'caller': {'address': '0x4862100684713296ab30075243e76bfe87b16014'}, 'date': {'date': '2020-09-26'}, 'block': {'height': 10939529}}, {'smartContract': {'address': {'address': '0x0979d0ed1cfbcbe5468c635103be6557c27a4d84'}}, 'caller': {'address': '0x75e48c954594d64ef9613aeef97ad85370f13807'}, 'date': {'date': '2020-09-26'}, 'block': {'height': 10939520}}, {'smartContract': {'address': {'address': '0x935a28f3eb28e7f9222321a6a7a21175d903a24f'}}, 'caller': {'address': '0x0979d0ed1cfbcbe5468c635103be6557c27a4d84'}, 'date': {'date': '2020-09-26'}, 'block': {'height': 10939520}}, {'smartContract': {'address': {'address': '0x5ad79cc00aa21e9c0fe1890af23d22a831556c3d'}}, 'caller': {'address': '0x823b31e1c91522dcaa756d17502907df28a8b7d7'}, 'date': {'date': '2020-09-26'}, 'block': {'height': 10939486}}, {'smartContract': {'address': {'address': '0x823b31e1c91522dcaa756d17502907df28a8b7d7'}}, 'caller': {'address': '0x75e48c954594d64ef9613aeef97ad85370f13807'}, 'date': {'date': '2020-09-26'}, 'block': {'height': 10939486}}, {'smartContract': {'address': {'address': '0x21930de52db7696631e8d002569299934099f69d'}}, 'caller': {'address': '0x49de2d202fb703999c4d6a7e2daa2f3700588f40'}, 'date': {'date': '2020-09-26'}, 'block': {'height': 10939476}}, {'smartContract': {'address': {'address': '0x49de2d202fb703999c4d6a7e2daa2f3700588f40'}}, 'caller': {'address': '0x75e48c954594d64ef9613aeef97ad85370f13807'}, 'date': {'date': '2020-09-26'}, 'block': {'height': 10939476}}, {'smartContract': {'address': {'address': '0x48cf57d11863971827582445282f2501c6ab6fdb'}}, 'caller': {'address': '0x838ce8f4da8b49ea72378427485cf827c08a0abf'}, 'date': {'date': '2020-09-26'}, 'block': {'height': 10939465}}, {'smartContract': {'address': {'address': '0x838ce8f4da8b49ea72378427485cf827c08a0abf'}}, 'caller': {'address': '0x75e48c954594d64ef9613aeef97ad85370f13807'}, 'date': {'date': '2020-09-26'}, 'block': {'height': 10939465}}, {'smartContract': {'address': {'address': '0xfb8829047681de40bcb75be88712e993da9c05ae'}}, 'caller': {'address': '0xec694c829cc192667cdaa6c7639ef362f3cbf575'}, 'date': {'date': '2020-09-26'}, 'block': {'height': 10939454}}, {'smartContract': {'address': {'address': '0xec694c829cc192667cdaa6c7639ef362f3cbf575'}}, 'caller': {'address': '0x75e48c954594d64ef9613aeef97ad85370f13807'}, 'date': {'date': '2020-09-26'}, 'block': {'height': 10939454}}, {'smartContract': {'address': {'address': '0x5b255e213bcce0fa8ad2948e3d7a6f6e76472db8'}}, 'caller': {'address': '0x75e48c954594d64ef9613aeef97ad85370f13807'}, 'date': {'date': '2020-09-26'}, 'block': {'height': 10939443}}, {'smartContract': {'address': {'address': '0x5e2fae6065576688580d247ec884ff3aeaea7cf2'}}, 'caller': {'address': '0x5b255e213bcce0fa8ad2948e3d7a6f6e76472db8'}, 'date': {'date': '2020-09-26'}, 'block': {'height': 10939443}}, {'smartContract': {'address': {'address': '0xac10f17627cd6bc22719ceebf1fc524c9cfdc255'}}, 'caller': {'address': '0x75e48c954594d64ef9613aeef97ad85370f13807'}, 'date': {'date': '2020-09-26'}, 'block': {'height': 10939424}}, {'smartContract': {'address': {'address': '0xf220b808807bc66062fd6eaddff846268a5d4b30'}}, 'caller': {'address': '0xac10f17627cd6bc22719ceebf1fc524c9cfdc255'}, 'date': {'date': '2020-09-26'}, 'block': {'height': 10939424}}, {'smartContract': {'address': {'address': '0x83970b5570e4cb5fc5e21ef9b9f3c4f8a129c2f2'}}, 'caller': {'address': '0x75e48c954594d64ef9613aeef97ad85370f13807'}, 'date': {'date': '2020-09-26'}, 'block': {'height': 10939197}}, {'smartContract': {'address': {'address': '0x7f7c75c105ffad2872089e9d9f4eb61a38dcc77b'}}, 'caller': {'address': '0x83970b5570e4cb5fc5e21ef9b9f3c4f8a129c2f2'}, 'date': {'date': '2020-09-26'}, 'block': {'height': 10939197}}, {'smartContract': {'address': {'address': '0xea3978b82419d5671c14aa6151b7e92fc0b1fd22'}}, 'caller': {'address': '0x142151d3b15b8961f2937cf7880bcd10c050800c'}, 'date': {'date': '2020-09-25'}, 'block': {'height': 10932388}}, {'smartContract': {'address': {'address': '0x5fe808a4889b714496e7b821c8542e26be2f8f67'}}, 'caller': {'address': '0x142151d3b15b8961f2937cf7880bcd10c050800c'}, 'date': {'date': '2020-09-25'}, 'block': {'height': 10932382}}, {'smartContract': {'address': {'address': '0xd849a86734aa587581813482578fb8025f640cdc'}}, 'caller': {'address': '0x142151d3b15b8961f2937cf7880bcd10c050800c'}, 'date': {'date': '2020-09-25'}, 'block': {'height': 10932378}}, {'smartContract': {'address': {'address': '0xca98882ed9d7b56ca11b66262a2ac09088fc1172'}}, 'caller': {'address': '0x142151d3b15b8961f2937cf7880bcd10c050800c'}, 'date': {'date': '2020-09-25'}, 'block': {'height': 10932301}}, {'smartContract': {'address': {'address': '0x9c578b573ede001b95d51a55a3fafb45f5608b1f'}}, 'caller': {'address': '0x142151d3b15b8961f2937cf7880bcd10c050800c'}, 'date': {'date': '2020-09-25'}, 'block': {'height': 10932298}}, {'smartContract': {'address': {'address': '0x75e48c954594d64ef9613aeef97ad85370f13807'}}, 'caller': {'address': '0x142151d3b15b8961f2937cf7880bcd10c050800c'}, 'date': {'date': '2020-09-25'}, 'block': {'height': 10932295}}, {'smartContract': {'address': {'address': '0xcf16ce6301aca1f8783a6661867bed235d2374f3'}}, 'caller': {'address': '0x142151d3b15b8961f2937cf7880bcd10c050800c'}, 'date': {'date': '2020-09-25'}, 'block': {'height': 10932273}}, {'smartContract': {'address': {'address': '0x30a5c50f65c71f4700f4cb2c7972285f7e415f84'}}, 'caller': {'address': '0x142151d3b15b8961f2937cf7880bcd10c050800c'}, 'date': {'date': '2020-09-24'}, 'block': {'height': 10923300}}, {'smartContract': {'address': {'address': '0xb3d2f5917c447d9a4542b56311d2d51d411b605b'}}, 'caller': {'address': '0x142151d3b15b8961f2937cf7880bcd10c050800c'}, 'date': {'date': '2020-09-24'}, 'block': {'height': 10923279}}, {'smartContract': {'address': {'address': '0x62370394d8b858d7d359ac4e3ca385fa0dd04d13'}}, 'caller': {'address': '0x142151d3b15b8961f2937cf7880bcd10c050800c'}, 'date': {'date': '2020-09-24'}, 'block': {'height': 10923258}}, {'smartContract': {'address': {'address': '0x08b5d682e13eba206b2d772294ee5fbd52348bb3'}}, 'caller': {'address': '0x142151d3b15b8961f2937cf7880bcd10c050800c'}, 'date': {'date': '2020-09-24'}, 'block': {'height': 10923237}}, {'smartContract': {'address': {'address': '0x1bdafbcaeaaa0f4ec49d161d360c6383c56c6d1d'}}, 'caller': {'address': '0x142151d3b15b8961f2937cf7880bcd10c050800c'}, 'date': {'date': '2020-09-24'}, 'block': {'height': 10923214}}, {'smartContract': {'address': {'address': '0x71662d8e4cc586be5e9964675da116658dd7ac16'}}, 'caller': {'address': '0x5c69bee701ef814a2b6a3edd4b1652cb9cc5aa6f'}, 'date': {'date': '2020-09-24'}, 'block': {'height': 10922702}}, {'smartContract': {'address': {'address': '0x0a291af57deb09efd3760b8ca7167207bce019d6'}}, 'caller': {'address': '0x142151d3b15b8961f2937cf7880bcd10c050800c'}, 'date': {'date': '2020-09-20'}, 'block': {'height': 10899346}}, {'smartContract': {'address': {'address': '0xd8ea0752e500fb46c2f65c31b7b046b28af09ce9'}}, 'caller': {'address': '0x142151d3b15b8961f2937cf7880bcd10c050800c'}, 'date': {'date': '2020-09-18'}, 'block': {'height': 10886804}}, {'smartContract': {'address': {'address': '0x643e34976d68a678e56634405ca4d6fc5e52b039'}}, 'caller': {'address': '0x142151d3b15b8961f2937cf7880bcd10c050800c'}, 'date': {'date': '2020-09-18'}, 'block': {'height': 10886302}}, {'smartContract': {'address': {'address': '0x220bb50c03e99def71971a78da0698f0155dddc7'}}, 'caller': {'address': '0x142151d3b15b8961f2937cf7880bcd10c050800c'}, 'date': {'date': '2020-09-17'}, 'block': {'height': 10879991}}, {'smartContract': {'address': {'address': '0x482fe89e7641053f9209cf0592e5dd95d4dcfd7a'}}, 'caller': {'address': '0x5c69bee701ef814a2b6a3edd4b1652cb9cc5aa6f'}, 'date': {'date': '2020-09-15'}, 'block': {'height': 10864739}}]",2020-09-08
295,295,0x2275d4937b6bFd3c75823744d3EfBf6c3a8dE473,Goober,,0x0Cc56E024E9FDa80F939aB3b434d0DD76765d175,155455.2819,"[{'smartContract': {'address': {'address': '0x2275d4937b6bfd3c75823744d3efbf6c3a8de473'}}, 'caller': {'address': '0x0cc56e024e9fda80f939ab3b434d0dd76765d175'}, 'date': {'date': '2022-11-14'}, 'block': {'height': 15966397}}]",2022-11-14
296,296,0xb3ED706B564BBa9CAB64042f4e1b391bE7BEbCe5,(Proxy contract) Augmented Finance,https://github.com/augmented-finance/augmented-finance-protocol,0xc6f769A0c46cFFa57d91E87ED3Bc0cd338Ce6361,150838.3659,[],2021-10-02
297,297,0x8CE9137d39326AD0cD6491fb5CC0CbA0e089b6A9,Swipe (SXP),https://GitHub.com/Solar-network,0x772463ce2F97393218f610C2688529880c9f730A,145255.091,[],2019-08-16
298,298,0x07baC35846e5eD502aA91AdF6A9e7aA210F2DcbE,erowan,https://github.com/Sifchain/sifnode,0x800a0d3320b9f61c74ea23901B3647d4Bf0866ec,144227.2836,"[{'smartContract': {'address': {'address': '0x07bac35846e5ed502aa91adf6a9e7aa210f2dcbe'}}, 'caller': {'address': '0x800a0d3320b9f61c74ea23901b3647d4bf0866ec'}, 'date': {'date': '2021-02-10'}, 'block': {'height': 11826391}}, {'smartContract': {'address': {'address': '0x2a6fcf8d229cf1df6bcaaf46bda94925b084ddfc'}}, 'caller': {'address': '0x800a0d3320b9f61c74ea23901b3647d4bf0866ec'}, 'date': {'date': '2021-02-10'}, 'block': {'height': 11826381}}, {'smartContract': {'address': {'address': '0x5c350c858035a5dc8a64faa52a13bb926b1dd0bd'}}, 'caller': {'address': '0x800a0d3320b9f61c74ea23901b3647d4bf0866ec'}, 'date': {'date': '2021-02-10'}, 'block': {'height': 11826199}}, {'smartContract': {'address': {'address': '0xaab00d9bdbd49257b01a7bf444acee5a8b87a4b3'}}, 'caller': {'address': '0x800a0d3320b9f61c74ea23901b3647d4bf0866ec'}, 'date': {'date': '2021-02-10'}, 'block': {'height': 11826192}}, {'smartContract': {'address': {'address': '0xb5f54ac4466f5ce7e0d8a5cb9fe7b8c0f35b7ba8'}}, 'caller': {'address': '0x800a0d3320b9f61c74ea23901b3647d4bf0866ec'}, 'date': {'date': '2021-02-10'}, 'block': {'height': 11826175}}, {'smartContract': {'address': {'address': '0xeca46baed9fbe8543b5963571aa93762343b7f9f'}}, 'caller': {'address': '0x800a0d3320b9f61c74ea23901b3647d4bf0866ec'}, 'date': {'date': '2021-02-10'}, 'block': {'height': 11826172}}, {'smartContract': {'address': {'address': '0xe1fa4a1f92276e21d1a358a03900a21663bb6b4a'}}, 'caller': {'address': '0x800a0d3320b9f61c74ea23901b3647d4bf0866ec'}, 'date': {'date': '2021-02-10'}, 'block': {'height': 11826158}}, {'smartContract': {'address': {'address': '0xd60500f92b59b4d02664442e023408bad3725133'}}, 'caller': {'address': '0x800a0d3320b9f61c74ea23901b3647d4bf0866ec'}, 'date': {'date': '2021-02-10'}, 'block': {'height': 11826156}}, {'smartContract': {'address': {'address': '0x7e5b2a7a9f11e406c7cc38b5e2ddeafc8c5eaf65'}}, 'caller': {'address': '0x800a0d3320b9f61c74ea23901b3647d4bf0866ec'}, 'date': {'date': '2021-02-10'}, 'block': {'height': 11826153}}, {'smartContract': {'address': {'address': '0xe190d4cf31599c33c028355b781814029d1b7a9e'}}, 'caller': {'address': '0x800a0d3320b9f61c74ea23901b3647d4bf0866ec'}, 'date': {'date': '2021-02-10'}, 'block': {'height': 11826133}}, {'smartContract': {'address': {'address': '0xf6c20fb946f01ab573b4919ff1959b6e36f9d762'}}, 'caller': {'address': '0x800a0d3320b9f61c74ea23901b3647d4bf0866ec'}, 'date': {'date': '2021-02-10'}, 'block': {'height': 11825801}}, {'smartContract': {'address': {'address': '0x2034c9194de45ffe5ba382868115daebe32c3f53'}}, 'caller': {'address': '0x800a0d3320b9f61c74ea23901b3647d4bf0866ec'}, 'date': {'date': '2021-02-10'}, 'block': {'height': 11825796}}, {'smartContract': {'address': {'address': '0x407be32cb513d6984935123eb1d9129d1472ba85'}}, 'caller': {'address': '0x800a0d3320b9f61c74ea23901b3647d4bf0866ec'}, 'date': {'date': '2021-02-10'}, 'block': {'height': 11825794}}, {'smartContract': {'address': {'address': '0x8d121094fd25a48aff882e3f6406645ad94fae1b'}}, 'caller': {'address': '0x800a0d3320b9f61c74ea23901b3647d4bf0866ec'}, 'date': {'date': '2021-02-10'}, 'block': {'height': 11825783}}, {'smartContract': {'address': {'address': '0x72eb0df009b8ea2441de78f073338620b625adc3'}}, 'caller': {'address': '0x800a0d3320b9f61c74ea23901b3647d4bf0866ec'}, 'date': {'date': '2021-02-10'}, 'block': {'height': 11825778}}, {'smartContract': {'address': {'address': '0x35abb21528ae8e53c36039d9de9e85a774c46216'}}, 'caller': {'address': '0x800a0d3320b9f61c74ea23901b3647d4bf0866ec'}, 'date': {'date': '2021-02-10'}, 'block': {'height': 11825774}}]",2021-02-10
299,299,0xFF75CEd57419bcaEBe5F05254983b013B0646eF5,(Proxy contract) Cook Token,https://github.com/CookFinance,0x5d8BB0E847C0d334ceF86765157f2E76Ad8Ee966,143115.3349,"[{'smartContract': {'address': {'address': '0xff75ced57419bcaebe5f05254983b013b0646ef5'}}, 'caller': {'address': '0x5d8bb0e847c0d334cef86765157f2e76ad8ee966'}, 'date': {'date': '2021-02-15'}, 'block': {'height': 11860161}}, {'smartContract': {'address': {'address': '0x02fa0829266d4ef7aa7b9375bbf9ff419386a460'}}, 'caller': {'address': '0x5d8bb0e847c0d334cef86765157f2e76ad8ee966'}, 'date': {'date': '2021-02-15'}, 'block': {'height': 11860086}}, {'smartContract': {'address': {'address': '0x032154aeb6237c0399f1adb3c348245db6c033dc'}}, 'caller': {'address': '0x5d8bb0e847c0d334cef86765157f2e76ad8ee966'}, 'date': {'date': '2021-02-15'}, 'block': {'height': 11859953}}, {'smartContract': {'address': {'address': '0x0c5778a97e5f143fefdaa251b6b7ac3404c21a85'}}, 'caller': {'address': '0x5d8bb0e847c0d334cef86765157f2e76ad8ee966'}, 'date': {'date': '2021-02-15'}, 'block': {'height': 11859944}}]",2021-02-15
300,300,0x69fa0feE221AD11012BAb0FdB45d444D3D2Ce71c,XRUNE Token,https://github.com/Thorstarter/thorstarter-contracts,0xce0042B868300000d44A59004Da54A005ffdcf9f,140888.3583,[],2021-06-19
301,301,0x72377f31e30a405282b522d588AEbbea202b4f23,Varen,https://github.com/varenfinance,0x19E7BA1587f48d6f8d1B07887D29fB4492D0101c,140045.0183,"[{'smartContract': {'address': {'address': '0xf05336a9bcc1805fa6c9f9635300ad43ac1b57eb'}}, 'caller': {'address': '0x19e7ba1587f48d6f8d1b07887d29fb4492d0101c'}, 'date': {'date': '2021-05-04'}, 'block': {'height': 12370554}}, {'smartContract': {'address': {'address': '0x72377f31e30a405282b522d588aebbea202b4f23'}}, 'caller': {'address': '0x19e7ba1587f48d6f8d1b07887d29fb4492d0101c'}, 'date': {'date': '2021-05-04'}, 'block': {'height': 12370502}}, {'smartContract': {'address': {'address': '0x31a1a4f75539b515ef2f08b952dbe36941e0a98e'}}, 'caller': {'address': '0x19e7ba1587f48d6f8d1b07887d29fb4492d0101c'}, 'date': {'date': '2021-05-04'}, 'block': {'height': 12370368}}]",2021-05-05
302,302,0x34769D3e122C93547836AdDD3eb298035D68F1C3,NumisMe Token,,0x6D683D9B464f2C243DBD05130d8EcAB3C9361Ee4,123164.3591,"[{'smartContract': {'address': {'address': '0xf06550c34946d251c2eace59ff4336168db7ebf2'}}, 'caller': {'address': '0x5c69bee701ef814a2b6a3edd4b1652cb9cc5aa6f'}, 'date': {'date': '2022-03-21'}, 'block': {'height': 14431591}}, {'smartContract': {'address': {'address': '0x34769d3e122c93547836addd3eb298035d68f1c3'}}, 'caller': {'address': '0x6d683d9b464f2c243dbd05130d8ecab3c9361ee4'}, 'date': {'date': '2022-03-21'}, 'block': {'height': 14431591}}, {'smartContract': {'address': {'address': '0x20678a8aaa215aa66a49a3400caefc1d7aa1ad7c'}}, 'caller': {'address': '0xa6b71e26c5e0845f74c812102ca7114b6a896ab2'}, 'date': {'date': '2022-03-21'}, 'block': {'height': 14431341}}, {'smartContract': {'address': {'address': '0xe2a7be7862c657b87587e9e59fca270b3ddb0a2d'}}, 'caller': {'address': '0xa6b71e26c5e0845f74c812102ca7114b6a896ab2'}, 'date': {'date': '2022-03-21'}, 'block': {'height': 14431333}}, {'smartContract': {'address': {'address': '0x6b8fabf3324c3a14f60ae6ea62aba8665d498c4f'}}, 'caller': {'address': '0xa6b71e26c5e0845f74c812102ca7114b6a896ab2'}, 'date': {'date': '2022-03-21'}, 'block': {'height': 14431323}}, {'smartContract': {'address': {'address': '0x677bb693cf2c8304902d7d0779041c2c89d4bd48'}}, 'caller': {'address': '0xa6b71e26c5e0845f74c812102ca7114b6a896ab2'}, 'date': {'date': '2022-03-21'}, 'block': {'height': 14431319}}, {'smartContract': {'address': {'address': '0xede21d217e29b0f345afc9efcb6018287b7a46fb'}}, 'caller': {'address': '0xa6b71e26c5e0845f74c812102ca7114b6a896ab2'}, 'date': {'date': '2022-03-21'}, 'block': {'height': 14431301}}, {'smartContract': {'address': {'address': '0x57a23938b1c5de38956e8cee10690f7f510ad1b8'}}, 'caller': {'address': '0xa6b71e26c5e0845f74c812102ca7114b6a896ab2'}, 'date': {'date': '2022-03-21'}, 'block': {'height': 14431286}}]",2022-03-21
303,303,0xB6Ca7399B4F9CA56FC27cBfF44F4d2e4Eef1fc81,Muse,https://github.com/verynifty,0x4B5922ABf25858d012d12bb1184e5d3d0B6D6BE4,120941.2495,"[{'smartContract': {'address': {'address': '0xd48ba2ec256e6120258af269382208f87d6fdeda'}}, 'caller': {'address': '0x4b5922abf25858d012d12bb1184e5d3d0b6d6be4'}, 'date': {'date': '2022-08-08'}, 'block': {'height': 15298780}}, {'smartContract': {'address': {'address': '0x435f0c0ab71560cefdb6e7b3828200494cb81ab7'}}, 'caller': {'address': '0x4b5922abf25858d012d12bb1184e5d3d0b6d6be4'}, 'date': {'date': '2022-08-08'}, 'block': {'height': 15298744}}, {'smartContract': {'address': {'address': '0x3229864d7774e48c43cb7cce807cbc4ff185178b'}}, 'caller': {'address': '0x4b5922abf25858d012d12bb1184e5d3d0b6d6be4'}, 'date': {'date': '2022-08-08'}, 'block': {'height': 15298744}}, {'smartContract': {'address': {'address': '0x77fd24b5ee31f07e5b3fb3ff34b7f8b1a7fd047e'}}, 'caller': {'address': '0x4b5922abf25858d012d12bb1184e5d3d0b6d6be4'}, 'date': {'date': '2022-08-08'}, 'block': {'height': 15298744}}, {'smartContract': {'address': {'address': '0x2a01ae55902d89f3c59dbb10d7ba80842e996ce1'}}, 'caller': {'address': '0x4b5922abf25858d012d12bb1184e5d3d0b6d6be4'}, 'date': {'date': '2022-08-08'}, 'block': {'height': 15298744}}, {'smartContract': {'address': {'address': '0x783b3a03a2b32a599fa9bd85042636952f492875'}}, 'caller': {'address': '0x4b5922abf25858d012d12bb1184e5d3d0b6d6be4'}, 'date': {'date': '2022-08-08'}, 'block': {'height': 15298357}}, {'smartContract': {'address': {'address': '0x11e83aee41195f3501720313d79907efb4fedd9b'}}, 'caller': {'address': '0x4b5922abf25858d012d12bb1184e5d3d0b6d6be4'}, 'date': {'date': '2022-08-08'}, 'block': {'height': 15298344}}, {'smartContract': {'address': {'address': '0x3c21fe446c69f141cbfc170c309907febdaa50c6'}}, 'caller': {'address': '0x519204ec6318320842843d84ad1d776e905a73aa'}, 'date': {'date': '2022-06-22'}, 'block': {'height': 15005425}}, {'smartContract': {'address': {'address': '0xe0ed582782962c8e58d28e184a0273d2850cc787'}}, 'caller': {'address': '0x519204ec6318320842843d84ad1d776e905a73aa'}, 'date': {'date': '2022-06-22'}, 'block': {'height': 15005425}}, {'smartContract': {'address': {'address': '0xced1c1bf4d24f182da6bbe89e160de5242b8f7ee'}}, 'caller': {'address': '0x4b5922abf25858d012d12bb1184e5d3d0b6d6be4'}, 'date': {'date': '2022-06-09'}, 'block': {'height': 14929916}}, {'smartContract': {'address': {'address': '0xc377b4fe503afea2573daf49c200a17c4160e14d'}}, 'caller': {'address': '0x4b5922abf25858d012d12bb1184e5d3d0b6d6be4'}, 'date': {'date': '2022-06-09'}, 'block': {'height': 14929915}}, {'smartContract': {'address': {'address': '0xee2095c841fcde06182b7559dee233486d5bfbd4'}}, 'caller': {'address': '0xb16c1342e617a5b6e4b631eb114483fdb289c0a4'}, 'date': {'date': '2022-05-20'}, 'block': {'height': 14808777}}, {'smartContract': {'address': {'address': '0xf3c638006c94baf926f1b9e8ed4e6b0259ac73f8'}}, 'caller': {'address': '0x4b5922abf25858d012d12bb1184e5d3d0b6d6be4'}, 'date': {'date': '2022-04-21'}, 'block': {'height': 14631112}}, {'smartContract': {'address': {'address': '0x99f3968a835a068fd4e961fb8b567f794b29fc12'}}, 'caller': {'address': '0x4b5922abf25858d012d12bb1184e5d3d0b6d6be4'}, 'date': {'date': '2021-11-12'}, 'block': {'height': 13598298}}, {'smartContract': {'address': {'address': '0xc4f24e4346406012f7f72a7cb1e636dfe8e0ad28'}}, 'caller': {'address': '0x4b5922abf25858d012d12bb1184e5d3d0b6d6be4'}, 'date': {'date': '2021-11-11'}, 'block': {'height': 13597820}}, {'smartContract': {'address': {'address': '0x75bfefe43c1f4d4e23f72ae9b6c99609a59b6f52'}}, 'caller': {'address': '0x4b5922abf25858d012d12bb1184e5d3d0b6d6be4'}, 'date': {'date': '2021-11-10'}, 'block': {'height': 13590701}}, {'smartContract': {'address': {'address': '0x8cbf2b91c0674cf48b18f7bf8f4b520dca269932'}}, 'caller': {'address': '0x4b5922abf25858d012d12bb1184e5d3d0b6d6be4'}, 'date': {'date': '2021-11-04'}, 'block': {'height': 13547932}}, {'smartContract': {'address': {'address': '0x8722458c36f9bfe6e2dcf43a5c20efec18ecb81a'}}, 'caller': {'address': '0x4b5922abf25858d012d12bb1184e5d3d0b6d6be4'}, 'date': {'date': '2021-10-10'}, 'block': {'height': 13392350}}, {'smartContract': {'address': {'address': '0xd1398b5a2ad703bb9e21a1dd16cbb9fa01ed1f7f'}}, 'caller': {'address': '0x4b5922abf25858d012d12bb1184e5d3d0b6d6be4'}, 'date': {'date': '2021-10-05'}, 'block': {'height': 13360863}}, {'smartContract': {'address': {'address': '0x497a22cf9d4f90e36ce325f08c5ddf7355389a2e'}}, 'caller': {'address': '0x4b5922abf25858d012d12bb1184e5d3d0b6d6be4'}, 'date': {'date': '2021-09-28'}, 'block': {'height': 13314492}}, {'smartContract': {'address': {'address': '0x086267ecf97441d5ea1ea6b71d03dd7b60a68989'}}, 'caller': {'address': '0x4b5922abf25858d012d12bb1184e5d3d0b6d6be4'}, 'date': {'date': '2021-09-28'}, 'block': {'height': 13314031}}, {'smartContract': {'address': {'address': '0x10e0271ec47d55511a047516f2a7301801d55eab'}}, 'caller': {'address': '0x4b5922abf25858d012d12bb1184e5d3d0b6d6be4'}, 'date': {'date': '2021-09-22'}, 'block': {'height': 13274850}}, {'smartContract': {'address': {'address': '0x4beed7f0178b43651fb14d61c74b92aec30f0b0c'}}, 'caller': {'address': '0x4b5922abf25858d012d12bb1184e5d3d0b6d6be4'}, 'date': {'date': '2021-09-22'}, 'block': {'height': 13274088}}, {'smartContract': {'address': {'address': '0xf18acd996c6fa6729d6bec4280452573b7da1dc3'}}, 'caller': {'address': '0x4b5922abf25858d012d12bb1184e5d3d0b6d6be4'}, 'date': {'date': '2021-09-06'}, 'block': {'height': 13174450}}, {'smartContract': {'address': {'address': '0xb191ffba3caf34b39eacd8d63e2acc4b448552d4'}}, 'caller': {'address': '0x4b5922abf25858d012d12bb1184e5d3d0b6d6be4'}, 'date': {'date': '2021-09-06'}, 'block': {'height': 13173070}}, {'smartContract': {'address': {'address': '0x51d0b69886dcde7a4fb9b39722868056804afbca'}}, 'caller': {'address': '0x4b5922abf25858d012d12bb1184e5d3d0b6d6be4'}, 'date': {'date': '2021-09-05'}, 'block': {'height': 13168116}}, {'smartContract': {'address': {'address': '0xab9584d583bc975486db882e006c95aec62cfd9f'}}, 'caller': {'address': '0x4b5922abf25858d012d12bb1184e5d3d0b6d6be4'}, 'date': {'date': '2021-09-05'}, 'block': {'height': 13167816}}, {'smartContract': {'address': {'address': '0x63247b3c2fdc260ecfcb2dd5a2b0be82b1e74078'}}, 'caller': {'address': '0x4b5922abf25858d012d12bb1184e5d3d0b6d6be4'}, 'date': {'date': '2021-08-30'}, 'block': {'height': 13124209}}, {'smartContract': {'address': {'address': '0x8450a02b99135f4c276056e69ac3fcc9377df301'}}, 'caller': {'address': '0x4b5922abf25858d012d12bb1184e5d3d0b6d6be4'}, 'date': {'date': '2021-08-28'}, 'block': {'height': 13116641}}, {'smartContract': {'address': {'address': '0x149976b5b6765c46d9253aaf9b15d187e188dabe'}}, 'caller': {'address': '0x4b5922abf25858d012d12bb1184e5d3d0b6d6be4'}, 'date': {'date': '2021-08-28'}, 'block': {'height': 13116402}}, {'smartContract': {'address': {'address': '0xd0d89d8d009ae5602816a75b7b6ba8ed88a17b25'}}, 'caller': {'address': '0x4b5922abf25858d012d12bb1184e5d3d0b6d6be4'}, 'date': {'date': '2021-08-23'}, 'block': {'height': 13078655}}, {'smartContract': {'address': {'address': '0x3625c9de8650fe2300050a02e535f045f2cc3138'}}, 'caller': {'address': '0x4b5922abf25858d012d12bb1184e5d3d0b6d6be4'}, 'date': {'date': '2021-08-23'}, 'block': {'height': 13078514}}, {'smartContract': {'address': {'address': '0x44b43d57c0700b0d36a225b0d79ad9079801d753'}}, 'caller': {'address': '0x4b5922abf25858d012d12bb1184e5d3d0b6d6be4'}, 'date': {'date': '2021-08-18'}, 'block': {'height': 13049814}}, {'smartContract': {'address': {'address': '0x6612dd5e15f06efd6bb31ea877bb6d00fdbb9215'}}, 'caller': {'address': '0x4b5922abf25858d012d12bb1184e5d3d0b6d6be4'}, 'date': {'date': '2021-08-18'}, 'block': {'height': 13049803}}, {'smartContract': {'address': {'address': '0xd973da1c063afdca64b5b2f565e260f1384e5425'}}, 'caller': {'address': '0x4b5922abf25858d012d12bb1184e5d3d0b6d6be4'}, 'date': {'date': '2021-08-18'}, 'block': {'height': 13046744}}, {'smartContract': {'address': {'address': '0xc7a7b967381ca73d386b23ccf818d516a53d8b11'}}, 'caller': {'address': '0x4b5922abf25858d012d12bb1184e5d3d0b6d6be4'}, 'date': {'date': '2021-08-18'}, 'block': {'height': 13046720}}, {'smartContract': {'address': {'address': '0xeac702ba4e89af5b65658018e05e3f52283d898f'}}, 'caller': {'address': '0x4b5922abf25858d012d12bb1184e5d3d0b6d6be4'}, 'date': {'date': '2021-08-18'}, 'block': {'height': 13046421}}, {'smartContract': {'address': {'address': '0x8c69375d04171fc660bf11a5218c9dd6a9bb3acd'}}, 'caller': {'address': '0x4b5922abf25858d012d12bb1184e5d3d0b6d6be4'}, 'date': {'date': '2021-08-18'}, 'block': {'height': 13046098}}, {'smartContract': {'address': {'address': '0x2f00b15d5a35ab40b95857ee3bb2beec84ec26be'}}, 'caller': {'address': '0x4b5922abf25858d012d12bb1184e5d3d0b6d6be4'}, 'date': {'date': '2021-08-18'}, 'block': {'height': 13046079}}, {'smartContract': {'address': {'address': '0x71e2e17152af0570823248554cfc9d54778648fa'}}, 'caller': {'address': '0x4b5922abf25858d012d12bb1184e5d3d0b6d6be4'}, 'date': {'date': '2021-08-18'}, 'block': {'height': 13046057}}, {'smartContract': {'address': {'address': '0x95ae1c54d3a17a7e9a9a6bcbb091aacb970450ee'}}, 'caller': {'address': '0x4b5922abf25858d012d12bb1184e5d3d0b6d6be4'}, 'date': {'date': '2021-08-17'}, 'block': {'height': 13040377}}, {'smartContract': {'address': {'address': '0x5108ebd1fa16ee34a008c7671f3483b9918d0c12'}}, 'caller': {'address': '0x4b5922abf25858d012d12bb1184e5d3d0b6d6be4'}, 'date': {'date': '2021-08-17'}, 'block': {'height': 13040288}}, {'smartContract': {'address': {'address': '0x3f9e49b08e3b928a94776f551d8f741623fb1533'}}, 'caller': {'address': '0x4b5922abf25858d012d12bb1184e5d3d0b6d6be4'}, 'date': {'date': '2021-08-16'}, 'block': {'height': 13038935}}, {'smartContract': {'address': {'address': '0xe9d9e71cf3680286450a7a12e05df07d87df788b'}}, 'caller': {'address': '0x4b5922abf25858d012d12bb1184e5d3d0b6d6be4'}, 'date': {'date': '2021-08-16'}, 'block': {'height': 13038935}}, {'smartContract': {'address': {'address': '0xd9864b3c7f7713baa2f70a51d17d358b051f04c0'}}, 'caller': {'address': '0x4b5922abf25858d012d12bb1184e5d3d0b6d6be4'}, 'date': {'date': '2021-08-11'}, 'block': {'height': 13002208}}, {'smartContract': {'address': {'address': '0x41ae2788077dd3ac645b4efca770da67c3ac34cb'}}, 'caller': {'address': '0x4b5922abf25858d012d12bb1184e5d3d0b6d6be4'}, 'date': {'date': '2021-08-10'}, 'block': {'height': 12994162}}, {'smartContract': {'address': {'address': '0xd654b3967f1cbc7f7089af774850192bc917c8e7'}}, 'caller': {'address': '0x4b5922abf25858d012d12bb1184e5d3d0b6d6be4'}, 'date': {'date': '2021-08-09'}, 'block': {'height': 12990675}}, {'smartContract': {'address': {'address': '0x04e406f09b77f2ca9e0dc527bb5aeeb024847958'}}, 'caller': {'address': '0x4b5922abf25858d012d12bb1184e5d3d0b6d6be4'}, 'date': {'date': '2021-08-09'}, 'block': {'height': 12988916}}, {'smartContract': {'address': {'address': '0x83b8a327d931beee2867e7a0294a5ed61f032556'}}, 'caller': {'address': '0x4b5922abf25858d012d12bb1184e5d3d0b6d6be4'}, 'date': {'date': '2021-08-08'}, 'block': {'height': 12987172}}, {'smartContract': {'address': {'address': '0x5cb08a5ca252741e5edd2f43d197a589ced73592'}}, 'caller': {'address': '0x4b5922abf25858d012d12bb1184e5d3d0b6d6be4'}, 'date': {'date': '2021-08-08'}, 'block': {'height': 12987169}}, {'smartContract': {'address': {'address': '0xabbe7a3674467d758ef7c03af95061a18e4f85e8'}}, 'caller': {'address': '0x4b5922abf25858d012d12bb1184e5d3d0b6d6be4'}, 'date': {'date': '2021-08-08'}, 'block': {'height': 12987082}}, {'smartContract': {'address': {'address': '0xe72aaabdf468ff3a908691900af18ee75e9c45c5'}}, 'caller': {'address': '0x4b5922abf25858d012d12bb1184e5d3d0b6d6be4'}, 'date': {'date': '2021-08-08'}, 'block': {'height': 12987075}}, {'smartContract': {'address': {'address': '0x5f721399fbb87d9cb787c3d8784557fff86af16e'}}, 'caller': {'address': '0x4b5922abf25858d012d12bb1184e5d3d0b6d6be4'}, 'date': {'date': '2021-08-04'}, 'block': {'height': 12960445}}, {'smartContract': {'address': {'address': '0xc517ef14a4ca907eb8e751791d083a4151bb2094'}}, 'caller': {'address': '0x4b5922abf25858d012d12bb1184e5d3d0b6d6be4'}, 'date': {'date': '2021-08-01'}, 'block': {'height': 12937633}}, {'smartContract': {'address': {'address': '0x3603ba38c6eb7b35ddcc3c0a81f5e4d65b720bc8'}}, 'caller': {'address': '0x4b5922abf25858d012d12bb1184e5d3d0b6d6be4'}, 'date': {'date': '2021-07-31'}, 'block': {'height': 12934783}}, {'smartContract': {'address': {'address': '0x92fce46d2f1abf4cff48cb9b24995a7f086e3888'}}, 'caller': {'address': '0x4b5922abf25858d012d12bb1184e5d3d0b6d6be4'}, 'date': {'date': '2021-07-29'}, 'block': {'height': 12918520}}, {'smartContract': {'address': {'address': '0x5e8b172ae8e54faa5a94a6b9071befdb5fee034b'}}, 'caller': {'address': '0x4b5922abf25858d012d12bb1184e5d3d0b6d6be4'}, 'date': {'date': '2021-07-28'}, 'block': {'height': 12911527}}, {'smartContract': {'address': {'address': '0x1d730a2a0deaa51392a0a3dae6c18c7c2cfdc645'}}, 'caller': {'address': '0x4b5922abf25858d012d12bb1184e5d3d0b6d6be4'}, 'date': {'date': '2021-07-26'}, 'block': {'height': 12900090}}, {'smartContract': {'address': {'address': '0xefffb13a42aafc54251ba01cdee7a95f312ee03a'}}, 'caller': {'address': '0x4b5922abf25858d012d12bb1184e5d3d0b6d6be4'}, 'date': {'date': '2021-07-23'}, 'block': {'height': 12883208}}, {'smartContract': {'address': {'address': '0xfd714e4df3f822e0b30ba2e728adc54afe614525'}}, 'caller': {'address': '0x4b5922abf25858d012d12bb1184e5d3d0b6d6be4'}, 'date': {'date': '2021-07-21'}, 'block': {'height': 12871228}}, {'smartContract': {'address': {'address': '0x4c5057d1cc3642e9c3ac644133d88a20127fbd67'}}, 'caller': {'address': '0x4b5922abf25858d012d12bb1184e5d3d0b6d6be4'}, 'date': {'date': '2021-07-19'}, 'block': {'height': 12859545}}, {'smartContract': {'address': {'address': '0x01dbae7936d466d11775f3888d659db069d28de4'}}, 'caller': {'address': '0x4b5922abf25858d012d12bb1184e5d3d0b6d6be4'}, 'date': {'date': '2021-07-19'}, 'block': {'height': 12859426}}, {'smartContract': {'address': {'address': '0x108e81cc4a74d03a61f98794b1d1697ba09ddd44'}}, 'caller': {'address': '0x0f4676178b5c53ae0a655f1b19a96387e4b8b5f2'}, 'date': {'date': '2021-07-18'}, 'block': {'height': 12848701}}, {'smartContract': {'address': {'address': '0x9c10aed865b63f0a789ae64041581eac63458209'}}, 'caller': {'address': '0x4b5922abf25858d012d12bb1184e5d3d0b6d6be4'}, 'date': {'date': '2021-07-18'}, 'block': {'height': 12847722}}, {'smartContract': {'address': {'address': '0x09fc50841a43c768e5269b33bea4cb506200dd48'}}, 'caller': {'address': '0x4b5922abf25858d012d12bb1184e5d3d0b6d6be4'}, 'date': {'date': '2021-07-18'}, 'block': {'height': 12847720}}, {'smartContract': {'address': {'address': '0x831fc5a4e97feab9038b66b3cc1cd48d5c1d84a8'}}, 'caller': {'address': '0x4b5922abf25858d012d12bb1184e5d3d0b6d6be4'}, 'date': {'date': '2021-07-18'}, 'block': {'height': 12847718}}, {'smartContract': {'address': {'address': '0x49ec820b6ff2b572fdfe32e72049af57ce790666'}}, 'caller': {'address': '0x4b5922abf25858d012d12bb1184e5d3d0b6d6be4'}, 'date': {'date': '2021-07-14'}, 'block': {'height': 12825259}}, {'smartContract': {'address': {'address': '0xecd20f0ebc3da5e514b4454e3dc396e7da18ca6a'}}, 'caller': {'address': '0x4b5922abf25858d012d12bb1184e5d3d0b6d6be4'}, 'date': {'date': '2021-07-14'}, 'block': {'height': 12825257}}, {'smartContract': {'address': {'address': '0x3fd1d77982ffce0703ef87e107d982647c7704e2'}}, 'caller': {'address': '0x4b5922abf25858d012d12bb1184e5d3d0b6d6be4'}, 'date': {'date': '2021-07-12'}, 'block': {'height': 12814438}}, {'smartContract': {'address': {'address': '0x9a5bd7a623f807d7f712d6979b1f4d0a71f0a3fd'}}, 'caller': {'address': '0x0f4676178b5c53ae0a655f1b19a96387e4b8b5f2'}, 'date': {'date': '2021-07-12'}, 'block': {'height': 12810140}}, {'smartContract': {'address': {'address': '0x2247580b1033a1f05319fd1113383615cdeb7bfa'}}, 'caller': {'address': '0x4b5922abf25858d012d12bb1184e5d3d0b6d6be4'}, 'date': {'date': '2021-07-06'}, 'block': {'height': 12775830}}, {'smartContract': {'address': {'address': '0xf728a1342d42ec7e35f2d7d877e2f88f0f378399'}}, 'caller': {'address': '0x0f4676178b5c53ae0a655f1b19a96387e4b8b5f2'}, 'date': {'date': '2021-07-06'}, 'block': {'height': 12771510}}, {'smartContract': {'address': {'address': '0x9cfc1d1a45f79246e8e074cfdfc3f4aacdde8d9a'}}, 'caller': {'address': '0x4b5922abf25858d012d12bb1184e5d3d0b6d6be4'}, 'date': {'date': '2021-07-05'}, 'block': {'height': 12768132}}, {'smartContract': {'address': {'address': '0x160dd8afaca0a89ac48b59407128c923b82242ab'}}, 'caller': {'address': '0x4b5922abf25858d012d12bb1184e5d3d0b6d6be4'}, 'date': {'date': '2021-07-05'}, 'block': {'height': 12767927}}, {'smartContract': {'address': {'address': '0x22fb8d3b3211ee039d0858eccad24df6ea3d09c1'}}, 'caller': {'address': '0x0f4676178b5c53ae0a655f1b19a96387e4b8b5f2'}, 'date': {'date': '2021-07-03'}, 'block': {'height': 12757642}}, {'smartContract': {'address': {'address': '0x684a39ad22a012e4a2618eb36d9bdd4ca95c3998'}}, 'caller': {'address': '0x4b5922abf25858d012d12bb1184e5d3d0b6d6be4'}, 'date': {'date': '2021-07-03'}, 'block': {'height': 12754877}}, {'smartContract': {'address': {'address': '0x7824948612d5f6d3dbc54d1c1173715b997403a1'}}, 'caller': {'address': '0x4b5922abf25858d012d12bb1184e5d3d0b6d6be4'}, 'date': {'date': '2021-07-02'}, 'block': {'height': 12749952}}, {'smartContract': {'address': {'address': '0x325fab7ea577b7a05b6ce513d3c52c278e273b9c'}}, 'caller': {'address': '0x4b5922abf25858d012d12bb1184e5d3d0b6d6be4'}, 'date': {'date': '2021-07-02'}, 'block': {'height': 12749783}}, {'smartContract': {'address': {'address': '0xa42f6cada809bcf417deefbdd69c5c5a909249c0'}}, 'caller': {'address': '0x4b5922abf25858d012d12bb1184e5d3d0b6d6be4'}, 'date': {'date': '2021-06-30'}, 'block': {'height': 12737826}}, {'smartContract': {'address': {'address': '0x76b95360bb641a73e0ccb292f51f929396afd464'}}, 'caller': {'address': '0x4b5922abf25858d012d12bb1184e5d3d0b6d6be4'}, 'date': {'date': '2021-06-30'}, 'block': {'height': 12737825}}, {'smartContract': {'address': {'address': '0xf4661cdf4c73107010d1e3bac6312c273f6df0af'}}, 'caller': {'address': '0x4b5922abf25858d012d12bb1184e5d3d0b6d6be4'}, 'date': {'date': '2021-06-30'}, 'block': {'height': 12737824}}, {'smartContract': {'address': {'address': '0x4ddb2408233b239f49e293f29d8b96c088eaf701'}}, 'caller': {'address': '0x4b5922abf25858d012d12bb1184e5d3d0b6d6be4'}, 'date': {'date': '2021-06-20'}, 'block': {'height': 12667961}}, {'smartContract': {'address': {'address': '0x9a5c87aa68d2199f68ca0c5e77c1127957099e54'}}, 'caller': {'address': '0x4b5922abf25858d012d12bb1184e5d3d0b6d6be4'}, 'date': {'date': '2021-06-17'}, 'block': {'height': 12648737}}, {'smartContract': {'address': {'address': '0x94eef006d2691be320632ea05c0789aae1b8b82b'}}, 'caller': {'address': '0x4b5922abf25858d012d12bb1184e5d3d0b6d6be4'}, 'date': {'date': '2021-06-17'}, 'block': {'height': 12648737}}, {'smartContract': {'address': {'address': '0x4ffde8e98227c17a64a9df30dfb1d3049457c5db'}}, 'caller': {'address': '0x4b5922abf25858d012d12bb1184e5d3d0b6d6be4'}, 'date': {'date': '2021-06-07'}, 'block': {'height': 12590257}}, {'smartContract': {'address': {'address': '0x8b538a5477b4a86d952f84da38d1c2b6d99589f1'}}, 'caller': {'address': '0x4b5922abf25858d012d12bb1184e5d3d0b6d6be4'}, 'date': {'date': '2021-05-29'}, 'block': {'height': 12531101}}, {'smartContract': {'address': {'address': '0xf5e4a4480f5e73cfe697384525d6f4a07617ac71'}}, 'caller': {'address': '0x1f98431c8ad98523631ae4a59f267346ea31f984'}, 'date': {'date': '2021-05-07'}, 'block': {'height': 12384860}}, {'smartContract': {'address': {'address': '0x520c82dab1a956e53597ed1316765af5cf5dff02'}}, 'caller': {'address': '0x4b5922abf25858d012d12bb1184e5d3d0b6d6be4'}, 'date': {'date': '2021-05-04'}, 'block': {'height': 12364873}}, {'smartContract': {'address': {'address': '0xb0ccf5ff2e5e67e253bb0c061a822eacf231e5dc'}}, 'caller': {'address': '0x4b5922abf25858d012d12bb1184e5d3d0b6d6be4'}, 'date': {'date': '2021-04-26'}, 'block': {'height': 12317086}}, {'smartContract': {'address': {'address': '0xe04be398bcd14f58aa34c737a1f7185a5c3aa71f'}}, 'caller': {'address': '0x4b5922abf25858d012d12bb1184e5d3d0b6d6be4'}, 'date': {'date': '2021-04-22'}, 'block': {'height': 12292696}}, {'smartContract': {'address': {'address': '0xa1c16e4e538a8ff0c8e7b87a7a75f60aa48c12b7'}}, 'caller': {'address': '0x4b5922abf25858d012d12bb1184e5d3d0b6d6be4'}, 'date': {'date': '2021-04-22'}, 'block': {'height': 12292696}}, {'smartContract': {'address': {'address': '0x2b860c491e0141806df58feaa65fef67a46bf2dd'}}, 'caller': {'address': '0x4b5922abf25858d012d12bb1184e5d3d0b6d6be4'}, 'date': {'date': '2021-04-22'}, 'block': {'height': 12292224}}, {'smartContract': {'address': {'address': '0x7497e1a9a232e4fb8ed37defb433096b0e9a5ece'}}, 'caller': {'address': '0x4b5922abf25858d012d12bb1184e5d3d0b6d6be4'}, 'date': {'date': '2021-04-22'}, 'block': {'height': 12292078}}, {'smartContract': {'address': {'address': '0xc0844fdf1bcbde59a3af0859455d964d350a2cb6'}}, 'caller': {'address': '0x4b5922abf25858d012d12bb1184e5d3d0b6d6be4'}, 'date': {'date': '2021-04-22'}, 'block': {'height': 12291999}}, {'smartContract': {'address': {'address': '0x1ffb963fe48cd41ac87d6bef54120afee5129667'}}, 'caller': {'address': '0x4b5922abf25858d012d12bb1184e5d3d0b6d6be4'}, 'date': {'date': '2021-04-07'}, 'block': {'height': 12190243}}, {'smartContract': {'address': {'address': '0xc3501d90d892a0c2d12c5cfc98b545d89e07435a'}}, 'caller': {'address': '0x4b5922abf25858d012d12bb1184e5d3d0b6d6be4'}, 'date': {'date': '2021-04-07'}, 'block': {'height': 12190242}}, {'smartContract': {'address': {'address': '0xb0244fdef4e48c2bcbacf10cc8dd07f0cb45e7bf'}}, 'caller': {'address': '0x4b5922abf25858d012d12bb1184e5d3d0b6d6be4'}, 'date': {'date': '2021-04-01'}, 'block': {'height': 12156335}}, {'smartContract': {'address': {'address': '0x9814f819de0127d7458c7e4c2638b72ccc4bb727'}}, 'caller': {'address': '0x5c69bee701ef814a2b6a3edd4b1652cb9cc5aa6f'}, 'date': {'date': '2021-03-26'}, 'block': {'height': 12115875}}, {'smartContract': {'address': {'address': '0x797857091436a5eeac30106d07eda8d4b7483b1f'}}, 'caller': {'address': '0x0f4676178b5c53ae0a655f1b19a96387e4b8b5f2'}, 'date': {'date': '2021-03-26'}, 'block': {'height': 12115683}}, {'smartContract': {'address': {'address': '0xcb29dea2590f30a3927fd4a43ef1edc613c78dda'}}, 'caller': {'address': '0x4b5922abf25858d012d12bb1184e5d3d0b6d6be4'}, 'date': {'date': '2021-03-24'}, 'block': {'height': 12103491}}]",2020-10-09
304,304,0xaB37e1358b639Fd877f015027Bb62d3ddAa7557E,lien,https://github.com/LienFinance,0x8CB13A8271EFA096b407ec8a20aa14C01e74C427,119413.4096,"[{'smartContract': {'address': {'address': '0x663779caec758364c4e6325b9acf5b5c7376d2c5'}}, 'caller': {'address': '0x6e95c8e8557abc08b46f3c347ba06f8dc012763f'}, 'date': {'date': '2020-08-14'}, 'block': {'height': 10657751}}, {'smartContract': {'address': {'address': '0xbd0c1a873bb3553a674afa935c941836c35ef5bf'}}, 'caller': {'address': '0x8cb13a8271efa096b407ec8a20aa14c01e74c427'}, 'date': {'date': '2020-08-13'}, 'block': {'height': 10651841}}, {'smartContract': {'address': {'address': '0x31dcf50fa6c21f189a7953ce84387f50b77cf690'}}, 'caller': {'address': '0x8cb13a8271efa096b407ec8a20aa14c01e74c427'}, 'date': {'date': '2020-08-13'}, 'block': {'height': 10651713}}, {'smartContract': {'address': {'address': '0x9efc7e873a21705d8696a243ef58d360f077b52a'}}, 'caller': {'address': '0x8cb13a8271efa096b407ec8a20aa14c01e74c427'}, 'date': {'date': '2020-08-13'}, 'block': {'height': 10651710}}, {'smartContract': {'address': {'address': '0x562e180d0408ad7510ffa994e947bb025188b077'}}, 'caller': {'address': '0x6e95c8e8557abc08b46f3c347ba06f8dc012763f'}, 'date': {'date': '2020-08-11'}, 'block': {'height': 10638803}}, {'smartContract': {'address': {'address': '0xd1b645ac2f3d18e2355b9a74481e821601c5f0ab'}}, 'caller': {'address': '0x6e95c8e8557abc08b46f3c347ba06f8dc012763f'}, 'date': {'date': '2020-08-11'}, 'block': {'height': 10638783}}, {'smartContract': {'address': {'address': '0x1e6ccf91d46c173642d44da6731cb3a08a3f54a3'}}, 'caller': {'address': '0x6e95c8e8557abc08b46f3c347ba06f8dc012763f'}, 'date': {'date': '2020-08-11'}, 'block': {'height': 10638765}}, {'smartContract': {'address': {'address': '0x0415798a630cba2a66ae961ce76e4b2f46d7eceb'}}, 'caller': {'address': '0x6e95c8e8557abc08b46f3c347ba06f8dc012763f'}, 'date': {'date': '2020-08-11'}, 'block': {'height': 10638756}}, {'smartContract': {'address': {'address': '0xf3dab7dd0cf136d0182480e29bbb055e644c2ec5'}}, 'caller': {'address': '0x6e95c8e8557abc08b46f3c347ba06f8dc012763f'}, 'date': {'date': '2020-08-11'}, 'block': {'height': 10638728}}, {'smartContract': {'address': {'address': '0xf16b5bd673813a92c97c202dddaacb0216904016'}}, 'caller': {'address': '0x6e95c8e8557abc08b46f3c347ba06f8dc012763f'}, 'date': {'date': '2020-08-11'}, 'block': {'height': 10638712}}, {'smartContract': {'address': {'address': '0x1ae90a2a22dd6cab758eac326ba8ae749bd7cda1'}}, 'caller': {'address': '0x6e95c8e8557abc08b46f3c347ba06f8dc012763f'}, 'date': {'date': '2020-08-11'}, 'block': {'height': 10638698}}, {'smartContract': {'address': {'address': '0xddf4b3ba7ea4825556385bc28d81a97cf341057b'}}, 'caller': {'address': '0x6e95c8e8557abc08b46f3c347ba06f8dc012763f'}, 'date': {'date': '2020-08-11'}, 'block': {'height': 10638685}}, {'smartContract': {'address': {'address': '0x66be73db8d1118445158d97020b4742f37842f0d'}}, 'caller': {'address': '0x6e95c8e8557abc08b46f3c347ba06f8dc012763f'}, 'date': {'date': '2020-08-11'}, 'block': {'height': 10638673}}, {'smartContract': {'address': {'address': '0x2cb2da73f4a5e322ddaa77d5a05709344c3f2a33'}}, 'caller': {'address': '0x6e95c8e8557abc08b46f3c347ba06f8dc012763f'}, 'date': {'date': '2020-08-11'}, 'block': {'height': 10638647}}, {'smartContract': {'address': {'address': '0x5b0d77eaf656f9d071b6ad67c7701a9a47ac78ef'}}, 'caller': {'address': '0x6e95c8e8557abc08b46f3c347ba06f8dc012763f'}, 'date': {'date': '2020-08-11'}, 'block': {'height': 10638630}}, {'smartContract': {'address': {'address': '0xfe578bfca682f88b4e86d6b462dfbb1f31d4ba01'}}, 'caller': {'address': '0x6e95c8e8557abc08b46f3c347ba06f8dc012763f'}, 'date': {'date': '2020-08-11'}, 'block': {'height': 10638606}}, {'smartContract': {'address': {'address': '0xefe9bf4044423e6ade21c1275f47738514315f5c'}}, 'caller': {'address': '0x6e95c8e8557abc08b46f3c347ba06f8dc012763f'}, 'date': {'date': '2020-08-11'}, 'block': {'height': 10638136}}, {'smartContract': {'address': {'address': '0xe0bb5138bd30f4c7a172d35459a8dd7ed76db35e'}}, 'caller': {'address': '0x6e95c8e8557abc08b46f3c347ba06f8dc012763f'}, 'date': {'date': '2020-08-11'}, 'block': {'height': 10638123}}, {'smartContract': {'address': {'address': '0x49f8714778a6de93bd8399aa734d04336e5c6aa5'}}, 'caller': {'address': '0x6e95c8e8557abc08b46f3c347ba06f8dc012763f'}, 'date': {'date': '2020-08-11'}, 'block': {'height': 10638115}}, {'smartContract': {'address': {'address': '0x4eb0579d7c96a2b39317e4fe7c1fea5c148a8d59'}}, 'caller': {'address': '0x662dd92acb050e677fdd1d458ccace9f8d847749'}, 'date': {'date': '2020-08-09'}, 'block': {'height': 10626692}}, {'smartContract': {'address': {'address': '0x662dd92acb050e677fdd1d458ccace9f8d847749'}}, 'caller': {'address': '0x8cb13a8271efa096b407ec8a20aa14c01e74c427'}, 'date': {'date': '2020-08-09'}, 'block': {'height': 10626585}}, {'smartContract': {'address': {'address': '0x8e0ae5254dc4c6f89ef9a4079096958f787c7d5d'}}, 'caller': {'address': '0x8cb13a8271efa096b407ec8a20aa14c01e74c427'}, 'date': {'date': '2020-08-09'}, 'block': {'height': 10626582}}, {'smartContract': {'address': {'address': '0xdfcb98f28f80b6f9daaa4e44eb0e689f26675135'}}, 'caller': {'address': '0x8cb13a8271efa096b407ec8a20aa14c01e74c427'}, 'date': {'date': '2020-08-09'}, 'block': {'height': 10626579}}, {'smartContract': {'address': {'address': '0xc05cb1999ab97a9ae5337fbdc4cb0e1458bc5cbf'}}, 'caller': {'address': '0x8cb13a8271efa096b407ec8a20aa14c01e74c427'}, 'date': {'date': '2020-08-09'}, 'block': {'height': 10626543}}, {'smartContract': {'address': {'address': '0xe9aa04b8d955fd291d44c9fdb8eb1227850b3e2d'}}, 'caller': {'address': '0x8cb13a8271efa096b407ec8a20aa14c01e74c427'}, 'date': {'date': '2020-08-09'}, 'block': {'height': 10626541}}, {'smartContract': {'address': {'address': '0x4600fa6bbb6561d2e27f43ffcb6fbe9715a262a0'}}, 'caller': {'address': '0x8cb13a8271efa096b407ec8a20aa14c01e74c427'}, 'date': {'date': '2020-08-09'}, 'block': {'height': 10626536}}, {'smartContract': {'address': {'address': '0x9c5d55418586d1ad5aed77978631d952e6e589d5'}}, 'caller': {'address': '0x8cb13a8271efa096b407ec8a20aa14c01e74c427'}, 'date': {'date': '2020-08-08'}, 'block': {'height': 10621077}}, {'smartContract': {'address': {'address': '0x858dbdff0dee9dfc21d3413245cc0f349ec1b0c7'}}, 'caller': {'address': '0x8cb13a8271efa096b407ec8a20aa14c01e74c427'}, 'date': {'date': '2020-08-08'}, 'block': {'height': 10621073}}, {'smartContract': {'address': {'address': '0x075e0a8623d42e8a3b99409b4e18a1bd82c6e5c4'}}, 'caller': {'address': '0x8cb13a8271efa096b407ec8a20aa14c01e74c427'}, 'date': {'date': '2020-08-08'}, 'block': {'height': 10621068}}, {'smartContract': {'address': {'address': '0x6a248d3cc5ec909a38960382a649cf98a80d881a'}}, 'caller': {'address': '0x8cb13a8271efa096b407ec8a20aa14c01e74c427'}, 'date': {'date': '2020-08-08'}, 'block': {'height': 10621065}}, {'smartContract': {'address': {'address': '0xdb4f5bc7d37816537e8af48c885ef28f366ad782'}}, 'caller': {'address': '0x8cb13a8271efa096b407ec8a20aa14c01e74c427'}, 'date': {'date': '2020-08-08'}, 'block': {'height': 10620975}}, {'smartContract': {'address': {'address': '0xacdc94b9f187fa7ee3c5cf0969c2faccab4e37a3'}}, 'caller': {'address': '0x8cb13a8271efa096b407ec8a20aa14c01e74c427'}, 'date': {'date': '2020-08-08'}, 'block': {'height': 10620898}}, {'smartContract': {'address': {'address': '0x1f760ad8fef7843f5e5e3d085b71ceaa6f60772b'}}, 'caller': {'address': '0x8cb13a8271efa096b407ec8a20aa14c01e74c427'}, 'date': {'date': '2020-08-08'}, 'block': {'height': 10620895}}, {'smartContract': {'address': {'address': '0x0b06dada89d0df1c9162c97009af56509caeed72'}}, 'caller': {'address': '0x8cb13a8271efa096b407ec8a20aa14c01e74c427'}, 'date': {'date': '2020-08-08'}, 'block': {'height': 10620893}}, {'smartContract': {'address': {'address': '0x8f4b79a7567de997da10f66e340b00a80177e66c'}}, 'caller': {'address': '0x8cb13a8271efa096b407ec8a20aa14c01e74c427'}, 'date': {'date': '2020-08-08'}, 'block': {'height': 10620891}}, {'smartContract': {'address': {'address': '0x120a078fdc516a1a98bbecb9e961f8741ac7ac82'}}, 'caller': {'address': '0x8cb13a8271efa096b407ec8a20aa14c01e74c427'}, 'date': {'date': '2020-08-08'}, 'block': {'height': 10620589}}, {'smartContract': {'address': {'address': '0xfd38a152dddf1f9cf5ec9b23599c6d5f080d6aff'}}, 'caller': {'address': '0x8cb13a8271efa096b407ec8a20aa14c01e74c427'}, 'date': {'date': '2020-08-08'}, 'block': {'height': 10620588}}, {'smartContract': {'address': {'address': '0x32e85c00caf25f8217315d711e026f4dbaa45e31'}}, 'caller': {'address': '0x8cb13a8271efa096b407ec8a20aa14c01e74c427'}, 'date': {'date': '2020-08-08'}, 'block': {'height': 10620546}}, {'smartContract': {'address': {'address': '0xeff3d60b57165f19922effbd6227fb8a2f27714e'}}, 'caller': {'address': '0x8cb13a8271efa096b407ec8a20aa14c01e74c427'}, 'date': {'date': '2020-08-08'}, 'block': {'height': 10620545}}, {'smartContract': {'address': {'address': '0x2e823df11e1b031469d4927de04d0f050a64d696'}}, 'caller': {'address': '0x8cb13a8271efa096b407ec8a20aa14c01e74c427'}, 'date': {'date': '2020-08-08'}, 'block': {'height': 10620330}}, {'smartContract': {'address': {'address': '0x23604be26047cf57ef37e5b3a4f5c6f5c5c057b1'}}, 'caller': {'address': '0x8cb13a8271efa096b407ec8a20aa14c01e74c427'}, 'date': {'date': '2020-08-08'}, 'block': {'height': 10620163}}, {'smartContract': {'address': {'address': '0x27bb7c9c06c8e5c886685df31da4b094756e9d39'}}, 'caller': {'address': '0x8cb13a8271efa096b407ec8a20aa14c01e74c427'}, 'date': {'date': '2020-08-08'}, 'block': {'height': 10620162}}, {'smartContract': {'address': {'address': '0x0541302b14b923c3c5f6e1377a4181790b3e6076'}}, 'caller': {'address': '0x8cb13a8271efa096b407ec8a20aa14c01e74c427'}, 'date': {'date': '2020-08-08'}, 'block': {'height': 10620155}}, {'smartContract': {'address': {'address': '0xab37e1358b639fd877f015027bb62d3ddaa7557e'}}, 'caller': {'address': '0x8cb13a8271efa096b407ec8a20aa14c01e74c427'}, 'date': {'date': '2020-08-08'}, 'block': {'height': 10619509}}, {'smartContract': {'address': {'address': '0x7783759eb985e88927c2a100636a0596351efd86'}}, 'caller': {'address': '0x8cb13a8271efa096b407ec8a20aa14c01e74c427'}, 'date': {'date': '2020-08-08'}, 'block': {'height': 10619479}}, {'smartContract': {'address': {'address': '0xe1202b0732a04b33c6c37ae853f1929ca3221915'}}, 'caller': {'address': '0x8cb13a8271efa096b407ec8a20aa14c01e74c427'}, 'date': {'date': '2020-08-08'}, 'block': {'height': 10619478}}]",2020-08-08
305,305,0x9aeB50f542050172359A0e1a25a9933Bc8c01259,oinfinance,,0x0e23D5912Aa13a204d06709970135C5EF6CE95A3,107961.2936,"[{'smartContract': {'address': {'address': '0x54d16d35ca16163bc681f39ec170cf2614492517'}}, 'caller': {'address': '0x5c69bee701ef814a2b6a3edd4b1652cb9cc5aa6f'}, 'date': {'date': '2020-09-03'}, 'block': {'height': 10788597}}, {'smartContract': {'address': {'address': '0xbe2d257d990af05d01aa4d8b519db08e4032a06b'}}, 'caller': {'address': '0x5c69bee701ef814a2b6a3edd4b1652cb9cc5aa6f'}, 'date': {'date': '2020-09-03'}, 'block': {'height': 10786903}}, {'smartContract': {'address': {'address': '0x9aeb50f542050172359a0e1a25a9933bc8c01259'}}, 'caller': {'address': '0x0e23d5912aa13a204d06709970135c5ef6ce95a3'}, 'date': {'date': '2020-08-22'}, 'block': {'height': 10710227}}]",2020-08-22
306,306,0x727f064A78DC734D33eEc18d5370aef32Ffd46e4,Orion Money Token (ORION),https://github.com/orionterra,0x9C9B61d911C54ADAB95bF9c1F0F0e7BF838CeC26,102963.1555,"[{'smartContract': {'address': {'address': '0x727f064a78dc734d33eec18d5370aef32ffd46e4'}}, 'caller': {'address': '0x9c9b61d911c54adab95bf9c1f0f0e7bf838cec26'}, 'date': {'date': '2021-09-26'}, 'block': {'height': 13302099}}, {'smartContract': {'address': {'address': '0x7f025bff2abb35a02c2784c930f2f1d7b23173fa'}}, 'caller': {'address': '0xa6b71e26c5e0845f74c812102ca7114b6a896ab2'}, 'date': {'date': '2021-09-14'}, 'block': {'height': 13223358}}, {'smartContract': {'address': {'address': '0xc612a90e879e78023aba200db4a56ce778228cac'}}, 'caller': {'address': '0xa6b71e26c5e0845f74c812102ca7114b6a896ab2'}, 'date': {'date': '2021-09-14'}, 'block': {'height': 13220549}}, {'smartContract': {'address': {'address': '0x27664b95a9464ddd132904f74ed7bd8878bc0f0d'}}, 'caller': {'address': '0xa6b71e26c5e0845f74c812102ca7114b6a896ab2'}, 'date': {'date': '2021-09-13'}, 'block': {'height': 13219918}}, {'smartContract': {'address': {'address': '0xd3e3fdd64c67c8b6ad416b24faa84440d9792e84'}}, 'caller': {'address': '0xa6b71e26c5e0845f74c812102ca7114b6a896ab2'}, 'date': {'date': '2021-09-13'}, 'block': {'height': 13217502}}, {'smartContract': {'address': {'address': '0x05eab1afca27dee1efa5f2d9e61fa18a6daf2abc'}}, 'caller': {'address': '0xa6b71e26c5e0845f74c812102ca7114b6a896ab2'}, 'date': {'date': '2021-09-13'}, 'block': {'height': 13217189}}, {'smartContract': {'address': {'address': '0x29383b88dcf73445d4929b7909b5bb19515dc0b4'}}, 'caller': {'address': '0xa6b71e26c5e0845f74c812102ca7114b6a896ab2'}, 'date': {'date': '2021-09-13'}, 'block': {'height': 13217164}}, {'smartContract': {'address': {'address': '0x744380c62e750f59b385738b2e1b7e150d831633'}}, 'caller': {'address': '0xa6b71e26c5e0845f74c812102ca7114b6a896ab2'}, 'date': {'date': '2021-09-13'}, 'block': {'height': 13217110}}, {'smartContract': {'address': {'address': '0xdfcfc4fa5024d2e65d8d3a585b66e5b4fd5bc24e'}}, 'caller': {'address': '0xa6b71e26c5e0845f74c812102ca7114b6a896ab2'}, 'date': {'date': '2021-09-13'}, 'block': {'height': 13216631}}, {'smartContract': {'address': {'address': '0x40afa5d2a860ab3035df5b31778058edb22ae037'}}, 'caller': {'address': '0xa6b71e26c5e0845f74c812102ca7114b6a896ab2'}, 'date': {'date': '2021-09-13'}, 'block': {'height': 13215589}}]",2021-09-26
307,307,0x967da4048cD07aB37855c090aAF366e4ce1b9F48,Ocean Token (OCEAN),https://github.com/oceanprotocol/ocean,0xE80E92C586971Cb4b97C19df38F14E8e5AD7b3A0,102100.3046,"[{'smartContract': {'address': {'address': '0x967da4048cd07ab37855c090aaf366e4ce1b9f48'}}, 'caller': {'address': '0xe80e92c586971cb4b97c19df38f14e8e5ad7b3a0'}, 'date': {'date': '2020-09-27'}, 'block': {'height': 10945544}}, {'smartContract': {'address': {'address': '0x0928f302c6b7eba5594117a55c78af818ceba17b'}}, 'caller': {'address': '0xe80e92c586971cb4b97c19df38f14e8e5ad7b3a0'}, 'date': {'date': '2020-09-27'}, 'block': {'height': 10945537}}, {'smartContract': {'address': {'address': '0xbed1515480ad780ba9f9362c3c142f1290a4717d'}}, 'caller': {'address': '0xe80e92c586971cb4b97c19df38f14e8e5ad7b3a0'}, 'date': {'date': '2020-09-27'}, 'block': {'height': 10945517}}, {'smartContract': {'address': {'address': '0xd97578edea9bcc43c66bb126cbfc6c3c3372c301'}}, 'caller': {'address': '0xe80e92c586971cb4b97c19df38f14e8e5ad7b3a0'}, 'date': {'date': '2020-09-27'}, 'block': {'height': 10945515}}, {'smartContract': {'address': {'address': '0xa0753b5945d89c6ce7e82e9534f05bf0aa9bf26f'}}, 'caller': {'address': '0xe80e92c586971cb4b97c19df38f14e8e5ad7b3a0'}, 'date': {'date': '2020-09-27'}, 'block': {'height': 10945511}}]",2020-09-27
308,308,0x6e9730EcFfBed43fD876A264C982e254ef05a0DE,Nord Token,,0xD1AaeFb5A6cD1c72dc7cC540A950376d290ddA2f,101370.4756,"[{'smartContract': {'address': {'address': '0xf33045e835201cf2846af9bed9dd672d3973d4c5'}}, 'caller': {'address': '0xd1aaefb5a6cd1c72dc7cc540a950376d290dda2f'}, 'date': {'date': '2021-03-31'}, 'block': {'height': 12144902}}, {'smartContract': {'address': {'address': '0xb1c4fe2705b3120d121863cf6eabe62e90cb4a39'}}, 'caller': {'address': '0xd1aaefb5a6cd1c72dc7cc540a950376d290dda2f'}, 'date': {'date': '2021-02-18'}, 'block': {'height': 11879938}}, {'smartContract': {'address': {'address': '0x8dd7040d1168ebb4ab60eee5caccd058e9987c9e'}}, 'caller': {'address': '0xb1c4fe2705b3120d121863cf6eabe62e90cb4a39'}, 'date': {'date': '2021-02-18'}, 'block': {'height': 11879938}}, {'smartContract': {'address': {'address': '0xb3f880bff8f623efcbd9a5940af3c913626fd66e'}}, 'caller': {'address': '0xb1c4fe2705b3120d121863cf6eabe62e90cb4a39'}, 'date': {'date': '2021-02-18'}, 'block': {'height': 11879938}}, {'smartContract': {'address': {'address': '0x6e044c27c92e9f20cd64d09792db8fc16a9348ac'}}, 'caller': {'address': '0xd1aaefb5a6cd1c72dc7cc540a950376d290dda2f'}, 'date': {'date': '2021-02-18'}, 'block': {'height': 11879865}}, {'smartContract': {'address': {'address': '0xc73f13d02e843c4eb2167f2e1b15f015703b6cd0'}}, 'caller': {'address': '0xd1aaefb5a6cd1c72dc7cc540a950376d290dda2f'}, 'date': {'date': '2021-02-18'}, 'block': {'height': 11879857}}, {'smartContract': {'address': {'address': '0x2b07884053f8c55da91a254792185eb566d5bf8e'}}, 'caller': {'address': '0xd1aaefb5a6cd1c72dc7cc540a950376d290dda2f'}, 'date': {'date': '2021-02-18'}, 'block': {'height': 11879852}}, {'smartContract': {'address': {'address': '0xc968e826869f549a0499f389b53b185f6b630b4e'}}, 'caller': {'address': '0xc150e627d8943b0a6c4020b395553a705da37ed9'}, 'date': {'date': '2021-02-18'}, 'block': {'height': 11879671}}, {'smartContract': {'address': {'address': '0xc150e627d8943b0a6c4020b395553a705da37ed9'}}, 'caller': {'address': '0xd1aaefb5a6cd1c72dc7cc540a950376d290dda2f'}, 'date': {'date': '2021-02-18'}, 'block': {'height': 11879671}}, {'smartContract': {'address': {'address': '0x0a20be3a2b8c53c53c9a17b45cd88b4988caa05c'}}, 'caller': {'address': '0xc150e627d8943b0a6c4020b395553a705da37ed9'}, 'date': {'date': '2021-02-18'}, 'block': {'height': 11879671}}, {'smartContract': {'address': {'address': '0xe0a4225cb609358f53e2288c82f29d59f863b861'}}, 'caller': {'address': '0xd1aaefb5a6cd1c72dc7cc540a950376d290dda2f'}, 'date': {'date': '2021-02-18'}, 'block': {'height': 11879488}}, {'smartContract': {'address': {'address': '0x1f9772fd2e5af88ef940468fccab70398f843ef2'}}, 'caller': {'address': '0xd1aaefb5a6cd1c72dc7cc540a950376d290dda2f'}, 'date': {'date': '2021-02-18'}, 'block': {'height': 11879486}}, {'smartContract': {'address': {'address': '0xe13952981ce5dd661d7961f3d6bba028d5c9c637'}}, 'caller': {'address': '0xd1aaefb5a6cd1c72dc7cc540a950376d290dda2f'}, 'date': {'date': '2021-02-18'}, 'block': {'height': 11879483}}, {'smartContract': {'address': {'address': '0xcd4f2844b11a4515398fd2201247cf2ed411245f'}}, 'caller': {'address': '0xd1aaefb5a6cd1c72dc7cc540a950376d290dda2f'}, 'date': {'date': '2021-02-18'}, 'block': {'height': 11879475}}, {'smartContract': {'address': {'address': '0x9d1f8ebce438d46a817b36d46e4e4af9458081aa'}}, 'caller': {'address': '0xd1aaefb5a6cd1c72dc7cc540a950376d290dda2f'}, 'date': {'date': '2021-02-18'}, 'block': {'height': 11879472}}, {'smartContract': {'address': {'address': '0x20099e894ed98d59bb6d56e5e827e353d05fa69a'}}, 'caller': {'address': '0x96aa5348bc1c6bc6db02940ae31dc3d811af5973'}, 'date': {'date': '2021-02-18'}, 'block': {'height': 11879442}}, {'smartContract': {'address': {'address': '0x96aa5348bc1c6bc6db02940ae31dc3d811af5973'}}, 'caller': {'address': '0xd1aaefb5a6cd1c72dc7cc540a950376d290dda2f'}, 'date': {'date': '2021-02-18'}, 'block': {'height': 11879442}}, {'smartContract': {'address': {'address': '0x41a7c4e47bebf06018618557cc8c8701eee06a5c'}}, 'caller': {'address': '0x96aa5348bc1c6bc6db02940ae31dc3d811af5973'}, 'date': {'date': '2021-02-18'}, 'block': {'height': 11879442}}, {'smartContract': {'address': {'address': '0xb9de65c36e4cb316082d8c9d0f2b4b386a19fce9'}}, 'caller': {'address': '0xd1aaefb5a6cd1c72dc7cc540a950376d290dda2f'}, 'date': {'date': '2021-02-18'}, 'block': {'height': 11879425}}, {'smartContract': {'address': {'address': '0x25b48843d2593a11aec1d15fc97bdf9f0b001567'}}, 'caller': {'address': '0xd1aaefb5a6cd1c72dc7cc540a950376d290dda2f'}, 'date': {'date': '2021-02-18'}, 'block': {'height': 11879422}}, {'smartContract': {'address': {'address': '0x7389b8780168fe814cbbc1af5e41558ce9915db7'}}, 'caller': {'address': '0xd1aaefb5a6cd1c72dc7cc540a950376d290dda2f'}, 'date': {'date': '2021-02-18'}, 'block': {'height': 11879419}}, {'smartContract': {'address': {'address': '0x53e1c9750014c7cf8303d69a3ca06a555c739dd0'}}, 'caller': {'address': '0xd1aaefb5a6cd1c72dc7cc540a950376d290dda2f'}, 'date': {'date': '2021-02-18'}, 'block': {'height': 11879411}}, {'smartContract': {'address': {'address': '0x1fb93dc73be9bb5e37f1e90daa4096f7b6d1f65c'}}, 'caller': {'address': '0xd1aaefb5a6cd1c72dc7cc540a950376d290dda2f'}, 'date': {'date': '2021-02-18'}, 'block': {'height': 11879405}}, {'smartContract': {'address': {'address': '0x6db6abb2a55154c385e90d3fd05ee8ca46e3ba35'}}, 'caller': {'address': '0xd1aaefb5a6cd1c72dc7cc540a950376d290dda2f'}, 'date': {'date': '2021-02-18'}, 'block': {'height': 11879336}}, {'smartContract': {'address': {'address': '0x18be99a18b68c60cf96ed438df0c1c1a44634ac9'}}, 'caller': {'address': '0xd1aaefb5a6cd1c72dc7cc540a950376d290dda2f'}, 'date': {'date': '2021-02-18'}, 'block': {'height': 11879334}}, {'smartContract': {'address': {'address': '0x663a861e10f7f8461363fe65987eda485d5466a6'}}, 'caller': {'address': '0xd1aaefb5a6cd1c72dc7cc540a950376d290dda2f'}, 'date': {'date': '2021-02-18'}, 'block': {'height': 11879230}}, {'smartContract': {'address': {'address': '0x87d45ff00c3acb88864eab4e9a649063f23febbb'}}, 'caller': {'address': '0xd1aaefb5a6cd1c72dc7cc540a950376d290dda2f'}, 'date': {'date': '2021-02-18'}, 'block': {'height': 11879221}}, {'smartContract': {'address': {'address': '0x48563bfa8b764af87dcd5ba7ec34ca39fba38df1'}}, 'caller': {'address': '0xd1aaefb5a6cd1c72dc7cc540a950376d290dda2f'}, 'date': {'date': '2021-02-18'}, 'block': {'height': 11879209}}, {'smartContract': {'address': {'address': '0x59f2ddf29a62bf59aa68a3a1d452743be02335f6'}}, 'caller': {'address': '0xd1aaefb5a6cd1c72dc7cc540a950376d290dda2f'}, 'date': {'date': '2021-02-18'}, 'block': {'height': 11879198}}, {'smartContract': {'address': {'address': '0x4292dcf40aa2dd03d8c35b1295ef00dddc1fccf9'}}, 'caller': {'address': '0xd1aaefb5a6cd1c72dc7cc540a950376d290dda2f'}, 'date': {'date': '2021-02-18'}, 'block': {'height': 11879089}}, {'smartContract': {'address': {'address': '0xcf78eebef4cc2a49080f78bf620ba33a544aee14'}}, 'caller': {'address': '0xd1aaefb5a6cd1c72dc7cc540a950376d290dda2f'}, 'date': {'date': '2021-01-19'}, 'block': {'height': 11686444}}, {'smartContract': {'address': {'address': '0xb34e618282012dfc835d28323654b9402778ac51'}}, 'caller': {'address': '0xd1aaefb5a6cd1c72dc7cc540a950376d290dda2f'}, 'date': {'date': '2021-01-12'}, 'block': {'height': 11639730}}, {'smartContract': {'address': {'address': '0x1189f15ae2f10d5c353b4a7c1ca7cee4bd378d01'}}, 'caller': {'address': '0xd1aaefb5a6cd1c72dc7cc540a950376d290dda2f'}, 'date': {'date': '2021-01-12'}, 'block': {'height': 11639728}}, {'smartContract': {'address': {'address': '0x6e9730ecffbed43fd876a264c982e254ef05a0de'}}, 'caller': {'address': '0xd1aaefb5a6cd1c72dc7cc540a950376d290dda2f'}, 'date': {'date': '2021-01-12'}, 'block': {'height': 11638956}}]",2021-01-12
309,309,0x59E9261255644c411AfDd00bD89162d09D862e38,ETHA,https://github.com/ethalend,0x1De9184f070627A33eab44E329c699B3068c073D,100741.4147,"[{'smartContract': {'address': {'address': '0x81663f727bf8461a9115b01748105cec0fe44446'}}, 'caller': {'address': '0x1f98431c8ad98523631ae4a59f267346ea31f984'}, 'date': {'date': '2021-05-06'}, 'block': {'height': 12381959}}, {'smartContract': {'address': {'address': '0xacdef3d53f2a487c0ab2ea68a1ce5e0bddf841ba'}}, 'caller': {'address': '0x1f98431c8ad98523631ae4a59f267346ea31f984'}, 'date': {'date': '2021-05-06'}, 'block': {'height': 12381919}}, {'smartContract': {'address': {'address': '0x4768f2bd011d37594a294931fafffcf73c088774'}}, 'caller': {'address': '0xbbc483fb728bf127f45df677767f2b41569b0369'}, 'date': {'date': '2021-04-26'}, 'block': {'height': 12317175}}, {'smartContract': {'address': {'address': '0xcc5cffeb08e0fad4b55b1256c12c419cfd3ebcc8'}}, 'caller': {'address': '0x5e5a7b76462e4bdf83aa98795644281bdba80b88'}, 'date': {'date': '2021-03-19'}, 'block': {'height': 12072112}}, {'smartContract': {'address': {'address': '0xc6136ee4c911ed6b1cccaeee9065854435c0b5e0'}}, 'caller': {'address': '0x5c69bee701ef814a2b6a3edd4b1652cb9cc5aa6f'}, 'date': {'date': '2021-03-08'}, 'block': {'height': 12000271}}, {'smartContract': {'address': {'address': '0x7b7499fab431dee48174f8a775e799dd1542f487'}}, 'caller': {'address': '0x9424b1412450d0f8fc2255faf6046b98213b76bd'}, 'date': {'date': '2021-03-08'}, 'block': {'height': 12000079}}, {'smartContract': {'address': {'address': '0x471e40b9edf148ff7ff842d892d5fa1b3323e1bf'}}, 'caller': {'address': '0x5e5a7b76462e4bdf83aa98795644281bdba80b88'}, 'date': {'date': '2021-03-04'}, 'block': {'height': 11971580}}, {'smartContract': {'address': {'address': '0x08d8fa18af801224719b90327670ab1145e24ba6'}}, 'caller': {'address': '0xed52d8e202401645edad1c0aa21e872498ce47d0'}, 'date': {'date': '2021-03-03'}, 'block': {'height': 11968231}}, {'smartContract': {'address': {'address': '0xebdb2d0f89b0148a6b1b0520388f3ad7daff8acc'}}, 'caller': {'address': '0x9424b1412450d0f8fc2255faf6046b98213b76bd'}, 'date': {'date': '2021-03-03'}, 'block': {'height': 11968231}}, {'smartContract': {'address': {'address': '0xfd23d623e551da164fb9d31165bcb37a4fd0a48f'}}, 'caller': {'address': '0xa26e15c895efc0616177b7c1e7270a4c7d51c997'}, 'date': {'date': '2021-03-03'}, 'block': {'height': 11968166}}, {'smartContract': {'address': {'address': '0x59e9261255644c411afdd00bd89162d09d862e38'}}, 'caller': {'address': '0x1de9184f070627a33eab44e329c699b3068c073d'}, 'date': {'date': '2020-12-02'}, 'block': {'height': 11374863}}]",2020-12-02
310,310,0xEd40834A13129509A89be39a9bE9C0E96A0DDd71,Warp Token,https://github.com/warpfinance/,0x03E2b9a4A88c27C996BaE7a2f1ff62FAec3ce795,99623.97226,"[{'smartContract': {'address': {'address': '0xa7bebc6949ace63e082606566e050a6527808a2e'}}, 'caller': {'address': '0x03e2b9a4a88c27c996bae7a2f1ff62faec3ce795'}, 'date': {'date': '2021-02-21'}, 'block': {'height': 11901813}}, {'smartContract': {'address': {'address': '0x86127917befb1f5772f8e6c67a3d4988e9256095'}}, 'caller': {'address': '0xa9269997f5c91c89547361bc9e69d33a026fdb23'}, 'date': {'date': '2021-02-21'}, 'block': {'height': 11901739}}, {'smartContract': {'address': {'address': '0xf73b91ac1ac12e3dd1c0b0dca31b8511c9d7deba'}}, 'caller': {'address': '0xa9269997f5c91c89547361bc9e69d33a026fdb23'}, 'date': {'date': '2021-02-21'}, 'block': {'height': 11901739}}, {'smartContract': {'address': {'address': '0xa9269997f5c91c89547361bc9e69d33a026fdb23'}}, 'caller': {'address': '0x03e2b9a4a88c27c996bae7a2f1ff62faec3ce795'}, 'date': {'date': '2021-02-21'}, 'block': {'height': 11901739}}, {'smartContract': {'address': {'address': '0xeed1fe4bb0fa9727a1c24a124190e0c664aac2b1'}}, 'caller': {'address': '0xa9269997f5c91c89547361bc9e69d33a026fdb23'}, 'date': {'date': '2021-02-21'}, 'block': {'height': 11901739}}, {'smartContract': {'address': {'address': '0x29f960aa487a0feedbe8183bc178750a5dc9049a'}}, 'caller': {'address': '0x03e2b9a4a88c27c996bae7a2f1ff62faec3ce795'}, 'date': {'date': '2021-02-21'}, 'block': {'height': 11901735}}, {'smartContract': {'address': {'address': '0x150928168894c034ad9b153c6a55b54b074e4a67'}}, 'caller': {'address': '0x03e2b9a4a88c27c996bae7a2f1ff62faec3ce795'}, 'date': {'date': '2021-02-21'}, 'block': {'height': 11901735}}, {'smartContract': {'address': {'address': '0xef377ddb6ca3049e0268d0e803c965c6d8e24a1a'}}, 'caller': {'address': '0x03e2b9a4a88c27c996bae7a2f1ff62faec3ce795'}, 'date': {'date': '2021-02-19'}, 'block': {'height': 11886337}}, {'smartContract': {'address': {'address': '0xd70a5defc1d48b4dfbbc664a3e40ebbff628a792'}}, 'caller': {'address': '0x03e2b9a4a88c27c996bae7a2f1ff62faec3ce795'}, 'date': {'date': '2021-02-19'}, 'block': {'height': 11886333}}, {'smartContract': {'address': {'address': '0xe8a4ab73135c0409962ec01a34e79c1240276e73'}}, 'caller': {'address': '0x03e2b9a4a88c27c996bae7a2f1ff62faec3ce795'}, 'date': {'date': '2021-02-19'}, 'block': {'height': 11886327}}, {'smartContract': {'address': {'address': '0x79d790bc70ca3eee95d9ac94909e8fb80347196e'}}, 'caller': {'address': '0x03e2b9a4a88c27c996bae7a2f1ff62faec3ce795'}, 'date': {'date': '2021-02-19'}, 'block': {'height': 11886324}}, {'smartContract': {'address': {'address': '0x81e7d01ff2bb1bd6d007ef073053476d2e55a8a2'}}, 'caller': {'address': '0x03e2b9a4a88c27c996bae7a2f1ff62faec3ce795'}, 'date': {'date': '2021-02-19'}, 'block': {'height': 11886321}}, {'smartContract': {'address': {'address': '0x8580482d0269e4ed39a22c12aff166650ff043b5'}}, 'caller': {'address': '0x03e2b9a4a88c27c996bae7a2f1ff62faec3ce795'}, 'date': {'date': '2021-02-19'}, 'block': {'height': 11886317}}, {'smartContract': {'address': {'address': '0x24f6c576a2be2381b537e31da287579666fb7e41'}}, 'caller': {'address': '0x03e2b9a4a88c27c996bae7a2f1ff62faec3ce795'}, 'date': {'date': '2021-02-19'}, 'block': {'height': 11886314}}, {'smartContract': {'address': {'address': '0x68cf410aa4fd829748ac530220f9cef068bad3e5'}}, 'caller': {'address': '0x03e2b9a4a88c27c996bae7a2f1ff62faec3ce795'}, 'date': {'date': '2021-02-19'}, 'block': {'height': 11886308}}, {'smartContract': {'address': {'address': '0xfd917169df6bab264209d5b844812ab3bafe5404'}}, 'caller': {'address': '0x03e2b9a4a88c27c996bae7a2f1ff62faec3ce795'}, 'date': {'date': '2021-02-19'}, 'block': {'height': 11886233}}, {'smartContract': {'address': {'address': '0x7a0a39bde865fd8eed1d0052e0565512af3e471d'}}, 'caller': {'address': '0x03e2b9a4a88c27c996bae7a2f1ff62faec3ce795'}, 'date': {'date': '2021-02-19'}, 'block': {'height': 11886220}}, {'smartContract': {'address': {'address': '0x74af24c80fb9ace38532cc00ee08dec94aaa6a0c'}}, 'caller': {'address': '0x03e2b9a4a88c27c996bae7a2f1ff62faec3ce795'}, 'date': {'date': '2021-02-19'}, 'block': {'height': 11886150}}, {'smartContract': {'address': {'address': '0x1033863c7ce9613554216d4b4bebc6dbf7507b70'}}, 'caller': {'address': '0x03e2b9a4a88c27c996bae7a2f1ff62faec3ce795'}, 'date': {'date': '2021-02-18'}, 'block': {'height': 11883350}}, {'smartContract': {'address': {'address': '0x3dbd1b72c9812d6825c52abac661f699f8435e9e'}}, 'caller': {'address': '0x03e2b9a4a88c27c996bae7a2f1ff62faec3ce795'}, 'date': {'date': '2021-02-17'}, 'block': {'height': 11875840}}, {'smartContract': {'address': {'address': '0xfdb764520943061ca666f23879e0a5d4fb812765'}}, 'caller': {'address': '0x03e2b9a4a88c27c996bae7a2f1ff62faec3ce795'}, 'date': {'date': '2021-02-17'}, 'block': {'height': 11875832}}, {'smartContract': {'address': {'address': '0x7528a958d2d101ecc85e979a94166d85ef3c2084'}}, 'caller': {'address': '0xe79cac2f56796b02c55c865828d3ea8ff45b0136'}, 'date': {'date': '2021-02-14'}, 'block': {'height': 11856494}}, {'smartContract': {'address': {'address': '0xe79cac2f56796b02c55c865828d3ea8ff45b0136'}}, 'caller': {'address': '0x03e2b9a4a88c27c996bae7a2f1ff62faec3ce795'}, 'date': {'date': '2021-02-14'}, 'block': {'height': 11856494}}, {'smartContract': {'address': {'address': '0x6c0492f463e69faf8145908dcc639d9e6461df01'}}, 'caller': {'address': '0xe79cac2f56796b02c55c865828d3ea8ff45b0136'}, 'date': {'date': '2021-02-14'}, 'block': {'height': 11856494}}, {'smartContract': {'address': {'address': '0x210075cce4b78130c75fa493ef6edad6fb55e999'}}, 'caller': {'address': '0xe79cac2f56796b02c55c865828d3ea8ff45b0136'}, 'date': {'date': '2021-02-14'}, 'block': {'height': 11856494}}, {'smartContract': {'address': {'address': '0xc61e06f2f99e0809f468140e481c5cfcf43598c3'}}, 'caller': {'address': '0x03e2b9a4a88c27c996bae7a2f1ff62faec3ce795'}, 'date': {'date': '2021-02-14'}, 'block': {'height': 11856491}}, {'smartContract': {'address': {'address': '0x5eabda1a37a93826124242cf38e5207536ba7720'}}, 'caller': {'address': '0x03e2b9a4a88c27c996bae7a2f1ff62faec3ce795'}, 'date': {'date': '2021-02-14'}, 'block': {'height': 11856491}}, {'smartContract': {'address': {'address': '0x2d596da0b1f1eaa9ca475fd541a662903e0fad79'}}, 'caller': {'address': '0x03e2b9a4a88c27c996bae7a2f1ff62faec3ce795'}, 'date': {'date': '2021-02-13'}, 'block': {'height': 11848677}}, {'smartContract': {'address': {'address': '0x770850c43ecc532171897154c380d3ef0eb63113'}}, 'caller': {'address': '0x03e2b9a4a88c27c996bae7a2f1ff62faec3ce795'}, 'date': {'date': '2021-02-13'}, 'block': {'height': 11848674}}, {'smartContract': {'address': {'address': '0x07567f9c3ec198174737451f95fa5b7359615c8a'}}, 'caller': {'address': '0x03e2b9a4a88c27c996bae7a2f1ff62faec3ce795'}, 'date': {'date': '2021-02-11'}, 'block': {'height': 11835551}}, {'smartContract': {'address': {'address': '0xf92da39389a21be71fd39c1ad28616b28356b670'}}, 'caller': {'address': '0x07567f9c3ec198174737451f95fa5b7359615c8a'}, 'date': {'date': '2021-02-11'}, 'block': {'height': 11835551}}, {'smartContract': {'address': {'address': '0x509bb6e8b2a63057fa9ebb7f0fd1abbab28a8dc7'}}, 'caller': {'address': '0x07567f9c3ec198174737451f95fa5b7359615c8a'}, 'date': {'date': '2021-02-11'}, 'block': {'height': 11835551}}, {'smartContract': {'address': {'address': '0x8a0285e905178bd82afeaa4879b8b73cecc97685'}}, 'caller': {'address': '0x07567f9c3ec198174737451f95fa5b7359615c8a'}, 'date': {'date': '2021-02-11'}, 'block': {'height': 11835551}}, {'smartContract': {'address': {'address': '0xd91de317cb28d55734a3bff614bbaa7903618b52'}}, 'caller': {'address': '0xb415b85184f5e669a6a31a2a1a4fc10097d6f84b'}, 'date': {'date': '2021-02-11'}, 'block': {'height': 11835535}}, {'smartContract': {'address': {'address': '0x45bbf320d06253a8e0a178a8fd3ab31a8c17fa2d'}}, 'caller': {'address': '0xb415b85184f5e669a6a31a2a1a4fc10097d6f84b'}, 'date': {'date': '2021-02-11'}, 'block': {'height': 11835535}}, {'smartContract': {'address': {'address': '0x38aa03fb4c684e7de9b86a06b2c9bb1805fd350b'}}, 'caller': {'address': '0xb415b85184f5e669a6a31a2a1a4fc10097d6f84b'}, 'date': {'date': '2021-02-11'}, 'block': {'height': 11835535}}, {'smartContract': {'address': {'address': '0xb415b85184f5e669a6a31a2a1a4fc10097d6f84b'}}, 'caller': {'address': '0x03e2b9a4a88c27c996bae7a2f1ff62faec3ce795'}, 'date': {'date': '2021-02-11'}, 'block': {'height': 11835535}}, {'smartContract': {'address': {'address': '0x636e0a8a1fa19a8fb2ea85d1b5131972b24f4a04'}}, 'caller': {'address': '0x03e2b9a4a88c27c996bae7a2f1ff62faec3ce795'}, 'date': {'date': '2021-02-11'}, 'block': {'height': 11835509}}, {'smartContract': {'address': {'address': '0x56bcd817909dbfddfbec9bfc9fd83d3721241ec3'}}, 'caller': {'address': '0x636e0a8a1fa19a8fb2ea85d1b5131972b24f4a04'}, 'date': {'date': '2021-02-11'}, 'block': {'height': 11835509}}, {'smartContract': {'address': {'address': '0x82a7c0015e5a8b29d7592ebee194124db0399aa6'}}, 'caller': {'address': '0x636e0a8a1fa19a8fb2ea85d1b5131972b24f4a04'}, 'date': {'date': '2021-02-11'}, 'block': {'height': 11835509}}, {'smartContract': {'address': {'address': '0xb83f7b227ad1b629f83ab02af80d5f7badf7d31c'}}, 'caller': {'address': '0x636e0a8a1fa19a8fb2ea85d1b5131972b24f4a04'}, 'date': {'date': '2021-02-11'}, 'block': {'height': 11835509}}, {'smartContract': {'address': {'address': '0x1a32ce024e1e55ac15f9036bdf98d22ad7abaf03'}}, 'caller': {'address': '0xd1681ad81b0302d667a3f8ee4605e43e95742585'}, 'date': {'date': '2021-02-11'}, 'block': {'height': 11835492}}, {'smartContract': {'address': {'address': '0x2272356b0187fc016cb6466a7ab68509c5a0d587'}}, 'caller': {'address': '0xd1681ad81b0302d667a3f8ee4605e43e95742585'}, 'date': {'date': '2021-02-11'}, 'block': {'height': 11835492}}, {'smartContract': {'address': {'address': '0x7dca792a3950ba8318c0a4f6894c2339f5db7b3d'}}, 'caller': {'address': '0xd1681ad81b0302d667a3f8ee4605e43e95742585'}, 'date': {'date': '2021-02-11'}, 'block': {'height': 11835492}}, {'smartContract': {'address': {'address': '0xd1681ad81b0302d667a3f8ee4605e43e95742585'}}, 'caller': {'address': '0x03e2b9a4a88c27c996bae7a2f1ff62faec3ce795'}, 'date': {'date': '2021-02-11'}, 'block': {'height': 11835492}}, {'smartContract': {'address': {'address': '0x3e89327fda1a984795f058791eba48a6e299fd5e'}}, 'caller': {'address': '0xe4c7aa55c2538d389f5c555c76963b56f75b4b09'}, 'date': {'date': '2021-02-11'}, 'block': {'height': 11835484}}, {'smartContract': {'address': {'address': '0xe4c7aa55c2538d389f5c555c76963b56f75b4b09'}}, 'caller': {'address': '0x03e2b9a4a88c27c996bae7a2f1ff62faec3ce795'}, 'date': {'date': '2021-02-11'}, 'block': {'height': 11835484}}, {'smartContract': {'address': {'address': '0x4f87d311a4708a2b50992154696b02bf2e3cccc4'}}, 'caller': {'address': '0xe4c7aa55c2538d389f5c555c76963b56f75b4b09'}, 'date': {'date': '2021-02-11'}, 'block': {'height': 11835484}}, {'smartContract': {'address': {'address': '0xb96292b87c91b69610b09d97f8b26af4eb804c1c'}}, 'caller': {'address': '0xe4c7aa55c2538d389f5c555c76963b56f75b4b09'}, 'date': {'date': '2021-02-11'}, 'block': {'height': 11835484}}, {'smartContract': {'address': {'address': '0x561ab00d824920e62a5d4785d9f100f8beaa742b'}}, 'caller': {'address': '0x03e2b9a4a88c27c996bae7a2f1ff62faec3ce795'}, 'date': {'date': '2021-02-11'}, 'block': {'height': 11835476}}, {'smartContract': {'address': {'address': '0x7c2b574961ef225ffa8c74b5b1653337f74ccd6c'}}, 'caller': {'address': '0x561ab00d824920e62a5d4785d9f100f8beaa742b'}, 'date': {'date': '2021-02-11'}, 'block': {'height': 11835476}}, {'smartContract': {'address': {'address': '0x9bc08a3c3d571e3002ce50f75cdd57277dd896e1'}}, 'caller': {'address': '0x561ab00d824920e62a5d4785d9f100f8beaa742b'}, 'date': {'date': '2021-02-11'}, 'block': {'height': 11835476}}, {'smartContract': {'address': {'address': '0x116c0f8a4dd130543e019ec2beb93ca0b4d46603'}}, 'caller': {'address': '0x561ab00d824920e62a5d4785d9f100f8beaa742b'}, 'date': {'date': '2021-02-11'}, 'block': {'height': 11835476}}, {'smartContract': {'address': {'address': '0x6cb162da9d39d5f805d4aeee6b9b1c5c7e7f582c'}}, 'caller': {'address': '0x6575921475134e859634cfb500fe0e2534b08e28'}, 'date': {'date': '2021-02-11'}, 'block': {'height': 11835471}}, {'smartContract': {'address': {'address': '0xb7cc445bf48cb7c4e18e8bc11237726a3548b587'}}, 'caller': {'address': '0x6575921475134e859634cfb500fe0e2534b08e28'}, 'date': {'date': '2021-02-11'}, 'block': {'height': 11835471}}, {'smartContract': {'address': {'address': '0x36a5e8e17adf81b9f11522ace2a5d4bacf127f5f'}}, 'caller': {'address': '0x6575921475134e859634cfb500fe0e2534b08e28'}, 'date': {'date': '2021-02-11'}, 'block': {'height': 11835471}}, {'smartContract': {'address': {'address': '0x6575921475134e859634cfb500fe0e2534b08e28'}}, 'caller': {'address': '0x03e2b9a4a88c27c996bae7a2f1ff62faec3ce795'}, 'date': {'date': '2021-02-11'}, 'block': {'height': 11835471}}, {'smartContract': {'address': {'address': '0x5677d694fefdf9c2428bc2bd5b5e282435a00482'}}, 'caller': {'address': '0x03e2b9a4a88c27c996bae7a2f1ff62faec3ce795'}, 'date': {'date': '2021-02-11'}, 'block': {'height': 11835461}}, {'smartContract': {'address': {'address': '0x8af3b45a9b249725b3caf75d95c03e5210d6c9c9'}}, 'caller': {'address': '0x5677d694fefdf9c2428bc2bd5b5e282435a00482'}, 'date': {'date': '2021-02-11'}, 'block': {'height': 11835461}}, {'smartContract': {'address': {'address': '0xa8ce974e9884fffe61cd3797479689ae3e8bf8d8'}}, 'caller': {'address': '0x5677d694fefdf9c2428bc2bd5b5e282435a00482'}, 'date': {'date': '2021-02-11'}, 'block': {'height': 11835461}}, {'smartContract': {'address': {'address': '0x4c5f70b756a60a9bc5b248c2c5b4d3b1b629433c'}}, 'caller': {'address': '0x5677d694fefdf9c2428bc2bd5b5e282435a00482'}, 'date': {'date': '2021-02-11'}, 'block': {'height': 11835461}}, {'smartContract': {'address': {'address': '0x66a071a1cc1c3c3dcc980d5665ff46e41d4f8e08'}}, 'caller': {'address': '0x724beed481b9e030925fa793a965ea86cc944446'}, 'date': {'date': '2021-02-11'}, 'block': {'height': 11835455}}, {'smartContract': {'address': {'address': '0x03baa3a028277da1d739d67ea0dbbdbf012968e5'}}, 'caller': {'address': '0x724beed481b9e030925fa793a965ea86cc944446'}, 'date': {'date': '2021-02-11'}, 'block': {'height': 11835455}}, {'smartContract': {'address': {'address': '0x724beed481b9e030925fa793a965ea86cc944446'}}, 'caller': {'address': '0x03e2b9a4a88c27c996bae7a2f1ff62faec3ce795'}, 'date': {'date': '2021-02-11'}, 'block': {'height': 11835455}}, {'smartContract': {'address': {'address': '0xa7acb80b901b063e2ad5663857478d0dbacd76af'}}, 'caller': {'address': '0x724beed481b9e030925fa793a965ea86cc944446'}, 'date': {'date': '2021-02-11'}, 'block': {'height': 11835455}}, {'smartContract': {'address': {'address': '0xdc73f3275d739efbb34fb595d0511d1806a0c905'}}, 'caller': {'address': '0x03e2b9a4a88c27c996bae7a2f1ff62faec3ce795'}, 'date': {'date': '2021-02-11'}, 'block': {'height': 11835441}}, {'smartContract': {'address': {'address': '0x236fd03cf1be356b6b9def63c00293fa053fa121'}}, 'caller': {'address': '0x03e2b9a4a88c27c996bae7a2f1ff62faec3ce795'}, 'date': {'date': '2021-02-11'}, 'block': {'height': 11835441}}, {'smartContract': {'address': {'address': '0x6c74e2a1074abe18969be37210b93e681a40b35a'}}, 'caller': {'address': '0x03e2b9a4a88c27c996bae7a2f1ff62faec3ce795'}, 'date': {'date': '2021-02-06'}, 'block': {'height': 11803585}}, {'smartContract': {'address': {'address': '0x7933e8b6861dfb0e1db75a8b55baef62f05936d4'}}, 'caller': {'address': '0x03e2b9a4a88c27c996bae7a2f1ff62faec3ce795'}, 'date': {'date': '2021-02-06'}, 'block': {'height': 11803564}}, {'smartContract': {'address': {'address': '0x3b52d1ad6c078d2d1464a1e60ba6a7be2260b2c5'}}, 'caller': {'address': '0x03e2b9a4a88c27c996bae7a2f1ff62faec3ce795'}, 'date': {'date': '2021-02-06'}, 'block': {'height': 11803533}}, {'smartContract': {'address': {'address': '0xed40834a13129509a89be39a9be9c0e96a0ddd71'}}, 'caller': {'address': '0x03e2b9a4a88c27c996bae7a2f1ff62faec3ce795'}, 'date': {'date': '2021-02-06'}, 'block': {'height': 11803471}}, {'smartContract': {'address': {'address': '0x19a89d05a51b7ed5e40dc915c62c55cfd02ec528'}}, 'caller': {'address': '0x03e2b9a4a88c27c996bae7a2f1ff62faec3ce795'}, 'date': {'date': '2021-02-06'}, 'block': {'height': 11803376}}, {'smartContract': {'address': {'address': '0x6c1cc040f1ac206d7e971ade1d9246bd7856ed2d'}}, 'caller': {'address': '0x03e2b9a4a88c27c996bae7a2f1ff62faec3ce795'}, 'date': {'date': '2021-02-06'}, 'block': {'height': 11803339}}, {'smartContract': {'address': {'address': '0x2eb4861d1a049f3ad7284204e788446bcc543b9f'}}, 'caller': {'address': '0x03e2b9a4a88c27c996bae7a2f1ff62faec3ce795'}, 'date': {'date': '2021-01-20'}, 'block': {'height': 11694786}}, {'smartContract': {'address': {'address': '0x5def0ac051a8be215397399be2de6c346aaa805c'}}, 'caller': {'address': '0x03e2b9a4a88c27c996bae7a2f1ff62faec3ce795'}, 'date': {'date': '2021-01-20'}, 'block': {'height': 11694781}}, {'smartContract': {'address': {'address': '0xaef2d39cc2213e0af51c4d816c6622b05c9ac0da'}}, 'caller': {'address': '0xa2c93074681270c4d51e3402b0f1b2bc56942109'}, 'date': {'date': '2021-01-14'}, 'block': {'height': 11655143}}, {'smartContract': {'address': {'address': '0x842df7dc44edd3726a48d82d12db7a174d9ea9ca'}}, 'caller': {'address': '0xa2c93074681270c4d51e3402b0f1b2bc56942109'}, 'date': {'date': '2021-01-14'}, 'block': {'height': 11655140}}, {'smartContract': {'address': {'address': '0x2eddc98bd78855dc9ac905ba7643e44f93323152'}}, 'caller': {'address': '0x03e2b9a4a88c27c996bae7a2f1ff62faec3ce795'}, 'date': {'date': '2021-01-14'}, 'block': {'height': 11655115}}, {'smartContract': {'address': {'address': '0xebe85c1b14e31829e80b83e6810cd8d23a7859f4'}}, 'caller': {'address': '0x03e2b9a4a88c27c996bae7a2f1ff62faec3ce795'}, 'date': {'date': '2021-01-14'}, 'block': {'height': 11655035}}, {'smartContract': {'address': {'address': '0x5918491bc4d2f99823bb98b2a62b239a8cd931cb'}}, 'caller': {'address': '0xa2c93074681270c4d51e3402b0f1b2bc56942109'}, 'date': {'date': '2021-01-14'}, 'block': {'height': 11654963}}, {'smartContract': {'address': {'address': '0xf3d7826e984e3d0df0442cc02741e88c5be1ce2d'}}, 'caller': {'address': '0xa2c93074681270c4d51e3402b0f1b2bc56942109'}, 'date': {'date': '2021-01-14'}, 'block': {'height': 11654960}}, {'smartContract': {'address': {'address': '0xe20f562badfb8ca4e65153ddcafa0600d5f93cfb'}}, 'caller': {'address': '0xa2c93074681270c4d51e3402b0f1b2bc56942109'}, 'date': {'date': '2021-01-14'}, 'block': {'height': 11654958}}, {'smartContract': {'address': {'address': '0xd0fdf8b0b59eb49ceb37c236556729cd53106c14'}}, 'caller': {'address': '0xa2c93074681270c4d51e3402b0f1b2bc56942109'}, 'date': {'date': '2021-01-14'}, 'block': {'height': 11654956}}, {'smartContract': {'address': {'address': '0x2af95afa06463bc7495fd44913041930c3ec690a'}}, 'caller': {'address': '0xa2c93074681270c4d51e3402b0f1b2bc56942109'}, 'date': {'date': '2021-01-14'}, 'block': {'height': 11654952}}, {'smartContract': {'address': {'address': '0xff9dd1ffc92c8bdb6118216a51447ba4c394d1a0'}}, 'caller': {'address': '0xa2c93074681270c4d51e3402b0f1b2bc56942109'}, 'date': {'date': '2021-01-14'}, 'block': {'height': 11654949}}, {'smartContract': {'address': {'address': '0x515331452ad0cc40d2674dfde4bad794cb4fdec0'}}, 'caller': {'address': '0xc2ddda73269507c49a76fe5154d5e0b006bbe666'}, 'date': {'date': '2021-01-14'}, 'block': {'height': 11654938}}, {'smartContract': {'address': {'address': '0x524bfb1482e3fbcd01b1d3e6aa9eea4fb3f2885c'}}, 'caller': {'address': '0x8e0fa7c5c7fa86a059e865a90b50a90351df716a'}, 'date': {'date': '2021-01-14'}, 'block': {'height': 11654938}}, {'smartContract': {'address': {'address': '0x22459ee22bdc1609c281c33a38bb97d06a82fd35'}}, 'caller': {'address': '0xc2ddda73269507c49a76fe5154d5e0b006bbe666'}, 'date': {'date': '2021-01-14'}, 'block': {'height': 11654938}}, {'smartContract': {'address': {'address': '0xc2ddda73269507c49a76fe5154d5e0b006bbe666'}}, 'caller': {'address': '0x07aad26d0ed27d0ae43b908fcb581a751acf7049'}, 'date': {'date': '2021-01-14'}, 'block': {'height': 11654938}}, {'smartContract': {'address': {'address': '0xa4fa786fb7f5cca9ec672f8e51ab3ce322adf0e1'}}, 'caller': {'address': '0x129eeea8553f8cc3c508d684e602baf853705ad7'}, 'date': {'date': '2021-01-14'}, 'block': {'height': 11654936}}, {'smartContract': {'address': {'address': '0x94f66e5f7c92a3ed661e976f72a82555af6a72d8'}}, 'caller': {'address': '0x129eeea8553f8cc3c508d684e602baf853705ad7'}, 'date': {'date': '2021-01-14'}, 'block': {'height': 11654936}}, {'smartContract': {'address': {'address': '0x19222acf7bc8713274252550c21ac20f57137d7b'}}, 'caller': {'address': '0x8e0fa7c5c7fa86a059e865a90b50a90351df716a'}, 'date': {'date': '2021-01-14'}, 'block': {'height': 11654936}}, {'smartContract': {'address': {'address': '0x129eeea8553f8cc3c508d684e602baf853705ad7'}}, 'caller': {'address': '0x07aad26d0ed27d0ae43b908fcb581a751acf7049'}, 'date': {'date': '2021-01-14'}, 'block': {'height': 11654936}}, {'smartContract': {'address': {'address': '0xcdf00a919d8ae16c6079f28d09c6cbd642bb769c'}}, 'caller': {'address': '0xce8a95ec625cab19ff5f0055cbc033c4698643c4'}, 'date': {'date': '2021-01-14'}, 'block': {'height': 11654934}}, {'smartContract': {'address': {'address': '0x781bc4282561e44c587ab19bcba1c5e592f91469'}}, 'caller': {'address': '0x8e0fa7c5c7fa86a059e865a90b50a90351df716a'}, 'date': {'date': '2021-01-14'}, 'block': {'height': 11654934}}, {'smartContract': {'address': {'address': '0xce8a95ec625cab19ff5f0055cbc033c4698643c4'}}, 'caller': {'address': '0x07aad26d0ed27d0ae43b908fcb581a751acf7049'}, 'date': {'date': '2021-01-14'}, 'block': {'height': 11654934}}, {'smartContract': {'address': {'address': '0x3fc98c35729d4636298cfc51b720a929e677aec1'}}, 'caller': {'address': '0xce8a95ec625cab19ff5f0055cbc033c4698643c4'}, 'date': {'date': '2021-01-14'}, 'block': {'height': 11654934}}, {'smartContract': {'address': {'address': '0x8e0fa7c5c7fa86a059e865a90b50a90351df716a'}}, 'caller': {'address': '0x03e2b9a4a88c27c996bae7a2f1ff62faec3ce795'}, 'date': {'date': '2021-01-14'}, 'block': {'height': 11654924}}, {'smartContract': {'address': {'address': '0x07aad26d0ed27d0ae43b908fcb581a751acf7049'}}, 'caller': {'address': '0x03e2b9a4a88c27c996bae7a2f1ff62faec3ce795'}, 'date': {'date': '2021-01-14'}, 'block': {'height': 11654919}}, {'smartContract': {'address': {'address': '0xa2c93074681270c4d51e3402b0f1b2bc56942109'}}, 'caller': {'address': '0x03e2b9a4a88c27c996bae7a2f1ff62faec3ce795'}, 'date': {'date': '2021-01-14'}, 'block': {'height': 11654912}}]",2021-02-06
311,311,0xe63d6B308BCe0F6193AeC6b7E6eBa005f41e36AB,Stone Token,https://github.com/stonedefi,0x415B357871824e3816a95a1f802D3D00a6897C01,97373.38863,"[{'smartContract': {'address': {'address': '0x0a5b7dc45af79c6673fcf0cdd817cdc635d99fc0'}}, 'caller': {'address': '0x415b357871824e3816a95a1f802d3d00a6897c01'}, 'date': {'date': '2022-11-23'}, 'block': {'height': 16029699}}, {'smartContract': {'address': {'address': '0xc75958b4499fd44c93629fdde1457aa0c5f92543'}}, 'caller': {'address': '0x415b357871824e3816a95a1f802d3d00a6897c01'}, 'date': {'date': '2021-11-08'}, 'block': {'height': 13576559}}, {'smartContract': {'address': {'address': '0xa053dfda2f05b82ee2f787ecac57a16b59d48442'}}, 'caller': {'address': '0x415b357871824e3816a95a1f802d3d00a6897c01'}, 'date': {'date': '2021-11-08'}, 'block': {'height': 13576013}}, {'smartContract': {'address': {'address': '0x5f5d03066f68f8ab0f1a1dc9ba4c8509ab63142b'}}, 'caller': {'address': '0x415b357871824e3816a95a1f802d3d00a6897c01'}, 'date': {'date': '2021-11-04'}, 'block': {'height': 13548742}}, {'smartContract': {'address': {'address': '0xefd2442ae0f32160f8391fd14b87cc3d66257e70'}}, 'caller': {'address': '0x415b357871824e3816a95a1f802d3d00a6897c01'}, 'date': {'date': '2021-03-09'}, 'block': {'height': 12003887}}, {'smartContract': {'address': {'address': '0xae92fa43df905773dc0c29240277be05f2d12e52'}}, 'caller': {'address': '0x415b357871824e3816a95a1f802d3d00a6897c01'}, 'date': {'date': '2021-03-09'}, 'block': {'height': 12003884}}, {'smartContract': {'address': {'address': '0xe3ae033f4e91e51999acc8a076ec473b06027d2c'}}, 'caller': {'address': '0x415b357871824e3816a95a1f802d3d00a6897c01'}, 'date': {'date': '2021-03-09'}, 'block': {'height': 12003840}}, {'smartContract': {'address': {'address': '0xf204279fe40c1d032e40a7f218b0b3b62e025ccf'}}, 'caller': {'address': '0x415b357871824e3816a95a1f802d3d00a6897c01'}, 'date': {'date': '2021-03-09'}, 'block': {'height': 12003832}}, {'smartContract': {'address': {'address': '0xabbe19cf26053100da61df799e8a9299d0dad969'}}, 'caller': {'address': '0x415b357871824e3816a95a1f802d3d00a6897c01'}, 'date': {'date': '2021-03-07'}, 'block': {'height': 11991666}}, {'smartContract': {'address': {'address': '0xb38b210fc9abcdafe00fad0832168f33ad43c45d'}}, 'caller': {'address': '0x415b357871824e3816a95a1f802d3d00a6897c01'}, 'date': {'date': '2021-03-07'}, 'block': {'height': 11991659}}, {'smartContract': {'address': {'address': '0xeffc5f8afe000cbd24be9efb27d4ab8f5335bb8a'}}, 'caller': {'address': '0x415b357871824e3816a95a1f802d3d00a6897c01'}, 'date': {'date': '2021-03-07'}, 'block': {'height': 11991592}}, {'smartContract': {'address': {'address': '0x92adeea9a3beb945b4de3724feb39cedbbc7963d'}}, 'caller': {'address': '0x415b357871824e3816a95a1f802d3d00a6897c01'}, 'date': {'date': '2021-03-07'}, 'block': {'height': 11991587}}, {'smartContract': {'address': {'address': '0xd2b221bc0109dfa74a929c931fb818bd6a981377'}}, 'caller': {'address': '0x415b357871824e3816a95a1f802d3d00a6897c01'}, 'date': {'date': '2021-03-07'}, 'block': {'height': 11991520}}, {'smartContract': {'address': {'address': '0x058e97e20ae45317c5e7c00d55b808533f04ead0'}}, 'caller': {'address': '0x415b357871824e3816a95a1f802d3d00a6897c01'}, 'date': {'date': '2021-03-07'}, 'block': {'height': 11991518}}, {'smartContract': {'address': {'address': '0x010959622664a0c31b018b483f5a06d8c61c6c0e'}}, 'caller': {'address': '0x415b357871824e3816a95a1f802d3d00a6897c01'}, 'date': {'date': '2021-03-07'}, 'block': {'height': 11991487}}, {'smartContract': {'address': {'address': '0xb3218dfbcf4d76a62897f3bd97d8469d05dc397b'}}, 'caller': {'address': '0x415b357871824e3816a95a1f802d3d00a6897c01'}, 'date': {'date': '2021-03-07'}, 'block': {'height': 11991483}}, {'smartContract': {'address': {'address': '0xe63d6b308bce0f6193aec6b7e6eba005f41e36ab'}}, 'caller': {'address': '0x415b357871824e3816a95a1f802d3d00a6897c01'}, 'date': {'date': '2021-03-07'}, 'block': {'height': 11990839}}, {'smartContract': {'address': {'address': '0xb712a8a73655ecdfba8518a19be6309be9d685cc'}}, 'caller': {'address': '0x415b357871824e3816a95a1f802d3d00a6897c01'}, 'date': {'date': '2021-03-06'}, 'block': {'height': 11985608}}, {'smartContract': {'address': {'address': '0x17c1a7488b0e4e5df8e90e07bcc1a7e6f6b038cd'}}, 'caller': {'address': '0x415b357871824e3816a95a1f802d3d00a6897c01'}, 'date': {'date': '2021-03-06'}, 'block': {'height': 11985606}}, {'smartContract': {'address': {'address': '0xe0195737db4c09e5f9ed8c9ddc975b8a11099d5f'}}, 'caller': {'address': '0x415b357871824e3816a95a1f802d3d00a6897c01'}, 'date': {'date': '2021-03-06'}, 'block': {'height': 11982743}}, {'smartContract': {'address': {'address': '0x84ff6680329d90795e3e4dd64d797a2d1633b1c3'}}, 'caller': {'address': '0x415b357871824e3816a95a1f802d3d00a6897c01'}, 'date': {'date': '2021-03-05'}, 'block': {'height': 11976205}}, {'smartContract': {'address': {'address': '0x06051e336d46cccf6d1dabd7964bdee07c45ae4c'}}, 'caller': {'address': '0x415b357871824e3816a95a1f802d3d00a6897c01'}, 'date': {'date': '2021-03-05'}, 'block': {'height': 11976151}}, {'smartContract': {'address': {'address': '0x05d4bad98b6e357272729d5b6e10334a14c61b14'}}, 'caller': {'address': '0x415b357871824e3816a95a1f802d3d00a6897c01'}, 'date': {'date': '2021-03-05'}, 'block': {'height': 11975898}}, {'smartContract': {'address': {'address': '0x40d5169a9df43bd608bf831bc713fb16bb692a7a'}}, 'caller': {'address': '0x415b357871824e3816a95a1f802d3d00a6897c01'}, 'date': {'date': '2021-03-05'}, 'block': {'height': 11975895}}, {'smartContract': {'address': {'address': '0x74f914efad2b7d1abc5b4a56439845bf92a82cd0'}}, 'caller': {'address': '0x415b357871824e3816a95a1f802d3d00a6897c01'}, 'date': {'date': '2021-03-05'}, 'block': {'height': 11975815}}, {'smartContract': {'address': {'address': '0xe34296a257636b1983b9d737895e0e69aa725ac8'}}, 'caller': {'address': '0x415b357871824e3816a95a1f802d3d00a6897c01'}, 'date': {'date': '2021-03-05'}, 'block': {'height': 11975783}}, {'smartContract': {'address': {'address': '0x2431503955e2bd53a85f1474c4b6b943ce078f70'}}, 'caller': {'address': '0x415b357871824e3816a95a1f802d3d00a6897c01'}, 'date': {'date': '2021-03-05'}, 'block': {'height': 11975632}}, {'smartContract': {'address': {'address': '0xbf3532cfeae75c52cbfac41700af1aca7fea68e2'}}, 'caller': {'address': '0x415b357871824e3816a95a1f802d3d00a6897c01'}, 'date': {'date': '2021-03-05'}, 'block': {'height': 11975630}}, {'smartContract': {'address': {'address': '0xad1a1f6ae8d64a2643da1e8a85a215bd7d688dad'}}, 'caller': {'address': '0x415b357871824e3816a95a1f802d3d00a6897c01'}, 'date': {'date': '2021-03-01'}, 'block': {'height': 11950627}}, {'smartContract': {'address': {'address': '0xec81c22f80c03b4560985ecd617fc473a58073a1'}}, 'caller': {'address': '0x415b357871824e3816a95a1f802d3d00a6897c01'}, 'date': {'date': '2021-03-01'}, 'block': {'height': 11950616}}, {'smartContract': {'address': {'address': '0x0603f40106c8b8b4eb83c73a212e04850576468d'}}, 'caller': {'address': '0x415b357871824e3816a95a1f802d3d00a6897c01'}, 'date': {'date': '2021-03-01'}, 'block': {'height': 11950588}}, {'smartContract': {'address': {'address': '0xcaa265ac768e8eb676efbf64335171ea0dee490b'}}, 'caller': {'address': '0x415b357871824e3816a95a1f802d3d00a6897c01'}, 'date': {'date': '2021-03-01'}, 'block': {'height': 11950585}}, {'smartContract': {'address': {'address': '0x6e741f18378b3aba606960427bf67bd3d6d379ee'}}, 'caller': {'address': '0x415b357871824e3816a95a1f802d3d00a6897c01'}, 'date': {'date': '2021-03-01'}, 'block': {'height': 11950581}}, {'smartContract': {'address': {'address': '0xacf704ff8f16e441b3ca53d041129117a0bfad10'}}, 'caller': {'address': '0x415b357871824e3816a95a1f802d3d00a6897c01'}, 'date': {'date': '2021-01-21'}, 'block': {'height': 11696475}}, {'smartContract': {'address': {'address': '0x45df95f6e6fd2726508a818bb257eb171193f87f'}}, 'caller': {'address': '0x415b357871824e3816a95a1f802d3d00a6897c01'}, 'date': {'date': '2021-01-21'}, 'block': {'height': 11696408}}, {'smartContract': {'address': {'address': '0x458895e55b86fed76a365bd6053408f63103d9b9'}}, 'caller': {'address': '0x415b357871824e3816a95a1f802d3d00a6897c01'}, 'date': {'date': '2021-01-21'}, 'block': {'height': 11696404}}, {'smartContract': {'address': {'address': '0x8524f5f1a73c9c370b1160b60e9b4419589dbcd6'}}, 'caller': {'address': '0x415b357871824e3816a95a1f802d3d00a6897c01'}, 'date': {'date': '2021-01-18'}, 'block': {'height': 11676943}}, {'smartContract': {'address': {'address': '0x0baaa61ddfee03f771bff00bd6a1f0ec39eacdb2'}}, 'caller': {'address': '0x415b357871824e3816a95a1f802d3d00a6897c01'}, 'date': {'date': '2021-01-15'}, 'block': {'height': 11660952}}, {'smartContract': {'address': {'address': '0x5495dfdf2b99f19a83e1cb46a7944e05da6ea66d'}}, 'caller': {'address': '0x415b357871824e3816a95a1f802d3d00a6897c01'}, 'date': {'date': '2021-01-15'}, 'block': {'height': 11660499}}, {'smartContract': {'address': {'address': '0xf52c626cb5bea32a4dd2d8763a788da764d71a0e'}}, 'caller': {'address': '0x415b357871824e3816a95a1f802d3d00a6897c01'}, 'date': {'date': '2021-01-15'}, 'block': {'height': 11659357}}, {'smartContract': {'address': {'address': '0x38c59b03a2ca4202b555f02d396e9f59f20d9870'}}, 'caller': {'address': '0x415b357871824e3816a95a1f802d3d00a6897c01'}, 'date': {'date': '2021-01-15'}, 'block': {'height': 11659302}}, {'smartContract': {'address': {'address': '0x1b3a459596a7304de52debbbf3ae59a57d8589d0'}}, 'caller': {'address': '0x415b357871824e3816a95a1f802d3d00a6897c01'}, 'date': {'date': '2021-01-15'}, 'block': {'height': 11659255}}, {'smartContract': {'address': {'address': '0x7d4c20242d7b50938ae069de7788b49f1491ab6e'}}, 'caller': {'address': '0x415b357871824e3816a95a1f802d3d00a6897c01'}, 'date': {'date': '2021-01-15'}, 'block': {'height': 11659149}}, {'smartContract': {'address': {'address': '0xdcaf876fdd9a566418b5a5519264721926c31deb'}}, 'caller': {'address': '0x415b357871824e3816a95a1f802d3d00a6897c01'}, 'date': {'date': '2021-01-15'}, 'block': {'height': 11658623}}, {'smartContract': {'address': {'address': '0x7ffa66c7e9f2ffed42c37bdf341183a3ac3f293d'}}, 'caller': {'address': '0x415b357871824e3816a95a1f802d3d00a6897c01'}, 'date': {'date': '2021-01-15'}, 'block': {'height': 11657458}}, {'smartContract': {'address': {'address': '0xe50deb14486516a1ecb1cce529a04464075d1263'}}, 'caller': {'address': '0x415b357871824e3816a95a1f802d3d00a6897c01'}, 'date': {'date': '2021-01-10'}, 'block': {'height': 11626336}}, {'smartContract': {'address': {'address': '0x12c57fbd64adf45a772e64a29af77b57b5d07207'}}, 'caller': {'address': '0x415b357871824e3816a95a1f802d3d00a6897c01'}, 'date': {'date': '2021-01-09'}, 'block': {'height': 11622039}}, {'smartContract': {'address': {'address': '0xc3859aed1dc1d883acfc3ba39aa159c417252aa5'}}, 'caller': {'address': '0x415b357871824e3816a95a1f802d3d00a6897c01'}, 'date': {'date': '2020-12-15'}, 'block': {'height': 11455978}}, {'smartContract': {'address': {'address': '0x8210a56de7606df15590a6abc61b1e54c62d9cfb'}}, 'caller': {'address': '0x415b357871824e3816a95a1f802d3d00a6897c01'}, 'date': {'date': '2020-12-15'}, 'block': {'height': 11455965}}, {'smartContract': {'address': {'address': '0x8c2c435d178dd4e0aaab04799067a13f32c2aefd'}}, 'caller': {'address': '0x415b357871824e3816a95a1f802d3d00a6897c01'}, 'date': {'date': '2020-12-15'}, 'block': {'height': 11455880}}, {'smartContract': {'address': {'address': '0x751f0c0a1b5114023430f6d09fc167239abf0b83'}}, 'caller': {'address': '0x76e2cfc1f5fa8f6a5b3fc4c8f4788f0116861f9b'}, 'date': {'date': '2020-12-04'}, 'block': {'height': 11384813}}, {'smartContract': {'address': {'address': '0x8e0b534b0fa80e21009268af5845712cb9698468'}}, 'caller': {'address': '0x415b357871824e3816a95a1f802d3d00a6897c01'}, 'date': {'date': '2020-12-02'}, 'block': {'height': 11371823}}, {'smartContract': {'address': {'address': '0xcb95c1004bfe5661fe54570d2d72fabfac0a851f'}}, 'caller': {'address': '0x415b357871824e3816a95a1f802d3d00a6897c01'}, 'date': {'date': '2020-12-02'}, 'block': {'height': 11371820}}, {'smartContract': {'address': {'address': '0x3ac2a19f2977d8d57124c675fe76b4f94b4c6149'}}, 'caller': {'address': '0x415b357871824e3816a95a1f802d3d00a6897c01'}, 'date': {'date': '2020-12-02'}, 'block': {'height': 11371815}}, {'smartContract': {'address': {'address': '0x00a128657b2ecf8e38bd010814cf41403a9a72d3'}}, 'caller': {'address': '0x415b357871824e3816a95a1f802d3d00a6897c01'}, 'date': {'date': '2020-12-02'}, 'block': {'height': 11371812}}, {'smartContract': {'address': {'address': '0x367f6693d7d6ccb75b3ef6388e481086dede9756'}}, 'caller': {'address': '0x415b357871824e3816a95a1f802d3d00a6897c01'}, 'date': {'date': '2020-12-02'}, 'block': {'height': 11371808}}]",2021-03-07
312,312,0xa1d0E215a23d7030842FC67cE582a6aFa3CCaB83,YFII.finance,https://github.com/yfii,0x8CC1cFdc1C60C19a1d7C0fa3c042a4916AA79a51,93540.53327,[],2020-07-26
313,313,0xF0939011a9bb95c3B791f0cb546377Ed2693a574,Zero.Exchange Token,,0x8916d0e29375C03f2b4dAa71338FD8407dB57ae2,85982.36557,"[{'smartContract': {'address': {'address': '0xf0939011a9bb95c3b791f0cb546377ed2693a574'}}, 'caller': {'address': '0x8916d0e29375c03f2b4daa71338fd8407db57ae2'}, 'date': {'date': '2020-12-26'}, 'block': {'height': 11532403}}, {'smartContract': {'address': {'address': '0x863e04873136b3d600d215ba3e6403ff4f2d7fec'}}, 'caller': {'address': '0x8916d0e29375c03f2b4daa71338fd8407db57ae2'}, 'date': {'date': '2020-12-26'}, 'block': {'height': 11525996}}, {'smartContract': {'address': {'address': '0x8d9fed81a35b6fa93423a9aa915a8e125b772683'}}, 'caller': {'address': '0x8916d0e29375c03f2b4daa71338fd8407db57ae2'}, 'date': {'date': '2020-12-25'}, 'block': {'height': 11525600}}]",2020-12-27
314,314,0x62Dc4817588d53a056cBbD18231d91ffCcd34b2A,DeHive.finance,,0x93D9c13829a604C34eDE73FB8E1BA924259374e8,85413.79766,"[{'smartContract': {'address': {'address': '0x0da509a51de6a05c917891ba3a8536a9d469ab20'}}, 'caller': {'address': '0x93d9c13829a604c34ede73fb8e1ba924259374e8'}, 'date': {'date': '2021-07-16'}, 'block': {'height': 12834717}}, {'smartContract': {'address': {'address': '0x06ba94e75f411e36ec195b5cd359b4b8e75b6676'}}, 'caller': {'address': '0x93d9c13829a604c34ede73fb8e1ba924259374e8'}, 'date': {'date': '2021-07-15'}, 'block': {'height': 12834612}}, {'smartContract': {'address': {'address': '0xfe48bfff0eaedcb3724c8c0e8bda26e267f0a651'}}, 'caller': {'address': '0x93d9c13829a604c34ede73fb8e1ba924259374e8'}, 'date': {'date': '2021-07-15'}, 'block': {'height': 12834602}}, {'smartContract': {'address': {'address': '0x7aa4bccd2e59599d86f196cbf8e81a598603a1a0'}}, 'caller': {'address': '0x93d9c13829a604c34ede73fb8e1ba924259374e8'}, 'date': {'date': '2021-07-15'}, 'block': {'height': 12834598}}, {'smartContract': {'address': {'address': '0x9600f029dc487070e2d1a4356e20b1c34525c870'}}, 'caller': {'address': '0x93d9c13829a604c34ede73fb8e1ba924259374e8'}, 'date': {'date': '2021-07-15'}, 'block': {'height': 12834562}}, {'smartContract': {'address': {'address': '0xe3365d995dd931f779ec5620c02ed14c3c9359c4'}}, 'caller': {'address': '0x93d9c13829a604c34ede73fb8e1ba924259374e8'}, 'date': {'date': '2021-07-15'}, 'block': {'height': 12834551}}, {'smartContract': {'address': {'address': '0xac01a48ad8476e00ac4f57503bc50bcf5ff30724'}}, 'caller': {'address': '0xa5409ec958c83c3f309868babaca7c86dcb077c1'}, 'date': {'date': '2021-04-12'}, 'block': {'height': 12226249}}, {'smartContract': {'address': {'address': '0x62dc4817588d53a056cbbd18231d91ffccd34b2a'}}, 'caller': {'address': '0x93d9c13829a604c34ede73fb8e1ba924259374e8'}, 'date': {'date': '2021-03-17'}, 'block': {'height': 12057527}}]",2021-03-17
315,315,0x155ff1A85F440EE0A382eA949f24CE4E0b751c65,Behodler.io (EYE),https://github.com/Behodler/,0x2593be17Dd1C31B4c124A18BAC3a7aE19567ae37,81116.55534,"[{'smartContract': {'address': {'address': '0x1dea4bd0a3723086949ffe759678cd621a652d6e'}}, 'caller': {'address': '0x5c69bee701ef814a2b6a3edd4b1652cb9cc5aa6f'}, 'date': {'date': '2022-04-11'}, 'block': {'height': 14562900}}, {'smartContract': {'address': {'address': '0x696fc90035f97f0425f38131e4c49450f85de78b'}}, 'caller': {'address': '0x2593be17dd1c31b4c124a18bac3a7ae19567ae37'}, 'date': {'date': '2021-12-09'}, 'block': {'height': 13773837}}, {'smartContract': {'address': {'address': '0xf83c34e688716130222949a1cf86411eb4b307df'}}, 'caller': {'address': '0x2593be17dd1c31b4c124a18bac3a7ae19567ae37'}, 'date': {'date': '2021-11-09'}, 'block': {'height': 13579396}}, {'smartContract': {'address': {'address': '0x57e6f1de53e7fb8537b7e4568149fce4a44950a4'}}, 'caller': {'address': '0x2593be17dd1c31b4c124a18bac3a7ae19567ae37'}, 'date': {'date': '2021-11-09'}, 'block': {'height': 13579350}}, {'smartContract': {'address': {'address': '0x47668beb6ae655ecc10e46ca889a74829ff325b4'}}, 'caller': {'address': '0x2593be17dd1c31b4c124a18bac3a7ae19567ae37'}, 'date': {'date': '2021-10-27'}, 'block': {'height': 13496444}}, {'smartContract': {'address': {'address': '0xb56238471b05a48ac0046f744904984d4ed2e530'}}, 'caller': {'address': '0x5c69bee701ef814a2b6a3edd4b1652cb9cc5aa6f'}, 'date': {'date': '2021-10-26'}, 'block': {'height': 13495628}}, {'smartContract': {'address': {'address': '0x3ea19eda1529febcfedb9e12163bac0be0a9f844'}}, 'caller': {'address': '0x2593be17dd1c31b4c124a18bac3a7ae19567ae37'}, 'date': {'date': '2021-10-17'}, 'block': {'height': 13434564}}, {'smartContract': {'address': {'address': '0xd778f98eb4ff41f999b4639d0298c67522a44d91'}}, 'caller': {'address': '0x2593be17dd1c31b4c124a18bac3a7ae19567ae37'}, 'date': {'date': '2021-10-17'}, 'block': {'height': 13434541}}, {'smartContract': {'address': {'address': '0xf6c078a0ba42f591aa74349ddaa9665660e78c1c'}}, 'caller': {'address': '0x2593be17dd1c31b4c124a18bac3a7ae19567ae37'}, 'date': {'date': '2021-10-12'}, 'block': {'height': 13401492}}, {'smartContract': {'address': {'address': '0xce3f93c1161655abfb67b24fd4bc63d469f97650'}}, 'caller': {'address': '0x2593be17dd1c31b4c124a18bac3a7ae19567ae37'}, 'date': {'date': '2021-10-04'}, 'block': {'height': 13350705}}, {'smartContract': {'address': {'address': '0x9447abc0c260b1519f6d6cc97dcdb8b80d308222'}}, 'caller': {'address': '0x2593be17dd1c31b4c124a18bac3a7ae19567ae37'}, 'date': {'date': '2021-09-30'}, 'block': {'height': 13324619}}, {'smartContract': {'address': {'address': '0x25b0e575bd4fdf9066f56945e46e5186b27cc8b1'}}, 'caller': {'address': '0xb789b73ebea500e797c068c4a3d7b1b490b58475'}, 'date': {'date': '2021-09-10'}, 'block': {'height': 13201074}}, {'smartContract': {'address': {'address': '0x2538e0724371611dcbce2e337ac5d44010c7b13f'}}, 'caller': {'address': '0x97cbd3708cc001a8f7d1c4bc89936207f1fc70c7'}, 'date': {'date': '2021-09-10'}, 'block': {'height': 13201074}}, {'smartContract': {'address': {'address': '0xa3f3a14f6417d8938cffea705ce7841dc4e2c4fa'}}, 'caller': {'address': '0x166f6240a5560a34352b054468deb85042c85142'}, 'date': {'date': '2021-09-10'}, 'block': {'height': 13201074}}, {'smartContract': {'address': {'address': '0xc658c225747785d24a461508c09702e578278107'}}, 'caller': {'address': '0x67581cc48320d7ab4eba57e26d05d665a0ff31db'}, 'date': {'date': '2021-09-10'}, 'block': {'height': 13201074}}, {'smartContract': {'address': {'address': '0x5b3f52c2356ae0c2eed7a422ba6ea983f9d22f6e'}}, 'caller': {'address': '0x2593be17dd1c31b4c124a18bac3a7ae19567ae37'}, 'date': {'date': '2021-07-19'}, 'block': {'height': 12855628}}, {'smartContract': {'address': {'address': '0xf61834c772d16a131b4caa66a5ae25fe033b0f79'}}, 'caller': {'address': '0x2593be17dd1c31b4c124a18bac3a7ae19567ae37'}, 'date': {'date': '2021-07-19'}, 'block': {'height': 12854789}}, {'smartContract': {'address': {'address': '0x19d85c78011d79f2a2ac4ea6a2b141b06ac038b7'}}, 'caller': {'address': '0x2593be17dd1c31b4c124a18bac3a7ae19567ae37'}, 'date': {'date': '2021-07-19'}, 'block': {'height': 12854643}}, {'smartContract': {'address': {'address': '0xb7ad1cdc89985c69d5e553a18c2935e67b1422c8'}}, 'caller': {'address': '0x2593be17dd1c31b4c124a18bac3a7ae19567ae37'}, 'date': {'date': '2021-07-19'}, 'block': {'height': 12854625}}, {'smartContract': {'address': {'address': '0x900c4a76abe1b1bc2a8c433bb141417ce98b1b96'}}, 'caller': {'address': '0x2593be17dd1c31b4c124a18bac3a7ae19567ae37'}, 'date': {'date': '2021-07-19'}, 'block': {'height': 12854607}}, {'smartContract': {'address': {'address': '0xdd3052aa3071bc14c4fd328a4a001647b8922f29'}}, 'caller': {'address': '0x2593be17dd1c31b4c124a18bac3a7ae19567ae37'}, 'date': {'date': '2021-07-19'}, 'block': {'height': 12854375}}, {'smartContract': {'address': {'address': '0xcafd82419b97db42c7cd3ab2067612571f44a79a'}}, 'caller': {'address': '0x8bb5af6f10391cdbfb4c6f141a8b31a55b3411b5'}, 'date': {'date': '2021-06-05'}, 'block': {'height': 12571362}}, {'smartContract': {'address': {'address': '0x76e7d91f0838571e2f9ab6b9889db13a3e55da7b'}}, 'caller': {'address': '0x4cb2f953f85b3ffdc97269f5cef6a4fcc0ca4d73'}, 'date': {'date': '2021-06-05'}, 'block': {'height': 12571362}}, {'smartContract': {'address': {'address': '0x3ca457a950ebba9994d393e9afbb8fa2a5ec0a42'}}, 'caller': {'address': '0xa743f8a9d7c2d7e56e6983d0b60ff19ebc0ce727'}, 'date': {'date': '2021-06-05'}, 'block': {'height': 12571362}}, {'smartContract': {'address': {'address': '0xb7cc5180329a933f1fabd7a06cdb8e98c5ba0b98'}}, 'caller': {'address': '0x91817512578e22d4ab2a70683280bfbe11c504b4'}, 'date': {'date': '2021-06-05'}, 'block': {'height': 12571362}}, {'smartContract': {'address': {'address': '0x2be782e67a1cc1a4ebf2d140d97b3417455481ec'}}, 'caller': {'address': '0x2593be17dd1c31b4c124a18bac3a7ae19567ae37'}, 'date': {'date': '2021-04-25'}, 'block': {'height': 12308476}}, {'smartContract': {'address': {'address': '0x702263076179f49470603614ee87a82047b69b96'}}, 'caller': {'address': '0xb692712d79dacb9d88ee492976ddd935032d40bf'}, 'date': {'date': '2021-04-23'}, 'block': {'height': 12299553}}, {'smartContract': {'address': {'address': '0xd0494e949a6b8f3c74e56ac180e49917e20e1fa0'}}, 'caller': {'address': '0x2593be17dd1c31b4c124a18bac3a7ae19567ae37'}, 'date': {'date': '2021-04-17'}, 'block': {'height': 12260616}}, {'smartContract': {'address': {'address': '0xc5bf20d052635f818e6053a942310f774e73edf7'}}, 'caller': {'address': '0x2593be17dd1c31b4c124a18bac3a7ae19567ae37'}, 'date': {'date': '2021-04-17'}, 'block': {'height': 12260596}}, {'smartContract': {'address': {'address': '0xa7cb2536def9723cdef34eaea6c38b5749aa1588'}}, 'caller': {'address': '0x2593be17dd1c31b4c124a18bac3a7ae19567ae37'}, 'date': {'date': '2021-04-17'}, 'block': {'height': 12260564}}, {'smartContract': {'address': {'address': '0x24125d66bf9f4ef2b6cd4c40063f7f0ac6d4172f'}}, 'caller': {'address': '0x2593be17dd1c31b4c124a18bac3a7ae19567ae37'}, 'date': {'date': '2021-04-17'}, 'block': {'height': 12260553}}, {'smartContract': {'address': {'address': '0x99450d1475cb9dd1f34b991769780641a9a06572'}}, 'caller': {'address': '0x2593be17dd1c31b4c124a18bac3a7ae19567ae37'}, 'date': {'date': '2021-04-17'}, 'block': {'height': 12260539}}, {'smartContract': {'address': {'address': '0xe8cc1bf6e21571ae88344404f6d35d8e5ff8f102'}}, 'caller': {'address': '0x2593be17dd1c31b4c124a18bac3a7ae19567ae37'}, 'date': {'date': '2021-04-17'}, 'block': {'height': 12260392}}, {'smartContract': {'address': {'address': '0xffdcf488aba2582a2397d4acc0d4ffb3a360a743'}}, 'caller': {'address': '0x2593be17dd1c31b4c124a18bac3a7ae19567ae37'}, 'date': {'date': '2021-04-17'}, 'block': {'height': 12260300}}, {'smartContract': {'address': {'address': '0x4e5b2d2ce4015befd211fcd84ae0668c4357076b'}}, 'caller': {'address': '0x2593be17dd1c31b4c124a18bac3a7ae19567ae37'}, 'date': {'date': '2021-04-15'}, 'block': {'height': 12242666}}, {'smartContract': {'address': {'address': '0x9a9e869365d18a942c4c15922c72674b916608b2'}}, 'caller': {'address': '0x2593be17dd1c31b4c124a18bac3a7ae19567ae37'}, 'date': {'date': '2021-04-13'}, 'block': {'height': 12229385}}, {'smartContract': {'address': {'address': '0x0e11931b3a88009e8304ebbb65d407ab4b3b26ae'}}, 'caller': {'address': '0x2593be17dd1c31b4c124a18bac3a7ae19567ae37'}, 'date': {'date': '2021-04-12'}, 'block': {'height': 12228019}}, {'smartContract': {'address': {'address': '0xd4001592f01d80b5e930b472d7243e9674b1d43d'}}, 'caller': {'address': '0x2593be17dd1c31b4c124a18bac3a7ae19567ae37'}, 'date': {'date': '2021-04-09'}, 'block': {'height': 12205963}}, {'smartContract': {'address': {'address': '0x3aa3455fb69a3a08c35fce0290c4596c55516e45'}}, 'caller': {'address': '0x2593be17dd1c31b4c124a18bac3a7ae19567ae37'}, 'date': {'date': '2021-04-09'}, 'block': {'height': 12205851}}, {'smartContract': {'address': {'address': '0x59024c22dff8bf24a4bcb30ae9329efcc5e0dce4'}}, 'caller': {'address': '0x2593be17dd1c31b4c124a18bac3a7ae19567ae37'}, 'date': {'date': '2021-04-09'}, 'block': {'height': 12205833}}, {'smartContract': {'address': {'address': '0x6b89cd36fa2405539597a59120a1f4dfc730ac42'}}, 'caller': {'address': '0x2593be17dd1c31b4c124a18bac3a7ae19567ae37'}, 'date': {'date': '2021-04-09'}, 'block': {'height': 12205804}}, {'smartContract': {'address': {'address': '0xcd1cbdb64cc52bf04b3421956d9f3f5c3d929c92'}}, 'caller': {'address': '0x2593be17dd1c31b4c124a18bac3a7ae19567ae37'}, 'date': {'date': '2021-04-09'}, 'block': {'height': 12205757}}, {'smartContract': {'address': {'address': '0x32fa3f8d2eb299ef769c7bc46e0b5f3071bd6dea'}}, 'caller': {'address': '0x2593be17dd1c31b4c124a18bac3a7ae19567ae37'}, 'date': {'date': '2021-04-09'}, 'block': {'height': 12205714}}, {'smartContract': {'address': {'address': '0x8a8963d1b4fe046611a383e2355c9e6097060a83'}}, 'caller': {'address': '0x2593be17dd1c31b4c124a18bac3a7ae19567ae37'}, 'date': {'date': '2021-02-26'}, 'block': {'height': 11932719}}, {'smartContract': {'address': {'address': '0x0b3be0f4d4760a2e4158963db199b4fcf9007a12'}}, 'caller': {'address': '0x2593be17dd1c31b4c124a18bac3a7ae19567ae37'}, 'date': {'date': '2021-02-25'}, 'block': {'height': 11929177}}, {'smartContract': {'address': {'address': '0x09e6b3c86168ff2b4896684ccb53e9c244ca964a'}}, 'caller': {'address': '0x2593be17dd1c31b4c124a18bac3a7ae19567ae37'}, 'date': {'date': '2021-02-25'}, 'block': {'height': 11929034}}, {'smartContract': {'address': {'address': '0xaf75d4d3a728007a2d9641edeb15b9818681f921'}}, 'caller': {'address': '0xe80f95da4db121989df7c0451165a6998a4600fb'}, 'date': {'date': '2021-02-21'}, 'block': {'height': 11900963}}, {'smartContract': {'address': {'address': '0x43a01d4d5af42637ea99f0787f4efa48d44cb8ae'}}, 'caller': {'address': '0x2593be17dd1c31b4c124a18bac3a7ae19567ae37'}, 'date': {'date': '2021-02-19'}, 'block': {'height': 11890174}}, {'smartContract': {'address': {'address': '0xe552ca463c8d9cc668960d0835163961a529838f'}}, 'caller': {'address': '0x2593be17dd1c31b4c124a18bac3a7ae19567ae37'}, 'date': {'date': '2021-02-19'}, 'block': {'height': 11890132}}, {'smartContract': {'address': {'address': '0x1149978301748b29c28d1100cc14cfdedec5f162'}}, 'caller': {'address': '0xe80f95da4db121989df7c0451165a6998a4600fb'}, 'date': {'date': '2021-02-19'}, 'block': {'height': 11888296}}, {'smartContract': {'address': {'address': '0x0b30de2a2ada5fc5ca43c2320f68fefb1d72d8cb'}}, 'caller': {'address': '0xe80f95da4db121989df7c0451165a6998a4600fb'}, 'date': {'date': '2021-02-19'}, 'block': {'height': 11888275}}, {'smartContract': {'address': {'address': '0x9e5655054fe7698f108a76ca221ad6f0a1358c33'}}, 'caller': {'address': '0xe80f95da4db121989df7c0451165a6998a4600fb'}, 'date': {'date': '2021-02-19'}, 'block': {'height': 11888274}}, {'smartContract': {'address': {'address': '0xbe210a9573d2654afe04488c2556554466862367'}}, 'caller': {'address': '0xe80f95da4db121989df7c0451165a6998a4600fb'}, 'date': {'date': '2021-02-19'}, 'block': {'height': 11888273}}, {'smartContract': {'address': {'address': '0x0c4b748db1f78a679401608c27b5637cd0a31ecf'}}, 'caller': {'address': '0xe80f95da4db121989df7c0451165a6998a4600fb'}, 'date': {'date': '2021-02-19'}, 'block': {'height': 11888270}}, {'smartContract': {'address': {'address': '0xc857dfbe84523553e11de72fc15f2de089106d40'}}, 'caller': {'address': '0x2593be17dd1c31b4c124a18bac3a7ae19567ae37'}, 'date': {'date': '2021-02-19'}, 'block': {'height': 11888206}}, {'smartContract': {'address': {'address': '0x1b8568fbb47708e9e9d31ff303254f748805bf21'}}, 'caller': {'address': '0x2593be17dd1c31b4c124a18bac3a7ae19567ae37'}, 'date': {'date': '2021-02-19'}, 'block': {'height': 11888118}}, {'smartContract': {'address': {'address': '0x16feda2b82ba55d32ff936b9283a107972270500'}}, 'caller': {'address': '0x2593be17dd1c31b4c124a18bac3a7ae19567ae37'}, 'date': {'date': '2021-02-19'}, 'block': {'height': 11888112}}, {'smartContract': {'address': {'address': '0xe80f95da4db121989df7c0451165a6998a4600fb'}}, 'caller': {'address': '0x2593be17dd1c31b4c124a18bac3a7ae19567ae37'}, 'date': {'date': '2021-02-19'}, 'block': {'height': 11888102}}, {'smartContract': {'address': {'address': '0xbfd82ab8ab0fd3d5e8e128186e9bb4954e54fa73'}}, 'caller': {'address': '0x2593be17dd1c31b4c124a18bac3a7ae19567ae37'}, 'date': {'date': '2021-02-19'}, 'block': {'height': 11888090}}, {'smartContract': {'address': {'address': '0xb4d642b9f36de774717c406d935c94d9e7a92e44'}}, 'caller': {'address': '0xb2a684314dc4dac5d5703efcf616bfc00fcdde9e'}, 'date': {'date': '2021-02-19'}, 'block': {'height': 11887773}}, {'smartContract': {'address': {'address': '0xb2a684314dc4dac5d5703efcf616bfc00fcdde9e'}}, 'caller': {'address': '0x2593be17dd1c31b4c124a18bac3a7ae19567ae37'}, 'date': {'date': '2021-02-19'}, 'block': {'height': 11887718}}, {'smartContract': {'address': {'address': '0x61c1d7dbaea8740895c5d98f89a670392fa5fced'}}, 'caller': {'address': '0x2593be17dd1c31b4c124a18bac3a7ae19567ae37'}, 'date': {'date': '2021-02-19'}, 'block': {'height': 11887651}}, {'smartContract': {'address': {'address': '0xd01d1e92a84401b2bfa09fef84c7692587f236f7'}}, 'caller': {'address': '0x2593be17dd1c31b4c124a18bac3a7ae19567ae37'}, 'date': {'date': '2021-02-19'}, 'block': {'height': 11887624}}, {'smartContract': {'address': {'address': '0x89c7dbe60db3265e5ee18d9c495bd2b47ba3d070'}}, 'caller': {'address': '0x39bbc35da824c55c3bb0699131613cd396a241fb'}, 'date': {'date': '2021-02-19'}, 'block': {'height': 11887516}}, {'smartContract': {'address': {'address': '0x1b39064f2e1b70a498965f71593da6559352eaa3'}}, 'caller': {'address': '0x39bbc35da824c55c3bb0699131613cd396a241fb'}, 'date': {'date': '2021-02-19'}, 'block': {'height': 11887516}}, {'smartContract': {'address': {'address': '0xa1230e0de60a28f12ab6cd1ce667de74051ab775'}}, 'caller': {'address': '0x39bbc35da824c55c3bb0699131613cd396a241fb'}, 'date': {'date': '2021-02-19'}, 'block': {'height': 11887516}}, {'smartContract': {'address': {'address': '0xa7aa5861ada4ffe0eb9f6c8776a24152fb5429bd'}}, 'caller': {'address': '0x39bbc35da824c55c3bb0699131613cd396a241fb'}, 'date': {'date': '2021-02-19'}, 'block': {'height': 11887516}}, {'smartContract': {'address': {'address': '0x4bb03c637405c50362204587e0a6473f0013ba8a'}}, 'caller': {'address': '0x39bbc35da824c55c3bb0699131613cd396a241fb'}, 'date': {'date': '2021-02-19'}, 'block': {'height': 11887516}}, {'smartContract': {'address': {'address': '0xe8014572002aa893e3cff9cab754ac0c42404296'}}, 'caller': {'address': '0x39bbc35da824c55c3bb0699131613cd396a241fb'}, 'date': {'date': '2021-02-19'}, 'block': {'height': 11887516}}, {'smartContract': {'address': {'address': '0x2a1880d2a280616c6114131e53db4c334257011a'}}, 'caller': {'address': '0x39bbc35da824c55c3bb0699131613cd396a241fb'}, 'date': {'date': '2021-02-19'}, 'block': {'height': 11887516}}, {'smartContract': {'address': {'address': '0xbf94c7e91a46cb2504c7b250852a43f93a48b650'}}, 'caller': {'address': '0x39bbc35da824c55c3bb0699131613cd396a241fb'}, 'date': {'date': '2021-02-19'}, 'block': {'height': 11887516}}, {'smartContract': {'address': {'address': '0x8a1515e2992665f812e57bba826c640f0f14c044'}}, 'caller': {'address': '0x39bbc35da824c55c3bb0699131613cd396a241fb'}, 'date': {'date': '2021-02-19'}, 'block': {'height': 11887516}}, {'smartContract': {'address': {'address': '0xbcc32b14e509f9db1d7f357b534bd2cc4392c11f'}}, 'caller': {'address': '0x39bbc35da824c55c3bb0699131613cd396a241fb'}, 'date': {'date': '2021-02-19'}, 'block': {'height': 11887271}}, {'smartContract': {'address': {'address': '0x39bbc35da824c55c3bb0699131613cd396a241fb'}}, 'caller': {'address': '0x2593be17dd1c31b4c124a18bac3a7ae19567ae37'}, 'date': {'date': '2021-02-19'}, 'block': {'height': 11887256}}, {'smartContract': {'address': {'address': '0xa489a5d55d5494368391d0d749c50a1c3571dcfd'}}, 'caller': {'address': '0x2593be17dd1c31b4c124a18bac3a7ae19567ae37'}, 'date': {'date': '2021-02-19'}, 'block': {'height': 11887197}}, {'smartContract': {'address': {'address': '0x439e02b4496567184018fb35fd417a6baf35c8ac'}}, 'caller': {'address': '0x2593be17dd1c31b4c124a18bac3a7ae19567ae37'}, 'date': {'date': '2021-02-19'}, 'block': {'height': 11887182}}, {'smartContract': {'address': {'address': '0xc8f50dc92927440e3af21dd722275b7c1948c54a'}}, 'caller': {'address': '0xc2dbecd9947b7a0f7a380810707e599ef0d2180e'}, 'date': {'date': '2021-02-19'}, 'block': {'height': 11887142}}, {'smartContract': {'address': {'address': '0xc2dbecd9947b7a0f7a380810707e599ef0d2180e'}}, 'caller': {'address': '0x2593be17dd1c31b4c124a18bac3a7ae19567ae37'}, 'date': {'date': '2021-02-19'}, 'block': {'height': 11887142}}, {'smartContract': {'address': {'address': '0x603cccdc24cdfbd5f6019fc9f50bd8fecf55f53f'}}, 'caller': {'address': '0x2593be17dd1c31b4c124a18bac3a7ae19567ae37'}, 'date': {'date': '2021-02-19'}, 'block': {'height': 11887127}}, {'smartContract': {'address': {'address': '0x4f5704d9d2cbccaf11e70b34048d41a0d572993f'}}, 'caller': {'address': '0x2593be17dd1c31b4c124a18bac3a7ae19567ae37'}, 'date': {'date': '2021-02-19'}, 'block': {'height': 11887044}}, {'smartContract': {'address': {'address': '0x5a2274f54dac11be27c8e6b25bcf1e4381f15914'}}, 'caller': {'address': '0x2593be17dd1c31b4c124a18bac3a7ae19567ae37'}, 'date': {'date': '2021-02-19'}, 'block': {'height': 11886997}}, {'smartContract': {'address': {'address': '0xce79db4b469642c07371c8834d387969c78c1316'}}, 'caller': {'address': '0x2593be17dd1c31b4c124a18bac3a7ae19567ae37'}, 'date': {'date': '2021-02-19'}, 'block': {'height': 11886991}}, {'smartContract': {'address': {'address': '0xde36f580bd0e2f787c4e0ca6735795bbefac7f8e'}}, 'caller': {'address': '0x2593be17dd1c31b4c124a18bac3a7ae19567ae37'}, 'date': {'date': '2021-02-19'}, 'block': {'height': 11886981}}, {'smartContract': {'address': {'address': '0xe5b6c531176aea0d88b7f96853a5a95f07dd066d'}}, 'caller': {'address': '0x2593be17dd1c31b4c124a18bac3a7ae19567ae37'}, 'date': {'date': '2021-02-19'}, 'block': {'height': 11886962}}, {'smartContract': {'address': {'address': '0x05e1320cd7aeb04a011d5ada22aeadbf292bdd30'}}, 'caller': {'address': '0x2593be17dd1c31b4c124a18bac3a7ae19567ae37'}, 'date': {'date': '2021-02-19'}, 'block': {'height': 11886962}}, {'smartContract': {'address': {'address': '0x65fca9f575675605939860e7cfa616e07b8c592a'}}, 'caller': {'address': '0x2593be17dd1c31b4c124a18bac3a7ae19567ae37'}, 'date': {'date': '2020-12-16'}, 'block': {'height': 11466838}}, {'smartContract': {'address': {'address': '0xfbb3d2c70c55fe463a554ced89b36c148405e58b'}}, 'caller': {'address': '0x2593be17dd1c31b4c124a18bac3a7ae19567ae37'}, 'date': {'date': '2020-10-09'}, 'block': {'height': 11022789}}, {'smartContract': {'address': {'address': '0x155ff1a85f440ee0a382ea949f24ce4e0b751c65'}}, 'caller': {'address': '0x2593be17dd1c31b4c124a18bac3a7ae19567ae37'}, 'date': {'date': '2020-09-24'}, 'block': {'height': 10925585}}]",2020-09-24
316,316,0xAA2ce7Ae64066175E0B90497CE7d9c190c315DB4,Suterusu,https://github.com/suterusu-io,0x8A8393fd70bbD3D99406E0b90e0452d3553224bb,80203.18819,"[{'smartContract': {'address': {'address': '0xee55980166f1746e5978f724995aedc3cb06d553'}}, 'caller': {'address': '0x1f98431c8ad98523631ae4a59f267346ea31f984'}, 'date': {'date': '2021-07-29'}, 'block': {'height': 12917493}}, {'smartContract': {'address': {'address': '0x72aa905654f3fdf8f0261533b8d133df9978bfc4'}}, 'caller': {'address': '0x5c69bee701ef814a2b6a3edd4b1652cb9cc5aa6f'}, 'date': {'date': '2021-02-09'}, 'block': {'height': 11820817}}, {'smartContract': {'address': {'address': '0xaa2ce7ae64066175e0b90497ce7d9c190c315db4'}}, 'caller': {'address': '0x8a8393fd70bbd3d99406e0b90e0452d3553224bb'}, 'date': {'date': '2020-10-10'}, 'block': {'height': 11028516}}]",2020-10-10
317,317,0x4D953cf077c0C95Ba090226E59A18FcF97db44EC,MINISWAP,https://github.com/MiniswapOrg,0x36dF7E6bA44bB837E73ab2104d619E068A86Bcb9,78790.22801,"[{'smartContract': {'address': {'address': '0xa8bf2a99cc55ca34d2e014656519f06b6974a035'}}, 'caller': {'address': '0x36df7e6ba44bb837e73ab2104d619e068a86bcb9'}, 'date': {'date': '2020-10-26'}, 'block': {'height': 11130829}}, {'smartContract': {'address': {'address': '0x7309ece70a654e4167a48e1599fb69777f53418b'}}, 'caller': {'address': '0x36df7e6ba44bb837e73ab2104d619e068a86bcb9'}, 'date': {'date': '2020-10-26'}, 'block': {'height': 11130828}}, {'smartContract': {'address': {'address': '0x38c1743377a9b7e89887395eec4d2665dc450eb5'}}, 'caller': {'address': '0x36df7e6ba44bb837e73ab2104d619e068a86bcb9'}, 'date': {'date': '2020-10-26'}, 'block': {'height': 11130824}}, {'smartContract': {'address': {'address': '0x493f3a5d719039ba4d2d21afe7440024062c7606'}}, 'caller': {'address': '0x36df7e6ba44bb837e73ab2104d619e068a86bcb9'}, 'date': {'date': '2020-10-26'}, 'block': {'height': 11130824}}, {'smartContract': {'address': {'address': '0x25f9bc89a7e3998178aa469a3356b21f8f430a15'}}, 'caller': {'address': '0x36df7e6ba44bb837e73ab2104d619e068a86bcb9'}, 'date': {'date': '2020-10-26'}, 'block': {'height': 11130824}}, {'smartContract': {'address': {'address': '0x12027ed7b59dd9acd2bc7dd8c12f20f729bdfefb'}}, 'caller': {'address': '0x36df7e6ba44bb837e73ab2104d619e068a86bcb9'}, 'date': {'date': '2020-10-26'}, 'block': {'height': 11130824}}, {'smartContract': {'address': {'address': '0x6f533b01ac4a3cb14171acf02bb6fdbd2dd139da'}}, 'caller': {'address': '0x36df7e6ba44bb837e73ab2104d619e068a86bcb9'}, 'date': {'date': '2020-10-26'}, 'block': {'height': 11130823}}, {'smartContract': {'address': {'address': '0x300b8c9323eb5f0890879578f5d85497a589ce1d'}}, 'caller': {'address': '0x36df7e6ba44bb837e73ab2104d619e068a86bcb9'}, 'date': {'date': '2020-10-26'}, 'block': {'height': 11130823}}, {'smartContract': {'address': {'address': '0x274a0e6d122b0a3c7a32824e8a068ee584c3a3db'}}, 'caller': {'address': '0x36df7e6ba44bb837e73ab2104d619e068a86bcb9'}, 'date': {'date': '2020-10-26'}, 'block': {'height': 11130823}}, {'smartContract': {'address': {'address': '0xe64c503a405c4f49f63de20eb5e0788addcd43bc'}}, 'caller': {'address': '0x36df7e6ba44bb837e73ab2104d619e068a86bcb9'}, 'date': {'date': '2020-10-26'}, 'block': {'height': 11130821}}, {'smartContract': {'address': {'address': '0x763c94818fee86a4d5ba826f9dfddf3ee797a8f4'}}, 'caller': {'address': '0x36df7e6ba44bb837e73ab2104d619e068a86bcb9'}, 'date': {'date': '2020-10-19'}, 'block': {'height': 11085925}}, {'smartContract': {'address': {'address': '0x7bc8e42bc70f89555acff67450cec7f0534d76eb'}}, 'caller': {'address': '0x36df7e6ba44bb837e73ab2104d619e068a86bcb9'}, 'date': {'date': '2020-10-19'}, 'block': {'height': 11085925}}, {'smartContract': {'address': {'address': '0x9431ad6c7f89633367dcb0efbb87a31229019d96'}}, 'caller': {'address': '0x36df7e6ba44bb837e73ab2104d619e068a86bcb9'}, 'date': {'date': '2020-10-19'}, 'block': {'height': 11085923}}, {'smartContract': {'address': {'address': '0x9edd1f6ba3e0adfb0a9b617477487bfeb8778d17'}}, 'caller': {'address': '0x36df7e6ba44bb837e73ab2104d619e068a86bcb9'}, 'date': {'date': '2020-10-19'}, 'block': {'height': 11085922}}, {'smartContract': {'address': {'address': '0x57a5a78a608dfddf4acb9052e47d82d98bccf201'}}, 'caller': {'address': '0x36df7e6ba44bb837e73ab2104d619e068a86bcb9'}, 'date': {'date': '2020-10-19'}, 'block': {'height': 11085882}}, {'smartContract': {'address': {'address': '0xe7c2bd8bfda123772c8290082977deedde2be7b0'}}, 'caller': {'address': '0x36df7e6ba44bb837e73ab2104d619e068a86bcb9'}, 'date': {'date': '2020-10-19'}, 'block': {'height': 11085881}}, {'smartContract': {'address': {'address': '0x81590ea1bfa9833196ddaa311279afd37f8c8342'}}, 'caller': {'address': '0x36df7e6ba44bb837e73ab2104d619e068a86bcb9'}, 'date': {'date': '2020-10-19'}, 'block': {'height': 11085881}}, {'smartContract': {'address': {'address': '0x825db7a7a5dfa370fcd7e82521d00e3204f2146f'}}, 'caller': {'address': '0x36df7e6ba44bb837e73ab2104d619e068a86bcb9'}, 'date': {'date': '2020-10-19'}, 'block': {'height': 11085878}}, {'smartContract': {'address': {'address': '0x1cded8abc1587dbf4adb747661492dfc93c09046'}}, 'caller': {'address': '0x36df7e6ba44bb837e73ab2104d619e068a86bcb9'}, 'date': {'date': '2020-10-19'}, 'block': {'height': 11084213}}, {'smartContract': {'address': {'address': '0x80dd4f5ef27b84a74fbfe3d498d89b1f38cebd3a'}}, 'caller': {'address': '0x36df7e6ba44bb837e73ab2104d619e068a86bcb9'}, 'date': {'date': '2020-10-19'}, 'block': {'height': 11084186}}, {'smartContract': {'address': {'address': '0x7d24e8edea1d46bed53e37a0c322b1444b59f845'}}, 'caller': {'address': '0x36df7e6ba44bb837e73ab2104d619e068a86bcb9'}, 'date': {'date': '2020-09-29'}, 'block': {'height': 10960445}}, {'smartContract': {'address': {'address': '0x08d0030201786241ffd1d5927375ec548ea3a094'}}, 'caller': {'address': '0x1e2c2102cf8efcaaaf20ffe926469ec7cd0d0f6e'}, 'date': {'date': '2020-09-28'}, 'block': {'height': 10949867}}, {'smartContract': {'address': {'address': '0xd2fc04d2c34e868bb0bc65be5a5daaf2a7a7b64f'}}, 'caller': {'address': '0x1e2c2102cf8efcaaaf20ffe926469ec7cd0d0f6e'}, 'date': {'date': '2020-09-28'}, 'block': {'height': 10949225}}, {'smartContract': {'address': {'address': '0xe2ca82f662fd7eadec92541af83456bae88dc166'}}, 'caller': {'address': '0x1e2c2102cf8efcaaaf20ffe926469ec7cd0d0f6e'}, 'date': {'date': '2020-09-28'}, 'block': {'height': 10949126}}, {'smartContract': {'address': {'address': '0x3a8414b08ffb128cf1a9da1097b0454e0d4bfa8f'}}, 'caller': {'address': '0x1e2c2102cf8efcaaaf20ffe926469ec7cd0d0f6e'}, 'date': {'date': '2020-09-28'}, 'block': {'height': 10948864}}, {'smartContract': {'address': {'address': '0x074cef3a20e8aac60c46c8a24cb8d01ca31980a8'}}, 'caller': {'address': '0x36df7e6ba44bb837e73ab2104d619e068a86bcb9'}, 'date': {'date': '2020-09-27'}, 'block': {'height': 10945212}}, {'smartContract': {'address': {'address': '0xf163588a69297909cd1befb8fab17b8b139100d9'}}, 'caller': {'address': '0x36df7e6ba44bb837e73ab2104d619e068a86bcb9'}, 'date': {'date': '2020-09-27'}, 'block': {'height': 10945212}}, {'smartContract': {'address': {'address': '0xaa94ef681d71467a787ba9f70d5ab522889907c3'}}, 'caller': {'address': '0x36df7e6ba44bb837e73ab2104d619e068a86bcb9'}, 'date': {'date': '2020-09-27'}, 'block': {'height': 10945212}}, {'smartContract': {'address': {'address': '0x1e2c2102cf8efcaaaf20ffe926469ec7cd0d0f6e'}}, 'caller': {'address': '0x36df7e6ba44bb837e73ab2104d619e068a86bcb9'}, 'date': {'date': '2020-09-27'}, 'block': {'height': 10945075}}, {'smartContract': {'address': {'address': '0xcc4b2fa793aeba3eb4bfe8a3b564925fadfbeccb'}}, 'caller': {'address': '0x2da3c570eb567db1945ac119103978f28f6ea803'}, 'date': {'date': '2020-09-05'}, 'block': {'height': 10801171}}, {'smartContract': {'address': {'address': '0x2da3c570eb567db1945ac119103978f28f6ea803'}}, 'caller': {'address': '0x2294577031f113df4782b881cf0b140e94209a6f'}, 'date': {'date': '2020-09-05'}, 'block': {'height': 10801171}}, {'smartContract': {'address': {'address': '0xd357019942d3bcc54f4b1ad894db2d2bb99d34d0'}}, 'caller': {'address': '0xbbdf7d806a54fe1f563a3de662543afce613d0a4'}, 'date': {'date': '2020-09-05'}, 'block': {'height': 10801076}}, {'smartContract': {'address': {'address': '0xbbdf7d806a54fe1f563a3de662543afce613d0a4'}}, 'caller': {'address': '0x2294577031f113df4782b881cf0b140e94209a6f'}, 'date': {'date': '2020-09-05'}, 'block': {'height': 10801076}}, {'smartContract': {'address': {'address': '0x716cd233093ab1c4cff6eece779167d7edffd1ac'}}, 'caller': {'address': '0x2294577031f113df4782b881cf0b140e94209a6f'}, 'date': {'date': '2020-09-05'}, 'block': {'height': 10800993}}, {'smartContract': {'address': {'address': '0xeef373c62014e0da909ed36f6d077eadf3855b14'}}, 'caller': {'address': '0x716cd233093ab1c4cff6eece779167d7edffd1ac'}, 'date': {'date': '2020-09-05'}, 'block': {'height': 10800993}}, {'smartContract': {'address': {'address': '0x73f7790344815a0e100eb12dbfd55f0d9df6d171'}}, 'caller': {'address': '0x36df7e6ba44bb837e73ab2104d619e068a86bcb9'}, 'date': {'date': '2020-09-05'}, 'block': {'height': 10800448}}, {'smartContract': {'address': {'address': '0x2294577031f113df4782b881cf0b140e94209a6f'}}, 'caller': {'address': '0x36df7e6ba44bb837e73ab2104d619e068a86bcb9'}, 'date': {'date': '2020-09-05'}, 'block': {'height': 10800437}}, {'smartContract': {'address': {'address': '0xcdd8dec17622468a1775d18bb4fcfe8be8ba8b68'}}, 'caller': {'address': '0x36df7e6ba44bb837e73ab2104d619e068a86bcb9'}, 'date': {'date': '2020-09-05'}, 'block': {'height': 10800413}}, {'smartContract': {'address': {'address': '0xc9631c3a796adc5ecfab58afe97bb00a03b250a4'}}, 'caller': {'address': '0x36df7e6ba44bb837e73ab2104d619e068a86bcb9'}, 'date': {'date': '2020-09-05'}, 'block': {'height': 10800402}}, {'smartContract': {'address': {'address': '0xab924f6077477932bf2c2957da6258e5c1bef1a3'}}, 'caller': {'address': '0x36df7e6ba44bb837e73ab2104d619e068a86bcb9'}, 'date': {'date': '2020-09-04'}, 'block': {'height': 10796045}}, {'smartContract': {'address': {'address': '0x377e3e0cb56343d4f714ba41230530c050a2f6f3'}}, 'caller': {'address': '0x36df7e6ba44bb837e73ab2104d619e068a86bcb9'}, 'date': {'date': '2020-09-04'}, 'block': {'height': 10795880}}, {'smartContract': {'address': {'address': '0x53c5009938aff6f48ca41cb50bdabb4c65a2daee'}}, 'caller': {'address': '0x36df7e6ba44bb837e73ab2104d619e068a86bcb9'}, 'date': {'date': '2020-09-04'}, 'block': {'height': 10795857}}, {'smartContract': {'address': {'address': '0xb2f3e80ee75eabb4240ccd3c1841a4a919f20f85'}}, 'caller': {'address': '0x36df7e6ba44bb837e73ab2104d619e068a86bcb9'}, 'date': {'date': '2020-09-04'}, 'block': {'height': 10795243}}, {'smartContract': {'address': {'address': '0x4d953cf077c0c95ba090226e59a18fcf97db44ec'}}, 'caller': {'address': '0x36df7e6ba44bb837e73ab2104d619e068a86bcb9'}, 'date': {'date': '2020-08-03'}, 'block': {'height': 10586077}}]",2020-08-03
318,318,0x043C308BB8a5aE96D0093444be7f56459F1340b1,SUM,https://github.com/sumswap/,0xE0539db5804a33aB5abFF4933c20aD1630c7aD54,76208.1229,"[{'smartContract': {'address': {'address': '0xf6d63d48362fd3ee18a9c1ab054017f291f6aafd'}}, 'caller': {'address': '0xe0539db5804a33ab5abff4933c20ad1630c7ad54'}, 'date': {'date': '2021-03-17'}, 'block': {'height': 12055460}}, {'smartContract': {'address': {'address': '0xea9e305435c8f3f74e01abc48d1388c97463a69e'}}, 'caller': {'address': '0xe0539db5804a33ab5abff4933c20ad1630c7ad54'}, 'date': {'date': '2021-03-17'}, 'block': {'height': 12055456}}, {'smartContract': {'address': {'address': '0x2d177a16ced90b7a90043f0806663b7e41d596ff'}}, 'caller': {'address': '0xe0539db5804a33ab5abff4933c20ad1630c7ad54'}, 'date': {'date': '2021-03-15'}, 'block': {'height': 12041718}}, {'smartContract': {'address': {'address': '0x51363ffab1e631bbeeb28c6f925548b00d2ea809'}}, 'caller': {'address': '0xe0539db5804a33ab5abff4933c20ad1630c7ad54'}, 'date': {'date': '2021-03-15'}, 'block': {'height': 12041696}}, {'smartContract': {'address': {'address': '0xd7b5d48d3e69e64850f7086d1c078a93fb909257'}}, 'caller': {'address': '0xe0539db5804a33ab5abff4933c20ad1630c7ad54'}, 'date': {'date': '2021-03-15'}, 'block': {'height': 12041694}}, {'smartContract': {'address': {'address': '0x93947fa97c376edfc28a2b17e265e29435624a75'}}, 'caller': {'address': '0xe0539db5804a33ab5abff4933c20ad1630c7ad54'}, 'date': {'date': '2021-03-15'}, 'block': {'height': 12041691}}, {'smartContract': {'address': {'address': '0x96ff042f8c6757fce515d171f194b5816cafee11'}}, 'caller': {'address': '0xe0539db5804a33ab5abff4933c20ad1630c7ad54'}, 'date': {'date': '2021-03-15'}, 'block': {'height': 12041686}}, {'smartContract': {'address': {'address': '0x990170a22bfa0dc0f0e59fc05dcefc14e6b1fd54'}}, 'caller': {'address': '0xe0539db5804a33ab5abff4933c20ad1630c7ad54'}, 'date': {'date': '2021-03-15'}, 'block': {'height': 12041671}}, {'smartContract': {'address': {'address': '0x3c9e5bd4c60a041274616c97c87362d536f9c836'}}, 'caller': {'address': '0xe0539db5804a33ab5abff4933c20ad1630c7ad54'}, 'date': {'date': '2021-03-15'}, 'block': {'height': 12041667}}, {'smartContract': {'address': {'address': '0x6631dc49eb860eafd61777b92e42fe2bef84596b'}}, 'caller': {'address': '0xe0539db5804a33ab5abff4933c20ad1630c7ad54'}, 'date': {'date': '2021-03-15'}, 'block': {'height': 12041664}}, {'smartContract': {'address': {'address': '0x043c308bb8a5ae96d0093444be7f56459f1340b1'}}, 'caller': {'address': '0xe0539db5804a33ab5abff4933c20ad1630c7ad54'}, 'date': {'date': '2021-03-15'}, 'block': {'height': 12041662}}]",2021-03-15
319,319,0x9cEB84f92A0561fa3Cc4132aB9c0b76A59787544,DokiDokiFinance,,0xB3348155afEac9AA6A14A48acbDA3D71100407fd,69965.2972,"[{'smartContract': {'address': {'address': '0x27599f0b45008dad28899e8e278ab191673c9179'}}, 'caller': {'address': '0xb3348155afeac9aa6a14a48acbda3d71100407fd'}, 'date': {'date': '2020-11-08'}, 'block': {'height': 11216347}}, {'smartContract': {'address': {'address': '0xdf4f609134a84aae1d18dce8d863b099c6455598'}}, 'caller': {'address': '0xb3348155afeac9aa6a14a48acbda3d71100407fd'}, 'date': {'date': '2020-11-08'}, 'block': {'height': 11216341}}, {'smartContract': {'address': {'address': '0xb89cf3528a3a62c2f58bdbcfd7c15312a33ce91d'}}, 'caller': {'address': '0xb3348155afeac9aa6a14a48acbda3d71100407fd'}, 'date': {'date': '2020-11-08'}, 'block': {'height': 11216337}}, {'smartContract': {'address': {'address': '0x4a5573ee3f333260db50a385f6ffdac440fc80b1'}}, 'caller': {'address': '0xb3348155afeac9aa6a14a48acbda3d71100407fd'}, 'date': {'date': '2020-11-08'}, 'block': {'height': 11216324}}, {'smartContract': {'address': {'address': '0x654def3e97c3f4218c3f49ace81687483c361b2b'}}, 'caller': {'address': '0x5c69bee701ef814a2b6a3edd4b1652cb9cc5aa6f'}, 'date': {'date': '2020-11-08'}, 'block': {'height': 11216284}}, {'smartContract': {'address': {'address': '0x910524678c0b1b23ffb9285a81f99c29c11cbaed'}}, 'caller': {'address': '0xb3348155afeac9aa6a14a48acbda3d71100407fd'}, 'date': {'date': '2020-11-08'}, 'block': {'height': 11216238}}, {'smartContract': {'address': {'address': '0x3925cf5e02074b5782dd9235e0768eac1a8f8b37'}}, 'caller': {'address': '0xb3348155afeac9aa6a14a48acbda3d71100407fd'}, 'date': {'date': '2020-10-18'}, 'block': {'height': 11080228}}, {'smartContract': {'address': {'address': '0xde846827ce3022ecd5efd6ed316a2def9ab299b8'}}, 'caller': {'address': '0xb3348155afeac9aa6a14a48acbda3d71100407fd'}, 'date': {'date': '2020-10-10'}, 'block': {'height': 11025872}}, {'smartContract': {'address': {'address': '0xb3a2af499af8f717bb3431968f8e0b038c975686'}}, 'caller': {'address': '0xb3348155afeac9aa6a14a48acbda3d71100407fd'}, 'date': {'date': '2020-10-10'}, 'block': {'height': 11025816}}, {'smartContract': {'address': {'address': '0xd8a5b3870c27d67b38ed94b777962184ec44009d'}}, 'caller': {'address': '0xb3348155afeac9aa6a14a48acbda3d71100407fd'}, 'date': {'date': '2020-10-10'}, 'block': {'height': 11025805}}, {'smartContract': {'address': {'address': '0x95583a6f7aaaa56c48b27413d070219e22844435'}}, 'caller': {'address': '0xb3348155afeac9aa6a14a48acbda3d71100407fd'}, 'date': {'date': '2020-10-10'}, 'block': {'height': 11025787}}, {'smartContract': {'address': {'address': '0xcfb6ff8146138c094f25fdda91e8cdf615182054'}}, 'caller': {'address': '0xb3348155afeac9aa6a14a48acbda3d71100407fd'}, 'date': {'date': '2020-10-10'}, 'block': {'height': 11025778}}, {'smartContract': {'address': {'address': '0x0ce0f2b998c0a1b0280dcc95935108781d18e65b'}}, 'caller': {'address': '0xb3348155afeac9aa6a14a48acbda3d71100407fd'}, 'date': {'date': '2020-10-10'}, 'block': {'height': 11025772}}, {'smartContract': {'address': {'address': '0x1d4b2b2a2ca8762410801b51f128b73743439e39'}}, 'caller': {'address': '0x5c69bee701ef814a2b6a3edd4b1652cb9cc5aa6f'}, 'date': {'date': '2020-10-09'}, 'block': {'height': 11021529}}, {'smartContract': {'address': {'address': '0x5985ded1565c7745162376c3182fed4894be2cf6'}}, 'caller': {'address': '0xb3348155afeac9aa6a14a48acbda3d71100407fd'}, 'date': {'date': '2020-10-08'}, 'block': {'height': 11013999}}, {'smartContract': {'address': {'address': '0x9ceb84f92a0561fa3cc4132ab9c0b76a59787544'}}, 'caller': {'address': '0xb3348155afeac9aa6a14a48acbda3d71100407fd'}, 'date': {'date': '2020-10-08'}, 'block': {'height': 11012212}}]",2020-10-08
320,320,0x4e38D89362f7e5db0096CE44ebD021c3962aA9a0,Ubiquity,,0xefC0e701A824943b469a694aC564Aa1efF7Ab7dd,69072.48826,"[{'smartContract': {'address': {'address': '0xd771b6dc54f58e2f40ac8a531fcfed0bef6817c6'}}, 'caller': {'address': '0xa6b71e26c5e0845f74c812102ca7114b6a896ab2'}, 'date': {'date': '2022-10-08'}, 'block': {'height': 15702090}}, {'smartContract': {'address': {'address': '0x895bebb725be4b1b9168508b84a811c7710efb3c'}}, 'caller': {'address': '0x1f98431c8ad98523631ae4a59f267346ea31f984'}, 'date': {'date': '2022-10-04'}, 'block': {'height': 15672727}}, {'smartContract': {'address': {'address': '0x9d498ab38aa889ae0f4a865d30da2116ee9716bc'}}, 'caller': {'address': '0x1f98431c8ad98523631ae4a59f267346ea31f984'}, 'date': {'date': '2022-10-04'}, 'block': {'height': 15672723}}, {'smartContract': {'address': {'address': '0x587b192f4c2c4c9115ea1e0fe4129d5188ec3728'}}, 'caller': {'address': '0x1f98431c8ad98523631ae4a59f267346ea31f984'}, 'date': {'date': '2022-10-04'}, 'block': {'height': 15672698}}, {'smartContract': {'address': {'address': '0x9558b18f021fc3cba1c9b777603829a42244818b'}}, 'caller': {'address': '0xb9fc157394af804a3578134a6585c0dc9cc990d4'}, 'date': {'date': '2022-05-21'}, 'block': {'height': 14818087}}, {'smartContract': {'address': {'address': '0x95e3547d5a326092661f16ec06e6fc5681c8d33c'}}, 'caller': {'address': '0x5c69bee701ef814a2b6a3edd4b1652cb9cc5aa6f'}, 'date': {'date': '2022-05-16'}, 'block': {'height': 14784370}}, {'smartContract': {'address': {'address': '0xe8c94b3c4ec695f811328a5c3cf9afd477e1294b'}}, 'caller': {'address': '0xea1aff9dbffd1580f6b81a3ad3589e66652db7d9'}, 'date': {'date': '2022-05-10'}, 'block': {'height': 14750217}}, {'smartContract': {'address': {'address': '0x8824e0cd99f5c1eef50c8602987af364096625db'}}, 'caller': {'address': '0xea1aff9dbffd1580f6b81a3ad3589e66652db7d9'}, 'date': {'date': '2022-05-10'}, 'block': {'height': 14750217}}, {'smartContract': {'address': {'address': '0xa9514190cbbad624c313ea387a18fd1dea576cbd'}}, 'caller': {'address': '0xea1aff9dbffd1580f6b81a3ad3589e66652db7d9'}, 'date': {'date': '2022-01-18'}, 'block': {'height': 14032049}}, {'smartContract': {'address': {'address': '0xd9dc4a753e58cd7a8b03360f042b004da3eb178a'}}, 'caller': {'address': '0x5c69bee701ef814a2b6a3edd4b1652cb9cc5aa6f'}, 'date': {'date': '2022-01-18'}, 'block': {'height': 14031716}}, {'smartContract': {'address': {'address': '0x681b4c3af785dacaccc496b9ff04f9c31bce4090'}}, 'caller': {'address': '0x1f98431c8ad98523631ae4a59f267346ea31f984'}, 'date': {'date': '2022-01-18'}, 'block': {'height': 14031675}}, {'smartContract': {'address': {'address': '0x068bde74ecae925b454aa23b755fa2df37486d82'}}, 'caller': {'address': '0xefc0e701a824943b469a694ac564aa1eff7ab7dd'}, 'date': {'date': '2021-12-22'}, 'block': {'height': 13857047}}, {'smartContract': {'address': {'address': '0x035e4568f2738917512e4222a8837ad22d21bb1d'}}, 'caller': {'address': '0xefc0e701a824943b469a694ac564aa1eff7ab7dd'}, 'date': {'date': '2021-12-22'}, 'block': {'height': 13856890}}, {'smartContract': {'address': {'address': '0xaab265cceb890c0e6e09aa6f5ee63b33de649374'}}, 'caller': {'address': '0xefc0e701a824943b469a694ac564aa1eff7ab7dd'}, 'date': {'date': '2021-12-22'}, 'block': {'height': 13856879}}, {'smartContract': {'address': {'address': '0x8ec066d75d665616a94f2eccdbe49b54eaeefc78'}}, 'caller': {'address': '0xefc0e701a824943b469a694ac564aa1eff7ab7dd'}, 'date': {'date': '2021-11-12'}, 'block': {'height': 13600952}}, {'smartContract': {'address': {'address': '0x580f30316562448f4642bd33fb44f2ca1bc0cc1e'}}, 'caller': {'address': '0xefc0e701a824943b469a694ac564aa1eff7ab7dd'}, 'date': {'date': '2021-10-22'}, 'block': {'height': 13466151}}, {'smartContract': {'address': {'address': '0xb18d844f3578ead22791b5c67f7b6af93266804e'}}, 'caller': {'address': '0xa6b71e26c5e0845f74c812102ca7114b6a896ab2'}, 'date': {'date': '2021-08-17'}, 'block': {'height': 13044710}}, {'smartContract': {'address': {'address': '0xdae807071b5ac7b6a2a343bead19929426dbc998'}}, 'caller': {'address': '0xefc0e701a824943b469a694ac564aa1eff7ab7dd'}, 'date': {'date': '2021-08-11'}, 'block': {'height': 13004839}}, {'smartContract': {'address': {'address': '0xc251ecd9f1bd5230823f9a0f99a44a87ddd4ca38'}}, 'caller': {'address': '0xefc0e701a824943b469a694ac564aa1eff7ab7dd'}, 'date': {'date': '2021-07-31'}, 'block': {'height': 12931495}}, {'smartContract': {'address': {'address': '0x190474f062d05fba6d46a4d358c4d031075df2b4'}}, 'caller': {'address': '0xefc0e701a824943b469a694ac564aa1eff7ab7dd'}, 'date': {'date': '2021-07-31'}, 'block': {'height': 12931493}}, {'smartContract': {'address': {'address': '0xb8ec70d24306ecef9d4aaf9986dcb1da5736a997'}}, 'caller': {'address': '0xefc0e701a824943b469a694ac564aa1eff7ab7dd'}, 'date': {'date': '2021-07-31'}, 'block': {'height': 12931490}}, {'smartContract': {'address': {'address': '0x2da07859613c14f6f05c97efe37b9b4f212b5ef5'}}, 'caller': {'address': '0xefc0e701a824943b469a694ac564aa1eff7ab7dd'}, 'date': {'date': '2021-07-31'}, 'block': {'height': 12931486}}, {'smartContract': {'address': {'address': '0x9a33af4720d9c71521480986f6253e7c75b75fbe'}}, 'caller': {'address': '0xefc0e701a824943b469a694ac564aa1eff7ab7dd'}, 'date': {'date': '2021-06-21'}, 'block': {'height': 12677030}}, {'smartContract': {'address': {'address': '0x761e0ec54e00c31bbb627f7ddf20edb4bf555b67'}}, 'caller': {'address': '0xefc0e701a824943b469a694ac564aa1eff7ab7dd'}, 'date': {'date': '2021-06-21'}, 'block': {'height': 12677003}}, {'smartContract': {'address': {'address': '0xcefaf85110536ec6f78b0b71624bfa584b6faba1'}}, 'caller': {'address': '0xefc0e701a824943b469a694ac564aa1eff7ab7dd'}, 'date': {'date': '2021-06-14'}, 'block': {'height': 12633879}}, {'smartContract': {'address': {'address': '0x41e087485f47538752a1195d984109cb8dc0e429'}}, 'caller': {'address': '0xc0aee478e3658e2610c5f7a4a2e1777ce9e4f2ac'}, 'date': {'date': '2021-06-08'}, 'block': {'height': 12596466}}, {'smartContract': {'address': {'address': '0x534ac94f198f1fef0adc45227a2185c7ce8d75dc'}}, 'caller': {'address': '0xefc0e701a824943b469a694ac564aa1eff7ab7dd'}, 'date': {'date': '2021-06-08'}, 'block': {'height': 12596466}}, {'smartContract': {'address': {'address': '0x8ffcf9899738e4633a721904609ffca0a2c44f3d'}}, 'caller': {'address': '0xefc0e701a824943b469a694ac564aa1eff7ab7dd'}, 'date': {'date': '2021-06-08'}, 'block': {'height': 12596435}}, {'smartContract': {'address': {'address': '0x7944d5b8f9668afb1e648a61e54dea8de734c1d1'}}, 'caller': {'address': '0xefc0e701a824943b469a694ac564aa1eff7ab7dd'}, 'date': {'date': '2021-06-08'}, 'block': {'height': 12596399}}, {'smartContract': {'address': {'address': '0x20955cb69ae1515962177d164dfc9522feef567e'}}, 'caller': {'address': '0x0959158b6040d32d04c301a72cbfd6b39e21c9ae'}, 'date': {'date': '2021-06-08'}, 'block': {'height': 12595560}}, {'smartContract': {'address': {'address': '0x86965cdb680350c5de2fd8d28055decddd52745e'}}, 'caller': {'address': '0xefc0e701a824943b469a694ac564aa1eff7ab7dd'}, 'date': {'date': '2021-06-08'}, 'block': {'height': 12595545}}, {'smartContract': {'address': {'address': '0x831e3674abc73d7a3e9d8a9400af2301c32cef0c'}}, 'caller': {'address': '0xefc0e701a824943b469a694ac564aa1eff7ab7dd'}, 'date': {'date': '2021-06-08'}, 'block': {'height': 12595544}}, {'smartContract': {'address': {'address': '0x54f528979a50fa8fe99e0118ebbee5fc8ea802f7'}}, 'caller': {'address': '0xefc0e701a824943b469a694ac564aa1eff7ab7dd'}, 'date': {'date': '2021-06-08'}, 'block': {'height': 12595543}}, {'smartContract': {'address': {'address': '0x0013b6033dd999676dc547ceecea29f781d8db17'}}, 'caller': {'address': '0xefc0e701a824943b469a694ac564aa1eff7ab7dd'}, 'date': {'date': '2021-06-08'}, 'block': {'height': 12595542}}, {'smartContract': {'address': {'address': '0x25d2b980e406be97237a06bca636aed607661dfa'}}, 'caller': {'address': '0xefc0e701a824943b469a694ac564aa1eff7ab7dd'}, 'date': {'date': '2021-06-08'}, 'block': {'height': 12595541}}, {'smartContract': {'address': {'address': '0x5894cfebfdedbe61d01f20140f41c5c49aedae97'}}, 'caller': {'address': '0xefc0e701a824943b469a694ac564aa1eff7ab7dd'}, 'date': {'date': '2021-06-08'}, 'block': {'height': 12595462}}, {'smartContract': {'address': {'address': '0x432120ad63779897a424f7905ba000df38a74554'}}, 'caller': {'address': '0xefc0e701a824943b469a694ac564aa1eff7ab7dd'}, 'date': {'date': '2021-06-08'}, 'block': {'height': 12595282}}, {'smartContract': {'address': {'address': '0xad7cceab6d1633b1760a38650ad12632b2c7a831'}}, 'caller': {'address': '0xefc0e701a824943b469a694ac564aa1eff7ab7dd'}, 'date': {'date': '2021-06-08'}, 'block': {'height': 12595280}}, {'smartContract': {'address': {'address': '0xab840faa6a5ef68d8d32370ebc297f4ddc9f870f'}}, 'caller': {'address': '0xefc0e701a824943b469a694ac564aa1eff7ab7dd'}, 'date': {'date': '2021-06-08'}, 'block': {'height': 12595275}}, {'smartContract': {'address': {'address': '0x4f3df4c1e22209d623ab55923109112f1e2b17de'}}, 'caller': {'address': '0xefc0e701a824943b469a694ac564aa1eff7ab7dd'}, 'date': {'date': '2021-06-08'}, 'block': {'height': 12595272}}, {'smartContract': {'address': {'address': '0x75d6f33bcf784504da74e4ad60c677cd1fd3e2d5'}}, 'caller': {'address': '0xefc0e701a824943b469a694ac564aa1eff7ab7dd'}, 'date': {'date': '2021-06-08'}, 'block': {'height': 12595241}}, {'smartContract': {'address': {'address': '0x4e38d89362f7e5db0096ce44ebd021c3962aa9a0'}}, 'caller': {'address': '0xefc0e701a824943b469a694ac564aa1eff7ab7dd'}, 'date': {'date': '2021-06-08'}, 'block': {'height': 12595238}}, {'smartContract': {'address': {'address': '0x0f644658510c95cb46955e55d7ba9dda9e9fbec6'}}, 'caller': {'address': '0xefc0e701a824943b469a694ac564aa1eff7ab7dd'}, 'date': {'date': '2021-06-08'}, 'block': {'height': 12595230}}, {'smartContract': {'address': {'address': '0x4da97a8b831c345dbe6d16ff7432df2b7b776d98'}}, 'caller': {'address': '0xefc0e701a824943b469a694ac564aa1eff7ab7dd'}, 'date': {'date': '2021-06-08'}, 'block': {'height': 12595229}}, {'smartContract': {'address': {'address': '0x26701aa0339c88db56dcdc1963e73b7aaba1400f'}}, 'caller': {'address': '0xefc0e701a824943b469a694ac564aa1eff7ab7dd'}, 'date': {'date': '2021-06-04'}, 'block': {'height': 12569206}}, {'smartContract': {'address': {'address': '0x9245994e4d554d50c41a19537aa987303f61beb3'}}, 'caller': {'address': '0xefc0e701a824943b469a694ac564aa1eff7ab7dd'}, 'date': {'date': '2021-06-04'}, 'block': {'height': 12569172}}, {'smartContract': {'address': {'address': '0x1cb5a680a8b75cba44c9bef75c35fa39e12d2c68'}}, 'caller': {'address': '0xefc0e701a824943b469a694ac564aa1eff7ab7dd'}, 'date': {'date': '2021-06-04'}, 'block': {'height': 12569167}}, {'smartContract': {'address': {'address': '0xa54f2f4b4d4102bb12e64cff87bdabebe1644503'}}, 'caller': {'address': '0xefc0e701a824943b469a694ac564aa1eff7ab7dd'}, 'date': {'date': '2021-06-04'}, 'block': {'height': 12569164}}, {'smartContract': {'address': {'address': '0x552b513d1aaed6a1cf37ea6bae3ffcadbc8d5ca5'}}, 'caller': {'address': '0xefc0e701a824943b469a694ac564aa1eff7ab7dd'}, 'date': {'date': '2021-06-04'}, 'block': {'height': 12566713}}, {'smartContract': {'address': {'address': '0x6f9e537b049a6b1ddcfc4e57cbb651982e63b287'}}, 'caller': {'address': '0xefc0e701a824943b469a694ac564aa1eff7ab7dd'}, 'date': {'date': '2021-06-04'}, 'block': {'height': 12566706}}, {'smartContract': {'address': {'address': '0x13cb537b6c631e313a6ad3e0b01a2430b98152e5'}}, 'caller': {'address': '0xefc0e701a824943b469a694ac564aa1eff7ab7dd'}, 'date': {'date': '2021-06-04'}, 'block': {'height': 12566689}}, {'smartContract': {'address': {'address': '0x8b2403ec6470194c789736571e2aa1c91b5b568f'}}, 'caller': {'address': '0xefc0e701a824943b469a694ac564aa1eff7ab7dd'}, 'date': {'date': '2021-06-04'}, 'block': {'height': 12566677}}, {'smartContract': {'address': {'address': '0xf967db57518fd2270b309c256db32596527f8709'}}, 'caller': {'address': '0xefc0e701a824943b469a694ac564aa1eff7ab7dd'}, 'date': {'date': '2021-06-04'}, 'block': {'height': 12566671}}, {'smartContract': {'address': {'address': '0xf1df21d46921ca23906c2689b9da25e63e686934'}}, 'caller': {'address': '0xefc0e701a824943b469a694ac564aa1eff7ab7dd'}, 'date': {'date': '2021-06-04'}, 'block': {'height': 12566666}}, {'smartContract': {'address': {'address': '0xe81d4fa76938f1a05c90801ce2754c98dee94301'}}, 'caller': {'address': '0xefc0e701a824943b469a694ac564aa1eff7ab7dd'}, 'date': {'date': '2021-06-04'}, 'block': {'height': 12566587}}, {'smartContract': {'address': {'address': '0xb274044b5190c49fcf8b061c7daf818645c63286'}}, 'caller': {'address': '0xefc0e701a824943b469a694ac564aa1eff7ab7dd'}, 'date': {'date': '2021-06-04'}, 'block': {'height': 12566573}}, {'smartContract': {'address': {'address': '0x68648f627d305b365c16365e5f3451df9c1fa57e'}}, 'caller': {'address': '0xefc0e701a824943b469a694ac564aa1eff7ab7dd'}, 'date': {'date': '2021-06-04'}, 'block': {'height': 12566572}}]",2021-06-08
321,321,0xE94B97b6b43639E238c851A7e693F50033EfD75C,Rainbow Token,https://github.com/halodao,0x52F200565581ae950C765B67F574CfC99F662657,68395.46694,"[{'smartContract': {'address': {'address': '0x268eb507138c4e1cd8fd69693e8d240bb8668085'}}, 'caller': {'address': '0xa925a55184d96719247259a9c80a0fc808e1b6e1'}, 'date': {'date': '2021-07-26'}, 'block': {'height': 12899910}}, {'smartContract': {'address': {'address': '0x2534710eb3c3ae9182a561bc391ab6027b80886d'}}, 'caller': {'address': '0x52f200565581ae950c765b67f574cfc99f662657'}, 'date': {'date': '2021-07-26'}, 'block': {'height': 12899884}}, {'smartContract': {'address': {'address': '0xc1380ffc5a8f10d9cf400906e3907b5e8a5cc560'}}, 'caller': {'address': '0xa925a55184d96719247259a9c80a0fc808e1b6e1'}, 'date': {'date': '2021-07-26'}, 'block': {'height': 12899800}}, {'smartContract': {'address': {'address': '0x5ba7b1d6df5b77d56af44898885db398b604bd17'}}, 'caller': {'address': '0x52f200565581ae950c765b67f574cfc99f662657'}, 'date': {'date': '2021-07-26'}, 'block': {'height': 12899734}}, {'smartContract': {'address': {'address': '0xdf7aecd98613c071af8abaab48df445ba5c44e55'}}, 'caller': {'address': '0x52f200565581ae950c765b67f574cfc99f662657'}, 'date': {'date': '2021-07-23'}, 'block': {'height': 12882234}}, {'smartContract': {'address': {'address': '0x88aa26c7b4935706d3aa8689aa017c3807553bdf'}}, 'caller': {'address': '0xa925a55184d96719247259a9c80a0fc808e1b6e1'}, 'date': {'date': '2021-07-23'}, 'block': {'height': 12882201}}, {'smartContract': {'address': {'address': '0x2fb9e567089cfa1a6e781e499b2172069147d973'}}, 'caller': {'address': '0x52f200565581ae950c765b67f574cfc99f662657'}, 'date': {'date': '2021-07-23'}, 'block': {'height': 12882194}}, {'smartContract': {'address': {'address': '0x11771786050544c7bd16aa9cd7dbc3a246cb0a43'}}, 'caller': {'address': '0x52f200565581ae950c765b67f574cfc99f662657'}, 'date': {'date': '2021-07-23'}, 'block': {'height': 12882192}}, {'smartContract': {'address': {'address': '0x4938e5612cd910135e3ffe912eeaa90b9cc8c554'}}, 'caller': {'address': '0x52f200565581ae950c765b67f574cfc99f662657'}, 'date': {'date': '2021-07-23'}, 'block': {'height': 12882179}}, {'smartContract': {'address': {'address': '0xa925a55184d96719247259a9c80a0fc808e1b6e1'}}, 'caller': {'address': '0x52f200565581ae950c765b67f574cfc99f662657'}, 'date': {'date': '2021-07-23'}, 'block': {'height': 12882166}}, {'smartContract': {'address': {'address': '0x2f7e36b386f40d01a867bafff3f321bc01882f7f'}}, 'caller': {'address': '0x52f200565581ae950c765b67f574cfc99f662657'}, 'date': {'date': '2021-07-23'}, 'block': {'height': 12882164}}, {'smartContract': {'address': {'address': '0xa52c0d1471163bd26d73d945bbd80fa8c053a2af'}}, 'caller': {'address': '0x52f200565581ae950c765b67f574cfc99f662657'}, 'date': {'date': '2021-07-23'}, 'block': {'height': 12882160}}, {'smartContract': {'address': {'address': '0xb3a86c3106f91b03a93a0fd8173797fab92514fe'}}, 'caller': {'address': '0x52f200565581ae950c765b67f574cfc99f662657'}, 'date': {'date': '2021-07-23'}, 'block': {'height': 12882157}}, {'smartContract': {'address': {'address': '0xf6011df4a71def50f683dbb34d76ebf5a6aa1995'}}, 'caller': {'address': '0x52f200565581ae950c765b67f574cfc99f662657'}, 'date': {'date': '2021-07-23'}, 'block': {'height': 12882153}}, {'smartContract': {'address': {'address': '0xa3bbda0bcb25315b15e0d3053f9c4b54985606ea'}}, 'caller': {'address': '0x52f200565581ae950c765b67f574cfc99f662657'}, 'date': {'date': '2021-07-23'}, 'block': {'height': 12882150}}, {'smartContract': {'address': {'address': '0xdb3542577ad5b179f6e09c2f092900d416d052d7'}}, 'caller': {'address': '0x52f200565581ae950c765b67f574cfc99f662657'}, 'date': {'date': '2021-07-04'}, 'block': {'height': 12761054}}, {'smartContract': {'address': {'address': '0x5fcd66bce7fdccbaa7aeeb39537820bd953ef7e2'}}, 'caller': {'address': '0x52f200565581ae950c765b67f574cfc99f662657'}, 'date': {'date': '2021-07-04'}, 'block': {'height': 12761049}}, {'smartContract': {'address': {'address': '0x12b6773a0057b1a35248159555883a524246c746'}}, 'caller': {'address': '0x52f200565581ae950c765b67f574cfc99f662657'}, 'date': {'date': '2021-07-01'}, 'block': {'height': 12740262}}, {'smartContract': {'address': {'address': '0xe20d315be6473fedb114792f6a49453c5837a70e'}}, 'caller': {'address': '0x52f200565581ae950c765b67f574cfc99f662657'}, 'date': {'date': '2021-07-01'}, 'block': {'height': 12740260}}, {'smartContract': {'address': {'address': '0x3fdfd421abd6915b2d88aceeafb847d1cb4065fb'}}, 'caller': {'address': '0x52f200565581ae950c765b67f574cfc99f662657'}, 'date': {'date': '2021-07-01'}, 'block': {'height': 12740252}}, {'smartContract': {'address': {'address': '0x93bdf3046751cec3848258d5116ed365f48e5c90'}}, 'caller': {'address': '0xa26e15c895efc0616177b7c1e7270a4c7d51c997'}, 'date': {'date': '2021-06-24'}, 'block': {'height': 12694245}}, {'smartContract': {'address': {'address': '0x4d3897e12fe76f9afcef0bb9b40d824f79e7c411'}}, 'caller': {'address': '0xf66698695ec940078ef6c102675f83608ab693aa'}, 'date': {'date': '2021-06-23'}, 'block': {'height': 12687499}}, {'smartContract': {'address': {'address': '0x0b1dceab7f1884fde3c5d7fa8f5067bc9ec26d7d'}}, 'caller': {'address': '0xf5bce5077908a1b7370b9ae04adc565ebd643966'}, 'date': {'date': '2021-06-23'}, 'block': {'height': 12687364}}, {'smartContract': {'address': {'address': '0x75aed8009f1c3b92b5691a580cc8a5a96b952966'}}, 'caller': {'address': '0x52f200565581ae950c765b67f574cfc99f662657'}, 'date': {'date': '2021-06-22'}, 'block': {'height': 12682959}}, {'smartContract': {'address': {'address': '0x6335a2e4a2e304401fca4fc0deaff066b813d055'}}, 'caller': {'address': '0x52f200565581ae950c765b67f574cfc99f662657'}, 'date': {'date': '2021-06-22'}, 'block': {'height': 12680917}}, {'smartContract': {'address': {'address': '0xa82a50f5576e5f0d065bf9dfa06eb4f32140728b'}}, 'caller': {'address': '0x52f200565581ae950c765b67f574cfc99f662657'}, 'date': {'date': '2021-06-12'}, 'block': {'height': 12620208}}, {'smartContract': {'address': {'address': '0x47be779de87de6580d0548cde80710a93c502405'}}, 'caller': {'address': '0x52f200565581ae950c765b67f574cfc99f662657'}, 'date': {'date': '2021-06-05'}, 'block': {'height': 12571342}}, {'smartContract': {'address': {'address': '0x10c7eab4bf1f0176858452e8db3399c2e40db8b9'}}, 'caller': {'address': '0x52f200565581ae950c765b67f574cfc99f662657'}, 'date': {'date': '2021-06-04'}, 'block': {'height': 12571005}}, {'smartContract': {'address': {'address': '0xe94b97b6b43639e238c851a7e693f50033efd75c'}}, 'caller': {'address': '0x52f200565581ae950c765b67f574cfc99f662657'}, 'date': {'date': '2021-06-04'}, 'block': {'height': 12570796}}, {'smartContract': {'address': {'address': '0xe026743d7625931cf303189cd24e7ecce30461fe'}}, 'caller': {'address': '0x52f200565581ae950c765b67f574cfc99f662657'}, 'date': {'date': '2021-06-03'}, 'block': {'height': 12558596}}, {'smartContract': {'address': {'address': '0x695eec33257c167b3f90fb1611be31a88322b8ab'}}, 'caller': {'address': '0x52f200565581ae950c765b67f574cfc99f662657'}, 'date': {'date': '2021-06-03'}, 'block': {'height': 12558543}}, {'smartContract': {'address': {'address': '0x9c303c18397cb5fa62d9e68a0c7f2cc6e00f0066'}}, 'caller': {'address': '0x52f200565581ae950c765b67f574cfc99f662657'}, 'date': {'date': '2021-06-03'}, 'block': {'height': 12558513}}, {'smartContract': {'address': {'address': '0x7eae370e6a76407c3955a2f0bbca853c38e6454e'}}, 'caller': {'address': '0x76e2cfc1f5fa8f6a5b3fc4c8f4788f0116861f9b'}, 'date': {'date': '2021-06-03'}, 'block': {'height': 12558310}}, {'smartContract': {'address': {'address': '0x7e830bf4d4e64f063b8920a08fdb847eee323bf4'}}, 'caller': {'address': '0x52f200565581ae950c765b67f574cfc99f662657'}, 'date': {'date': '2021-06-02'}, 'block': {'height': 12554645}}]",2021-06-05
322,322,0xA8e7AD77C60eE6f30BaC54E2E7c0617Bd7B5A03E,zLOT,https://github.com/zhegic/,0x2cDdCbc4305ba08a97A0ddE1AB9F07A6639F124e,67255.88332,"[{'smartContract': {'address': {'address': '0x6ec088b454d2db7a2d8879a25d9ce015039e30fb'}}, 'caller': {'address': '0x2cddcbc4305ba08a97a0dde1ab9f07a6639f124e'}, 'date': {'date': '2020-12-27'}, 'block': {'height': 11538784}}, {'smartContract': {'address': {'address': '0xe8478b603380e0094bbd307d62129b004a559476'}}, 'caller': {'address': '0x2cddcbc4305ba08a97a0dde1ab9f07a6639f124e'}, 'date': {'date': '2020-12-24'}, 'block': {'height': 11518489}}, {'smartContract': {'address': {'address': '0x0de60c639dd6ef4ba621c6d0b74548e403ee74e5'}}, 'caller': {'address': '0x2cddcbc4305ba08a97a0dde1ab9f07a6639f124e'}, 'date': {'date': '2020-11-28'}, 'block': {'height': 11348555}}, {'smartContract': {'address': {'address': '0x4c45fc89e3ac5a4eef16db96186150951e74dde6'}}, 'caller': {'address': '0x2cddcbc4305ba08a97a0dde1ab9f07a6639f124e'}, 'date': {'date': '2020-11-28'}, 'block': {'height': 11347830}}, {'smartContract': {'address': {'address': '0x3fc929db2168cfe8e7b5e5370761a4f1b7163911'}}, 'caller': {'address': '0x2cddcbc4305ba08a97a0dde1ab9f07a6639f124e'}, 'date': {'date': '2020-11-03'}, 'block': {'height': 11185850}}, {'smartContract': {'address': {'address': '0x7c7b924b4eaed3da875bc792b5c1a0b33d118047'}}, 'caller': {'address': '0x2cddcbc4305ba08a97a0dde1ab9f07a6639f124e'}, 'date': {'date': '2020-11-03'}, 'block': {'height': 11185819}}, {'smartContract': {'address': {'address': '0x5dde926b0a31346f2485900c5e64c2577f43f774'}}, 'caller': {'address': '0x2cddcbc4305ba08a97a0dde1ab9f07a6639f124e'}, 'date': {'date': '2020-10-29'}, 'block': {'height': 11153339}}, {'smartContract': {'address': {'address': '0x498514d3f1a7e65be8b17b9fd2b8f7ebf8ef86a7'}}, 'caller': {'address': '0x2cddcbc4305ba08a97a0dde1ab9f07a6639f124e'}, 'date': {'date': '2020-10-29'}, 'block': {'height': 11152755}}, {'smartContract': {'address': {'address': '0x0fd7379436e2acba072913c6c8ddb8d6a2f62acf'}}, 'caller': {'address': '0x2cddcbc4305ba08a97a0dde1ab9f07a6639f124e'}, 'date': {'date': '2020-10-24'}, 'block': {'height': 11122162}}, {'smartContract': {'address': {'address': '0x752fbdcbb0242bdef2d0d6825623679c47eb7b4f'}}, 'caller': {'address': '0x2cddcbc4305ba08a97a0dde1ab9f07a6639f124e'}, 'date': {'date': '2020-10-22'}, 'block': {'height': 11108283}}, {'smartContract': {'address': {'address': '0xf2545371545a1c45f1646bae2ad338cf683b3da6'}}, 'caller': {'address': '0x2cddcbc4305ba08a97a0dde1ab9f07a6639f124e'}, 'date': {'date': '2020-10-21'}, 'block': {'height': 11099755}}, {'smartContract': {'address': {'address': '0x27f405bdd5a0a90856f5fe408165825fe2f2d26c'}}, 'caller': {'address': '0x2cddcbc4305ba08a97a0dde1ab9f07a6639f124e'}, 'date': {'date': '2020-10-21'}, 'block': {'height': 11099747}}, {'smartContract': {'address': {'address': '0xea21e881521aabf9d5063d0c036996c4d26a82e7'}}, 'caller': {'address': '0x2cddcbc4305ba08a97a0dde1ab9f07a6639f124e'}, 'date': {'date': '2020-10-21'}, 'block': {'height': 11099737}}, {'smartContract': {'address': {'address': '0xa8e7ad77c60ee6f30bac54e2e7c0617bd7b5a03e'}}, 'caller': {'address': '0x2cddcbc4305ba08a97a0dde1ab9f07a6639f124e'}, 'date': {'date': '2020-10-21'}, 'block': {'height': 11096273}}, {'smartContract': {'address': {'address': '0x441ebc9be0bc74657efa1028f87452b3ef6d755e'}}, 'caller': {'address': '0x2cddcbc4305ba08a97a0dde1ab9f07a6639f124e'}, 'date': {'date': '2020-10-21'}, 'block': {'height': 11096131}}, {'smartContract': {'address': {'address': '0x9e4e091fc8921fe3575eab1c9a6446114f3b5ef2'}}, 'caller': {'address': '0x2cddcbc4305ba08a97a0dde1ab9f07a6639f124e'}, 'date': {'date': '2020-10-20'}, 'block': {'height': 11096109}}, {'smartContract': {'address': {'address': '0x837010619aeb2ae24141605afc8f66577f6fb2e7'}}, 'caller': {'address': '0x2cddcbc4305ba08a97a0dde1ab9f07a6639f124e'}, 'date': {'date': '2020-10-20'}, 'block': {'height': 11096099}}, {'smartContract': {'address': {'address': '0x502700f282e6bfc2bb3b805893fadffacf688e7b'}}, 'caller': {'address': '0x5c69bee701ef814a2b6a3edd4b1652cb9cc5aa6f'}, 'date': {'date': '2020-10-09'}, 'block': {'height': 11023696}}, {'smartContract': {'address': {'address': '0xd6f3c3059dc6333b81003fce366190bb256dd6b9'}}, 'caller': {'address': '0x5c69bee701ef814a2b6a3edd4b1652cb9cc5aa6f'}, 'date': {'date': '2020-10-09'}, 'block': {'height': 11023589}}, {'smartContract': {'address': {'address': '0x5f624043c2b4f796a5b648f456eaa93e1bc98203'}}, 'caller': {'address': '0x5c69bee701ef814a2b6a3edd4b1652cb9cc5aa6f'}, 'date': {'date': '2020-10-09'}, 'block': {'height': 11023442}}, {'smartContract': {'address': {'address': '0x7656c0d5caad1aa7b30b141c0426647e1ae0f3c0'}}, 'caller': {'address': '0x2cddcbc4305ba08a97a0dde1ab9f07a6639f124e'}, 'date': {'date': '2020-10-08'}, 'block': {'height': 11017233}}, {'smartContract': {'address': {'address': '0xba503c3c5081daa8594889d6820ce79604c96a65'}}, 'caller': {'address': '0x2cddcbc4305ba08a97a0dde1ab9f07a6639f124e'}, 'date': {'date': '2020-10-08'}, 'block': {'height': 11016444}}]",2020-10-21
323,323,0xE6f143a0e0A8f24F6294CE3432eA10FaD0206920,(Proxy contract) PolkaEx,https://github.com/polkaex,0x1D06921d0072eb57fE8E755D30C93a4324e7aB53,65991.80165,"[{'smartContract': {'address': {'address': '0x81113c926a56194674505de9bba7eed3ddaf0fa6'}}, 'caller': {'address': '0x0af64bda476628251dd9f88c9b0ca0b5db17bfc1'}, 'date': {'date': '2021-09-28'}, 'block': {'height': 13313587}}, {'smartContract': {'address': {'address': '0xe6f143a0e0a8f24f6294ce3432ea10fad0206920'}}, 'caller': {'address': '0x1d06921d0072eb57fe8e755d30c93a4324e7ab53'}, 'date': {'date': '2021-09-25'}, 'block': {'height': 13294212}}]",2021-09-25
324,324,0xBEaB712832112bd7664226db7CD025B153D3af55,Bright Union,https://github.com/Bright-Union/,0xC6AC25a9edefb3368710c0Aef5fC387691CA0e3A,61964.39892,"[{'smartContract': {'address': {'address': '0x1ecce81dd9e85e363dc4e7ac9152d3f0c5e01b80'}}, 'caller': {'address': '0xc6ac25a9edefb3368710c0aef5fc387691ca0e3a'}, 'date': {'date': '2022-10-24'}, 'block': {'height': 15820881}}, {'smartContract': {'address': {'address': '0xd23fe8abbee33ffad54aa38acce1465f514e42ab'}}, 'caller': {'address': '0xc6ac25a9edefb3368710c0aef5fc387691ca0e3a'}, 'date': {'date': '2022-10-24'}, 'block': {'height': 15818380}}, {'smartContract': {'address': {'address': '0x160a5ac3f57f8eb6d2544d8f2c553ba018b6ed71'}}, 'caller': {'address': '0xc6ac25a9edefb3368710c0aef5fc387691ca0e3a'}, 'date': {'date': '2022-10-17'}, 'block': {'height': 15769680}}, {'smartContract': {'address': {'address': '0x6058cf973403d32c095185a5db8df0526af48da7'}}, 'caller': {'address': '0xc6ac25a9edefb3368710c0aef5fc387691ca0e3a'}, 'date': {'date': '2022-10-17'}, 'block': {'height': 15768486}}, {'smartContract': {'address': {'address': '0x4a43e52a618dbfe3342fdb6a88d3317443089483'}}, 'caller': {'address': '0xc6ac25a9edefb3368710c0aef5fc387691ca0e3a'}, 'date': {'date': '2022-08-26'}, 'block': {'height': 15414960}}, {'smartContract': {'address': {'address': '0x29159f57542d201938dfe60b90e3919471844205'}}, 'caller': {'address': '0xc6ac25a9edefb3368710c0aef5fc387691ca0e3a'}, 'date': {'date': '2022-08-07'}, 'block': {'height': 15294548}}, {'smartContract': {'address': {'address': '0x20287d4fdba4ab3d1d5688107d5858112efa672b'}}, 'caller': {'address': '0xc6ac25a9edefb3368710c0aef5fc387691ca0e3a'}, 'date': {'date': '2022-08-07'}, 'block': {'height': 15294545}}, {'smartContract': {'address': {'address': '0xda1ad310c10d96e2cd41227ed5544e3f20bda60d'}}, 'caller': {'address': '0xc6ac25a9edefb3368710c0aef5fc387691ca0e3a'}, 'date': {'date': '2022-08-03'}, 'block': {'height': 15268438}}, {'smartContract': {'address': {'address': '0xd3090b85d5b9a5287e839f0df60cde7947f1255c'}}, 'caller': {'address': '0xc6ac25a9edefb3368710c0aef5fc387691ca0e3a'}, 'date': {'date': '2022-08-03'}, 'block': {'height': 15268291}}, {'smartContract': {'address': {'address': '0x571afb05476478bffe5bcfa7a399085295d1afce'}}, 'caller': {'address': '0xc6ac25a9edefb3368710c0aef5fc387691ca0e3a'}, 'date': {'date': '2022-08-03'}, 'block': {'height': 15268111}}, {'smartContract': {'address': {'address': '0xed3b312b9f6076c6f91706e7dbdbf3bcf61f4e05'}}, 'caller': {'address': '0xc6ac25a9edefb3368710c0aef5fc387691ca0e3a'}, 'date': {'date': '2022-08-02'}, 'block': {'height': 15262812}}, {'smartContract': {'address': {'address': '0x77c3fca0a84cf16726080dad21ae5652989c14af'}}, 'caller': {'address': '0xc6ac25a9edefb3368710c0aef5fc387691ca0e3a'}, 'date': {'date': '2022-08-02'}, 'block': {'height': 15262798}}, {'smartContract': {'address': {'address': '0x73c97185f434b0b53b2fc125b93c88f593a3826d'}}, 'caller': {'address': '0xc6ac25a9edefb3368710c0aef5fc387691ca0e3a'}, 'date': {'date': '2022-07-31'}, 'block': {'height': 15251721}}, {'smartContract': {'address': {'address': '0xa7890be487935fa584ab3916e1e68ad101df47c4'}}, 'caller': {'address': '0xc6ac25a9edefb3368710c0aef5fc387691ca0e3a'}, 'date': {'date': '2022-07-31'}, 'block': {'height': 15251449}}, {'smartContract': {'address': {'address': '0x3ee8102ad518b73033ae1eed8410e406d5c4a89c'}}, 'caller': {'address': '0xc6ac25a9edefb3368710c0aef5fc387691ca0e3a'}, 'date': {'date': '2022-07-31'}, 'block': {'height': 15251199}}, {'smartContract': {'address': {'address': '0x70c2e032e1bf1c851bf735e792d26852520b3542'}}, 'caller': {'address': '0xc6ac25a9edefb3368710c0aef5fc387691ca0e3a'}, 'date': {'date': '2022-07-31'}, 'block': {'height': 15251196}}, {'smartContract': {'address': {'address': '0x778e2c0f4e4ef1d4c679c5449511c330d3cd37e8'}}, 'caller': {'address': '0xc6ac25a9edefb3368710c0aef5fc387691ca0e3a'}, 'date': {'date': '2022-07-27'}, 'block': {'height': 15223212}}, {'smartContract': {'address': {'address': '0xdda70440c850fdb570159ac9a040883b59e7b310'}}, 'caller': {'address': '0xc6ac25a9edefb3368710c0aef5fc387691ca0e3a'}, 'date': {'date': '2022-07-27'}, 'block': {'height': 15223136}}, {'smartContract': {'address': {'address': '0x2b498441ff2b971b422fd3a75ec5964ebbb82d6e'}}, 'caller': {'address': '0xc6ac25a9edefb3368710c0aef5fc387691ca0e3a'}, 'date': {'date': '2022-07-26'}, 'block': {'height': 15217972}}, {'smartContract': {'address': {'address': '0x1ca5518ba00a586603a7ace2b4a92f4358d3b966'}}, 'caller': {'address': '0xc6ac25a9edefb3368710c0aef5fc387691ca0e3a'}, 'date': {'date': '2022-07-22'}, 'block': {'height': 15192301}}, {'smartContract': {'address': {'address': '0x165b209842b2e3110df73c67143c43e37a9ad6f7'}}, 'caller': {'address': '0xc6ac25a9edefb3368710c0aef5fc387691ca0e3a'}, 'date': {'date': '2022-07-14'}, 'block': {'height': 15139387}}, {'smartContract': {'address': {'address': '0x74b2f9046bc43106fccee7c17c951ff814882ffd'}}, 'caller': {'address': '0xc6ac25a9edefb3368710c0aef5fc387691ca0e3a'}, 'date': {'date': '2022-07-14'}, 'block': {'height': 15139380}}, {'smartContract': {'address': {'address': '0xf11186032df1e2723600a253a975fcb3dc7bd419'}}, 'caller': {'address': '0xc6ac25a9edefb3368710c0aef5fc387691ca0e3a'}, 'date': {'date': '2022-07-13'}, 'block': {'height': 15135843}}, {'smartContract': {'address': {'address': '0xcd22b32d4275aaa6409d47f483cec3e50ed5ab1a'}}, 'caller': {'address': '0xc6ac25a9edefb3368710c0aef5fc387691ca0e3a'}, 'date': {'date': '2022-07-13'}, 'block': {'height': 15135842}}, {'smartContract': {'address': {'address': '0x7f6d31d5611cfd03d36691c9f1d69de0ca025af9'}}, 'caller': {'address': '0xc6ac25a9edefb3368710c0aef5fc387691ca0e3a'}, 'date': {'date': '2022-07-12'}, 'block': {'height': 15127512}}, {'smartContract': {'address': {'address': '0x5fc78b0c70d94f613c4d9c73cc87473a40c05c9b'}}, 'caller': {'address': '0xc6ac25a9edefb3368710c0aef5fc387691ca0e3a'}, 'date': {'date': '2022-07-11'}, 'block': {'height': 15121298}}, {'smartContract': {'address': {'address': '0xabb5f3105f54ad563646e1a70b90fa3731d474f6'}}, 'caller': {'address': '0xc6ac25a9edefb3368710c0aef5fc387691ca0e3a'}, 'date': {'date': '2022-07-11'}, 'block': {'height': 15121124}}, {'smartContract': {'address': {'address': '0xaa171704bd9d82bf079c9fff2cbcb7e919417294'}}, 'caller': {'address': '0xc6ac25a9edefb3368710c0aef5fc387691ca0e3a'}, 'date': {'date': '2022-07-11'}, 'block': {'height': 15121120}}, {'smartContract': {'address': {'address': '0x86661457392e0987673ae85e17e35ef82aa24787'}}, 'caller': {'address': '0xc6ac25a9edefb3368710c0aef5fc387691ca0e3a'}, 'date': {'date': '2022-07-11'}, 'block': {'height': 15121118}}, {'smartContract': {'address': {'address': '0xd0c90d8ed6723589f2063661bac83f0ab882444e'}}, 'caller': {'address': '0xc6ac25a9edefb3368710c0aef5fc387691ca0e3a'}, 'date': {'date': '2022-07-11'}, 'block': {'height': 15121113}}, {'smartContract': {'address': {'address': '0xf25ff33d2d6311adadec56df022fbff897aaa61a'}}, 'caller': {'address': '0xc6ac25a9edefb3368710c0aef5fc387691ca0e3a'}, 'date': {'date': '2022-07-11'}, 'block': {'height': 15121111}}, {'smartContract': {'address': {'address': '0x1522d32167ccdd6970f6422c4dee272d5050b799'}}, 'caller': {'address': '0xc6ac25a9edefb3368710c0aef5fc387691ca0e3a'}, 'date': {'date': '2022-07-11'}, 'block': {'height': 15121109}}, {'smartContract': {'address': {'address': '0x694ad208e686d1fced6684ba22f78962e61136ab'}}, 'caller': {'address': '0xc6ac25a9edefb3368710c0aef5fc387691ca0e3a'}, 'date': {'date': '2022-07-11'}, 'block': {'height': 15120949}}, {'smartContract': {'address': {'address': '0x27e2ecc9cfa1e266ba8854d9f870195672887ce4'}}, 'caller': {'address': '0xc6ac25a9edefb3368710c0aef5fc387691ca0e3a'}, 'date': {'date': '2022-07-11'}, 'block': {'height': 15120948}}, {'smartContract': {'address': {'address': '0x2f04e76942dd807c289fe9a5214808a79c170de4'}}, 'caller': {'address': '0xc6ac25a9edefb3368710c0aef5fc387691ca0e3a'}, 'date': {'date': '2022-07-11'}, 'block': {'height': 15120945}}, {'smartContract': {'address': {'address': '0xb2a4fb2fc9d6854c1c3cdac2d744a18e9e808939'}}, 'caller': {'address': '0xc6ac25a9edefb3368710c0aef5fc387691ca0e3a'}, 'date': {'date': '2022-07-11'}, 'block': {'height': 15120943}}, {'smartContract': {'address': {'address': '0x63f894003823f3a099b466a6129ce9276526cdef'}}, 'caller': {'address': '0xc6ac25a9edefb3368710c0aef5fc387691ca0e3a'}, 'date': {'date': '2022-07-05'}, 'block': {'height': 15082298}}, {'smartContract': {'address': {'address': '0x3b3fae56684cb34660a289d7680254b2debb39ee'}}, 'caller': {'address': '0xc6ac25a9edefb3368710c0aef5fc387691ca0e3a'}, 'date': {'date': '2022-07-05'}, 'block': {'height': 15081157}}, {'smartContract': {'address': {'address': '0xb9d8584109e141613e4776515204d6d089d9572a'}}, 'caller': {'address': '0xc6ac25a9edefb3368710c0aef5fc387691ca0e3a'}, 'date': {'date': '2022-07-04'}, 'block': {'height': 15076686}}, {'smartContract': {'address': {'address': '0x425b3a68f1fd5de26b4b9f4be8049e36406b187a'}}, 'caller': {'address': '0xc6ac25a9edefb3368710c0aef5fc387691ca0e3a'}, 'date': {'date': '2022-06-19'}, 'block': {'height': 14990173}}, {'smartContract': {'address': {'address': '0x0da53258657bebf1c6b22577b73f406b3230939b'}}, 'caller': {'address': '0xc6ac25a9edefb3368710c0aef5fc387691ca0e3a'}, 'date': {'date': '2022-06-19'}, 'block': {'height': 14990172}}, {'smartContract': {'address': {'address': '0x0e6352c17746d2102b6f97d62b8fa8971182533a'}}, 'caller': {'address': '0xc6ac25a9edefb3368710c0aef5fc387691ca0e3a'}, 'date': {'date': '2022-06-19'}, 'block': {'height': 14990157}}, {'smartContract': {'address': {'address': '0x38d13df7da89c9508698487946b19da04fe4bbb4'}}, 'caller': {'address': '0xc6ac25a9edefb3368710c0aef5fc387691ca0e3a'}, 'date': {'date': '2022-06-16'}, 'block': {'height': 14972013}}, {'smartContract': {'address': {'address': '0xedb37814a091db8a00e266b7ebca5e6ee6425d83'}}, 'caller': {'address': '0xc6ac25a9edefb3368710c0aef5fc387691ca0e3a'}, 'date': {'date': '2022-06-16'}, 'block': {'height': 14972010}}, {'smartContract': {'address': {'address': '0x1b69093172db6e5cd8b07e80ed1690f66c5cb7a0'}}, 'caller': {'address': '0xc6ac25a9edefb3368710c0aef5fc387691ca0e3a'}, 'date': {'date': '2022-06-16'}, 'block': {'height': 14970641}}, {'smartContract': {'address': {'address': '0x475a014e8112b6071fccf0507b996a18ededcd38'}}, 'caller': {'address': '0xc6ac25a9edefb3368710c0aef5fc387691ca0e3a'}, 'date': {'date': '2022-06-15'}, 'block': {'height': 14966173}}, {'smartContract': {'address': {'address': '0xc7ce90b253eb4b11d8cadeb98a0b096c25c0d216'}}, 'caller': {'address': '0xc6ac25a9edefb3368710c0aef5fc387691ca0e3a'}, 'date': {'date': '2022-06-15'}, 'block': {'height': 14966170}}, {'smartContract': {'address': {'address': '0xf67b89f69da66b224d2a84cbf68a548bd1d82efb'}}, 'caller': {'address': '0xc6ac25a9edefb3368710c0aef5fc387691ca0e3a'}, 'date': {'date': '2022-06-15'}, 'block': {'height': 14966167}}, {'smartContract': {'address': {'address': '0x5223894c83df6be5af2bb60b4e014a79439bd5a3'}}, 'caller': {'address': '0xc6ac25a9edefb3368710c0aef5fc387691ca0e3a'}, 'date': {'date': '2022-06-15'}, 'block': {'height': 14966165}}, {'smartContract': {'address': {'address': '0x4ecefb075e11d6bd5d2e4d15ba7de0971d12e1fc'}}, 'caller': {'address': '0xc6ac25a9edefb3368710c0aef5fc387691ca0e3a'}, 'date': {'date': '2022-05-24'}, 'block': {'height': 14834774}}, {'smartContract': {'address': {'address': '0x902a16e684066316b2e33fd91cc1e2f9267863f3'}}, 'caller': {'address': '0xc6ac25a9edefb3368710c0aef5fc387691ca0e3a'}, 'date': {'date': '2022-05-24'}, 'block': {'height': 14834766}}, {'smartContract': {'address': {'address': '0x4a93c5bbdb46b1f1b0423c06e67da82a1d4373a7'}}, 'caller': {'address': '0xc6ac25a9edefb3368710c0aef5fc387691ca0e3a'}, 'date': {'date': '2022-05-24'}, 'block': {'height': 14834765}}, {'smartContract': {'address': {'address': '0xcfe624799f394e8294cc7fa9b4ee132cd8c98031'}}, 'caller': {'address': '0xc6ac25a9edefb3368710c0aef5fc387691ca0e3a'}, 'date': {'date': '2022-05-24'}, 'block': {'height': 14834763}}, {'smartContract': {'address': {'address': '0xb2bcc5f2e6070b6f648580884abec3d2a04979ee'}}, 'caller': {'address': '0xc6ac25a9edefb3368710c0aef5fc387691ca0e3a'}, 'date': {'date': '2022-05-24'}, 'block': {'height': 14834502}}, {'smartContract': {'address': {'address': '0x644e13264072c45faa8fb1d54b68b391b2867936'}}, 'caller': {'address': '0xc6ac25a9edefb3368710c0aef5fc387691ca0e3a'}, 'date': {'date': '2022-05-24'}, 'block': {'height': 14834407}}, {'smartContract': {'address': {'address': '0x30e5141ae776e556c04b17c9107ebf30db70472f'}}, 'caller': {'address': '0xc6ac25a9edefb3368710c0aef5fc387691ca0e3a'}, 'date': {'date': '2022-05-05'}, 'block': {'height': 14717115}}, {'smartContract': {'address': {'address': '0x3c1e99d1119e30d20a12803a641695b6ae49869a'}}, 'caller': {'address': '0xc6ac25a9edefb3368710c0aef5fc387691ca0e3a'}, 'date': {'date': '2022-04-26'}, 'block': {'height': 14659958}}, {'smartContract': {'address': {'address': '0x9732603d0e01bc3cf02a84b5b3bc229875715a43'}}, 'caller': {'address': '0xc6ac25a9edefb3368710c0aef5fc387691ca0e3a'}, 'date': {'date': '2022-04-12'}, 'block': {'height': 14569451}}, {'smartContract': {'address': {'address': '0x7ca75bf6c3f5aa2c0f5a2c0bb07acb622ace1e3c'}}, 'caller': {'address': '0xc6ac25a9edefb3368710c0aef5fc387691ca0e3a'}, 'date': {'date': '2022-03-20'}, 'block': {'height': 14422724}}, {'smartContract': {'address': {'address': '0x08d0e53f0636e437e7f85da4cab73fb2bf072d28'}}, 'caller': {'address': '0xc6ac25a9edefb3368710c0aef5fc387691ca0e3a'}, 'date': {'date': '2022-03-20'}, 'block': {'height': 14422723}}, {'smartContract': {'address': {'address': '0x98fb0e1191651b6292d3482cebf54e6d35542ca4'}}, 'caller': {'address': '0xc6ac25a9edefb3368710c0aef5fc387691ca0e3a'}, 'date': {'date': '2022-03-19'}, 'block': {'height': 14416212}}, {'smartContract': {'address': {'address': '0xbad2c0aee340e88a4765ee78b55cb787c9dc3d81'}}, 'caller': {'address': '0xc6ac25a9edefb3368710c0aef5fc387691ca0e3a'}, 'date': {'date': '2022-03-19'}, 'block': {'height': 14416210}}, {'smartContract': {'address': {'address': '0x213ffaca158c4f8863c1980a41c25f34fb0b95e0'}}, 'caller': {'address': '0xc6ac25a9edefb3368710c0aef5fc387691ca0e3a'}, 'date': {'date': '2022-03-19'}, 'block': {'height': 14416203}}, {'smartContract': {'address': {'address': '0xd9c6f1723ef436bca4f3dcf06a91b65f4940a9bc'}}, 'caller': {'address': '0xc6ac25a9edefb3368710c0aef5fc387691ca0e3a'}, 'date': {'date': '2022-03-19'}, 'block': {'height': 14416129}}, {'smartContract': {'address': {'address': '0x37f6c049f9e8d8bcb908aeccb9dfeb64b2de92c7'}}, 'caller': {'address': '0xc6ac25a9edefb3368710c0aef5fc387691ca0e3a'}, 'date': {'date': '2022-03-19'}, 'block': {'height': 14416127}}, {'smartContract': {'address': {'address': '0x65ab2f547f410b74790fd412ce713278701df890'}}, 'caller': {'address': '0xc6ac25a9edefb3368710c0aef5fc387691ca0e3a'}, 'date': {'date': '2022-03-08'}, 'block': {'height': 14345058}}, {'smartContract': {'address': {'address': '0xd4e839ae8d5cb0547f61e5c58172cc36dcb72a26'}}, 'caller': {'address': '0xc6ac25a9edefb3368710c0aef5fc387691ca0e3a'}, 'date': {'date': '2022-02-19'}, 'block': {'height': 14235943}}, {'smartContract': {'address': {'address': '0x27372b85296f97071a090b1eeffc22df024a7a66'}}, 'caller': {'address': '0xc6ac25a9edefb3368710c0aef5fc387691ca0e3a'}, 'date': {'date': '2022-02-09'}, 'block': {'height': 14171127}}, {'smartContract': {'address': {'address': '0x980e548fe5478b531eee388878137dce0cafb6e4'}}, 'caller': {'address': '0xc6ac25a9edefb3368710c0aef5fc387691ca0e3a'}, 'date': {'date': '2022-02-08'}, 'block': {'height': 14164093}}, {'smartContract': {'address': {'address': '0x51939554966e6f23d5cc36e20616447f8dc85c17'}}, 'caller': {'address': '0xc6ac25a9edefb3368710c0aef5fc387691ca0e3a'}, 'date': {'date': '2022-02-07'}, 'block': {'height': 14158449}}, {'smartContract': {'address': {'address': '0xdc2bde0969bf5c518bc5ee87f03eb71362de6f3c'}}, 'caller': {'address': '0xc6ac25a9edefb3368710c0aef5fc387691ca0e3a'}, 'date': {'date': '2022-02-06'}, 'block': {'height': 14151716}}, {'smartContract': {'address': {'address': '0xed283f483003f490432318e4963a1a4bb8445bed'}}, 'caller': {'address': '0xc6ac25a9edefb3368710c0aef5fc387691ca0e3a'}, 'date': {'date': '2022-02-06'}, 'block': {'height': 14151713}}, {'smartContract': {'address': {'address': '0x84132f2ef9f6f23ed7e689572b9d8a0337e98dea'}}, 'caller': {'address': '0xc6ac25a9edefb3368710c0aef5fc387691ca0e3a'}, 'date': {'date': '2022-02-06'}, 'block': {'height': 14151707}}, {'smartContract': {'address': {'address': '0x255d260e73aa6334da76bb912c14c659912c4a83'}}, 'caller': {'address': '0xc6ac25a9edefb3368710c0aef5fc387691ca0e3a'}, 'date': {'date': '2022-02-06'}, 'block': {'height': 14151702}}, {'smartContract': {'address': {'address': '0xe4f4c1e6e9c46568643d2f07c407bc9fe2f00d17'}}, 'caller': {'address': '0xc6ac25a9edefb3368710c0aef5fc387691ca0e3a'}, 'date': {'date': '2022-02-06'}, 'block': {'height': 14151527}}, {'smartContract': {'address': {'address': '0x7baa39d993faf05e052c28c58b44e6a728db285f'}}, 'caller': {'address': '0xc6ac25a9edefb3368710c0aef5fc387691ca0e3a'}, 'date': {'date': '2022-02-06'}, 'block': {'height': 14151522}}, {'smartContract': {'address': {'address': '0x1b55d3ba160cd6753729988773aa2d457baa2caf'}}, 'caller': {'address': '0xc6ac25a9edefb3368710c0aef5fc387691ca0e3a'}, 'date': {'date': '2022-02-06'}, 'block': {'height': 14150762}}, {'smartContract': {'address': {'address': '0x74886172fe500326956f4fee9687e2f1dd22d8d0'}}, 'caller': {'address': '0xc6ac25a9edefb3368710c0aef5fc387691ca0e3a'}, 'date': {'date': '2022-02-05'}, 'block': {'height': 14144875}}, {'smartContract': {'address': {'address': '0x8fbd4edd4c97c949caaff69cb0c89c9f6d8ce7b7'}}, 'caller': {'address': '0xc6ac25a9edefb3368710c0aef5fc387691ca0e3a'}, 'date': {'date': '2022-02-05'}, 'block': {'height': 14144870}}, {'smartContract': {'address': {'address': '0x8efe4eceec0d3d3f1f41ddb9ada4eb134127022e'}}, 'caller': {'address': '0xc6ac25a9edefb3368710c0aef5fc387691ca0e3a'}, 'date': {'date': '2022-01-28'}, 'block': {'height': 14093955}}, {'smartContract': {'address': {'address': '0xd410cb972b19c55fa4b4f5e9b774235a8ed708f9'}}, 'caller': {'address': '0xc6ac25a9edefb3368710c0aef5fc387691ca0e3a'}, 'date': {'date': '2022-01-26'}, 'block': {'height': 14080335}}, {'smartContract': {'address': {'address': '0x07ad44afe8ef96a777297ea1e57e6d7474df608f'}}, 'caller': {'address': '0xc6ac25a9edefb3368710c0aef5fc387691ca0e3a'}, 'date': {'date': '2022-01-24'}, 'block': {'height': 14068123}}, {'smartContract': {'address': {'address': '0xcaaf309fce440e2539f9f05c66c2ea273c7b1b5c'}}, 'caller': {'address': '0xc6ac25a9edefb3368710c0aef5fc387691ca0e3a'}, 'date': {'date': '2022-01-20'}, 'block': {'height': 14041792}}, {'smartContract': {'address': {'address': '0x0440dbead13923f2ddf0e1db4ecd9de06a6cf643'}}, 'caller': {'address': '0xc6ac25a9edefb3368710c0aef5fc387691ca0e3a'}, 'date': {'date': '2022-01-18'}, 'block': {'height': 14028277}}, {'smartContract': {'address': {'address': '0xda204db246ecefa1469a2c2da7b75818c4b43201'}}, 'caller': {'address': '0xc6ac25a9edefb3368710c0aef5fc387691ca0e3a'}, 'date': {'date': '2022-01-18'}, 'block': {'height': 14028269}}, {'smartContract': {'address': {'address': '0x035515a4e98b5103dff9bf0bc2608d20eafb3fca'}}, 'caller': {'address': '0xc6ac25a9edefb3368710c0aef5fc387691ca0e3a'}, 'date': {'date': '2022-01-18'}, 'block': {'height': 14028255}}, {'smartContract': {'address': {'address': '0xdc45f91c5463aaaee71c688ef45589bf99a123b9'}}, 'caller': {'address': '0xc6ac25a9edefb3368710c0aef5fc387691ca0e3a'}, 'date': {'date': '2022-01-18'}, 'block': {'height': 14028250}}, {'smartContract': {'address': {'address': '0x0b928925dd3567fd53c15aebaf475e26ab58c9bd'}}, 'caller': {'address': '0xc6ac25a9edefb3368710c0aef5fc387691ca0e3a'}, 'date': {'date': '2022-01-18'}, 'block': {'height': 14028244}}, {'smartContract': {'address': {'address': '0x1ce7d7f9f98f242e5e31165ba392317f87886299'}}, 'caller': {'address': '0xc6ac25a9edefb3368710c0aef5fc387691ca0e3a'}, 'date': {'date': '2022-01-15'}, 'block': {'height': 14010508}}, {'smartContract': {'address': {'address': '0xf6a700039c55ba74e9d0a04b0a13abee1e8eea20'}}, 'caller': {'address': '0xc6ac25a9edefb3368710c0aef5fc387691ca0e3a'}, 'date': {'date': '2022-01-15'}, 'block': {'height': 14010460}}, {'smartContract': {'address': {'address': '0xa27a96a0677edc706dd4fb5d213faa08f935fa60'}}, 'caller': {'address': '0xc6ac25a9edefb3368710c0aef5fc387691ca0e3a'}, 'date': {'date': '2022-01-13'}, 'block': {'height': 13996380}}, {'smartContract': {'address': {'address': '0x893ddb7237e81bf672f2c07de831130a987e8b6e'}}, 'caller': {'address': '0xc6ac25a9edefb3368710c0aef5fc387691ca0e3a'}, 'date': {'date': '2022-01-13'}, 'block': {'height': 13996339}}, {'smartContract': {'address': {'address': '0x3d1c1c69558c4871be817775a104e2af75a09ee1'}}, 'caller': {'address': '0xc6ac25a9edefb3368710c0aef5fc387691ca0e3a'}, 'date': {'date': '2022-01-12'}, 'block': {'height': 13989482}}, {'smartContract': {'address': {'address': '0x5ef353b2c850b0de1f5899933c34c328276e3984'}}, 'caller': {'address': '0xc6ac25a9edefb3368710c0aef5fc387691ca0e3a'}, 'date': {'date': '2022-01-12'}, 'block': {'height': 13989479}}, {'smartContract': {'address': {'address': '0xa4b032895bcb6b11ec7d21380f557919d448fd04'}}, 'caller': {'address': '0xc6ac25a9edefb3368710c0aef5fc387691ca0e3a'}, 'date': {'date': '2022-01-12'}, 'block': {'height': 13989478}}, {'smartContract': {'address': {'address': '0x71f1cec68d960aa3f13a2b4c40ff87b430a9169d'}}, 'caller': {'address': '0xc6ac25a9edefb3368710c0aef5fc387691ca0e3a'}, 'date': {'date': '2022-01-12'}, 'block': {'height': 13989467}}, {'smartContract': {'address': {'address': '0xb411fbad03c9146ba93f59ebe108f464d96476e5'}}, 'caller': {'address': '0xc6ac25a9edefb3368710c0aef5fc387691ca0e3a'}, 'date': {'date': '2022-01-12'}, 'block': {'height': 13989338}}, {'smartContract': {'address': {'address': '0x908a985cecce2ea34fbde2a5393e3c5076dd5da6'}}, 'caller': {'address': '0xc6ac25a9edefb3368710c0aef5fc387691ca0e3a'}, 'date': {'date': '2022-01-11'}, 'block': {'height': 13983300}}, {'smartContract': {'address': {'address': '0xac44d07dcd7fe790c8b8d5a7a9b72b26bd7e6c7d'}}, 'caller': {'address': '0xc6ac25a9edefb3368710c0aef5fc387691ca0e3a'}, 'date': {'date': '2022-01-11'}, 'block': {'height': 13983267}}, {'smartContract': {'address': {'address': '0xec555f0e173da889c395d1a8fa2eb3e74020c306'}}, 'caller': {'address': '0xc6ac25a9edefb3368710c0aef5fc387691ca0e3a'}, 'date': {'date': '2022-01-11'}, 'block': {'height': 13983235}}]",2021-08-03
325,325,0x286C0936c7Eaf6651099Ab5DAb9ee5A6cB5d229D,Kwikswap,,0x00B9230c2Bd40bF0cd12A97a5Af34ac7a5E8B5D8,61717.15032,"[{'smartContract': {'address': {'address': '0x51fa014d64515e268fdd2024615789f5f1651e10'}}, 'caller': {'address': '0x00b9230c2bd40bf0cd12a97a5af34ac7a5e8b5d8'}, 'date': {'date': '2021-10-20'}, 'block': {'height': 13453124}}, {'smartContract': {'address': {'address': '0x23f60fa4c2a6d5a3cfd63c742ac0753071a11ba3'}}, 'caller': {'address': '0x00b9230c2bd40bf0cd12a97a5af34ac7a5e8b5d8'}, 'date': {'date': '2021-10-04'}, 'block': {'height': 13352661}}, {'smartContract': {'address': {'address': '0xef22b605afe50d2f743737d4926ab147595218a0'}}, 'caller': {'address': '0x00b9230c2bd40bf0cd12a97a5af34ac7a5e8b5d8'}, 'date': {'date': '2021-10-04'}, 'block': {'height': 13352295}}, {'smartContract': {'address': {'address': '0x1f3c49bff8c73298b9d6a15131f7d2b3471e586a'}}, 'caller': {'address': '0x00b9230c2bd40bf0cd12a97a5af34ac7a5e8b5d8'}, 'date': {'date': '2021-08-02'}, 'block': {'height': 12946863}}, {'smartContract': {'address': {'address': '0xf6cce55ae260d4c41c5221308c7f2a7c8042467a'}}, 'caller': {'address': '0x00b9230c2bd40bf0cd12a97a5af34ac7a5e8b5d8'}, 'date': {'date': '2021-06-04'}, 'block': {'height': 12566558}}, {'smartContract': {'address': {'address': '0x20ba4c166edc1422164df84cd9192fdd8dde122f'}}, 'caller': {'address': '0xbf515ff38d55737c56d62e8b6a8eea322ec38aa5'}, 'date': {'date': '2021-06-02'}, 'block': {'height': 12555789}}, {'smartContract': {'address': {'address': '0x9968ac07aa948a99f8e2a6ca3d8f135558d6d188'}}, 'caller': {'address': '0x00b9230c2bd40bf0cd12a97a5af34ac7a5e8b5d8'}, 'date': {'date': '2021-06-02'}, 'block': {'height': 12554606}}, {'smartContract': {'address': {'address': '0xc9a8733034d24a492168a835a3bf730af87eee5a'}}, 'caller': {'address': '0x00b9230c2bd40bf0cd12a97a5af34ac7a5e8b5d8'}, 'date': {'date': '2021-05-21'}, 'block': {'height': 12476937}}, {'smartContract': {'address': {'address': '0xfcdf5cc307964ffabfc14fbd2dc4fad8e0fe9f45'}}, 'caller': {'address': '0x00b9230c2bd40bf0cd12a97a5af34ac7a5e8b5d8'}, 'date': {'date': '2020-12-19'}, 'block': {'height': 11482752}}, {'smartContract': {'address': {'address': '0x404a895237c97b75d4cf96c8ad9760687692613a'}}, 'caller': {'address': '0x00b9230c2bd40bf0cd12a97a5af34ac7a5e8b5d8'}, 'date': {'date': '2020-12-19'}, 'block': {'height': 11482722}}, {'smartContract': {'address': {'address': '0xdf05e63b8cc480787179c700132450105ca62aaf'}}, 'caller': {'address': '0x00b9230c2bd40bf0cd12a97a5af34ac7a5e8b5d8'}, 'date': {'date': '2020-12-19'}, 'block': {'height': 11482676}}, {'smartContract': {'address': {'address': '0xdd9efcbdf9f422e2fc159efe77add3730d48056d'}}, 'caller': {'address': '0x00b9230c2bd40bf0cd12a97a5af34ac7a5e8b5d8'}, 'date': {'date': '2020-12-19'}, 'block': {'height': 11482676}}, {'smartContract': {'address': {'address': '0x286c0936c7eaf6651099ab5dab9ee5a6cb5d229d'}}, 'caller': {'address': '0x00b9230c2bd40bf0cd12a97a5af34ac7a5e8b5d8'}, 'date': {'date': '2020-12-10'}, 'block': {'height': 11423826}}]",2020-12-10
326,326,0x76c5449F4950f6338A393F53CdA8b53B0cd3Ca3a,BT.Finance,https://github.com/btdotfinance/bt-finance,0x5e1F55A4a02890Cf7d599a8d39CB5e4CDbef3aea,61593.58,"[{'smartContract': {'address': {'address': '0x9b8df24789c6ae9185b85841da5f4385dd296258'}}, 'caller': {'address': '0x3a5bee9a0b2b1d26a57bdcd78a3541e8b6142304'}, 'date': {'date': '2021-08-11'}, 'block': {'height': 13003079}}, {'smartContract': {'address': {'address': '0x0352c8193eaa2449aab3a42829f6d162bb73abfe'}}, 'caller': {'address': '0x5e1f55a4a02890cf7d599a8d39cb5e4cdbef3aea'}, 'date': {'date': '2021-08-10'}, 'block': {'height': 12995585}}, {'smartContract': {'address': {'address': '0x1530d5072c3bbf28df7125987a8168e3dca2f3eb'}}, 'caller': {'address': '0x5e1f55a4a02890cf7d599a8d39cb5e4cdbef3aea'}, 'date': {'date': '2021-07-05'}, 'block': {'height': 12766529}}, {'smartContract': {'address': {'address': '0x47e95ed774d76b9f4647558e0935b8d2be780501'}}, 'caller': {'address': '0x5e1f55a4a02890cf7d599a8d39cb5e4cdbef3aea'}, 'date': {'date': '2021-07-05'}, 'block': {'height': 12766523}}, {'smartContract': {'address': {'address': '0x87e079dda242e5c02709603afd582296761e67dd'}}, 'caller': {'address': '0x5e1f55a4a02890cf7d599a8d39cb5e4cdbef3aea'}, 'date': {'date': '2021-06-29'}, 'block': {'height': 12726341}}, {'smartContract': {'address': {'address': '0x2c53f8e9e5040b05de2f3591c92242bd3bc88346'}}, 'caller': {'address': '0x5e1f55a4a02890cf7d599a8d39cb5e4cdbef3aea'}, 'date': {'date': '2021-06-29'}, 'block': {'height': 12726304}}, {'smartContract': {'address': {'address': '0x829682a13291f12e08631151a71c1fb7d11acc4d'}}, 'caller': {'address': '0x5e1f55a4a02890cf7d599a8d39cb5e4cdbef3aea'}, 'date': {'date': '2021-06-22'}, 'block': {'height': 12682656}}, {'smartContract': {'address': {'address': '0xcbdbdf2f8b9988ff8e9750307b229e2e185c1abe'}}, 'caller': {'address': '0x5e1f55a4a02890cf7d599a8d39cb5e4cdbef3aea'}, 'date': {'date': '2021-06-22'}, 'block': {'height': 12681722}}, {'smartContract': {'address': {'address': '0xec365c69c183fd2a388bec79d9d992087ddfc8f5'}}, 'caller': {'address': '0x5e1f55a4a02890cf7d599a8d39cb5e4cdbef3aea'}, 'date': {'date': '2021-06-22'}, 'block': {'height': 12681384}}, {'smartContract': {'address': {'address': '0x706391270e9f83ae153e1be72f7444c0bd39bc97'}}, 'caller': {'address': '0x5e1f55a4a02890cf7d599a8d39cb5e4cdbef3aea'}, 'date': {'date': '2021-06-22'}, 'block': {'height': 12681356}}, {'smartContract': {'address': {'address': '0x473832d4b91a5f77bb21103631c80bdf0682eba9'}}, 'caller': {'address': '0x5e1f55a4a02890cf7d599a8d39cb5e4cdbef3aea'}, 'date': {'date': '2021-05-21'}, 'block': {'height': 12474948}}, {'smartContract': {'address': {'address': '0xd42ca3f7c9bdda86fe27c2ffb7e858edf8f4483f'}}, 'caller': {'address': '0x5e1f55a4a02890cf7d599a8d39cb5e4cdbef3aea'}, 'date': {'date': '2021-05-21'}, 'block': {'height': 12474817}}, {'smartContract': {'address': {'address': '0x32ebbf5364239d568c1895bdb7a4e8185befdebc'}}, 'caller': {'address': '0x5e1f55a4a02890cf7d599a8d39cb5e4cdbef3aea'}, 'date': {'date': '2021-05-21'}, 'block': {'height': 12474784}}, {'smartContract': {'address': {'address': '0x4b501ace68cbc3911b8aa89670a4b3fb0bb03409'}}, 'caller': {'address': '0x5e1f55a4a02890cf7d599a8d39cb5e4cdbef3aea'}, 'date': {'date': '2021-05-13'}, 'block': {'height': 12424274}}, {'smartContract': {'address': {'address': '0x5f2761f2a11ebf172b6ebebaf032b056cbe7d1eb'}}, 'caller': {'address': '0x5e1f55a4a02890cf7d599a8d39cb5e4cdbef3aea'}, 'date': {'date': '2021-05-13'}, 'block': {'height': 12424229}}, {'smartContract': {'address': {'address': '0xa9fce7820f550a8889530dbc932fa8118e2b03d9'}}, 'caller': {'address': '0x3a5bee9a0b2b1d26a57bdcd78a3541e8b6142304'}, 'date': {'date': '2021-03-31'}, 'block': {'height': 12146380}}, {'smartContract': {'address': {'address': '0xe1c4a428fe80f3638778797d6a8841ff38bfe971'}}, 'caller': {'address': '0x5e1f55a4a02890cf7d599a8d39cb5e4cdbef3aea'}, 'date': {'date': '2021-03-30'}, 'block': {'height': 12139425}}, {'smartContract': {'address': {'address': '0x684cf7b6ce3542724db8f1a61214359d7eaf94f5'}}, 'caller': {'address': '0x3a5bee9a0b2b1d26a57bdcd78a3541e8b6142304'}, 'date': {'date': '2021-03-17'}, 'block': {'height': 12054090}}, {'smartContract': {'address': {'address': '0xb45b9f0bc3358e878f8c9ab6ab57a8823bb590a0'}}, 'caller': {'address': '0x3a5bee9a0b2b1d26a57bdcd78a3541e8b6142304'}, 'date': {'date': '2021-03-16'}, 'block': {'height': 12047406}}, {'smartContract': {'address': {'address': '0x73a7ef8f8ceb3868c601e3cf1d21d30935c9ac32'}}, 'caller': {'address': '0x3a5bee9a0b2b1d26a57bdcd78a3541e8b6142304'}, 'date': {'date': '2021-03-10'}, 'block': {'height': 12010063}}, {'smartContract': {'address': {'address': '0x54e293f48b19cb79a93648c47f048b1cd6abf289'}}, 'caller': {'address': '0x3a5bee9a0b2b1d26a57bdcd78a3541e8b6142304'}, 'date': {'date': '2021-03-10'}, 'block': {'height': 12010063}}, {'smartContract': {'address': {'address': '0xe520105da55563179838a0b2b4c37a5f08279f93'}}, 'caller': {'address': '0x3a5bee9a0b2b1d26a57bdcd78a3541e8b6142304'}, 'date': {'date': '2021-03-10'}, 'block': {'height': 12010063}}, {'smartContract': {'address': {'address': '0xdf93e40466613bc5e0c590275e0008e5e19e5444'}}, 'caller': {'address': '0x3a5bee9a0b2b1d26a57bdcd78a3541e8b6142304'}, 'date': {'date': '2021-03-10'}, 'block': {'height': 12010063}}, {'smartContract': {'address': {'address': '0x18a73a021ff130f975b13b787fe65c8c29665e83'}}, 'caller': {'address': '0x3a5bee9a0b2b1d26a57bdcd78a3541e8b6142304'}, 'date': {'date': '2021-03-10'}, 'block': {'height': 12010063}}, {'smartContract': {'address': {'address': '0xc4cba9172d0ac518db24f3a2391bda94e4f37617'}}, 'caller': {'address': '0x3a5bee9a0b2b1d26a57bdcd78a3541e8b6142304'}, 'date': {'date': '2021-03-10'}, 'block': {'height': 12010063}}, {'smartContract': {'address': {'address': '0x0a04ff1ceb0ff982a20669413bf1e1958cfb02a0'}}, 'caller': {'address': '0x3a5bee9a0b2b1d26a57bdcd78a3541e8b6142304'}, 'date': {'date': '2021-03-10'}, 'block': {'height': 12010063}}, {'smartContract': {'address': {'address': '0x617bf6d4c4f5f7d2dc600ad997b3bf7f983d1aff'}}, 'caller': {'address': '0x3a5bee9a0b2b1d26a57bdcd78a3541e8b6142304'}, 'date': {'date': '2021-03-10'}, 'block': {'height': 12010063}}, {'smartContract': {'address': {'address': '0xf7eea3fde8df0d72f2305f7166be7c183382671c'}}, 'caller': {'address': '0x3a5bee9a0b2b1d26a57bdcd78a3541e8b6142304'}, 'date': {'date': '2021-03-10'}, 'block': {'height': 12010063}}, {'smartContract': {'address': {'address': '0xf263a8aeb4fc6382ff89926d48734151d3c00bf5'}}, 'caller': {'address': '0x5e1f55a4a02890cf7d599a8d39cb5e4cdbef3aea'}, 'date': {'date': '2021-03-10'}, 'block': {'height': 12009489}}, {'smartContract': {'address': {'address': '0x60a4c904e4a49bf93e5dbaf9a3fa7111eecb9161'}}, 'caller': {'address': '0x5e1f55a4a02890cf7d599a8d39cb5e4cdbef3aea'}, 'date': {'date': '2021-03-09'}, 'block': {'height': 12003357}}, {'smartContract': {'address': {'address': '0xb44c32cb5c96b0348f8dc8ce71b68c5efb659dc3'}}, 'caller': {'address': '0x5e1f55a4a02890cf7d599a8d39cb5e4cdbef3aea'}, 'date': {'date': '2021-03-09'}, 'block': {'height': 12003304}}, {'smartContract': {'address': {'address': '0x9ddc187a8c5043ec78736ef41e25e3f26ef122a0'}}, 'caller': {'address': '0x5e1f55a4a02890cf7d599a8d39cb5e4cdbef3aea'}, 'date': {'date': '2021-03-09'}, 'block': {'height': 12003230}}, {'smartContract': {'address': {'address': '0x707e429b16a4551e3f66e906482922e32c9e8be5'}}, 'caller': {'address': '0x5e1f55a4a02890cf7d599a8d39cb5e4cdbef3aea'}, 'date': {'date': '2021-03-09'}, 'block': {'height': 12003072}}, {'smartContract': {'address': {'address': '0x7a4a19c0fcd1468334aabb749b2591d64d42d740'}}, 'caller': {'address': '0x5e1f55a4a02890cf7d599a8d39cb5e4cdbef3aea'}, 'date': {'date': '2021-03-09'}, 'block': {'height': 12003056}}, {'smartContract': {'address': {'address': '0xb3a32efd45e8cfeee44f5564a91da06976c4b481'}}, 'caller': {'address': '0x5e1f55a4a02890cf7d599a8d39cb5e4cdbef3aea'}, 'date': {'date': '2021-03-09'}, 'block': {'height': 12003034}}, {'smartContract': {'address': {'address': '0xbc5d2f92a7329e15fa32a1d291f546c76448a875'}}, 'caller': {'address': '0x5e1f55a4a02890cf7d599a8d39cb5e4cdbef3aea'}, 'date': {'date': '2021-03-09'}, 'block': {'height': 12002966}}, {'smartContract': {'address': {'address': '0xa791b82270c474d4df609ce145a65da3565a4504'}}, 'caller': {'address': '0x5e1f55a4a02890cf7d599a8d39cb5e4cdbef3aea'}, 'date': {'date': '2021-03-09'}, 'block': {'height': 12002954}}, {'smartContract': {'address': {'address': '0xd6fa3746a04b27716bd89f090a0c5cb3e763faaf'}}, 'caller': {'address': '0x5e1f55a4a02890cf7d599a8d39cb5e4cdbef3aea'}, 'date': {'date': '2021-03-09'}, 'block': {'height': 12002909}}, {'smartContract': {'address': {'address': '0x10e9c71a3ad8254bb4395a9cee55401e5f43570b'}}, 'caller': {'address': '0x5e1f55a4a02890cf7d599a8d39cb5e4cdbef3aea'}, 'date': {'date': '2021-03-04'}, 'block': {'height': 11970308}}, {'smartContract': {'address': {'address': '0x772e9cc4db702789ca51b5217c2a8f748cf7f0c6'}}, 'caller': {'address': '0x5e1f55a4a02890cf7d599a8d39cb5e4cdbef3aea'}, 'date': {'date': '2021-03-04'}, 'block': {'height': 11970047}}, {'smartContract': {'address': {'address': '0x286f444f54d8c94d3396228ff908fcf1e7ba7d9a'}}, 'caller': {'address': '0x5e1f55a4a02890cf7d599a8d39cb5e4cdbef3aea'}, 'date': {'date': '2021-03-03'}, 'block': {'height': 11962806}}, {'smartContract': {'address': {'address': '0xd5fd08d2f6db64ad88b6083ba2f46fe8c5e6e053'}}, 'caller': {'address': '0x5e1f55a4a02890cf7d599a8d39cb5e4cdbef3aea'}, 'date': {'date': '2021-03-03'}, 'block': {'height': 11962719}}, {'smartContract': {'address': {'address': '0xad2598c2adc9d966b5349babd30fb28c437fb363'}}, 'caller': {'address': '0x5e1f55a4a02890cf7d599a8d39cb5e4cdbef3aea'}, 'date': {'date': '2021-03-02'}, 'block': {'height': 11957262}}, {'smartContract': {'address': {'address': '0x5c31bce2110779f13b70b9ecb8a96073138e6a53'}}, 'caller': {'address': '0x5e1f55a4a02890cf7d599a8d39cb5e4cdbef3aea'}, 'date': {'date': '2021-03-02'}, 'block': {'height': 11957237}}, {'smartContract': {'address': {'address': '0x91b4f2d72087b8c518bc10b9bb4bd300e198f46f'}}, 'caller': {'address': '0x5e1f55a4a02890cf7d599a8d39cb5e4cdbef3aea'}, 'date': {'date': '2021-03-02'}, 'block': {'height': 11956031}}, {'smartContract': {'address': {'address': '0xaf9f57a0dcd02db2d7c6ded23dc3a1754cc86200'}}, 'caller': {'address': '0x5e1f55a4a02890cf7d599a8d39cb5e4cdbef3aea'}, 'date': {'date': '2021-03-02'}, 'block': {'height': 11956020}}, {'smartContract': {'address': {'address': '0xde9160b46d2850eeba3daa8ad180d02ee25a30e6'}}, 'caller': {'address': '0x5e1f55a4a02890cf7d599a8d39cb5e4cdbef3aea'}, 'date': {'date': '2021-02-25'}, 'block': {'height': 11924784}}, {'smartContract': {'address': {'address': '0x61605159cd5f342e39cf4e797b75985842eca815'}}, 'caller': {'address': '0x5e1f55a4a02890cf7d599a8d39cb5e4cdbef3aea'}, 'date': {'date': '2021-02-25'}, 'block': {'height': 11924581}}, {'smartContract': {'address': {'address': '0xb418b37cb82482b4a856a16357c697238f99dcba'}}, 'caller': {'address': '0x76e2cfc1f5fa8f6a5b3fc4c8f4788f0116861f9b'}, 'date': {'date': '2021-02-25'}, 'block': {'height': 11923811}}, {'smartContract': {'address': {'address': '0xa7971b65d86020366e4b9a28e4089bc5b12481af'}}, 'caller': {'address': '0x5e1f55a4a02890cf7d599a8d39cb5e4cdbef3aea'}, 'date': {'date': '2021-02-24'}, 'block': {'height': 11919052}}, {'smartContract': {'address': {'address': '0x1cb255425d82fd2a49cc169ad708d860237bd1ab'}}, 'caller': {'address': '0x5e1f55a4a02890cf7d599a8d39cb5e4cdbef3aea'}, 'date': {'date': '2021-02-24'}, 'block': {'height': 11918991}}, {'smartContract': {'address': {'address': '0x1014ee26c489e7e7e7c65dd6c84ac7c55b052687'}}, 'caller': {'address': '0x5c69bee701ef814a2b6a3edd4b1652cb9cc5aa6f'}, 'date': {'date': '2021-02-24'}, 'block': {'height': 11918476}}, {'smartContract': {'address': {'address': '0xbf6f9abc6a672fc88372aa94b34204ed9e3480ae'}}, 'caller': {'address': '0x5e1f55a4a02890cf7d599a8d39cb5e4cdbef3aea'}, 'date': {'date': '2021-02-24'}, 'block': {'height': 11918074}}, {'smartContract': {'address': {'address': '0x92f91f85fbc578eebadf6086d9c2107f02d5bb04'}}, 'caller': {'address': '0x5e1f55a4a02890cf7d599a8d39cb5e4cdbef3aea'}, 'date': {'date': '2021-02-24'}, 'block': {'height': 11917409}}, {'smartContract': {'address': {'address': '0xca548ea1f0d036dd8dbe8e221e6fb417f6225f04'}}, 'caller': {'address': '0x5e1f55a4a02890cf7d599a8d39cb5e4cdbef3aea'}, 'date': {'date': '2021-02-24'}, 'block': {'height': 11917272}}, {'smartContract': {'address': {'address': '0x9b03b7e00aabfc7ad4e2c77128c0b8a40ec6d9d1'}}, 'caller': {'address': '0x3a5bee9a0b2b1d26a57bdcd78a3541e8b6142304'}, 'date': {'date': '2021-02-08'}, 'block': {'height': 11813078}}, {'smartContract': {'address': {'address': '0xcb4865e2ac8fab7d454d041c932efdc7d7e5d7e8'}}, 'caller': {'address': '0x5e1f55a4a02890cf7d599a8d39cb5e4cdbef3aea'}, 'date': {'date': '2021-02-07'}, 'block': {'height': 11806602}}, {'smartContract': {'address': {'address': '0x1fdf9a9ba9639bbdff68a1413e4c750f122be729'}}, 'caller': {'address': '0x5e1f55a4a02890cf7d599a8d39cb5e4cdbef3aea'}, 'date': {'date': '2021-02-07'}, 'block': {'height': 11806478}}, {'smartContract': {'address': {'address': '0xe8544c75a084963a4d1b731ec608b6f6f1c9ba75'}}, 'caller': {'address': '0x5e1f55a4a02890cf7d599a8d39cb5e4cdbef3aea'}, 'date': {'date': '2021-02-07'}, 'block': {'height': 11806467}}, {'smartContract': {'address': {'address': '0xfd4626e618e3619d36b7ed016e6e51a40522b34d'}}, 'caller': {'address': '0x5e1f55a4a02890cf7d599a8d39cb5e4cdbef3aea'}, 'date': {'date': '2021-01-30'}, 'block': {'height': 11755942}}, {'smartContract': {'address': {'address': '0xf41ee2ddc6f47079a8a8a7f69ee9cf980dad85a4'}}, 'caller': {'address': '0x5e1f55a4a02890cf7d599a8d39cb5e4cdbef3aea'}, 'date': {'date': '2021-01-30'}, 'block': {'height': 11754478}}, {'smartContract': {'address': {'address': '0x5c6d3cb5612b551452b3e9b48c920559634510d4'}}, 'caller': {'address': '0x5e1f55a4a02890cf7d599a8d39cb5e4cdbef3aea'}, 'date': {'date': '2021-01-30'}, 'block': {'height': 11754450}}, {'smartContract': {'address': {'address': '0x907e3b9e12ad5887dc2d175a1b3bb165a020d55e'}}, 'caller': {'address': '0x5e1f55a4a02890cf7d599a8d39cb5e4cdbef3aea'}, 'date': {'date': '2021-01-30'}, 'block': {'height': 11754293}}, {'smartContract': {'address': {'address': '0x6ef0eab51a0b1a2df257e381da1060c7c56785fb'}}, 'caller': {'address': '0x3a5bee9a0b2b1d26a57bdcd78a3541e8b6142304'}, 'date': {'date': '2021-01-29'}, 'block': {'height': 11748078}}, {'smartContract': {'address': {'address': '0x3ec4a6cfe803ee84009ce6e1ecf419c9cb1e8af0'}}, 'caller': {'address': '0x5e1f55a4a02890cf7d599a8d39cb5e4cdbef3aea'}, 'date': {'date': '2021-01-29'}, 'block': {'height': 11747846}}, {'smartContract': {'address': {'address': '0x7865ee2a9fc0e94fbcae1dff3f75604300802945'}}, 'caller': {'address': '0x5e1f55a4a02890cf7d599a8d39cb5e4cdbef3aea'}, 'date': {'date': '2021-01-29'}, 'block': {'height': 11747800}}, {'smartContract': {'address': {'address': '0x8934c0d78c4aab5563acaf99e5a4e64fdba8a9fe'}}, 'caller': {'address': '0x5e1f55a4a02890cf7d599a8d39cb5e4cdbef3aea'}, 'date': {'date': '2021-01-29'}, 'block': {'height': 11747792}}, {'smartContract': {'address': {'address': '0xaeb39e44aee822cf4443deb92159a710ef50a55e'}}, 'caller': {'address': '0x5e1f55a4a02890cf7d599a8d39cb5e4cdbef3aea'}, 'date': {'date': '2021-01-27'}, 'block': {'height': 11735339}}, {'smartContract': {'address': {'address': '0x9d35b17228964e288ad2535628c2745c53a1e3bc'}}, 'caller': {'address': '0x5e1f55a4a02890cf7d599a8d39cb5e4cdbef3aea'}, 'date': {'date': '2021-01-15'}, 'block': {'height': 11659059}}, {'smartContract': {'address': {'address': '0x0b736c73568c39b705f4532bca22df0c81d71886'}}, 'caller': {'address': '0x5e1f55a4a02890cf7d599a8d39cb5e4cdbef3aea'}, 'date': {'date': '2021-01-15'}, 'block': {'height': 11659049}}, {'smartContract': {'address': {'address': '0x779358ab23a386c3ca67941de60fd1251ba488e5'}}, 'caller': {'address': '0x5e1f55a4a02890cf7d599a8d39cb5e4cdbef3aea'}, 'date': {'date': '2021-01-15'}, 'block': {'height': 11658743}}, {'smartContract': {'address': {'address': '0x6dcafbfd06d55e81e3e0fcc35f137c7a3c59c4b5'}}, 'caller': {'address': '0x5e1f55a4a02890cf7d599a8d39cb5e4cdbef3aea'}, 'date': {'date': '2021-01-15'}, 'block': {'height': 11658735}}, {'smartContract': {'address': {'address': '0x41ea87a6a31b37335d98b6c1bdbab6ff978d16b8'}}, 'caller': {'address': '0x5e1f55a4a02890cf7d599a8d39cb5e4cdbef3aea'}, 'date': {'date': '2021-01-15'}, 'block': {'height': 11658232}}, {'smartContract': {'address': {'address': '0xefa4e9fd6ed58222d01ed58b01b13c8b6006bf52'}}, 'caller': {'address': '0x5e1f55a4a02890cf7d599a8d39cb5e4cdbef3aea'}, 'date': {'date': '2021-01-15'}, 'block': {'height': 11657048}}, {'smartContract': {'address': {'address': '0xf04d087b8d9ed8bf68c8a98b457d2f3c65232894'}}, 'caller': {'address': '0x3a5bee9a0b2b1d26a57bdcd78a3541e8b6142304'}, 'date': {'date': '2021-01-11'}, 'block': {'height': 11631963}}, {'smartContract': {'address': {'address': '0x7076e3a65b8c073d2d01ed305d17a338cd7f88ee'}}, 'caller': {'address': '0x3a5bee9a0b2b1d26a57bdcd78a3541e8b6142304'}, 'date': {'date': '2021-01-11'}, 'block': {'height': 11631963}}, {'smartContract': {'address': {'address': '0x3574518d3c0e01403e1e9ae6d123c610b2a451b9'}}, 'caller': {'address': '0x3a5bee9a0b2b1d26a57bdcd78a3541e8b6142304'}, 'date': {'date': '2021-01-11'}, 'block': {'height': 11631963}}, {'smartContract': {'address': {'address': '0x49f034f17bacc01492fc9bea0e5318607af3522c'}}, 'caller': {'address': '0x3a5bee9a0b2b1d26a57bdcd78a3541e8b6142304'}, 'date': {'date': '2021-01-11'}, 'block': {'height': 11631963}}, {'smartContract': {'address': {'address': '0x7e30cded27e479010775426d10f7935507e5cfbb'}}, 'caller': {'address': '0x5e1f55a4a02890cf7d599a8d39cb5e4cdbef3aea'}, 'date': {'date': '2021-01-06'}, 'block': {'height': 11600046}}, {'smartContract': {'address': {'address': '0x99d0514926ac4a314bace90e2143cb73978011c8'}}, 'caller': {'address': '0x5e1f55a4a02890cf7d599a8d39cb5e4cdbef3aea'}, 'date': {'date': '2021-01-06'}, 'block': {'height': 11600041}}, {'smartContract': {'address': {'address': '0x04c3e58d1ae28a7c563cebf44eb8bb7032c59dad'}}, 'caller': {'address': '0x5e1f55a4a02890cf7d599a8d39cb5e4cdbef3aea'}, 'date': {'date': '2021-01-06'}, 'block': {'height': 11600035}}, {'smartContract': {'address': {'address': '0xe77913efbba2947b36d3f3c8ee26752fafbeda1b'}}, 'caller': {'address': '0x5e1f55a4a02890cf7d599a8d39cb5e4cdbef3aea'}, 'date': {'date': '2021-01-06'}, 'block': {'height': 11600026}}, {'smartContract': {'address': {'address': '0xea135c1c267124107f448f454ad33f24ff521702'}}, 'caller': {'address': '0x5e1f55a4a02890cf7d599a8d39cb5e4cdbef3aea'}, 'date': {'date': '2021-01-06'}, 'block': {'height': 11599636}}, {'smartContract': {'address': {'address': '0x941ba82720d4cf9bb6412ffdb8e6d10a46b669bb'}}, 'caller': {'address': '0x5e1f55a4a02890cf7d599a8d39cb5e4cdbef3aea'}, 'date': {'date': '2021-01-06'}, 'block': {'height': 11599537}}, {'smartContract': {'address': {'address': '0x70b2fd1f90f8396cdb8e1e513b34b34337b7438d'}}, 'caller': {'address': '0x5e1f55a4a02890cf7d599a8d39cb5e4cdbef3aea'}, 'date': {'date': '2021-01-06'}, 'block': {'height': 11599532}}, {'smartContract': {'address': {'address': '0x17dbc753cc51bebcd7dfb4caafc91129285dc975'}}, 'caller': {'address': '0x5e1f55a4a02890cf7d599a8d39cb5e4cdbef3aea'}, 'date': {'date': '2021-01-06'}, 'block': {'height': 11599526}}, {'smartContract': {'address': {'address': '0x15ba709f87da04b6140892b3baec8f710cdf67d8'}}, 'caller': {'address': '0x5e1f55a4a02890cf7d599a8d39cb5e4cdbef3aea'}, 'date': {'date': '2021-01-06'}, 'block': {'height': 11599276}}, {'smartContract': {'address': {'address': '0xb04a65579d58c803bf984629e3faeae981ea4c61'}}, 'caller': {'address': '0x5e1f55a4a02890cf7d599a8d39cb5e4cdbef3aea'}, 'date': {'date': '2021-01-05'}, 'block': {'height': 11593577}}, {'smartContract': {'address': {'address': '0x6e4c8df87e4506e44dca572f228b77dad22978b6'}}, 'caller': {'address': '0x5e1f55a4a02890cf7d599a8d39cb5e4cdbef3aea'}, 'date': {'date': '2021-01-05'}, 'block': {'height': 11593573}}, {'smartContract': {'address': {'address': '0x53d37cfcb343ade476524479190cdd356f530892'}}, 'caller': {'address': '0x5e1f55a4a02890cf7d599a8d39cb5e4cdbef3aea'}, 'date': {'date': '2021-01-05'}, 'block': {'height': 11593516}}, {'smartContract': {'address': {'address': '0xb59020cc1c7d98463fd133219330121d842cd4b6'}}, 'caller': {'address': '0x5e1f55a4a02890cf7d599a8d39cb5e4cdbef3aea'}, 'date': {'date': '2021-01-05'}, 'block': {'height': 11593499}}, {'smartContract': {'address': {'address': '0xd5d23e9038699f0ff59ec40e28d122da3f4b4f1d'}}, 'caller': {'address': '0x5e1f55a4a02890cf7d599a8d39cb5e4cdbef3aea'}, 'date': {'date': '2021-01-05'}, 'block': {'height': 11593444}}, {'smartContract': {'address': {'address': '0x38df9d60f554e102118b7dde8f0a5fe4f468ef01'}}, 'caller': {'address': '0x5e1f55a4a02890cf7d599a8d39cb5e4cdbef3aea'}, 'date': {'date': '2020-12-29'}, 'block': {'height': 11548261}}, {'smartContract': {'address': {'address': '0x2294958595a6ca2fa4dcf0b9d3a27fc597cb2036'}}, 'caller': {'address': '0x5e1f55a4a02890cf7d599a8d39cb5e4cdbef3aea'}, 'date': {'date': '2020-12-29'}, 'block': {'height': 11548251}}, {'smartContract': {'address': {'address': '0x35fc86565959f6825487657f19084619cb713497'}}, 'caller': {'address': '0x5e1f55a4a02890cf7d599a8d39cb5e4cdbef3aea'}, 'date': {'date': '2020-12-29'}, 'block': {'height': 11547666}}, {'smartContract': {'address': {'address': '0xca335af94691df1b9756f5976995764f6d490c81'}}, 'caller': {'address': '0x5e1f55a4a02890cf7d599a8d39cb5e4cdbef3aea'}, 'date': {'date': '2020-12-29'}, 'block': {'height': 11547628}}, {'smartContract': {'address': {'address': '0x83c56e6bd6ff5d912fd063ef44ab4f8cf0e8c424'}}, 'caller': {'address': '0x5e1f55a4a02890cf7d599a8d39cb5e4cdbef3aea'}, 'date': {'date': '2020-12-29'}, 'block': {'height': 11547619}}, {'smartContract': {'address': {'address': '0xb598e31cde5d1d366506717d33f0bde1c5b02311'}}, 'caller': {'address': '0x5e1f55a4a02890cf7d599a8d39cb5e4cdbef3aea'}, 'date': {'date': '2020-12-29'}, 'block': {'height': 11547239}}, {'smartContract': {'address': {'address': '0x85f67877a9661d75dace140bbe7113a37bceb68c'}}, 'caller': {'address': '0x5e1f55a4a02890cf7d599a8d39cb5e4cdbef3aea'}, 'date': {'date': '2020-12-29'}, 'block': {'height': 11547228}}, {'smartContract': {'address': {'address': '0xa48d17841c77464efe7ee61a0a2d6fc3f689b901'}}, 'caller': {'address': '0x5e1f55a4a02890cf7d599a8d39cb5e4cdbef3aea'}, 'date': {'date': '2020-12-29'}, 'block': {'height': 11547172}}]",2020-12-02
327,327,0xe53EC727dbDEB9E2d5456c3be40cFF031AB40A55,SuperFarm,,0x42F7C51BE14cac4C7fE70DCBEf7cEff62e130137,57625.84764,"[{'smartContract': {'address': {'address': '0x701354d1f4a808318327bdfb4a938edd0bf66da7'}}, 'caller': {'address': '0x42f7c51be14cac4c7fe70dcbef7ceff62e130137'}, 'date': {'date': '2021-02-21'}, 'block': {'height': 11897272}}, {'smartContract': {'address': {'address': '0xf6e4795173cafa138c76df176dde7c3bda2e14ca'}}, 'caller': {'address': '0x42f7c51be14cac4c7fe70dcbef7ceff62e130137'}, 'date': {'date': '2021-02-21'}, 'block': {'height': 11897271}}, {'smartContract': {'address': {'address': '0xbda122ff9d13e7b5baee2502fa35f8ceb23a4700'}}, 'caller': {'address': '0x42f7c51be14cac4c7fe70dcbef7ceff62e130137'}, 'date': {'date': '2021-02-21'}, 'block': {'height': 11897242}}, {'smartContract': {'address': {'address': '0x23a1fd006d151e1d920d5de860e82c697e73fbcf'}}, 'caller': {'address': '0x42f7c51be14cac4c7fe70dcbef7ceff62e130137'}, 'date': {'date': '2021-02-21'}, 'block': {'height': 11897240}}, {'smartContract': {'address': {'address': '0x7080f65abb8834259668900de238fcfb73ac3f2c'}}, 'caller': {'address': '0x42f7c51be14cac4c7fe70dcbef7ceff62e130137'}, 'date': {'date': '2021-02-21'}, 'block': {'height': 11897228}}, {'smartContract': {'address': {'address': '0x72267d7090dcab8cb832fc77048f47333c250cb1'}}, 'caller': {'address': '0x42f7c51be14cac4c7fe70dcbef7ceff62e130137'}, 'date': {'date': '2021-02-21'}, 'block': {'height': 11897225}}, {'smartContract': {'address': {'address': '0x0167eed0dd3e644fa06e6de44bf65503b37a7e47'}}, 'caller': {'address': '0x42f7c51be14cac4c7fe70dcbef7ceff62e130137'}, 'date': {'date': '2021-02-21'}, 'block': {'height': 11897223}}, {'smartContract': {'address': {'address': '0x6a67809acfc114aa691c8d60f5963807dc8fc2e6'}}, 'caller': {'address': '0x42f7c51be14cac4c7fe70dcbef7ceff62e130137'}, 'date': {'date': '2021-02-21'}, 'block': {'height': 11897220}}, {'smartContract': {'address': {'address': '0x399a14c051de50cfed6a806da1e6c27d6448aa60'}}, 'caller': {'address': '0x42f7c51be14cac4c7fe70dcbef7ceff62e130137'}, 'date': {'date': '2021-02-21'}, 'block': {'height': 11897216}}, {'smartContract': {'address': {'address': '0x7456d1194444d1cf40fb2854ec686fa356f66769'}}, 'caller': {'address': '0x42f7c51be14cac4c7fe70dcbef7ceff62e130137'}, 'date': {'date': '2021-02-21'}, 'block': {'height': 11897191}}, {'smartContract': {'address': {'address': '0x9935a89fa42dc280c29b8f069779043b95b6362b'}}, 'caller': {'address': '0x42f7c51be14cac4c7fe70dcbef7ceff62e130137'}, 'date': {'date': '2021-02-21'}, 'block': {'height': 11897190}}, {'smartContract': {'address': {'address': '0x0afa5db1438f82bc143fb6e1f07f0bbd433c0123'}}, 'caller': {'address': '0x42f7c51be14cac4c7fe70dcbef7ceff62e130137'}, 'date': {'date': '2021-02-21'}, 'block': {'height': 11897187}}, {'smartContract': {'address': {'address': '0xfc45041d88ef70f87e7bbe4092f0f9471bf25197'}}, 'caller': {'address': '0x42f7c51be14cac4c7fe70dcbef7ceff62e130137'}, 'date': {'date': '2021-02-21'}, 'block': {'height': 11897186}}, {'smartContract': {'address': {'address': '0xebaabac3e56e06d4ce4056593f98599d316557e6'}}, 'caller': {'address': '0x42f7c51be14cac4c7fe70dcbef7ceff62e130137'}, 'date': {'date': '2021-02-21'}, 'block': {'height': 11897070}}, {'smartContract': {'address': {'address': '0x4289f116fbd3d861ca9001f4974f8fc7d17f91d2'}}, 'caller': {'address': '0x42f7c51be14cac4c7fe70dcbef7ceff62e130137'}, 'date': {'date': '2021-02-21'}, 'block': {'height': 11897067}}, {'smartContract': {'address': {'address': '0x8179d22607b64fd23b9ef818b3009e101edbb4fc'}}, 'caller': {'address': '0x42f7c51be14cac4c7fe70dcbef7ceff62e130137'}, 'date': {'date': '2021-02-21'}, 'block': {'height': 11897065}}, {'smartContract': {'address': {'address': '0xeb55451173b3efb3950129e7f344d81da3814edf'}}, 'caller': {'address': '0x42f7c51be14cac4c7fe70dcbef7ceff62e130137'}, 'date': {'date': '2021-02-21'}, 'block': {'height': 11897055}}, {'smartContract': {'address': {'address': '0x47c9ba1475109b391cd9dae6b51b02a8f9753b28'}}, 'caller': {'address': '0x42f7c51be14cac4c7fe70dcbef7ceff62e130137'}, 'date': {'date': '2021-02-21'}, 'block': {'height': 11897054}}, {'smartContract': {'address': {'address': '0xe53ec727dbdeb9e2d5456c3be40cff031ab40a55'}}, 'caller': {'address': '0x42f7c51be14cac4c7fe70dcbef7ceff62e130137'}, 'date': {'date': '2021-02-21'}, 'block': {'height': 11897052}}]",2021-02-21
328,328,0x630d98424eFe0Ea27fB1b3Ab7741907DFFEaAd78,(Proxy contract) PEAKDEFI,,0xbDBdfAfB975B35a41fA228585c8700D31cCE73c9,54792.87563,"[{'smartContract': {'address': {'address': '0xa445570a6a156c4a5e564b0d4075c3cc02a66a2b'}}, 'caller': {'address': '0xbdbdfafb975b35a41fa228585c8700d31cce73c9'}, 'date': {'date': '2020-11-18'}, 'block': {'height': 11283012}}, {'smartContract': {'address': {'address': '0x5c254fd411db8d8a696b94a46508df7ce578729d'}}, 'caller': {'address': '0xbdbdfafb975b35a41fa228585c8700d31cce73c9'}, 'date': {'date': '2020-11-18'}, 'block': {'height': 11282860}}, {'smartContract': {'address': {'address': '0x86ad8a61c8b260c8c28539927be6ad3fb57b6382'}}, 'caller': {'address': '0xbdbdfafb975b35a41fa228585c8700d31cce73c9'}, 'date': {'date': '2020-10-08'}, 'block': {'height': 11013568}}, {'smartContract': {'address': {'address': '0x630d98424efe0ea27fb1b3ab7741907dffeaad78'}}, 'caller': {'address': '0xbdbdfafb975b35a41fa228585c8700d31cce73c9'}, 'date': {'date': '2020-10-07'}, 'block': {'height': 11008833}}, {'smartContract': {'address': {'address': '0x5b103d2125d83d2521815f62304b67b2c2403a45'}}, 'caller': {'address': '0xbdbdfafb975b35a41fa228585c8700d31cce73c9'}, 'date': {'date': '2020-10-07'}, 'block': {'height': 11008806}}]",2020-10-07
329,329,0x793786e2dd4Cc492ed366a94B88a3Ff9ba5E7546,AXIA TOKEN (axiaprotocol.io),https://github.com/axiaprotocol,0x5637c1E5Bb45ffA08F8C069D2d4C853e745E62FA,54016.46361,"[{'smartContract': {'address': {'address': '0x152959a2f50d716707fea4897e72c554272dc584'}}, 'caller': {'address': '0x5637c1e5bb45ffa08f8c069d2d4c853e745e62fa'}, 'date': {'date': '2021-05-26'}, 'block': {'height': 12506836}}, {'smartContract': {'address': {'address': '0xbf11db4e63c72c5dffde0f5831d667817c9e9ad5'}}, 'caller': {'address': '0x9424b1412450d0f8fc2255faf6046b98213b76bd'}, 'date': {'date': '2021-04-30'}, 'block': {'height': 12341153}}, {'smartContract': {'address': {'address': '0xb9e2ba3b27eff30bb41eda3b5219ce18bb447956'}}, 'caller': {'address': '0x5637c1e5bb45ffa08f8c069d2d4c853e745e62fa'}, 'date': {'date': '2020-10-25'}, 'block': {'height': 11126144}}, {'smartContract': {'address': {'address': '0x54403989539e13e7ce5638f558dc892fa32b96b5'}}, 'caller': {'address': '0x5637c1e5bb45ffa08f8c069d2d4c853e745e62fa'}, 'date': {'date': '2020-10-25'}, 'block': {'height': 11126111}}, {'smartContract': {'address': {'address': '0xb30e0b440eb666fa42281ec224f6d6b34f4d031e'}}, 'caller': {'address': '0x5637c1e5bb45ffa08f8c069d2d4c853e745e62fa'}, 'date': {'date': '2020-10-21'}, 'block': {'height': 11100582}}, {'smartContract': {'address': {'address': '0x13bf8ecc26fdc3002853d26b2ca685015679622f'}}, 'caller': {'address': '0x5637c1e5bb45ffa08f8c069d2d4c853e745e62fa'}, 'date': {'date': '2020-10-18'}, 'block': {'height': 11081808}}, {'smartContract': {'address': {'address': '0x8e98ef0adb8a7e8dcd089e2d961d5bb7a72005e0'}}, 'caller': {'address': '0x5637c1e5bb45ffa08f8c069d2d4c853e745e62fa'}, 'date': {'date': '2020-10-10'}, 'block': {'height': 11030449}}, {'smartContract': {'address': {'address': '0xa1ec308f05bca8acc84eaf76bc9c92a52ac25415'}}, 'caller': {'address': '0x9424b1412450d0f8fc2255faf6046b98213b76bd'}, 'date': {'date': '2020-10-09'}, 'block': {'height': 11024324}}, {'smartContract': {'address': {'address': '0x4833e8b56fc8e8a777fcc5e37cb6035c504c9478'}}, 'caller': {'address': '0x9424b1412450d0f8fc2255faf6046b98213b76bd'}, 'date': {'date': '2020-10-09'}, 'block': {'height': 11024310}}, {'smartContract': {'address': {'address': '0x1e0693f129d05e5857a642245185ee1fca6a5096'}}, 'caller': {'address': '0x5c69bee701ef814a2b6a3edd4b1652cb9cc5aa6f'}, 'date': {'date': '2020-10-09'}, 'block': {'height': 11024287}}, {'smartContract': {'address': {'address': '0x793786e2dd4cc492ed366a94b88a3ff9ba5e7546'}}, 'caller': {'address': '0x5637c1e5bb45ffa08f8c069d2d4c853e745e62fa'}, 'date': {'date': '2020-10-09'}, 'block': {'height': 11024180}}, {'smartContract': {'address': {'address': '0x3ee62c2002bfce6f90a210ad40e47f06018af8aa'}}, 'caller': {'address': '0x5637c1e5bb45ffa08f8c069d2d4c853e745e62fa'}, 'date': {'date': '2020-10-09'}, 'block': {'height': 11023872}}, {'smartContract': {'address': {'address': '0x2b79d8dcbf26c5b690145130006be06d1324c2b2'}}, 'caller': {'address': '0x5637c1e5bb45ffa08f8c069d2d4c853e745e62fa'}, 'date': {'date': '2020-10-09'}, 'block': {'height': 11023860}}, {'smartContract': {'address': {'address': '0xa5130fc368caad25450cb5ad1d3718bab7e558da'}}, 'caller': {'address': '0x5637c1e5bb45ffa08f8c069d2d4c853e745e62fa'}, 'date': {'date': '2020-10-09'}, 'block': {'height': 11023837}}, {'smartContract': {'address': {'address': '0x9ded3b9d0bd9cc4de698dcebebb68b1f0033c0c8'}}, 'caller': {'address': '0x5637c1e5bb45ffa08f8c069d2d4c853e745e62fa'}, 'date': {'date': '2020-10-09'}, 'block': {'height': 11023758}}, {'smartContract': {'address': {'address': '0x41c075a10156b43f01800f15136916897d32ecb6'}}, 'caller': {'address': '0x5637c1e5bb45ffa08f8c069d2d4c853e745e62fa'}, 'date': {'date': '2020-10-09'}, 'block': {'height': 11023553}}, {'smartContract': {'address': {'address': '0x17fd80ec76770f1b135e48fb42d0eb5bd3eccd20'}}, 'caller': {'address': '0x5637c1e5bb45ffa08f8c069d2d4c853e745e62fa'}, 'date': {'date': '2020-10-09'}, 'block': {'height': 11023017}}, {'smartContract': {'address': {'address': '0xd98d08f0a74dc5fae6cf313f09a550474897a204'}}, 'caller': {'address': '0x5637c1e5bb45ffa08f8c069d2d4c853e745e62fa'}, 'date': {'date': '2020-10-02'}, 'block': {'height': 10976730}}, {'smartContract': {'address': {'address': '0x2286d63486f7576c0131f8a8f6266273172e380e'}}, 'caller': {'address': '0x5637c1e5bb45ffa08f8c069d2d4c853e745e62fa'}, 'date': {'date': '2020-10-02'}, 'block': {'height': 10976659}}, {'smartContract': {'address': {'address': '0xfd908311d7e2eb099c6e8b61953d822df7c51b1a'}}, 'caller': {'address': '0x5637c1e5bb45ffa08f8c069d2d4c853e745e62fa'}, 'date': {'date': '2020-10-02'}, 'block': {'height': 10976625}}, {'smartContract': {'address': {'address': '0x7c1460e627d64febe9294c9b6aabd5bb801d7ab6'}}, 'caller': {'address': '0x9424b1412450d0f8fc2255faf6046b98213b76bd'}, 'date': {'date': '2020-10-01'}, 'block': {'height': 10969201}}, {'smartContract': {'address': {'address': '0x78c3de9e91c86e5242534f5685b6e7fc8e767c0e'}}, 'caller': {'address': '0x5637c1e5bb45ffa08f8c069d2d4c853e745e62fa'}, 'date': {'date': '2020-09-28'}, 'block': {'height': 10953429}}, {'smartContract': {'address': {'address': '0xbd1d54139e65bf61d1ff74f584d7e3fbcb94dbd1'}}, 'caller': {'address': '0x5637c1e5bb45ffa08f8c069d2d4c853e745e62fa'}, 'date': {'date': '2020-09-28'}, 'block': {'height': 10953419}}, {'smartContract': {'address': {'address': '0xf01c4300c9e8806c39c55296783dce097c622bfc'}}, 'caller': {'address': '0x9424b1412450d0f8fc2255faf6046b98213b76bd'}, 'date': {'date': '2020-09-28'}, 'block': {'height': 10953111}}, {'smartContract': {'address': {'address': '0x3b6c3600b6350eb34da0eaf26204fbed8953a14e'}}, 'caller': {'address': '0x9424b1412450d0f8fc2255faf6046b98213b76bd'}, 'date': {'date': '2020-09-28'}, 'block': {'height': 10953035}}, {'smartContract': {'address': {'address': '0x8f00fa01a66664e0b36aa2408e425c1e1b652b0a'}}, 'caller': {'address': '0x5c69bee701ef814a2b6a3edd4b1652cb9cc5aa6f'}, 'date': {'date': '2020-09-14'}, 'block': {'height': 10862097}}, {'smartContract': {'address': {'address': '0x7384fda4305c95c5c9a777aea07ae0389700a9b8'}}, 'caller': {'address': '0x5637c1e5bb45ffa08f8c069d2d4c853e745e62fa'}, 'date': {'date': '2020-09-14'}, 'block': {'height': 10861528}}, {'smartContract': {'address': {'address': '0xd72126a3d49b1102f89e57041af96e2e6db3a30e'}}, 'caller': {'address': '0x5637c1e5bb45ffa08f8c069d2d4c853e745e62fa'}, 'date': {'date': '2020-09-14'}, 'block': {'height': 10861467}}, {'smartContract': {'address': {'address': '0xf3c4f55d027e635a9092af89fed3da6184083f18'}}, 'caller': {'address': '0x5637c1e5bb45ffa08f8c069d2d4c853e745e62fa'}, 'date': {'date': '2020-09-14'}, 'block': {'height': 10861415}}, {'smartContract': {'address': {'address': '0xd3059129e498bc716cf265dbd8928ff493a75f54'}}, 'caller': {'address': '0x5637c1e5bb45ffa08f8c069d2d4c853e745e62fa'}, 'date': {'date': '2020-09-14'}, 'block': {'height': 10861376}}, {'smartContract': {'address': {'address': '0x5456a07d6cc282a4a1b3443a3c170f7846d79bab'}}, 'caller': {'address': '0x5637c1e5bb45ffa08f8c069d2d4c853e745e62fa'}, 'date': {'date': '2020-09-14'}, 'block': {'height': 10861356}}, {'smartContract': {'address': {'address': '0xa398281939fc4050bd31d4f69689e5fe3126ca5a'}}, 'caller': {'address': '0x5637c1e5bb45ffa08f8c069d2d4c853e745e62fa'}, 'date': {'date': '2020-09-09'}, 'block': {'height': 10829935}}, {'smartContract': {'address': {'address': '0xc50ff1a0f1576ed01abf6c9c521a808da622fcd6'}}, 'caller': {'address': '0x5c69bee701ef814a2b6a3edd4b1652cb9cc5aa6f'}, 'date': {'date': '2020-09-04'}, 'block': {'height': 10797420}}, {'smartContract': {'address': {'address': '0xdeba6b59813637824e59e8de67d37a7328f2e944'}}, 'caller': {'address': '0x5c69bee701ef814a2b6a3edd4b1652cb9cc5aa6f'}, 'date': {'date': '2020-09-04'}, 'block': {'height': 10797374}}, {'smartContract': {'address': {'address': '0x2b4c91935b73cf6c4dd3755a0abc83819d0f160e'}}, 'caller': {'address': '0x9424b1412450d0f8fc2255faf6046b98213b76bd'}, 'date': {'date': '2020-09-04'}, 'block': {'height': 10797319}}, {'smartContract': {'address': {'address': '0xc3ade03339008e4c6ef8982ab74f0863660a53be'}}, 'caller': {'address': '0x5c69bee701ef814a2b6a3edd4b1652cb9cc5aa6f'}, 'date': {'date': '2020-09-04'}, 'block': {'height': 10797268}}, {'smartContract': {'address': {'address': '0x9c5ef1d941eaeff8774128a8b2c58fce2c2bc7fa'}}, 'caller': {'address': '0x9424b1412450d0f8fc2255faf6046b98213b76bd'}, 'date': {'date': '2020-09-04'}, 'block': {'height': 10797141}}, {'smartContract': {'address': {'address': '0x65f210d73ea2cdbb2ad104d912a78b075a7730f9'}}, 'caller': {'address': '0x5c69bee701ef814a2b6a3edd4b1652cb9cc5aa6f'}, 'date': {'date': '2020-09-04'}, 'block': {'height': 10797073}}, {'smartContract': {'address': {'address': '0xcc088c35a88d467d334cb308a966bd2b29fb5cdc'}}, 'caller': {'address': '0x5c69bee701ef814a2b6a3edd4b1652cb9cc5aa6f'}, 'date': {'date': '2020-09-04'}, 'block': {'height': 10796942}}, {'smartContract': {'address': {'address': '0x39845d7bcf808591e4f23157635829012e41b352'}}, 'caller': {'address': '0xa26e15c895efc0616177b7c1e7270a4c7d51c997'}, 'date': {'date': '2020-09-04'}, 'block': {'height': 10795740}}, {'smartContract': {'address': {'address': '0x1529620732836117a969463266e0f3c0442b4ad2'}}, 'caller': {'address': '0x5637c1e5bb45ffa08f8c069d2d4c853e745e62fa'}, 'date': {'date': '2020-09-04'}, 'block': {'height': 10795083}}, {'smartContract': {'address': {'address': '0xca9c7a6f7f6cfc817ae81121e64d0143211f0234'}}, 'caller': {'address': '0x5c69bee701ef814a2b6a3edd4b1652cb9cc5aa6f'}, 'date': {'date': '2020-09-04'}, 'block': {'height': 10795072}}, {'smartContract': {'address': {'address': '0xd5fb669db8f85c2be391adeffe7e8c781995795b'}}, 'caller': {'address': '0x5c69bee701ef814a2b6a3edd4b1652cb9cc5aa6f'}, 'date': {'date': '2020-09-04'}, 'block': {'height': 10794905}}, {'smartContract': {'address': {'address': '0x0d0c17dd9c8031d9cf49f24ea61ddd6553a23775'}}, 'caller': {'address': '0x5637c1e5bb45ffa08f8c069d2d4c853e745e62fa'}, 'date': {'date': '2020-09-03'}, 'block': {'height': 10787584}}, {'smartContract': {'address': {'address': '0x380e9c346d62504d6a83c9ece88d3920eba054d8'}}, 'caller': {'address': '0x5637c1e5bb45ffa08f8c069d2d4c853e745e62fa'}, 'date': {'date': '2020-09-02'}, 'block': {'height': 10784437}}, {'smartContract': {'address': {'address': '0x30128d4955993e8cef80577f4210d5ccf3556a94'}}, 'caller': {'address': '0x5637c1e5bb45ffa08f8c069d2d4c853e745e62fa'}, 'date': {'date': '2020-09-02'}, 'block': {'height': 10784392}}, {'smartContract': {'address': {'address': '0x3f787b52e797ec1ba91e82ff4e1f1321670ddece'}}, 'caller': {'address': '0x5637c1e5bb45ffa08f8c069d2d4c853e745e62fa'}, 'date': {'date': '2020-09-02'}, 'block': {'height': 10784366}}, {'smartContract': {'address': {'address': '0x49690541e3f6e933a9aa3cffee6010a7bb5b72d7'}}, 'caller': {'address': '0x5637c1e5bb45ffa08f8c069d2d4c853e745e62fa'}, 'date': {'date': '2020-09-02'}, 'block': {'height': 10784346}}, {'smartContract': {'address': {'address': '0x33ea42ecab4681b4a983b9d39c4a7e16dc107df8'}}, 'caller': {'address': '0x5637c1e5bb45ffa08f8c069d2d4c853e745e62fa'}, 'date': {'date': '2020-09-02'}, 'block': {'height': 10784315}}]",2020-10-10
330,330,0x493CbBd4A5da462E3dbc3E5c8e2A1E37D1D03CAc,XCarnival,,0xC087629431256745e6e3d87B3EC14e8B42D47E48,48076.52224,"[{'smartContract': {'address': {'address': '0xa6ee5792c8a210fce43b8ea780bf9222d1fa0150'}}, 'caller': {'address': '0xc087629431256745e6e3d87b3ec14e8b42d47e48'}, 'date': {'date': '2022-08-15'}, 'block': {'height': 15345232}}, {'smartContract': {'address': {'address': '0xdd0ed860204b1f0f5849a7e4f635990ce1c176eb'}}, 'caller': {'address': '0xc087629431256745e6e3d87b3ec14e8b42d47e48'}, 'date': {'date': '2022-06-14'}, 'block': {'height': 14959739}}, {'smartContract': {'address': {'address': '0x81a6b7ce496b7a0e033bf083c26627cdb65b1378'}}, 'caller': {'address': '0xc087629431256745e6e3d87b3ec14e8b42d47e48'}, 'date': {'date': '2022-06-06'}, 'block': {'height': 14913939}}, {'smartContract': {'address': {'address': '0x6d7bc3d418e8c482c49f6c1ebad901606d9c10a4'}}, 'caller': {'address': '0xa6b71e26c5e0845f74c812102ca7114b6a896ab2'}, 'date': {'date': '2022-06-06'}, 'block': {'height': 14913516}}, {'smartContract': {'address': {'address': '0xd5c442388ed08e8ed9a8e6318bd83ef28b9c5001'}}, 'caller': {'address': '0xc087629431256745e6e3d87b3ec14e8b42d47e48'}, 'date': {'date': '2022-06-05'}, 'block': {'height': 14909469}}, {'smartContract': {'address': {'address': '0x12e8483d6aaa66780c930804a7e54bd6680acce9'}}, 'caller': {'address': '0xc087629431256745e6e3d87b3ec14e8b42d47e48'}, 'date': {'date': '2022-06-05'}, 'block': {'height': 14909450}}, {'smartContract': {'address': {'address': '0x82c7e587fbd3dfcb85bfdc08435e554c2e9d0b6e'}}, 'caller': {'address': '0xc087629431256745e6e3d87b3ec14e8b42d47e48'}, 'date': {'date': '2022-06-05'}, 'block': {'height': 14909449}}, {'smartContract': {'address': {'address': '0xc2b4d7d65797930c4b888c8a639d131a1da07332'}}, 'caller': {'address': '0xc087629431256745e6e3d87b3ec14e8b42d47e48'}, 'date': {'date': '2022-06-05'}, 'block': {'height': 14909409}}, {'smartContract': {'address': {'address': '0x8e2aea432d813fab100a380ccd60013127fc8982'}}, 'caller': {'address': '0xc087629431256745e6e3d87b3ec14e8b42d47e48'}, 'date': {'date': '2022-06-05'}, 'block': {'height': 14909407}}, {'smartContract': {'address': {'address': '0x9387b647271f00175aa27f87656a49e4aa51b1d0'}}, 'caller': {'address': '0xc087629431256745e6e3d87b3ec14e8b42d47e48'}, 'date': {'date': '2022-06-05'}, 'block': {'height': 14909402}}, {'smartContract': {'address': {'address': '0xbe6f91cd3795eb9e2b9294806569342157388049'}}, 'caller': {'address': '0xc087629431256745e6e3d87b3ec14e8b42d47e48'}, 'date': {'date': '2022-06-05'}, 'block': {'height': 14909390}}, {'smartContract': {'address': {'address': '0x3751cdd2547e44574984e9f95f76624fed3d58dc'}}, 'caller': {'address': '0xc087629431256745e6e3d87b3ec14e8b42d47e48'}, 'date': {'date': '2022-06-05'}, 'block': {'height': 14909387}}, {'smartContract': {'address': {'address': '0x5b7e34db8779489c1d81d66771b59cde67210f62'}}, 'caller': {'address': '0xc087629431256745e6e3d87b3ec14e8b42d47e48'}, 'date': {'date': '2022-06-05'}, 'block': {'height': 14909386}}, {'smartContract': {'address': {'address': '0x5e5186d21cbddc8765c4558dbda0bf20b90bf118'}}, 'caller': {'address': '0xc087629431256745e6e3d87b3ec14e8b42d47e48'}, 'date': {'date': '2022-06-05'}, 'block': {'height': 14909370}}, {'smartContract': {'address': {'address': '0xec4ceea0627ab7e87381f82d2bd89bcba9792000'}}, 'caller': {'address': '0xc087629431256745e6e3d87b3ec14e8b42d47e48'}, 'date': {'date': '2022-06-05'}, 'block': {'height': 14909367}}, {'smartContract': {'address': {'address': '0xf3611de43ef9260ad2bef91595a7decaef81b0e5'}}, 'caller': {'address': '0xc087629431256745e6e3d87b3ec14e8b42d47e48'}, 'date': {'date': '2022-06-05'}, 'block': {'height': 14909294}}, {'smartContract': {'address': {'address': '0xb38707e31c813f832ef71c70731ed80b45b85b2d'}}, 'caller': {'address': '0xc087629431256745e6e3d87b3ec14e8b42d47e48'}, 'date': {'date': '2022-06-05'}, 'block': {'height': 14909258}}, {'smartContract': {'address': {'address': '0x2ff3e2e7b2c33d51493cfd70e6ab71710e635c1c'}}, 'caller': {'address': '0xc087629431256745e6e3d87b3ec14e8b42d47e48'}, 'date': {'date': '2022-06-05'}, 'block': {'height': 14909251}}, {'smartContract': {'address': {'address': '0x5417da20ac8157dd5c07230cfc2b226fdcfc5663'}}, 'caller': {'address': '0xc087629431256745e6e3d87b3ec14e8b42d47e48'}, 'date': {'date': '2022-06-05'}, 'block': {'height': 14909223}}, {'smartContract': {'address': {'address': '0xb7e2300e77d81336307e36ce68d6909e43f4d38a'}}, 'caller': {'address': '0xc087629431256745e6e3d87b3ec14e8b42d47e48'}, 'date': {'date': '2022-06-05'}, 'block': {'height': 14909207}}, {'smartContract': {'address': {'address': '0x76659c63e9aaff89cde6ca41b2f2af28ab073534'}}, 'caller': {'address': '0xc087629431256745e6e3d87b3ec14e8b42d47e48'}, 'date': {'date': '2022-06-05'}, 'block': {'height': 14909206}}, {'smartContract': {'address': {'address': '0x34ca24ddcdaf00105a3bf10ba5aae67953178b85'}}, 'caller': {'address': '0xc087629431256745e6e3d87b3ec14e8b42d47e48'}, 'date': {'date': '2022-06-05'}, 'block': {'height': 14909203}}, {'smartContract': {'address': {'address': '0x551e4660dea57cef76927e221c316e2e976e7824'}}, 'caller': {'address': '0xb7f7f6c52f2e2fdb1963eab30438024864c313f6'}, 'date': {'date': '2022-06-05'}, 'block': {'height': 14909180}}, {'smartContract': {'address': {'address': '0xb14b3b9682990ccc16f52eb04146c3ceab01169a'}}, 'caller': {'address': '0xc087629431256745e6e3d87b3ec14e8b42d47e48'}, 'date': {'date': '2022-06-05'}, 'block': {'height': 14909176}}, {'smartContract': {'address': {'address': '0xf8a6603f846c594fa66f38f44907397be1845674'}}, 'caller': {'address': '0xc087629431256745e6e3d87b3ec14e8b42d47e48'}, 'date': {'date': '2022-06-05'}, 'block': {'height': 14909174}}, {'smartContract': {'address': {'address': '0x39360ac1239a0b98cb8076d4135d0f72b7fd9909'}}, 'caller': {'address': '0xc087629431256745e6e3d87b3ec14e8b42d47e48'}, 'date': {'date': '2022-06-05'}, 'block': {'height': 14909173}}, {'smartContract': {'address': {'address': '0xbd0e1bc09ae52072a9f5d3343b98643ae585e339'}}, 'caller': {'address': '0xc087629431256745e6e3d87b3ec14e8b42d47e48'}, 'date': {'date': '2022-06-05'}, 'block': {'height': 14909161}}, {'smartContract': {'address': {'address': '0x222d7b700104c91a2ebbf689ff7b2a35f2541f98'}}, 'caller': {'address': '0xc087629431256745e6e3d87b3ec14e8b42d47e48'}, 'date': {'date': '2022-06-05'}, 'block': {'height': 14909152}}, {'smartContract': {'address': {'address': '0x223cb83b14d04b5aa961b3b3a62f2e20507a13ac'}}, 'caller': {'address': '0xc087629431256745e6e3d87b3ec14e8b42d47e48'}, 'date': {'date': '2022-06-05'}, 'block': {'height': 14909150}}, {'smartContract': {'address': {'address': '0x891142f9f62363ad976fff7b79fb0a288c62b610'}}, 'caller': {'address': '0xc087629431256745e6e3d87b3ec14e8b42d47e48'}, 'date': {'date': '2022-06-05'}, 'block': {'height': 14909149}}, {'smartContract': {'address': {'address': '0x493cbbd4a5da462e3dbc3e5c8e2a1e37d1d03cac'}}, 'caller': {'address': '0xc087629431256745e6e3d87b3ec14e8b42d47e48'}, 'date': {'date': '2022-06-05'}, 'block': {'height': 14909130}}]",2022-06-05
331,331,0x28A06c02287e657ec3F8e151A13C36A1D43814b0,BondAppetit Governance (BAG),https://github.com/bondappetit,0x6Eff5218f3EBB8A813539DBA87bD5c7D4d2B3dcc,47050.98,"[{'smartContract': {'address': {'address': '0x66a93680460607fcc308520e4733cf2c31d03a94'}}, 'caller': {'address': '0x6eff5218f3ebb8a813539dba87bd5c7d4d2b3dcc'}, 'date': {'date': '2021-10-23'}, 'block': {'height': 13475499}}, {'smartContract': {'address': {'address': '0xd4e861ead6e81fe0eb20d0197c72590498e0e944'}}, 'caller': {'address': '0x6eff5218f3ebb8a813539dba87bd5c7d4d2b3dcc'}, 'date': {'date': '2021-09-09'}, 'block': {'height': 13190041}}, {'smartContract': {'address': {'address': '0x3c9feea39ef1d4847813e380bb424677142cf2b1'}}, 'caller': {'address': '0x6eff5218f3ebb8a813539dba87bd5c7d4d2b3dcc'}, 'date': {'date': '2021-09-09'}, 'block': {'height': 13190030}}, {'smartContract': {'address': {'address': '0xda47f10c3c8128c9c85312af693c34bcbefa2057'}}, 'caller': {'address': '0x6eff5218f3ebb8a813539dba87bd5c7d4d2b3dcc'}, 'date': {'date': '2021-09-09'}, 'block': {'height': 13189931}}, {'smartContract': {'address': {'address': '0xdf00204a61df6f1d241b6751bd34b9a3e4930257'}}, 'caller': {'address': '0x6eff5218f3ebb8a813539dba87bd5c7d4d2b3dcc'}, 'date': {'date': '2021-09-09'}, 'block': {'height': 13189928}}, {'smartContract': {'address': {'address': '0x377f59eb8abd0efc1f33f45696a0a4bb51cda72f'}}, 'caller': {'address': '0x6eff5218f3ebb8a813539dba87bd5c7d4d2b3dcc'}, 'date': {'date': '2021-09-09'}, 'block': {'height': 13189926}}, {'smartContract': {'address': {'address': '0x17c665c20693ead6d5d233ecaf48d37ed87a6c28'}}, 'caller': {'address': '0x6eff5218f3ebb8a813539dba87bd5c7d4d2b3dcc'}, 'date': {'date': '2021-08-26'}, 'block': {'height': 13101337}}, {'smartContract': {'address': {'address': '0xf6ddfd8ed8c16bd43f10b69c4dede25099c39789'}}, 'caller': {'address': '0x6eff5218f3ebb8a813539dba87bd5c7d4d2b3dcc'}, 'date': {'date': '2021-06-26'}, 'block': {'height': 12710212}}, {'smartContract': {'address': {'address': '0xaa6945212acfceec06ae29d67efd21d4cb7d96e8'}}, 'caller': {'address': '0x6eff5218f3ebb8a813539dba87bd5c7d4d2b3dcc'}, 'date': {'date': '2021-06-26'}, 'block': {'height': 12710193}}, {'smartContract': {'address': {'address': '0x969c70f75aecb0decbde0554fb570276c9a85751'}}, 'caller': {'address': '0x6eff5218f3ebb8a813539dba87bd5c7d4d2b3dcc'}, 'date': {'date': '2021-06-14'}, 'block': {'height': 12633494}}, {'smartContract': {'address': {'address': '0x47860e5978cc9e7403520789f9a38c6b7eeeb08a'}}, 'caller': {'address': '0x5c69bee701ef814a2b6a3edd4b1652cb9cc5aa6f'}, 'date': {'date': '2021-06-14'}, 'block': {'height': 12633492}}, {'smartContract': {'address': {'address': '0x38fdc8c3e8409527f960df83cf0be5274040d9fc'}}, 'caller': {'address': '0x6eff5218f3ebb8a813539dba87bd5c7d4d2b3dcc'}, 'date': {'date': '2021-06-14'}, 'block': {'height': 12633404}}, {'smartContract': {'address': {'address': '0x4e5e8c5294f492865cae4e4e92cdd8c499ffdecc'}}, 'caller': {'address': '0x6eff5218f3ebb8a813539dba87bd5c7d4d2b3dcc'}, 'date': {'date': '2021-04-26'}, 'block': {'height': 12315049}}, {'smartContract': {'address': {'address': '0x1f84342c2527553e2b64ae4c9b854adb10bd6cb8'}}, 'caller': {'address': '0x5c69bee701ef814a2b6a3edd4b1652cb9cc5aa6f'}, 'date': {'date': '2021-04-26'}, 'block': {'height': 12315046}}, {'smartContract': {'address': {'address': '0xbc2910dee5e78dbefa6579fc6b56bab2b7c8ffbf'}}, 'caller': {'address': '0x73a001e72f0fe3ca366d6079dc3427af7865839b'}, 'date': {'date': '2021-04-25'}, 'block': {'height': 12309773}}, {'smartContract': {'address': {'address': '0xd1f8e97f5af0233888f60dc40c4fad2e1ac2f259'}}, 'caller': {'address': '0x6eff5218f3ebb8a813539dba87bd5c7d4d2b3dcc'}, 'date': {'date': '2021-04-23'}, 'block': {'height': 12296645}}, {'smartContract': {'address': {'address': '0xf855d905888ff48c1a716a0d184ff5ca02909baf'}}, 'caller': {'address': '0x5c69bee701ef814a2b6a3edd4b1652cb9cc5aa6f'}, 'date': {'date': '2021-04-23'}, 'block': {'height': 12296642}}, {'smartContract': {'address': {'address': '0x3259ef482768493d54939febdb0fa1897efc09c8'}}, 'caller': {'address': '0x6eff5218f3ebb8a813539dba87bd5c7d4d2b3dcc'}, 'date': {'date': '2021-04-04'}, 'block': {'height': 12171652}}, {'smartContract': {'address': {'address': '0xaa1018f90ff82f058b1ec7aa3d72a243f66300bd'}}, 'caller': {'address': '0x6eff5218f3ebb8a813539dba87bd5c7d4d2b3dcc'}, 'date': {'date': '2021-04-04'}, 'block': {'height': 12171559}}, {'smartContract': {'address': {'address': '0x1c66017aad551ddbaee6085a8619a5063963fcb7'}}, 'caller': {'address': '0x6eff5218f3ebb8a813539dba87bd5c7d4d2b3dcc'}, 'date': {'date': '2021-04-04'}, 'block': {'height': 12171536}}, {'smartContract': {'address': {'address': '0xf3bc6f13bc030e7c294da2aad27b99807bc5f8fd'}}, 'caller': {'address': '0x5c69bee701ef814a2b6a3edd4b1652cb9cc5aa6f'}, 'date': {'date': '2021-04-04'}, 'block': {'height': 12171531}}, {'smartContract': {'address': {'address': '0x4e995d583d54bdc755748d11d429abdaadcfa0b7'}}, 'caller': {'address': '0x6eff5218f3ebb8a813539dba87bd5c7d4d2b3dcc'}, 'date': {'date': '2021-04-04'}, 'block': {'height': 12171530}}, {'smartContract': {'address': {'address': '0x5393b489e9bfb09be9cac59ed5c65cacc55cdebd'}}, 'caller': {'address': '0x5c69bee701ef814a2b6a3edd4b1652cb9cc5aa6f'}, 'date': {'date': '2021-04-04'}, 'block': {'height': 12171528}}, {'smartContract': {'address': {'address': '0xb00762d3a451d481b750e9a255f2fee0eab9684f'}}, 'caller': {'address': '0x6eff5218f3ebb8a813539dba87bd5c7d4d2b3dcc'}, 'date': {'date': '2021-04-04'}, 'block': {'height': 12171499}}, {'smartContract': {'address': {'address': '0xc6e36fc68c717ddd7499dbff67c0426564708451'}}, 'caller': {'address': '0x6eff5218f3ebb8a813539dba87bd5c7d4d2b3dcc'}, 'date': {'date': '2021-04-04'}, 'block': {'height': 12171401}}, {'smartContract': {'address': {'address': '0x679962cb53af1418f14991efc3c482bf6f241d5e'}}, 'caller': {'address': '0x6eff5218f3ebb8a813539dba87bd5c7d4d2b3dcc'}, 'date': {'date': '2021-04-04'}, 'block': {'height': 12171392}}, {'smartContract': {'address': {'address': '0x8f09acb202aed5bd22715585422d75a2b0978c60'}}, 'caller': {'address': '0x6eff5218f3ebb8a813539dba87bd5c7d4d2b3dcc'}, 'date': {'date': '2021-04-04'}, 'block': {'height': 12171189}}, {'smartContract': {'address': {'address': '0xba9395a374ffa8a3a1517bdb02df81dbafdbca8d'}}, 'caller': {'address': '0x6eff5218f3ebb8a813539dba87bd5c7d4d2b3dcc'}, 'date': {'date': '2021-04-04'}, 'block': {'height': 12171030}}, {'smartContract': {'address': {'address': '0x37d3faca3177d7136701aeb946a5a62104064056'}}, 'caller': {'address': '0x6eff5218f3ebb8a813539dba87bd5c7d4d2b3dcc'}, 'date': {'date': '2021-04-03'}, 'block': {'height': 12169120}}, {'smartContract': {'address': {'address': '0x593b443da1ef8be060c4b7e793998ed743621340'}}, 'caller': {'address': '0x6eff5218f3ebb8a813539dba87bd5c7d4d2b3dcc'}, 'date': {'date': '2021-04-03'}, 'block': {'height': 12166704}}, {'smartContract': {'address': {'address': '0x6b62c5c2432da0399dd8f1e5da92bc81c9813803'}}, 'caller': {'address': '0x6eff5218f3ebb8a813539dba87bd5c7d4d2b3dcc'}, 'date': {'date': '2021-04-03'}, 'block': {'height': 12166696}}, {'smartContract': {'address': {'address': '0xfbaa31434dabb3981c031955704e18c2a9f9ea24'}}, 'caller': {'address': '0x6eff5218f3ebb8a813539dba87bd5c7d4d2b3dcc'}, 'date': {'date': '2021-04-03'}, 'block': {'height': 12166687}}, {'smartContract': {'address': {'address': '0x9a1997c130f4b2997166975d9aff92797d5134c2'}}, 'caller': {'address': '0x6eff5218f3ebb8a813539dba87bd5c7d4d2b3dcc'}, 'date': {'date': '2021-04-03'}, 'block': {'height': 12166672}}, {'smartContract': {'address': {'address': '0x28a06c02287e657ec3f8e151a13c36a1d43814b0'}}, 'caller': {'address': '0x6eff5218f3ebb8a813539dba87bd5c7d4d2b3dcc'}, 'date': {'date': '2021-04-03'}, 'block': {'height': 12166667}}]",2021-04-03
332,332,0x5F64Ab1544D28732F0A24F4713c2C8ec0dA089f0,DEXTF Token,,0xFA5648Dcd1B2675CA4442BD9686ae67a5a58f5CA,45540.61195,"[{'smartContract': {'address': {'address': '0x5f64ab1544d28732f0a24f4713c2c8ec0da089f0'}}, 'caller': {'address': '0xfa5648dcd1b2675ca4442bd9686ae67a5a58f5ca'}, 'date': {'date': '2020-09-05'}, 'block': {'height': 10798145}}]",2020-09-05
333,333,0x8a6f3BF52A26a21531514E23016eEAe8Ba7e7018,Multiplier,https://github.com/Multiplier-Finance,0x19B292c1a84379Aab41564283e7f75bF20e45f91,44245.58886,"[{'smartContract': {'address': {'address': '0x24876ab6deda1df624a23ca1833245f86fca85a6'}}, 'caller': {'address': '0x19b292c1a84379aab41564283e7f75bf20e45f91'}, 'date': {'date': '2020-09-30'}, 'block': {'height': 10961290}}, {'smartContract': {'address': {'address': '0x531c3a8926e4c4b4cc50dc1de83e1e7fa0b2738e'}}, 'caller': {'address': '0x19b292c1a84379aab41564283e7f75bf20e45f91'}, 'date': {'date': '2020-09-30'}, 'block': {'height': 10961263}}, {'smartContract': {'address': {'address': '0x0c86790545c2a629e2684b958313d001aa33540f'}}, 'caller': {'address': '0x19b292c1a84379aab41564283e7f75bf20e45f91'}, 'date': {'date': '2020-09-29'}, 'block': {'height': 10955037}}, {'smartContract': {'address': {'address': '0xb3f37e28f521671e1f368a1a06dc9dc7c9914d02'}}, 'caller': {'address': '0x19b292c1a84379aab41564283e7f75bf20e45f91'}, 'date': {'date': '2020-09-29'}, 'block': {'height': 10955006}}, {'smartContract': {'address': {'address': '0x2f3db9ba0fe94a92d706633abc1c3131fe25d03c'}}, 'caller': {'address': '0x19b292c1a84379aab41564283e7f75bf20e45f91'}, 'date': {'date': '2020-09-29'}, 'block': {'height': 10954777}}, {'smartContract': {'address': {'address': '0xd47ff7c7a40273fd62e0ee1ffe69eddb6124ec6d'}}, 'caller': {'address': '0x19b292c1a84379aab41564283e7f75bf20e45f91'}, 'date': {'date': '2020-09-28'}, 'block': {'height': 10949371}}, {'smartContract': {'address': {'address': '0x4028eb009c8322ce9973540187ab63562202f186'}}, 'caller': {'address': '0x19b292c1a84379aab41564283e7f75bf20e45f91'}, 'date': {'date': '2020-09-25'}, 'block': {'height': 10931129}}, {'smartContract': {'address': {'address': '0xe4baf69b887843ab6a0e82e8baea49010ff619af'}}, 'caller': {'address': '0x19b292c1a84379aab41564283e7f75bf20e45f91'}, 'date': {'date': '2020-09-01'}, 'block': {'height': 10776266}}, {'smartContract': {'address': {'address': '0x74700f8e2dd1b6b1e5c71723e5d976ef391c3eab'}}, 'caller': {'address': '0x19b292c1a84379aab41564283e7f75bf20e45f91'}, 'date': {'date': '2020-08-30'}, 'block': {'height': 10762818}}, {'smartContract': {'address': {'address': '0x8a6f3bf52a26a21531514e23016eeae8ba7e7018'}}, 'caller': {'address': '0x19b292c1a84379aab41564283e7f75bf20e45f91'}, 'date': {'date': '2020-07-10'}, 'block': {'height': 10432442}}]",2020-07-10
334,334,0xc12d099be31567add4e4e4d0D45691C3F58f5663,Auctus (AUC),https://github.com/AuctusProject/aco,0xd1B10607921C78D9a00529294C4b99f1bd250E1c,38764.64554,"[{'smartContract': {'address': {'address': '0x46c765610786d4ffcb0487203783e6f74a1823a2'}}, 'caller': {'address': '0x1f98431c8ad98523631ae4a59f267346ea31f984'}, 'date': {'date': '2021-09-13'}, 'block': {'height': 13214486}}, {'smartContract': {'address': {'address': '0x74283fc61a83d4dd9f00b9ff0249060a54ce945b'}}, 'caller': {'address': '0x8fe00a685bcb3b2cc296ff6ffeab10aca4ce1538'}, 'date': {'date': '2021-07-27'}, 'block': {'height': 12908503}}, {'smartContract': {'address': {'address': '0x854123b3c1ea19242d3a1a3510703f8f01635372'}}, 'caller': {'address': '0x9424b1412450d0f8fc2255faf6046b98213b76bd'}, 'date': {'date': '2020-10-17'}, 'block': {'height': 11074950}}, {'smartContract': {'address': {'address': '0x7471e9de841a6407eefdc9cface3d65abccbe409'}}, 'caller': {'address': '0x9424b1412450d0f8fc2255faf6046b98213b76bd'}, 'date': {'date': '2020-10-17'}, 'block': {'height': 11074816}}, {'smartContract': {'address': {'address': '0x2cc8677176499d5af8f3f125d9e6303b56d57e1b'}}, 'caller': {'address': '0x9424b1412450d0f8fc2255faf6046b98213b76bd'}, 'date': {'date': '2020-10-17'}, 'block': {'height': 11074735}}, {'smartContract': {'address': {'address': '0x3afcc1dd74e1c98ad5f555286136bf6252fb6b1f'}}, 'caller': {'address': '0x9424b1412450d0f8fc2255faf6046b98213b76bd'}, 'date': {'date': '2020-10-16'}, 'block': {'height': 11064166}}, {'smartContract': {'address': {'address': '0x9f39b5913d9093bc8ca389a011e3cd7e8aa78bed'}}, 'caller': {'address': '0x9424b1412450d0f8fc2255faf6046b98213b76bd'}, 'date': {'date': '2020-10-16'}, 'block': {'height': 11064147}}, {'smartContract': {'address': {'address': '0xf64f38ae6b1e6144f292ecfa0a7c9236885f032e'}}, 'caller': {'address': '0x9424b1412450d0f8fc2255faf6046b98213b76bd'}, 'date': {'date': '2020-07-03'}, 'block': {'height': 10387967}}, {'smartContract': {'address': {'address': '0x7fc95945eaa14e7a2954052a4c9bfbaa79d170ae'}}, 'caller': {'address': '0x9424b1412450d0f8fc2255faf6046b98213b76bd'}, 'date': {'date': '2020-07-03'}, 'block': {'height': 10387930}}, {'smartContract': {'address': {'address': '0x892b8211899c34b2e9b41a413b57e18f441bcb36'}}, 'caller': {'address': '0xa26e15c895efc0616177b7c1e7270a4c7d51c997'}, 'date': {'date': '2020-07-03'}, 'block': {'height': 10387754}}, {'smartContract': {'address': {'address': '0xc04744ab87a4c37afd91680ef280b96ee21a026e'}}, 'caller': {'address': '0x5c69bee701ef814a2b6a3edd4b1652cb9cc5aa6f'}, 'date': {'date': '2020-05-21'}, 'block': {'height': 10111962}}]",2018-03-26
335,335,0xC9fE6E1C76210bE83DC1B5b20ec7FD010B0b1D15,Fringe,,0xD97621c23B5370c981e0993c676f0d574F5eC73F,36978.14246,"[{'smartContract': {'address': {'address': '0x691789c8ef1e61a1283437a493ba858daf701c99'}}, 'caller': {'address': '0xd97621c23b5370c981e0993c676f0d574f5ec73f'}, 'date': {'date': '2022-11-28'}, 'block': {'height': 16067108}}, {'smartContract': {'address': {'address': '0xd1403f823d621e58202cf6da417c8a0ca758f016'}}, 'caller': {'address': '0xd97621c23b5370c981e0993c676f0d574f5ec73f'}, 'date': {'date': '2022-11-28'}, 'block': {'height': 16067105}}, {'smartContract': {'address': {'address': '0x95570f79ed7791da82281ba77d37b059f8eb8dbb'}}, 'caller': {'address': '0xc4e0dc7cbe1c59b0b0450122e0f99c4c80edc61f'}, 'date': {'date': '2022-10-22'}, 'block': {'height': 15802147}}, {'smartContract': {'address': {'address': '0xa6ffdfd346f6bab93346b79a86b68f71bf5a4c0a'}}, 'caller': {'address': '0xc4e0dc7cbe1c59b0b0450122e0f99c4c80edc61f'}, 'date': {'date': '2022-10-22'}, 'block': {'height': 15802147}}, {'smartContract': {'address': {'address': '0xc4e0dc7cbe1c59b0b0450122e0f99c4c80edc61f'}}, 'caller': {'address': '0xd97621c23b5370c981e0993c676f0d574f5ec73f'}, 'date': {'date': '2022-10-22'}, 'block': {'height': 15801264}}, {'smartContract': {'address': {'address': '0xa8442a267fe3193d89e381f7c2548a49cc6ddad5'}}, 'caller': {'address': '0xd97621c23b5370c981e0993c676f0d574f5ec73f'}, 'date': {'date': '2022-10-22'}, 'block': {'height': 15801263}}, {'smartContract': {'address': {'address': '0x57f94d980b8fd990707094cfdd90fa2c8cad440f'}}, 'caller': {'address': '0xd97621c23b5370c981e0993c676f0d574f5ec73f'}, 'date': {'date': '2022-10-22'}, 'block': {'height': 15801262}}, {'smartContract': {'address': {'address': '0x92f403f5526a542816a95e7d2de49c519c3a0fba'}}, 'caller': {'address': '0xd97621c23b5370c981e0993c676f0d574f5ec73f'}, 'date': {'date': '2022-10-22'}, 'block': {'height': 15801261}}, {'smartContract': {'address': {'address': '0x2351816faaf3bb8d70b43c8b47c350eb083be106'}}, 'caller': {'address': '0xd97621c23b5370c981e0993c676f0d574f5ec73f'}, 'date': {'date': '2022-10-22'}, 'block': {'height': 15801259}}, {'smartContract': {'address': {'address': '0xc9fe6e1c76210be83dc1b5b20ec7fd010b0b1d15'}}, 'caller': {'address': '0xd97621c23b5370c981e0993c676f0d574f5ec73f'}, 'date': {'date': '2022-01-16'}, 'block': {'height': 14015785}}]",2022-01-16
336,336,0x515d7E9D75E2b76DB60F8a051Cd890eBa23286Bc,Governor,https://github.com/zhhuffman/Governor,0x26e76280F0C4477726B8a1Dd9AC4996c5c7bADf8,35870.08048,"[{'smartContract': {'address': {'address': '0x56fb26a1178298c4f50d484ba6b4e1b83d657803'}}, 'caller': {'address': '0x26e76280f0c4477726b8a1dd9ac4996c5c7badf8'}, 'date': {'date': '2022-05-11'}, 'block': {'height': 14753623}}, {'smartContract': {'address': {'address': '0xc4f97fcf045c0bfb9faa19515446eb0c7ffde8bf'}}, 'caller': {'address': '0x26e76280f0c4477726b8a1dd9ac4996c5c7badf8'}, 'date': {'date': '2022-04-01'}, 'block': {'height': 14497486}}, {'smartContract': {'address': {'address': '0x79702adb6da7dd33a9b77da508301ea84038aed8'}}, 'caller': {'address': '0x26e76280f0c4477726b8a1dd9ac4996c5c7badf8'}, 'date': {'date': '2021-12-13'}, 'block': {'height': 13795614}}, {'smartContract': {'address': {'address': '0x0b85557b5cfef1fa3e7cc850ca5bebb81923d780'}}, 'caller': {'address': '0x26e76280f0c4477726b8a1dd9ac4996c5c7badf8'}, 'date': {'date': '2021-11-30'}, 'block': {'height': 13713027}}, {'smartContract': {'address': {'address': '0x02468787ba24c6fb606084d568ad8b4b0dff13aa'}}, 'caller': {'address': '0x26e76280f0c4477726b8a1dd9ac4996c5c7badf8'}, 'date': {'date': '2021-11-30'}, 'block': {'height': 13711803}}, {'smartContract': {'address': {'address': '0x7f651fa68337208ed54e92dde8a52c5d8b629a5c'}}, 'caller': {'address': '0x26e76280f0c4477726b8a1dd9ac4996c5c7badf8'}, 'date': {'date': '2021-11-14'}, 'block': {'height': 13612346}}, {'smartContract': {'address': {'address': '0x306978da6ebee060375f35418744f85c1cb6b353'}}, 'caller': {'address': '0x26e76280f0c4477726b8a1dd9ac4996c5c7badf8'}, 'date': {'date': '2021-11-14'}, 'block': {'height': 13612228}}, {'smartContract': {'address': {'address': '0x2e4b307c1fede2b7fc979752eca09ce6db938b86'}}, 'caller': {'address': '0x26e76280f0c4477726b8a1dd9ac4996c5c7badf8'}, 'date': {'date': '2021-11-13'}, 'block': {'height': 13609730}}, {'smartContract': {'address': {'address': '0xb9edb4727cdddd05f2f832ee10004b515673b70e'}}, 'caller': {'address': '0x26e76280f0c4477726b8a1dd9ac4996c5c7badf8'}, 'date': {'date': '2021-10-28'}, 'block': {'height': 13506393}}, {'smartContract': {'address': {'address': '0xf3efeb0dbff5f06bae6c61cca6ac7eeb9a176f17'}}, 'caller': {'address': '0x26e76280f0c4477726b8a1dd9ac4996c5c7badf8'}, 'date': {'date': '2021-10-28'}, 'block': {'height': 13506344}}, {'smartContract': {'address': {'address': '0x1c7811ebf00c68dc55948b801d1d740d2ca140b2'}}, 'caller': {'address': '0x26e76280f0c4477726b8a1dd9ac4996c5c7badf8'}, 'date': {'date': '2021-10-26'}, 'block': {'height': 13494933}}, {'smartContract': {'address': {'address': '0xaba85c7f1089a416eecab105e633cd30b51614ad'}}, 'caller': {'address': '0x26e76280f0c4477726b8a1dd9ac4996c5c7badf8'}, 'date': {'date': '2021-10-26'}, 'block': {'height': 13490174}}, {'smartContract': {'address': {'address': '0xed01293842cc43a7197c95b6e986b7f66abaad80'}}, 'caller': {'address': '0x26e76280f0c4477726b8a1dd9ac4996c5c7badf8'}, 'date': {'date': '2021-08-31'}, 'block': {'height': 13131702}}, {'smartContract': {'address': {'address': '0xf8187866e6c3777a6e9e0946247a2fe9a7c7e3de'}}, 'caller': {'address': '0x26e76280f0c4477726b8a1dd9ac4996c5c7badf8'}, 'date': {'date': '2021-08-13'}, 'block': {'height': 13014928}}, {'smartContract': {'address': {'address': '0x5945baf9272e0808165adea61b932ec1604fb161'}}, 'caller': {'address': '0x26e76280f0c4477726b8a1dd9ac4996c5c7badf8'}, 'date': {'date': '2021-08-11'}, 'block': {'height': 13005351}}, {'smartContract': {'address': {'address': '0x8006ed01d80dc6a3ba829b8449dc21e053c97731'}}, 'caller': {'address': '0x101063f864e91b72a5ce06342afc7ea5d8515398'}, 'date': {'date': '2021-06-23'}, 'block': {'height': 12693248}}, {'smartContract': {'address': {'address': '0x9b1602f4d05d78909a0c0675150dfc5bdee7fdec'}}, 'caller': {'address': '0xc517a08aee9ca160a610752e50a6ed8087049091'}, 'date': {'date': '2021-06-23'}, 'block': {'height': 12693248}}, {'smartContract': {'address': {'address': '0x69df198c7e1a869b8c112aadf85fd5028f6e052f'}}, 'caller': {'address': '0xaef2a7e4cbeb875475cfb1924867b9374569d894'}, 'date': {'date': '2021-06-23'}, 'block': {'height': 12693248}}, {'smartContract': {'address': {'address': '0x6cfccbdf47041a7aecfe6e198f242d0d463d5723'}}, 'caller': {'address': '0x26e76280f0c4477726b8a1dd9ac4996c5c7badf8'}, 'date': {'date': '2021-04-10'}, 'block': {'height': 12213946}}, {'smartContract': {'address': {'address': '0x42fd58d8984673ba158d3ba16f19e147d916b265'}}, 'caller': {'address': '0x26e76280f0c4477726b8a1dd9ac4996c5c7badf8'}, 'date': {'date': '2021-03-30'}, 'block': {'height': 12139149}}, {'smartContract': {'address': {'address': '0x204934a20810f871c265087089905ecced732ed8'}}, 'caller': {'address': '0x26e76280f0c4477726b8a1dd9ac4996c5c7badf8'}, 'date': {'date': '2021-03-30'}, 'block': {'height': 12139128}}, {'smartContract': {'address': {'address': '0xb8ba178b2180bb09e27977f443ff01280dacb235'}}, 'caller': {'address': '0x26e76280f0c4477726b8a1dd9ac4996c5c7badf8'}, 'date': {'date': '2021-03-30'}, 'block': {'height': 12139110}}, {'smartContract': {'address': {'address': '0xac0fb1bfb59122c1d906196ebdb80d5f2e0724dd'}}, 'caller': {'address': '0x26e76280f0c4477726b8a1dd9ac4996c5c7badf8'}, 'date': {'date': '2021-03-30'}, 'block': {'height': 12139080}}, {'smartContract': {'address': {'address': '0xc597b10eb4dbaba8c6a887792b60aabcbf27e076'}}, 'caller': {'address': '0x76e2cfc1f5fa8f6a5b3fc4c8f4788f0116861f9b'}, 'date': {'date': '2021-03-14'}, 'block': {'height': 12038660}}, {'smartContract': {'address': {'address': '0x451243e877bf62f44ffd37ea97eba4829503bb8d'}}, 'caller': {'address': '0x391eab14787a7baea7a421b804c7185b34f0329a'}, 'date': {'date': '2020-12-21'}, 'block': {'height': 11494656}}, {'smartContract': {'address': {'address': '0xc0b47d95447cd3cfe6f1f5dc055b357c728d0d3d'}}, 'caller': {'address': '0x909d05f384d0663ed4be59863815ab43b4f347ec'}, 'date': {'date': '2020-12-21'}, 'block': {'height': 11494656}}, {'smartContract': {'address': {'address': '0xaae388734ba304e77da770b04887e8e5801ddb5a'}}, 'caller': {'address': '0x391eab14787a7baea7a421b804c7185b34f0329a'}, 'date': {'date': '2020-12-21'}, 'block': {'height': 11494656}}, {'smartContract': {'address': {'address': '0x082ac73b7bbcd75c2dbee295124c9fec6d99a189'}}, 'caller': {'address': '0x391eab14787a7baea7a421b804c7185b34f0329a'}, 'date': {'date': '2020-12-21'}, 'block': {'height': 11494656}}, {'smartContract': {'address': {'address': '0x391eab14787a7baea7a421b804c7185b34f0329a'}}, 'caller': {'address': '0xb9da44c051c6cc9e04b7e0f95e95d69c6a6d8031'}, 'date': {'date': '2020-12-21'}, 'block': {'height': 11494656}}, {'smartContract': {'address': {'address': '0x5ab8e3a7bc8be9efdd0943ab65221bdf240518c3'}}, 'caller': {'address': '0x391eab14787a7baea7a421b804c7185b34f0329a'}, 'date': {'date': '2020-12-21'}, 'block': {'height': 11494656}}, {'smartContract': {'address': {'address': '0x131fb1ca2811e24d9b4a2602197bd6dd93bb5265'}}, 'caller': {'address': '0x391eab14787a7baea7a421b804c7185b34f0329a'}, 'date': {'date': '2020-12-21'}, 'block': {'height': 11494656}}, {'smartContract': {'address': {'address': '0xf35838fd47286ca472279df018533ce398505640'}}, 'caller': {'address': '0x391eab14787a7baea7a421b804c7185b34f0329a'}, 'date': {'date': '2020-12-21'}, 'block': {'height': 11494656}}, {'smartContract': {'address': {'address': '0xd27b5ba902b90e6372b3fc7a8deccc45b3bfb08a'}}, 'caller': {'address': '0x76e2cfc1f5fa8f6a5b3fc4c8f4788f0116861f9b'}, 'date': {'date': '2020-12-14'}, 'block': {'height': 11449217}}, {'smartContract': {'address': {'address': '0xeacd9f279d1c45c2ab9d2f3df3826ad99727319f'}}, 'caller': {'address': '0x76e2cfc1f5fa8f6a5b3fc4c8f4788f0116861f9b'}, 'date': {'date': '2020-12-14'}, 'block': {'height': 11449214}}, {'smartContract': {'address': {'address': '0x586ec603c20e803c0448d360df320c6f05430c20'}}, 'caller': {'address': '0x76e2cfc1f5fa8f6a5b3fc4c8f4788f0116861f9b'}, 'date': {'date': '2020-12-14'}, 'block': {'height': 11449206}}, {'smartContract': {'address': {'address': '0x925b1f1bd3c28ea9f03fc00b8e069ef738ff740d'}}, 'caller': {'address': '0x76e2cfc1f5fa8f6a5b3fc4c8f4788f0116861f9b'}, 'date': {'date': '2020-12-14'}, 'block': {'height': 11448193}}, {'smartContract': {'address': {'address': '0xee6ac0ae56497c3479e858f0e9d59f5d8f8f89ea'}}, 'caller': {'address': '0x76e2cfc1f5fa8f6a5b3fc4c8f4788f0116861f9b'}, 'date': {'date': '2020-12-14'}, 'block': {'height': 11448189}}, {'smartContract': {'address': {'address': '0x5163bab2e33f4b49feb1f26f05c67ce406793fe0'}}, 'caller': {'address': '0x76e2cfc1f5fa8f6a5b3fc4c8f4788f0116861f9b'}, 'date': {'date': '2020-12-14'}, 'block': {'height': 11448178}}, {'smartContract': {'address': {'address': '0xb8021b49a68f89a3ae1b8e1b0f97d1740e8c2bd6'}}, 'caller': {'address': '0x76e2cfc1f5fa8f6a5b3fc4c8f4788f0116861f9b'}, 'date': {'date': '2020-12-14'}, 'block': {'height': 11448163}}, {'smartContract': {'address': {'address': '0xfdb3fd250698d9430949854e0fc4753c1ac42c55'}}, 'caller': {'address': '0x76e2cfc1f5fa8f6a5b3fc4c8f4788f0116861f9b'}, 'date': {'date': '2020-11-17'}, 'block': {'height': 11273331}}, {'smartContract': {'address': {'address': '0x4d184bf6f805ee839517164d301f0c4e5d25c374'}}, 'caller': {'address': '0x5c69bee701ef814a2b6a3edd4b1652cb9cc5aa6f'}, 'date': {'date': '2020-11-17'}, 'block': {'height': 11272442}}, {'smartContract': {'address': {'address': '0x1ddad8dfb4cb86ded31c1118e600a398c417c4b0'}}, 'caller': {'address': '0x26e76280f0c4477726b8a1dd9ac4996c5c7badf8'}, 'date': {'date': '2020-11-17'}, 'block': {'height': 11272162}}, {'smartContract': {'address': {'address': '0x4c05d6700fcbcb4a2d1279ce8305ccd889aba61d'}}, 'caller': {'address': '0x26e76280f0c4477726b8a1dd9ac4996c5c7badf8'}, 'date': {'date': '2020-11-17'}, 'block': {'height': 11272119}}, {'smartContract': {'address': {'address': '0xcced3780fba37761646962b2997d40b94de33954'}}, 'caller': {'address': '0x26e76280f0c4477726b8a1dd9ac4996c5c7badf8'}, 'date': {'date': '2020-11-17'}, 'block': {'height': 11272096}}, {'smartContract': {'address': {'address': '0x4fec001b6e88c1ece2714a0778a00ffac3d695d1'}}, 'caller': {'address': '0x26e76280f0c4477726b8a1dd9ac4996c5c7badf8'}, 'date': {'date': '2020-11-14'}, 'block': {'height': 11257795}}, {'smartContract': {'address': {'address': '0x515d7e9d75e2b76db60f8a051cd890eba23286bc'}}, 'caller': {'address': '0x26e76280f0c4477726b8a1dd9ac4996c5c7badf8'}, 'date': {'date': '2020-11-14'}, 'block': {'height': 11257760}}, {'smartContract': {'address': {'address': '0xdef1c15598f2262b977c845555afab2f7052e210'}}, 'caller': {'address': '0x26e76280f0c4477726b8a1dd9ac4996c5c7badf8'}, 'date': {'date': '2020-11-14'}, 'block': {'height': 11257748}}]",2020-11-14
337,337,0x77dcE26c03a9B833fc2D7C31C22Da4f42e9d9582,(Proxy contract) DAOventuresDeFi (DVD),https://github.com/daoventures,0xcab7a9239b94a51908d6CF522cE72B5Be5058402,34906.91564,"[{'smartContract': {'address': {'address': '0xce9add58ec5a07cb643faf7418eb94c193672844'}}, 'caller': {'address': '0x5c69bee701ef814a2b6a3edd4b1652cb9cc5aa6f'}, 'date': {'date': '2021-07-16'}, 'block': {'height': 12838258}}, {'smartContract': {'address': {'address': '0x77dce26c03a9b833fc2d7c31c22da4f42e9d9582'}}, 'caller': {'address': '0xcab7a9239b94a51908d6cf522ce72b5be5058402'}, 'date': {'date': '2021-07-16'}, 'block': {'height': 12838216}}, {'smartContract': {'address': {'address': '0xbfb258d9c62a31defad90a03a9e648acd2f8a1c8'}}, 'caller': {'address': '0xcab7a9239b94a51908d6cf522ce72b5be5058402'}, 'date': {'date': '2021-07-16'}, 'block': {'height': 12838026}}, {'smartContract': {'address': {'address': '0xcde9bc4f1888ed04c4f57b603520dcf91276e7e2'}}, 'caller': {'address': '0xcab7a9239b94a51908d6cf522ce72b5be5058402'}, 'date': {'date': '2021-07-16'}, 'block': {'height': 12838006}}]",2021-07-16
338,338,0xd0345D30FD918D7682398ACbCdf139C808998709,Lixir Token,https://github.com/LIXIR-FINANCE,0xb6f0439c1fcdBB9aaf64eEB9BD4F3140e95d1b5f,32250.76174,"[{'smartContract': {'address': {'address': '0x7fe13f47828164748fed407dc1562e27d631c592'}}, 'caller': {'address': '0x6645007eb5b6cf3f70040754b4bda91b58503692'}, 'date': {'date': '2021-05-13'}, 'block': {'height': 12424242}}, {'smartContract': {'address': {'address': '0x7de21a5846915fb963b7d56892117453a70977e4'}}, 'caller': {'address': '0x6645007eb5b6cf3f70040754b4bda91b58503692'}, 'date': {'date': '2021-05-13'}, 'block': {'height': 12424237}}, {'smartContract': {'address': {'address': '0x4a3435c26e45d8df853e5bf6fb668d66e6b532de'}}, 'caller': {'address': '0x6645007eb5b6cf3f70040754b4bda91b58503692'}, 'date': {'date': '2021-05-13'}, 'block': {'height': 12424216}}, {'smartContract': {'address': {'address': '0x6645007eb5b6cf3f70040754b4bda91b58503692'}}, 'caller': {'address': '0xb6f0439c1fcdbb9aaf64eeb9bd4f3140e95d1b5f'}, 'date': {'date': '2021-05-13'}, 'block': {'height': 12424195}}, {'smartContract': {'address': {'address': '0xfa199f842f4915060f46b710c199df78f3cead87'}}, 'caller': {'address': '0xb6f0439c1fcdbb9aaf64eeb9bd4f3140e95d1b5f'}, 'date': {'date': '2021-05-13'}, 'block': {'height': 12423797}}, {'smartContract': {'address': {'address': '0x78c80149e923cb495c2a4be5d050b92228513e95'}}, 'caller': {'address': '0x5c69bee701ef814a2b6a3edd4b1652cb9cc5aa6f'}, 'date': {'date': '2021-05-10'}, 'block': {'height': 12407648}}, {'smartContract': {'address': {'address': '0x716a855f2442c7e7982f1938183f859e6e8fee38'}}, 'caller': {'address': '0xed52d8e202401645edad1c0aa21e872498ce47d0'}, 'date': {'date': '2021-05-08'}, 'block': {'height': 12394636}}, {'smartContract': {'address': {'address': '0x61708058af095ed81a7010d28689c909e6719fbd'}}, 'caller': {'address': '0x9424b1412450d0f8fc2255faf6046b98213b76bd'}, 'date': {'date': '2021-05-08'}, 'block': {'height': 12394636}}, {'smartContract': {'address': {'address': '0xab07c294482cabf0abeaef80752fcf909b4f7c0d'}}, 'caller': {'address': '0xa26e15c895efc0616177b7c1e7270a4c7d51c997'}, 'date': {'date': '2021-05-08'}, 'block': {'height': 12394408}}, {'smartContract': {'address': {'address': '0xe3e17f58ff7728ceceb86c01d9c467a653d849e9'}}, 'caller': {'address': '0xb6f0439c1fcdbb9aaf64eeb9bd4f3140e95d1b5f'}, 'date': {'date': '2021-04-30'}, 'block': {'height': 12339096}}, {'smartContract': {'address': {'address': '0xfa4b3df6ac4e29c4073b5bf507fedc47b91a86d2'}}, 'caller': {'address': '0xb6f0439c1fcdbb9aaf64eeb9bd4f3140e95d1b5f'}, 'date': {'date': '2021-04-28'}, 'block': {'height': 12326132}}, {'smartContract': {'address': {'address': '0x86d30e2dc37f9f790416ff41da9c93f8979c9897'}}, 'caller': {'address': '0xb6f0439c1fcdbb9aaf64eeb9bd4f3140e95d1b5f'}, 'date': {'date': '2021-04-23'}, 'block': {'height': 12294307}}, {'smartContract': {'address': {'address': '0xdf922481dbf80e7d10e4962a36c6aaa3bdcc1231'}}, 'caller': {'address': '0xb6f0439c1fcdbb9aaf64eeb9bd4f3140e95d1b5f'}, 'date': {'date': '2021-04-21'}, 'block': {'height': 12286288}}, {'smartContract': {'address': {'address': '0x9dfdaa75d658f511a3babd56fd4ff2799d2edfd7'}}, 'caller': {'address': '0x3a556ad4bef69b54df717e331d91833d60c71848'}, 'date': {'date': '2021-04-16'}, 'block': {'height': 12249774}}, {'smartContract': {'address': {'address': '0x3a556ad4bef69b54df717e331d91833d60c71848'}}, 'caller': {'address': '0xb6f0439c1fcdbb9aaf64eeb9bd4f3140e95d1b5f'}, 'date': {'date': '2021-04-16'}, 'block': {'height': 12249700}}, {'smartContract': {'address': {'address': '0x67e39a4026d45c9b4d5dd5d94a5070feb327d4df'}}, 'caller': {'address': '0xb6f0439c1fcdbb9aaf64eeb9bd4f3140e95d1b5f'}, 'date': {'date': '2021-04-15'}, 'block': {'height': 12242820}}, {'smartContract': {'address': {'address': '0xda35023f9ceb1fd53a3101cd2071e762742446c4'}}, 'caller': {'address': '0xb6f0439c1fcdbb9aaf64eeb9bd4f3140e95d1b5f'}, 'date': {'date': '2021-04-15'}, 'block': {'height': 12242622}}, {'smartContract': {'address': {'address': '0xd0345d30fd918d7682398acbcdf139c808998709'}}, 'caller': {'address': '0xb6f0439c1fcdbb9aaf64eeb9bd4f3140e95d1b5f'}, 'date': {'date': '2021-03-31'}, 'block': {'height': 12146385}}]",2021-03-31
339,339,0x4a615bB7166210CCe20E6642a6f8Fb5d4D044496,NAOSToken,,0x38502343cD16FE739ca18bDeC7857aEb775F0411,30524.41966,"[{'smartContract': {'address': {'address': '0x0be465a999d8d6b6f7d836bc6d5220b13c8b4228'}}, 'caller': {'address': '0x76e2cfc1f5fa8f6a5b3fc4c8f4788f0116861f9b'}, 'date': {'date': '2021-07-29'}, 'block': {'height': 12919342}}, {'smartContract': {'address': {'address': '0x6ce295e444439e590d7a55ba9c616c7813c2ae8b'}}, 'caller': {'address': '0x76e2cfc1f5fa8f6a5b3fc4c8f4788f0116861f9b'}, 'date': {'date': '2021-04-29'}, 'block': {'height': 12333701}}, {'smartContract': {'address': {'address': '0x4a615bb7166210cce20e6642a6f8fb5d4d044496'}}, 'caller': {'address': '0x38502343cd16fe739ca18bdec7857aeb775f0411'}, 'date': {'date': '2021-04-27'}, 'block': {'height': 12321616}}, {'smartContract': {'address': {'address': '0x443280f88c82b1d598dc1c7a69c29cc09fa36744'}}, 'caller': {'address': '0x76e2cfc1f5fa8f6a5b3fc4c8f4788f0116861f9b'}, 'date': {'date': '2021-04-27'}, 'block': {'height': 12321357}}]",2021-04-27
340,340,0x1c9BA9144505aaBa12f4b126Fda9807150b88f80,XUSD Stablecoin,,0x80289EA1f39fcDEC661787C6C13dB3958e48E0D0,25062.66254,"[{'smartContract': {'address': {'address': '0x5e20b7824f2a7ba15fda7ecf1a2e6e05219de5aa'}}, 'caller': {'address': '0x80289ea1f39fcdec661787c6c13db3958e48e0d0'}, 'date': {'date': '2021-01-10'}, 'block': {'height': 11625575}}, {'smartContract': {'address': {'address': '0xdab209915b683ea3cd338d20b07e3bd63001b87a'}}, 'caller': {'address': '0x80289ea1f39fcdec661787c6c13db3958e48e0d0'}, 'date': {'date': '2021-01-10'}, 'block': {'height': 11625574}}, {'smartContract': {'address': {'address': '0xf67405e155b67a472b3c02dfeb0932c2579f4682'}}, 'caller': {'address': '0x80289ea1f39fcdec661787c6c13db3958e48e0d0'}, 'date': {'date': '2021-01-10'}, 'block': {'height': 11625559}}, {'smartContract': {'address': {'address': '0x75aaf03cbf330e2b3f0623c55b7a528cfcae8d75'}}, 'caller': {'address': '0x80289ea1f39fcdec661787c6c13db3958e48e0d0'}, 'date': {'date': '2021-01-10'}, 'block': {'height': 11625552}}, {'smartContract': {'address': {'address': '0xc448a8aacbd29652ce861d2693a883daf8009b26'}}, 'caller': {'address': '0x5c69bee701ef814a2b6a3edd4b1652cb9cc5aa6f'}, 'date': {'date': '2021-01-09'}, 'block': {'height': 11620759}}, {'smartContract': {'address': {'address': '0x0cd255e2f97e9dcd28c375046bb45149097d7889'}}, 'caller': {'address': '0x80289ea1f39fcdec661787c6c13db3958e48e0d0'}, 'date': {'date': '2021-01-06'}, 'block': {'height': 11598210}}, {'smartContract': {'address': {'address': '0xf13a49eb6b2f6918500ee5cf8b39bb15a38f5b32'}}, 'caller': {'address': '0x80289ea1f39fcdec661787c6c13db3958e48e0d0'}, 'date': {'date': '2021-01-06'}, 'block': {'height': 11598208}}, {'smartContract': {'address': {'address': '0x5368edad54a165940b8cbdd99bd9e2f7a576f229'}}, 'caller': {'address': '0x80289ea1f39fcdec661787c6c13db3958e48e0d0'}, 'date': {'date': '2021-01-06'}, 'block': {'height': 11598192}}, {'smartContract': {'address': {'address': '0x7b24e729aa3a39c0555509a486ea7a415b4df934'}}, 'caller': {'address': '0x80289ea1f39fcdec661787c6c13db3958e48e0d0'}, 'date': {'date': '2021-01-06'}, 'block': {'height': 11597967}}, {'smartContract': {'address': {'address': '0x143d8a74cadf8a3927b2926be0154739f4953422'}}, 'caller': {'address': '0x5c69bee701ef814a2b6a3edd4b1652cb9cc5aa6f'}, 'date': {'date': '2021-01-05'}, 'block': {'height': 11595394}}, {'smartContract': {'address': {'address': '0x39d8189306a254120ef88e0a465808bb6532d63b'}}, 'caller': {'address': '0x80289ea1f39fcdec661787c6c13db3958e48e0d0'}, 'date': {'date': '2021-01-05'}, 'block': {'height': 11595349}}, {'smartContract': {'address': {'address': '0x0dd19138c553b0eebc57373cd04385a4427df0ea'}}, 'caller': {'address': '0x80289ea1f39fcdec661787c6c13db3958e48e0d0'}, 'date': {'date': '2021-01-05'}, 'block': {'height': 11595346}}, {'smartContract': {'address': {'address': '0x608d8b1511cb3eb7dbccb5c626922ebfe7a62583'}}, 'caller': {'address': '0x80289ea1f39fcdec661787c6c13db3958e48e0d0'}, 'date': {'date': '2021-01-05'}, 'block': {'height': 11595345}}, {'smartContract': {'address': {'address': '0x303690ecb3f315f84cb4753fe370fd70934cfe44'}}, 'caller': {'address': '0x80289ea1f39fcdec661787c6c13db3958e48e0d0'}, 'date': {'date': '2021-01-04'}, 'block': {'height': 11591144}}, {'smartContract': {'address': {'address': '0xfa06004f4907bb5c0fcd8e7e1a064075fb2ba22a'}}, 'caller': {'address': '0x80289ea1f39fcdec661787c6c13db3958e48e0d0'}, 'date': {'date': '2021-01-04'}, 'block': {'height': 11587163}}, {'smartContract': {'address': {'address': '0x6c36e0efb05733feb2e2033d29b16314b20e04a2'}}, 'caller': {'address': '0x80289ea1f39fcdec661787c6c13db3958e48e0d0'}, 'date': {'date': '2021-01-04'}, 'block': {'height': 11587163}}, {'smartContract': {'address': {'address': '0xa98ce5bb71652b58ef6d0ab23778a355f89639b1'}}, 'caller': {'address': '0x80289ea1f39fcdec661787c6c13db3958e48e0d0'}, 'date': {'date': '2021-01-04'}, 'block': {'height': 11587161}}, {'smartContract': {'address': {'address': '0x3da9148e88fa41772654282b28edfe21c76b4ce2'}}, 'caller': {'address': '0x80289ea1f39fcdec661787c6c13db3958e48e0d0'}, 'date': {'date': '2021-01-04'}, 'block': {'height': 11587160}}, {'smartContract': {'address': {'address': '0x5ca353cc4da1b235c7b60dde5065eb32195138b5'}}, 'caller': {'address': '0x80289ea1f39fcdec661787c6c13db3958e48e0d0'}, 'date': {'date': '2021-01-04'}, 'block': {'height': 11586925}}, {'smartContract': {'address': {'address': '0xf73004de7aa4b0d0b7dc01464824ccb3decdcca9'}}, 'caller': {'address': '0x80289ea1f39fcdec661787c6c13db3958e48e0d0'}, 'date': {'date': '2021-01-04'}, 'block': {'height': 11586925}}, {'smartContract': {'address': {'address': '0x1496e1ac0509f1165ad9b54d14ac3980f462dc52'}}, 'caller': {'address': '0x80289ea1f39fcdec661787c6c13db3958e48e0d0'}, 'date': {'date': '2021-01-04'}, 'block': {'height': 11586924}}, {'smartContract': {'address': {'address': '0x608a79fb8f345bb469b288ab8503fb3f5efa1f43'}}, 'caller': {'address': '0x80289ea1f39fcdec661787c6c13db3958e48e0d0'}, 'date': {'date': '2021-01-04'}, 'block': {'height': 11586913}}, {'smartContract': {'address': {'address': '0x83da40f54fceef249ec2fb1e51d3874a9ac8fd76'}}, 'caller': {'address': '0x80289ea1f39fcdec661787c6c13db3958e48e0d0'}, 'date': {'date': '2021-01-04'}, 'block': {'height': 11586296}}, {'smartContract': {'address': {'address': '0x5f3d8825f6242098172334b0d5a874d5abe6c660'}}, 'caller': {'address': '0x80289ea1f39fcdec661787c6c13db3958e48e0d0'}, 'date': {'date': '2021-01-04'}, 'block': {'height': 11586293}}, {'smartContract': {'address': {'address': '0xda4629bca84ac91dafc4a2858bc08e3f11f17974'}}, 'caller': {'address': '0x80289ea1f39fcdec661787c6c13db3958e48e0d0'}, 'date': {'date': '2021-01-04'}, 'block': {'height': 11586282}}, {'smartContract': {'address': {'address': '0x3805fa1c42cd016fa2cd9596bf310fd863c8c527'}}, 'caller': {'address': '0x80289ea1f39fcdec661787c6c13db3958e48e0d0'}, 'date': {'date': '2021-01-04'}, 'block': {'height': 11586281}}, {'smartContract': {'address': {'address': '0x8f24e100d785daaa70e9ff461a831a0354499f4e'}}, 'caller': {'address': '0x5c69bee701ef814a2b6a3edd4b1652cb9cc5aa6f'}, 'date': {'date': '2021-01-04'}, 'block': {'height': 11586185}}, {'smartContract': {'address': {'address': '0x80a23a63bdb304d4784be05df01e7c921d038324'}}, 'caller': {'address': '0x5c69bee701ef814a2b6a3edd4b1652cb9cc5aa6f'}, 'date': {'date': '2021-01-04'}, 'block': {'height': 11586182}}, {'smartContract': {'address': {'address': '0x88d9be8d3dfe82ef3b09641284467f1ee5e98343'}}, 'caller': {'address': '0x5c69bee701ef814a2b6a3edd4b1652cb9cc5aa6f'}, 'date': {'date': '2021-01-04'}, 'block': {'height': 11586182}}, {'smartContract': {'address': {'address': '0xc2fe8edc9be169b4bebdf2a13a72791ce191f8e5'}}, 'caller': {'address': '0x5c69bee701ef814a2b6a3edd4b1652cb9cc5aa6f'}, 'date': {'date': '2021-01-04'}, 'block': {'height': 11586179}}, {'smartContract': {'address': {'address': '0x10a06343231dd722800f2139edf34a1562549de3'}}, 'caller': {'address': '0x80289ea1f39fcdec661787c6c13db3958e48e0d0'}, 'date': {'date': '2021-01-04'}, 'block': {'height': 11586056}}, {'smartContract': {'address': {'address': '0x7e9320c98389cb43b957ff2399ea315bce72fdb4'}}, 'caller': {'address': '0x80289ea1f39fcdec661787c6c13db3958e48e0d0'}, 'date': {'date': '2021-01-04'}, 'block': {'height': 11586055}}, {'smartContract': {'address': {'address': '0xb8825e9b4e7a277e3de253f9f5455a153d1cda6a'}}, 'caller': {'address': '0x80289ea1f39fcdec661787c6c13db3958e48e0d0'}, 'date': {'date': '2021-01-04'}, 'block': {'height': 11586050}}, {'smartContract': {'address': {'address': '0x6049b0831f8da67f3fe80f5fa07bd300e8f2f22c'}}, 'caller': {'address': '0x80289ea1f39fcdec661787c6c13db3958e48e0d0'}, 'date': {'date': '2021-01-04'}, 'block': {'height': 11586008}}, {'smartContract': {'address': {'address': '0x875650dd46b60c592d5a69a6719e4e4187a3ca81'}}, 'caller': {'address': '0x80289ea1f39fcdec661787c6c13db3958e48e0d0'}, 'date': {'date': '2021-01-04'}, 'block': {'height': 11585996}}, {'smartContract': {'address': {'address': '0x1c9ba9144505aaba12f4b126fda9807150b88f80'}}, 'caller': {'address': '0x80289ea1f39fcdec661787c6c13db3958e48e0d0'}, 'date': {'date': '2021-01-04'}, 'block': {'height': 11585993}}, {'smartContract': {'address': {'address': '0x75061b5c168477499b3e297ada97a1d22b72a264'}}, 'caller': {'address': '0x80289ea1f39fcdec661787c6c13db3958e48e0d0'}, 'date': {'date': '2021-01-04'}, 'block': {'height': 11585984}}, {'smartContract': {'address': {'address': '0xf8f2cb6f6ce726e841991e5bd4d5334c6c471c40'}}, 'caller': {'address': '0x80289ea1f39fcdec661787c6c13db3958e48e0d0'}, 'date': {'date': '2021-01-04'}, 'block': {'height': 11585978}}]",2021-01-04
341,341,0x84d821F7FbDD595c4C4A50842913e6b1E07d7a53,BNPL Pay,,0x8DFa9eE6976dc5C49C7594d73a8e39d44b65574F,24837.7115,"[{'smartContract': {'address': {'address': '0xdb90fcc192a3cdcc6040c313557e42c0a5313fdc'}}, 'caller': {'address': '0x8dfa9ee6976dc5c49c7594d73a8e39d44b65574f'}, 'date': {'date': '2021-10-19'}, 'block': {'height': 13446847}}, {'smartContract': {'address': {'address': '0x864b2bac60311f15ba539abc463fb71284dc2444'}}, 'caller': {'address': '0x8dfa9ee6976dc5c49c7594d73a8e39d44b65574f'}, 'date': {'date': '2021-09-27'}, 'block': {'height': 13308863}}, {'smartContract': {'address': {'address': '0xe28fa529b79e9cb2a75d39fd0104fbc19352be73'}}, 'caller': {'address': '0x8dfa9ee6976dc5c49c7594d73a8e39d44b65574f'}, 'date': {'date': '2021-09-13'}, 'block': {'height': 13216060}}, {'smartContract': {'address': {'address': '0xe5446b21fc5a8f970ed29040028f78a281183906'}}, 'caller': {'address': '0x8dfa9ee6976dc5c49c7594d73a8e39d44b65574f'}, 'date': {'date': '2021-09-13'}, 'block': {'height': 13216055}}, {'smartContract': {'address': {'address': '0x84d821f7fbdd595c4c4a50842913e6b1e07d7a53'}}, 'caller': {'address': '0x8dfa9ee6976dc5c49c7594d73a8e39d44b65574f'}, 'date': {'date': '2021-09-13'}, 'block': {'height': 13215838}}]",2021-09-13
342,342,0xe4b5936Dce1820f84509C89CcE0F28C87988Bad8,Universe Finance Token,,0x2C4d2185F230D32e973BC97c93a41af867E3FEF6,24242.68987,"[{'smartContract': {'address': {'address': '0xde59881a9a6012f83196184dd1994cdac255688d'}}, 'caller': {'address': '0x2c4d2185f230d32e973bc97c93a41af867e3fef6'}, 'date': {'date': '2022-03-18'}, 'block': {'height': 14408141}}, {'smartContract': {'address': {'address': '0xddee5ab8575192aa2915cdbf1264fb972b2eacff'}}, 'caller': {'address': '0x2c4d2185f230d32e973bc97c93a41af867e3fef6'}, 'date': {'date': '2022-02-24'}, 'block': {'height': 14268348}}, {'smartContract': {'address': {'address': '0xb76813018dc947645f675beadae864714afd488c'}}, 'caller': {'address': '0x2c4d2185f230d32e973bc97c93a41af867e3fef6'}, 'date': {'date': '2022-02-24'}, 'block': {'height': 14268304}}, {'smartContract': {'address': {'address': '0x28b15e041d2941c4e4b8ec1ef76a471ccc4ca85e'}}, 'caller': {'address': '0x2c4d2185f230d32e973bc97c93a41af867e3fef6'}, 'date': {'date': '2022-02-24'}, 'block': {'height': 14268293}}, {'smartContract': {'address': {'address': '0xb7da5620ae8128890185ab0886545ffc92eb1943'}}, 'caller': {'address': '0x2c4d2185f230d32e973bc97c93a41af867e3fef6'}, 'date': {'date': '2022-02-24'}, 'block': {'height': 14268262}}, {'smartContract': {'address': {'address': '0x41253e2711ab0996a5ae591e0b7ccaef4de24956'}}, 'caller': {'address': '0x2c4d2185f230d32e973bc97c93a41af867e3fef6'}, 'date': {'date': '2022-02-24'}, 'block': {'height': 14268255}}, {'smartContract': {'address': {'address': '0x60703396632412c79d0a752ae805ba50593d4df2'}}, 'caller': {'address': '0x2c4d2185f230d32e973bc97c93a41af867e3fef6'}, 'date': {'date': '2022-02-18'}, 'block': {'height': 14232997}}, {'smartContract': {'address': {'address': '0x70d805501066027cbceffea0bdbdb0ec82fec834'}}, 'caller': {'address': '0x2c4d2185f230d32e973bc97c93a41af867e3fef6'}, 'date': {'date': '2022-02-18'}, 'block': {'height': 14229952}}, {'smartContract': {'address': {'address': '0xc98e0bb3e09e7b9f149bbb4309baf796a73b5b09'}}, 'caller': {'address': '0x2c4d2185f230d32e973bc97c93a41af867e3fef6'}, 'date': {'date': '2022-02-15'}, 'block': {'height': 14210286}}, {'smartContract': {'address': {'address': '0x688036f09ee42b1440343788347dc7c162e818c0'}}, 'caller': {'address': '0x2c4d2185f230d32e973bc97c93a41af867e3fef6'}, 'date': {'date': '2022-01-26'}, 'block': {'height': 14080063}}, {'smartContract': {'address': {'address': '0x139cfd6860d9cafebc225fe580b5d9220823901c'}}, 'caller': {'address': '0x2c4d2185f230d32e973bc97c93a41af867e3fef6'}, 'date': {'date': '2022-01-26'}, 'block': {'height': 14080051}}, {'smartContract': {'address': {'address': '0x492bca31657b5f73364cba1aa9e0ad7723deb9ec'}}, 'caller': {'address': '0x2c4d2185f230d32e973bc97c93a41af867e3fef6'}, 'date': {'date': '2022-01-17'}, 'block': {'height': 14022039}}, {'smartContract': {'address': {'address': '0x273ed554c415524b786698eacbddff1a784d2092'}}, 'caller': {'address': '0x2c4d2185f230d32e973bc97c93a41af867e3fef6'}, 'date': {'date': '2022-01-17'}, 'block': {'height': 14021979}}, {'smartContract': {'address': {'address': '0xc1d7fcb0791edb26b27fee6befe4ff5174a63f96'}}, 'caller': {'address': '0x2c4d2185f230d32e973bc97c93a41af867e3fef6'}, 'date': {'date': '2022-01-17'}, 'block': {'height': 14021933}}, {'smartContract': {'address': {'address': '0x2eddf58015bb000c86bd587a77f8e713547b7e28'}}, 'caller': {'address': '0x2c4d2185f230d32e973bc97c93a41af867e3fef6'}, 'date': {'date': '2022-01-17'}, 'block': {'height': 14021619}}, {'smartContract': {'address': {'address': '0xb793bc945ff4881c76381f0631db68bbf2846417'}}, 'caller': {'address': '0x2c4d2185f230d32e973bc97c93a41af867e3fef6'}, 'date': {'date': '2022-01-17'}, 'block': {'height': 14021384}}, {'smartContract': {'address': {'address': '0x9437e4e8967c6ff0cbeb75e4f48959cd8bba0e6a'}}, 'caller': {'address': '0x2c4d2185f230d32e973bc97c93a41af867e3fef6'}, 'date': {'date': '2022-01-17'}, 'block': {'height': 14021359}}, {'smartContract': {'address': {'address': '0xd5167d710c759ce6d1b43359280098538de1ed08'}}, 'caller': {'address': '0x2c4d2185f230d32e973bc97c93a41af867e3fef6'}, 'date': {'date': '2022-01-17'}, 'block': {'height': 14021042}}, {'smartContract': {'address': {'address': '0x124954fe11467374f4ef5cfe1d404b7ae01900ec'}}, 'caller': {'address': '0x2c4d2185f230d32e973bc97c93a41af867e3fef6'}, 'date': {'date': '2022-01-17'}, 'block': {'height': 14020833}}, {'smartContract': {'address': {'address': '0xe4b5936dce1820f84509c89cce0f28c87988bad8'}}, 'caller': {'address': '0x2c4d2185f230d32e973bc97c93a41af867e3fef6'}, 'date': {'date': '2022-01-13'}, 'block': {'height': 13996581}}, {'smartContract': {'address': {'address': '0x8877c32aabdbabaf4139df5f0aa2bdfacbbf7598'}}, 'caller': {'address': '0x2c4d2185f230d32e973bc97c93a41af867e3fef6'}, 'date': {'date': '2022-01-13'}, 'block': {'height': 13994211}}, {'smartContract': {'address': {'address': '0x8dac2a09aeeaaa7de5e645544b062d5cb79effc9'}}, 'caller': {'address': '0x2c4d2185f230d32e973bc97c93a41af867e3fef6'}, 'date': {'date': '2022-01-13'}, 'block': {'height': 13994211}}, {'smartContract': {'address': {'address': '0x4a2205830e6b10e7e5755278dffdac6114675577'}}, 'caller': {'address': '0x2c4d2185f230d32e973bc97c93a41af867e3fef6'}, 'date': {'date': '2022-01-12'}, 'block': {'height': 13991806}}, {'smartContract': {'address': {'address': '0x3b03ec9cb4f64b445a14ae51d1718fb99a45ce50'}}, 'caller': {'address': '0x2c4d2185f230d32e973bc97c93a41af867e3fef6'}, 'date': {'date': '2022-01-12'}, 'block': {'height': 13990902}}, {'smartContract': {'address': {'address': '0x2ce3ee0837697a0f6233ba42ea8510d7eeed7ea3'}}, 'caller': {'address': '0x2c4d2185f230d32e973bc97c93a41af867e3fef6'}, 'date': {'date': '2022-01-12'}, 'block': {'height': 13990821}}, {'smartContract': {'address': {'address': '0x3fe756ba32c04835ce866f22d0e9bd7525f58ae0'}}, 'caller': {'address': '0x2c4d2185f230d32e973bc97c93a41af867e3fef6'}, 'date': {'date': '2022-01-12'}, 'block': {'height': 13990477}}, {'smartContract': {'address': {'address': '0x08862877662d064535bff3874e51d8a2c83f3b00'}}, 'caller': {'address': '0x2c4d2185f230d32e973bc97c93a41af867e3fef6'}, 'date': {'date': '2022-01-12'}, 'block': {'height': 13989177}}, {'smartContract': {'address': {'address': '0x9b96c6a05b0595e71ad198dc813094fb355fd8c9'}}, 'caller': {'address': '0x2c4d2185f230d32e973bc97c93a41af867e3fef6'}, 'date': {'date': '2022-01-12'}, 'block': {'height': 13989062}}, {'smartContract': {'address': {'address': '0xcfc1e0968ca08aee88cbf664d4a1f8b881d90f37'}}, 'caller': {'address': '0x2c4d2185f230d32e973bc97c93a41af867e3fef6'}, 'date': {'date': '2022-01-11'}, 'block': {'height': 13983860}}, {'smartContract': {'address': {'address': '0xa4e3ebc779a7aabd6475503792dbbfcc25de4efa'}}, 'caller': {'address': '0x2c4d2185f230d32e973bc97c93a41af867e3fef6'}, 'date': {'date': '2022-01-11'}, 'block': {'height': 13983820}}, {'smartContract': {'address': {'address': '0x0b2647d8c8d2f3ecbe0895946101a111ee6805ea'}}, 'caller': {'address': '0x2c4d2185f230d32e973bc97c93a41af867e3fef6'}, 'date': {'date': '2022-01-11'}, 'block': {'height': 13983209}}, {'smartContract': {'address': {'address': '0x564a16b379068a907c7ec7487dbb8347dc16371e'}}, 'caller': {'address': '0x2c4d2185f230d32e973bc97c93a41af867e3fef6'}, 'date': {'date': '2022-01-11'}, 'block': {'height': 13983003}}, {'smartContract': {'address': {'address': '0x9b85a79028d2aa510a01e7125cdabc5688400a21'}}, 'caller': {'address': '0x2c4d2185f230d32e973bc97c93a41af867e3fef6'}, 'date': {'date': '2022-01-11'}, 'block': {'height': 13982899}}, {'smartContract': {'address': {'address': '0xcb921610ab63c92ab00390b5a797af8dd6f52071'}}, 'caller': {'address': '0x2c4d2185f230d32e973bc97c93a41af867e3fef6'}, 'date': {'date': '2022-01-11'}, 'block': {'height': 13982822}}, {'smartContract': {'address': {'address': '0xbc044ab5a8bfa595cbcef0abd8620b555d271e6f'}}, 'caller': {'address': '0x2c4d2185f230d32e973bc97c93a41af867e3fef6'}, 'date': {'date': '2022-01-11'}, 'block': {'height': 13982688}}, {'smartContract': {'address': {'address': '0x208c89128a27b671adf86a2cfbfc549ec7cf22f3'}}, 'caller': {'address': '0x2c4d2185f230d32e973bc97c93a41af867e3fef6'}, 'date': {'date': '2022-01-11'}, 'block': {'height': 13982664}}, {'smartContract': {'address': {'address': '0x573a0b9f509ad5aac8e2263450aa99d36b2f37d1'}}, 'caller': {'address': '0x2c4d2185f230d32e973bc97c93a41af867e3fef6'}, 'date': {'date': '2022-01-08'}, 'block': {'height': 13963677}}]",2022-01-13
343,343,0xDea67845A51E24461D5fED8084E69B426AF3D5Db,HodlTree,,0x95D155e5d17AD328B3336d389670A3D3f2E934CF,23030.89284,"[{'smartContract': {'address': {'address': '0xdea67845a51e24461d5fed8084e69b426af3d5db'}}, 'caller': {'address': '0x95d155e5d17ad328b3336d389670a3d3f2e934cf'}, 'date': {'date': '2020-05-23'}, 'block': {'height': 10121992}}, {'smartContract': {'address': {'address': '0x86b8f34db8e73ec32240f080935632cb559d479a'}}, 'caller': {'address': '0x95d155e5d17ad328b3336d389670a3d3f2e934cf'}, 'date': {'date': '2020-05-23'}, 'block': {'height': 10121861}}]",2020-05-23
344,344,0xf4CD3d3Fda8d7Fd6C5a500203e38640A70Bf9577,YfDAI.finance,,0xf29b6cfD7019df58267fBcBa3c0915F66bACa08e,20526.14153,"[{'smartContract': {'address': {'address': '0x4599cda238fb71573fd5a0076c199320e09bcff0'}}, 'caller': {'address': '0xf29b6cfd7019df58267fbcba3c0915f66baca08e'}, 'date': {'date': '2020-11-17'}, 'block': {'height': 11275730}}, {'smartContract': {'address': {'address': '0x44d771d0c998f524ff39ab6df64b72bce1d09566'}}, 'caller': {'address': '0xf29b6cfd7019df58267fbcba3c0915f66baca08e'}, 'date': {'date': '2020-10-08'}, 'block': {'height': 11016196}}, {'smartContract': {'address': {'address': '0x33f63aef338c430a8be4a46d933e50a6d8759461'}}, 'caller': {'address': '0xf29b6cfd7019df58267fbcba3c0915f66baca08e'}, 'date': {'date': '2020-09-24'}, 'block': {'height': 10925744}}, {'smartContract': {'address': {'address': '0xc78f7d0fbe3febd872334f29fbed70a6c63ab7d9'}}, 'caller': {'address': '0xf29b6cfd7019df58267fbcba3c0915f66baca08e'}, 'date': {'date': '2020-09-24'}, 'block': {'height': 10925711}}, {'smartContract': {'address': {'address': '0x84c0e19d62941b34d03cffe43117159d259ca5f3'}}, 'caller': {'address': '0xf29b6cfd7019df58267fbcba3c0915f66baca08e'}, 'date': {'date': '2020-09-24'}, 'block': {'height': 10925681}}, {'smartContract': {'address': {'address': '0xbeb955a0af41c6553221daec9c9beb9b7ec216d9'}}, 'caller': {'address': '0xf29b6cfd7019df58267fbcba3c0915f66baca08e'}, 'date': {'date': '2020-09-08'}, 'block': {'height': 10822237}}, {'smartContract': {'address': {'address': '0xd9fdb683feb3efb3ed6fb7daa69dc1728e3d93a1'}}, 'caller': {'address': '0xf29b6cfd7019df58267fbcba3c0915f66baca08e'}, 'date': {'date': '2020-09-08'}, 'block': {'height': 10821108}}, {'smartContract': {'address': {'address': '0x5813e4f22d1be8f9eaaaf3e6a480bb4b3a50a24b'}}, 'caller': {'address': '0xf29b6cfd7019df58267fbcba3c0915f66baca08e'}, 'date': {'date': '2020-09-08'}, 'block': {'height': 10821079}}, {'smartContract': {'address': {'address': '0x84e34df6f8f85f15d24ec8e347d32f1184089a14'}}, 'caller': {'address': '0x5c69bee701ef814a2b6a3edd4b1652cb9cc5aa6f'}, 'date': {'date': '2020-09-02'}, 'block': {'height': 10780144}}, {'smartContract': {'address': {'address': '0xf4cd3d3fda8d7fd6c5a500203e38640a70bf9577'}}, 'caller': {'address': '0xf29b6cfd7019df58267fbcba3c0915f66baca08e'}, 'date': {'date': '2020-09-02'}, 'block': {'height': 10779885}}, {'smartContract': {'address': {'address': '0x4940171fbe85452ab1f9c53943e14ae5fe9f7da8'}}, 'caller': {'address': '0xf29b6cfd7019df58267fbcba3c0915f66baca08e'}, 'date': {'date': '2020-08-31'}, 'block': {'height': 10770483}}]",2020-09-02
345,345,0x79256DB1BDB6259315a1a3D7Dd237F69cADFd8FC,Typhoon,,0x29Fd05Ec26e64D73F60fa6e83FD2aeb9CEB4a22F,20194.13,"[{'smartContract': {'address': {'address': '0x71c0540fcd09440d78d1bf9af8de51b35d106dd2'}}, 'caller': {'address': '0x29fd05ec26e64d73f60fa6e83fd2aeb9ceb4a22f'}, 'date': {'date': '2021-02-19'}, 'block': {'height': 11886832}}, {'smartContract': {'address': {'address': '0xf6d61a4d17b06159f31a3ff424118d39ffb79295'}}, 'caller': {'address': '0x29fd05ec26e64d73f60fa6e83fd2aeb9ceb4a22f'}, 'date': {'date': '2021-01-27'}, 'block': {'height': 11738352}}, {'smartContract': {'address': {'address': '0xd6523ec670df817a64ae3cf253a5c9b1892c5d4b'}}, 'caller': {'address': '0x29fd05ec26e64d73f60fa6e83fd2aeb9ceb4a22f'}, 'date': {'date': '2021-01-25'}, 'block': {'height': 11725672}}, {'smartContract': {'address': {'address': '0x944f6fbc3f551d4e6dc05b173de1ec44a663aef8'}}, 'caller': {'address': '0x29fd05ec26e64d73f60fa6e83fd2aeb9ceb4a22f'}, 'date': {'date': '2021-01-25'}, 'block': {'height': 11725569}}, {'smartContract': {'address': {'address': '0x4370d504bd8a26ebe5050a0326fa4dea8aeb01e4'}}, 'caller': {'address': '0x29fd05ec26e64d73f60fa6e83fd2aeb9ceb4a22f'}, 'date': {'date': '2021-01-25'}, 'block': {'height': 11725520}}, {'smartContract': {'address': {'address': '0x3cdcd4dd189a6ffac505129eac8eeb867c883eae'}}, 'caller': {'address': '0x29fd05ec26e64d73f60fa6e83fd2aeb9ceb4a22f'}, 'date': {'date': '2021-01-25'}, 'block': {'height': 11725474}}, {'smartContract': {'address': {'address': '0x73429e840c428f0703f898bd7e6c135150a01d04'}}, 'caller': {'address': '0x29fd05ec26e64d73f60fa6e83fd2aeb9ceb4a22f'}, 'date': {'date': '2021-01-25'}, 'block': {'height': 11725209}}, {'smartContract': {'address': {'address': '0xb4d49992575f1742d84b610402407ca2c65e678b'}}, 'caller': {'address': '0x29fd05ec26e64d73f60fa6e83fd2aeb9ceb4a22f'}, 'date': {'date': '2021-01-25'}, 'block': {'height': 11725171}}, {'smartContract': {'address': {'address': '0x01e0bcedf5bb5136d654bf03e2ffff6921e901eb'}}, 'caller': {'address': '0x29fd05ec26e64d73f60fa6e83fd2aeb9ceb4a22f'}, 'date': {'date': '2021-01-25'}, 'block': {'height': 11725091}}, {'smartContract': {'address': {'address': '0x2b95d59a0ca6c436100d50eb88824b4a45f764dd'}}, 'caller': {'address': '0x29fd05ec26e64d73f60fa6e83fd2aeb9ceb4a22f'}, 'date': {'date': '2021-01-24'}, 'block': {'height': 11716724}}, {'smartContract': {'address': {'address': '0x2e08c715573176ca4f5e19df8b54dbe1c9d69a1a'}}, 'caller': {'address': '0x29fd05ec26e64d73f60fa6e83fd2aeb9ceb4a22f'}, 'date': {'date': '2021-01-22'}, 'block': {'height': 11705428}}, {'smartContract': {'address': {'address': '0x237c54a1277acb173873a3b4d317bcdd80c41916'}}, 'caller': {'address': '0x29fd05ec26e64d73f60fa6e83fd2aeb9ceb4a22f'}, 'date': {'date': '2021-01-22'}, 'block': {'height': 11704143}}, {'smartContract': {'address': {'address': '0x7d66dcd9064272051656d961a25170dd50cde526'}}, 'caller': {'address': '0x29fd05ec26e64d73f60fa6e83fd2aeb9ceb4a22f'}, 'date': {'date': '2021-01-21'}, 'block': {'height': 11699664}}, {'smartContract': {'address': {'address': '0x7df50b4fcae42581e40e2d91edd7d4fa1b37bae1'}}, 'caller': {'address': '0x29fd05ec26e64d73f60fa6e83fd2aeb9ceb4a22f'}, 'date': {'date': '2021-01-21'}, 'block': {'height': 11699613}}, {'smartContract': {'address': {'address': '0xa7d5247b544f1d5282bb2ae14d8edc5bb8f8558a'}}, 'caller': {'address': '0x29fd05ec26e64d73f60fa6e83fd2aeb9ceb4a22f'}, 'date': {'date': '2021-01-21'}, 'block': {'height': 11699599}}, {'smartContract': {'address': {'address': '0x1ac99d8627e0a97d55f006124001ad1f1cd12436'}}, 'caller': {'address': '0x29fd05ec26e64d73f60fa6e83fd2aeb9ceb4a22f'}, 'date': {'date': '2021-01-21'}, 'block': {'height': 11699080}}, {'smartContract': {'address': {'address': '0xb3a9e73d2409db9abe73fdbca8719d3f381dce22'}}, 'caller': {'address': '0x29fd05ec26e64d73f60fa6e83fd2aeb9ceb4a22f'}, 'date': {'date': '2021-01-21'}, 'block': {'height': 11699075}}, {'smartContract': {'address': {'address': '0x6c3e306d8625952624ba0345a6c140302beb06f8'}}, 'caller': {'address': '0x29fd05ec26e64d73f60fa6e83fd2aeb9ceb4a22f'}, 'date': {'date': '2021-01-21'}, 'block': {'height': 11699068}}, {'smartContract': {'address': {'address': '0x8d1eccbd7a6ccf4b120418498bad4436a4bb0ecd'}}, 'caller': {'address': '0x29fd05ec26e64d73f60fa6e83fd2aeb9ceb4a22f'}, 'date': {'date': '2021-01-21'}, 'block': {'height': 11699065}}, {'smartContract': {'address': {'address': '0x81c99c8283d2fc0a031ec98d24582d104016b4c2'}}, 'caller': {'address': '0x29fd05ec26e64d73f60fa6e83fd2aeb9ceb4a22f'}, 'date': {'date': '2021-01-21'}, 'block': {'height': 11699060}}, {'smartContract': {'address': {'address': '0xbac900b578869f3780653158af2ff043767205fd'}}, 'caller': {'address': '0x29fd05ec26e64d73f60fa6e83fd2aeb9ceb4a22f'}, 'date': {'date': '2021-01-21'}, 'block': {'height': 11699056}}, {'smartContract': {'address': {'address': '0x9137f740c43d225571408d18928b884bfa33a561'}}, 'caller': {'address': '0x29fd05ec26e64d73f60fa6e83fd2aeb9ceb4a22f'}, 'date': {'date': '2021-01-21'}, 'block': {'height': 11699052}}, {'smartContract': {'address': {'address': '0x48cc9ab91864e80d15726e489316330ce541fc55'}}, 'caller': {'address': '0x29fd05ec26e64d73f60fa6e83fd2aeb9ceb4a22f'}, 'date': {'date': '2021-01-21'}, 'block': {'height': 11699047}}, {'smartContract': {'address': {'address': '0x8ab1ac938498041bca10099ee90c839acdf6ad1d'}}, 'caller': {'address': '0x29fd05ec26e64d73f60fa6e83fd2aeb9ceb4a22f'}, 'date': {'date': '2021-01-21'}, 'block': {'height': 11699043}}, {'smartContract': {'address': {'address': '0x5b204b20ec760984e62d41f233c27509a2dbd2d6'}}, 'caller': {'address': '0x29fd05ec26e64d73f60fa6e83fd2aeb9ceb4a22f'}, 'date': {'date': '2021-01-21'}, 'block': {'height': 11699033}}, {'smartContract': {'address': {'address': '0xc22e8eaf0e74954e125e5cf2d22498371cc15fc8'}}, 'caller': {'address': '0x29fd05ec26e64d73f60fa6e83fd2aeb9ceb4a22f'}, 'date': {'date': '2021-01-21'}, 'block': {'height': 11699028}}, {'smartContract': {'address': {'address': '0x8479a07e4fe2c083eade5dc45821c5906ff1d36c'}}, 'caller': {'address': '0x29fd05ec26e64d73f60fa6e83fd2aeb9ceb4a22f'}, 'date': {'date': '2021-01-21'}, 'block': {'height': 11699025}}, {'smartContract': {'address': {'address': '0xa9ae0ebf7d1fa5928e94a95ea27dd7e71075bf7f'}}, 'caller': {'address': '0x29fd05ec26e64d73f60fa6e83fd2aeb9ceb4a22f'}, 'date': {'date': '2021-01-21'}, 'block': {'height': 11698995}}, {'smartContract': {'address': {'address': '0x78ed76038da95ea92c156ef64fd6f6ab6c5659b5'}}, 'caller': {'address': '0x29fd05ec26e64d73f60fa6e83fd2aeb9ceb4a22f'}, 'date': {'date': '2021-01-21'}, 'block': {'height': 11698990}}, {'smartContract': {'address': {'address': '0xf2ab3b1065b7447d769c770e9e86520091281e1e'}}, 'caller': {'address': '0x29fd05ec26e64d73f60fa6e83fd2aeb9ceb4a22f'}, 'date': {'date': '2021-01-21'}, 'block': {'height': 11698986}}, {'smartContract': {'address': {'address': '0xf4fd0a1889534b308f1065e15675dee3ee9c9681'}}, 'caller': {'address': '0x29fd05ec26e64d73f60fa6e83fd2aeb9ceb4a22f'}, 'date': {'date': '2021-01-21'}, 'block': {'height': 11698983}}, {'smartContract': {'address': {'address': '0xcf8e7577c4f08f1ee5030c652ae0bd947264b768'}}, 'caller': {'address': '0x29fd05ec26e64d73f60fa6e83fd2aeb9ceb4a22f'}, 'date': {'date': '2021-01-21'}, 'block': {'height': 11698847}}, {'smartContract': {'address': {'address': '0x4cd9b527c28ba5c0af640c0eb1647dbaed4bc95c'}}, 'caller': {'address': '0x29fd05ec26e64d73f60fa6e83fd2aeb9ceb4a22f'}, 'date': {'date': '2021-01-21'}, 'block': {'height': 11698843}}, {'smartContract': {'address': {'address': '0x2ff90daf02e0fc6c075f6e5fdc599e656d3f6db9'}}, 'caller': {'address': '0x29fd05ec26e64d73f60fa6e83fd2aeb9ceb4a22f'}, 'date': {'date': '2021-01-21'}, 'block': {'height': 11698837}}, {'smartContract': {'address': {'address': '0x66e870f824ca861494fd2147aa04d9f2e0c0ee3f'}}, 'caller': {'address': '0x29fd05ec26e64d73f60fa6e83fd2aeb9ceb4a22f'}, 'date': {'date': '2021-01-21'}, 'block': {'height': 11698835}}, {'smartContract': {'address': {'address': '0xbb390d220d960c524c28c925c7e6c3ddaff7d6a6'}}, 'caller': {'address': '0x29fd05ec26e64d73f60fa6e83fd2aeb9ceb4a22f'}, 'date': {'date': '2021-01-21'}, 'block': {'height': 11698824}}, {'smartContract': {'address': {'address': '0xd8ccfa040359293f1d86a39d81c7711aca8c5d7f'}}, 'caller': {'address': '0x29fd05ec26e64d73f60fa6e83fd2aeb9ceb4a22f'}, 'date': {'date': '2021-01-21'}, 'block': {'height': 11698819}}, {'smartContract': {'address': {'address': '0x2bfaa230b4b20a561b5c8112070fd4b115720d80'}}, 'caller': {'address': '0x29fd05ec26e64d73f60fa6e83fd2aeb9ceb4a22f'}, 'date': {'date': '2021-01-21'}, 'block': {'height': 11698814}}, {'smartContract': {'address': {'address': '0x132155f2c33bb1ff182bb912d65f76cc31286da8'}}, 'caller': {'address': '0x29fd05ec26e64d73f60fa6e83fd2aeb9ceb4a22f'}, 'date': {'date': '2021-01-21'}, 'block': {'height': 11698782}}, {'smartContract': {'address': {'address': '0x7914c64c15afba511077447cb117eb026d9a9b08'}}, 'caller': {'address': '0x29fd05ec26e64d73f60fa6e83fd2aeb9ceb4a22f'}, 'date': {'date': '2021-01-21'}, 'block': {'height': 11698778}}, {'smartContract': {'address': {'address': '0x664c65082692609003e5a2dc0cb595905e995f57'}}, 'caller': {'address': '0x29fd05ec26e64d73f60fa6e83fd2aeb9ceb4a22f'}, 'date': {'date': '2021-01-21'}, 'block': {'height': 11698776}}, {'smartContract': {'address': {'address': '0x5a75d0149af2c105323d1e34d371ef434b1b148b'}}, 'caller': {'address': '0x29fd05ec26e64d73f60fa6e83fd2aeb9ceb4a22f'}, 'date': {'date': '2021-01-21'}, 'block': {'height': 11698771}}, {'smartContract': {'address': {'address': '0x47f9b6afaf9938c25b2d3efe5d77bf9f64c59548'}}, 'caller': {'address': '0x29fd05ec26e64d73f60fa6e83fd2aeb9ceb4a22f'}, 'date': {'date': '2021-01-21'}, 'block': {'height': 11698768}}, {'smartContract': {'address': {'address': '0x1adc1e7d0ee22de5b1efa673a842504644ee8554'}}, 'caller': {'address': '0x29fd05ec26e64d73f60fa6e83fd2aeb9ceb4a22f'}, 'date': {'date': '2021-01-21'}, 'block': {'height': 11698763}}, {'smartContract': {'address': {'address': '0x3a5ca58acf236e99acc77438b8cf3c39b8f00a27'}}, 'caller': {'address': '0x29fd05ec26e64d73f60fa6e83fd2aeb9ceb4a22f'}, 'date': {'date': '2021-01-21'}, 'block': {'height': 11698748}}, {'smartContract': {'address': {'address': '0xf0a9acb1afc49243d36c320a563f9d61f6d2c448'}}, 'caller': {'address': '0x29fd05ec26e64d73f60fa6e83fd2aeb9ceb4a22f'}, 'date': {'date': '2021-01-21'}, 'block': {'height': 11698746}}, {'smartContract': {'address': {'address': '0x46f0697c507e9bb3ee3e94b23605ae47ee66e0a6'}}, 'caller': {'address': '0x29fd05ec26e64d73f60fa6e83fd2aeb9ceb4a22f'}, 'date': {'date': '2021-01-21'}, 'block': {'height': 11698739}}, {'smartContract': {'address': {'address': '0x414d16a3d1da3d2c37716f76503de8d8423a688a'}}, 'caller': {'address': '0x29fd05ec26e64d73f60fa6e83fd2aeb9ceb4a22f'}, 'date': {'date': '2021-01-21'}, 'block': {'height': 11698735}}, {'smartContract': {'address': {'address': '0x840464c02388430c1b6f09aa7ba2ed38bec31276'}}, 'caller': {'address': '0x29fd05ec26e64d73f60fa6e83fd2aeb9ceb4a22f'}, 'date': {'date': '2021-01-21'}, 'block': {'height': 11698733}}, {'smartContract': {'address': {'address': '0x10589aa9590af91c5b7d4d71b62d346dd74cf3a6'}}, 'caller': {'address': '0x29fd05ec26e64d73f60fa6e83fd2aeb9ceb4a22f'}, 'date': {'date': '2021-01-21'}, 'block': {'height': 11698693}}, {'smartContract': {'address': {'address': '0xe356e29bad4326c16a6afddc14f5e4748fb230b3'}}, 'caller': {'address': '0x29fd05ec26e64d73f60fa6e83fd2aeb9ceb4a22f'}, 'date': {'date': '2021-01-21'}, 'block': {'height': 11698666}}, {'smartContract': {'address': {'address': '0x72c9a9685f3b5af597027f2d493a73886ea726b8'}}, 'caller': {'address': '0x29fd05ec26e64d73f60fa6e83fd2aeb9ceb4a22f'}, 'date': {'date': '2021-01-21'}, 'block': {'height': 11698661}}, {'smartContract': {'address': {'address': '0xebe998a5f1279447bfcaebb72a0fc54b3baf69e3'}}, 'caller': {'address': '0x29fd05ec26e64d73f60fa6e83fd2aeb9ceb4a22f'}, 'date': {'date': '2021-01-21'}, 'block': {'height': 11698658}}, {'smartContract': {'address': {'address': '0xc682aa02ed9fa2cc6e9b50e8448a87bc40631f0a'}}, 'caller': {'address': '0x29fd05ec26e64d73f60fa6e83fd2aeb9ceb4a22f'}, 'date': {'date': '2021-01-21'}, 'block': {'height': 11698654}}, {'smartContract': {'address': {'address': '0x76eea4364363eff85f4151f9240f71cf140b2439'}}, 'caller': {'address': '0x29fd05ec26e64d73f60fa6e83fd2aeb9ceb4a22f'}, 'date': {'date': '2021-01-21'}, 'block': {'height': 11698625}}, {'smartContract': {'address': {'address': '0x0907114e9f05a7f83897c971901e084ed505c75c'}}, 'caller': {'address': '0x29fd05ec26e64d73f60fa6e83fd2aeb9ceb4a22f'}, 'date': {'date': '2021-01-21'}, 'block': {'height': 11698621}}, {'smartContract': {'address': {'address': '0xf261f604b5e7074d0eb37f04163bd75f4da9726b'}}, 'caller': {'address': '0x29fd05ec26e64d73f60fa6e83fd2aeb9ceb4a22f'}, 'date': {'date': '2021-01-21'}, 'block': {'height': 11698618}}, {'smartContract': {'address': {'address': '0x3ac8c18e09964f6f2de686ffb8f6cf29af42c375'}}, 'caller': {'address': '0x29fd05ec26e64d73f60fa6e83fd2aeb9ceb4a22f'}, 'date': {'date': '2021-01-21'}, 'block': {'height': 11698602}}, {'smartContract': {'address': {'address': '0xfd80686ee21dfcac676892d73a02f4698a882fb5'}}, 'caller': {'address': '0x29fd05ec26e64d73f60fa6e83fd2aeb9ceb4a22f'}, 'date': {'date': '2021-01-21'}, 'block': {'height': 11698599}}, {'smartContract': {'address': {'address': '0x5e2f33320674d1969a250fc2b8c32e78eb61307a'}}, 'caller': {'address': '0x29fd05ec26e64d73f60fa6e83fd2aeb9ceb4a22f'}, 'date': {'date': '2021-01-21'}, 'block': {'height': 11698593}}, {'smartContract': {'address': {'address': '0x333c747adba7f7dac065ee2b32234aa9e63c1e38'}}, 'caller': {'address': '0x29fd05ec26e64d73f60fa6e83fd2aeb9ceb4a22f'}, 'date': {'date': '2021-01-21'}, 'block': {'height': 11698591}}, {'smartContract': {'address': {'address': '0xd8a05011b5ac088d6aff3ff50c0189a3808a3a5c'}}, 'caller': {'address': '0x29fd05ec26e64d73f60fa6e83fd2aeb9ceb4a22f'}, 'date': {'date': '2021-01-21'}, 'block': {'height': 11698588}}, {'smartContract': {'address': {'address': '0x772d74d9ac5b4a8f327436ccd7b9c4443862049a'}}, 'caller': {'address': '0x29fd05ec26e64d73f60fa6e83fd2aeb9ceb4a22f'}, 'date': {'date': '2021-01-21'}, 'block': {'height': 11698505}}, {'smartContract': {'address': {'address': '0x9f1dc8566c581598db7add8e98259d404d14a9f9'}}, 'caller': {'address': '0x29fd05ec26e64d73f60fa6e83fd2aeb9ceb4a22f'}, 'date': {'date': '2021-01-21'}, 'block': {'height': 11698503}}, {'smartContract': {'address': {'address': '0xe5aa147e5392daed163eae7506c14398af51532e'}}, 'caller': {'address': '0x29fd05ec26e64d73f60fa6e83fd2aeb9ceb4a22f'}, 'date': {'date': '2021-01-21'}, 'block': {'height': 11698499}}, {'smartContract': {'address': {'address': '0x4152c41f97a781c40fed415653eb162e581cf312'}}, 'caller': {'address': '0x29fd05ec26e64d73f60fa6e83fd2aeb9ceb4a22f'}, 'date': {'date': '2021-01-21'}, 'block': {'height': 11698496}}, {'smartContract': {'address': {'address': '0x28b5afb89ea9112fd35b206a1763ff5f9fa57c0e'}}, 'caller': {'address': '0x29fd05ec26e64d73f60fa6e83fd2aeb9ceb4a22f'}, 'date': {'date': '2021-01-21'}, 'block': {'height': 11698492}}, {'smartContract': {'address': {'address': '0xdb3ff4230739237211ce81b9e98ea81f06b6fbf4'}}, 'caller': {'address': '0x29fd05ec26e64d73f60fa6e83fd2aeb9ceb4a22f'}, 'date': {'date': '2021-01-21'}, 'block': {'height': 11698488}}, {'smartContract': {'address': {'address': '0xfa8eb111549d9f7b4a48bd71c4e7003077d0e2f7'}}, 'caller': {'address': '0x29fd05ec26e64d73f60fa6e83fd2aeb9ceb4a22f'}, 'date': {'date': '2021-01-21'}, 'block': {'height': 11698483}}, {'smartContract': {'address': {'address': '0x8ce0cd4034ada9d925c3553dab6a96b2253b3b1d'}}, 'caller': {'address': '0x29fd05ec26e64d73f60fa6e83fd2aeb9ceb4a22f'}, 'date': {'date': '2021-01-21'}, 'block': {'height': 11698428}}, {'smartContract': {'address': {'address': '0x464edcdfb1755adc304ee7b65cbe887422cc9f9a'}}, 'caller': {'address': '0x29fd05ec26e64d73f60fa6e83fd2aeb9ceb4a22f'}, 'date': {'date': '2021-01-21'}, 'block': {'height': 11698412}}, {'smartContract': {'address': {'address': '0x984accfabdde79b799048634ba2850acc7d5a101'}}, 'caller': {'address': '0x29fd05ec26e64d73f60fa6e83fd2aeb9ceb4a22f'}, 'date': {'date': '2021-01-21'}, 'block': {'height': 11698400}}, {'smartContract': {'address': {'address': '0xacd3b2ff91859197651fd4ace9cfe19603146998'}}, 'caller': {'address': '0x29fd05ec26e64d73f60fa6e83fd2aeb9ceb4a22f'}, 'date': {'date': '2021-01-21'}, 'block': {'height': 11698368}}, {'smartContract': {'address': {'address': '0xcdc06528e029e1eee0dff0e8ed642c7f12e39752'}}, 'caller': {'address': '0x29fd05ec26e64d73f60fa6e83fd2aeb9ceb4a22f'}, 'date': {'date': '2021-01-21'}, 'block': {'height': 11698366}}, {'smartContract': {'address': {'address': '0x376b71437f5916825f24cca28d34626851346a8c'}}, 'caller': {'address': '0x29fd05ec26e64d73f60fa6e83fd2aeb9ceb4a22f'}, 'date': {'date': '2021-01-21'}, 'block': {'height': 11698361}}, {'smartContract': {'address': {'address': '0x897354fa880d4c83dd9e9ac9ca9650cb12597b61'}}, 'caller': {'address': '0x29fd05ec26e64d73f60fa6e83fd2aeb9ceb4a22f'}, 'date': {'date': '2021-01-21'}, 'block': {'height': 11698358}}, {'smartContract': {'address': {'address': '0xa628c4ef3d2538a6184422c4dbab8d6926243f17'}}, 'caller': {'address': '0x29fd05ec26e64d73f60fa6e83fd2aeb9ceb4a22f'}, 'date': {'date': '2021-01-21'}, 'block': {'height': 11698351}}, {'smartContract': {'address': {'address': '0xabdb34e97592d28fc3e4d44ace02bcafe48c78c6'}}, 'caller': {'address': '0x29fd05ec26e64d73f60fa6e83fd2aeb9ceb4a22f'}, 'date': {'date': '2021-01-21'}, 'block': {'height': 11698347}}, {'smartContract': {'address': {'address': '0x7a2d903f3197201d7b6c8f2eb3f7973e6f384221'}}, 'caller': {'address': '0x29fd05ec26e64d73f60fa6e83fd2aeb9ceb4a22f'}, 'date': {'date': '2021-01-21'}, 'block': {'height': 11698341}}, {'smartContract': {'address': {'address': '0xf89a21eb4fab2f3b97f308ec79a8cc80c0055367'}}, 'caller': {'address': '0x29fd05ec26e64d73f60fa6e83fd2aeb9ceb4a22f'}, 'date': {'date': '2021-01-21'}, 'block': {'height': 11698338}}, {'smartContract': {'address': {'address': '0x1c47d416350c66c68f812aad6c5637f24d34ddb1'}}, 'caller': {'address': '0x29fd05ec26e64d73f60fa6e83fd2aeb9ceb4a22f'}, 'date': {'date': '2021-01-21'}, 'block': {'height': 11698301}}, {'smartContract': {'address': {'address': '0xd20b405e0d56e68e9b111baa9e413410b419e48a'}}, 'caller': {'address': '0x29fd05ec26e64d73f60fa6e83fd2aeb9ceb4a22f'}, 'date': {'date': '2021-01-21'}, 'block': {'height': 11698239}}, {'smartContract': {'address': {'address': '0xf5e5a97b2974786a1d7dcb716d2026a586c158b2'}}, 'caller': {'address': '0x29fd05ec26e64d73f60fa6e83fd2aeb9ceb4a22f'}, 'date': {'date': '2021-01-21'}, 'block': {'height': 11698237}}, {'smartContract': {'address': {'address': '0xefe6a4e64dbccfe4c4f5f62e6d1fef00b9637171'}}, 'caller': {'address': '0x29fd05ec26e64d73f60fa6e83fd2aeb9ceb4a22f'}, 'date': {'date': '2021-01-21'}, 'block': {'height': 11698234}}, {'smartContract': {'address': {'address': '0x6f36a563b8f3e16e867e5dd71341eaee015473c2'}}, 'caller': {'address': '0x29fd05ec26e64d73f60fa6e83fd2aeb9ceb4a22f'}, 'date': {'date': '2021-01-21'}, 'block': {'height': 11698231}}, {'smartContract': {'address': {'address': '0x06721288c44dc07621bddb54c1378de947c05773'}}, 'caller': {'address': '0x29fd05ec26e64d73f60fa6e83fd2aeb9ceb4a22f'}, 'date': {'date': '2021-01-21'}, 'block': {'height': 11698227}}, {'smartContract': {'address': {'address': '0x9852360ba26e8011ee9278babe74829d5ee56e19'}}, 'caller': {'address': '0x29fd05ec26e64d73f60fa6e83fd2aeb9ceb4a22f'}, 'date': {'date': '2021-01-21'}, 'block': {'height': 11698223}}, {'smartContract': {'address': {'address': '0x88392c6706c7f421d37276090147311cf64b2a2b'}}, 'caller': {'address': '0x29fd05ec26e64d73f60fa6e83fd2aeb9ceb4a22f'}, 'date': {'date': '2021-01-21'}, 'block': {'height': 11698218}}, {'smartContract': {'address': {'address': '0x14c1c27b66299846dfc32860d7c2629b40a6eade'}}, 'caller': {'address': '0x29fd05ec26e64d73f60fa6e83fd2aeb9ceb4a22f'}, 'date': {'date': '2021-01-21'}, 'block': {'height': 11698208}}, {'smartContract': {'address': {'address': '0x5068f49d99fdb3408e8429bd982f1507fc5f4b7d'}}, 'caller': {'address': '0x29fd05ec26e64d73f60fa6e83fd2aeb9ceb4a22f'}, 'date': {'date': '2021-01-21'}, 'block': {'height': 11698183}}, {'smartContract': {'address': {'address': '0x27876c986d26909ae8e1300dca7e2f2439c396a2'}}, 'caller': {'address': '0x29fd05ec26e64d73f60fa6e83fd2aeb9ceb4a22f'}, 'date': {'date': '2021-01-21'}, 'block': {'height': 11698166}}, {'smartContract': {'address': {'address': '0xbc892c3a590dc61f36843f839878fe41150e734d'}}, 'caller': {'address': '0x29fd05ec26e64d73f60fa6e83fd2aeb9ceb4a22f'}, 'date': {'date': '2021-01-21'}, 'block': {'height': 11698156}}, {'smartContract': {'address': {'address': '0x701223ddb0626cd1f1672dd6e340f3b8a9c5b511'}}, 'caller': {'address': '0x29fd05ec26e64d73f60fa6e83fd2aeb9ceb4a22f'}, 'date': {'date': '2021-01-21'}, 'block': {'height': 11698150}}, {'smartContract': {'address': {'address': '0xb9ea2293f79779293b09a51e900c780989980820'}}, 'caller': {'address': '0x29fd05ec26e64d73f60fa6e83fd2aeb9ceb4a22f'}, 'date': {'date': '2021-01-21'}, 'block': {'height': 11698148}}, {'smartContract': {'address': {'address': '0xff293155bf9cf2e9280aa57f11387d0b35ae5b69'}}, 'caller': {'address': '0x29fd05ec26e64d73f60fa6e83fd2aeb9ceb4a22f'}, 'date': {'date': '2021-01-21'}, 'block': {'height': 11698104}}, {'smartContract': {'address': {'address': '0x3ed6f336141d7cbdbec9180631ca1a8d119ab855'}}, 'caller': {'address': '0x29fd05ec26e64d73f60fa6e83fd2aeb9ceb4a22f'}, 'date': {'date': '2021-01-21'}, 'block': {'height': 11698099}}, {'smartContract': {'address': {'address': '0x1b1bac0e075a6680702bc239020e2c9657803aca'}}, 'caller': {'address': '0x29fd05ec26e64d73f60fa6e83fd2aeb9ceb4a22f'}, 'date': {'date': '2021-01-21'}, 'block': {'height': 11698094}}, {'smartContract': {'address': {'address': '0xfcca987cb6a5f67002e10e16e769d87fc48a1027'}}, 'caller': {'address': '0x29fd05ec26e64d73f60fa6e83fd2aeb9ceb4a22f'}, 'date': {'date': '2021-01-21'}, 'block': {'height': 11698076}}, {'smartContract': {'address': {'address': '0xd8cb7339b5e9fc1c4477b4c900110d74b72b4830'}}, 'caller': {'address': '0x29fd05ec26e64d73f60fa6e83fd2aeb9ceb4a22f'}, 'date': {'date': '2021-01-21'}, 'block': {'height': 11698074}}, {'smartContract': {'address': {'address': '0x0497b00a96a4663681ccfdbe66170783202960fa'}}, 'caller': {'address': '0x29fd05ec26e64d73f60fa6e83fd2aeb9ceb4a22f'}, 'date': {'date': '2021-01-21'}, 'block': {'height': 11698069}}]",2021-01-20
346,346,0xa283aA7CfBB27EF0cfBcb2493dD9F4330E0fd304,MMToken (MM),,0x43229759E12eFbe3e2A0fB0510B15e516d046442,20148.51857,"[{'smartContract': {'address': {'address': '0xfdbb57de5d7d6913425d0bfa4fd795dff4cdd1c7'}}, 'caller': {'address': '0x5ef30b9986345249bc32d8928b7ee64de9435e39'}, 'date': {'date': '2022-01-29'}, 'block': {'height': 14097786}}, {'smartContract': {'address': {'address': '0x42485956a7ce8db34c88c0921b41645fc5299c1f'}}, 'caller': {'address': '0x5ef30b9986345249bc32d8928b7ee64de9435e39'}, 'date': {'date': '2022-01-25'}, 'block': {'height': 14073329}}, {'smartContract': {'address': {'address': '0xb6e50b658020583ea41b568c8781cfd77ed41c18'}}, 'caller': {'address': '0x43229759e12efbe3e2a0fb0510b15e516d046442'}, 'date': {'date': '2022-01-23'}, 'block': {'height': 14060793}}, {'smartContract': {'address': {'address': '0x5ac929a67b8968010e307d3428f42271025531d2'}}, 'caller': {'address': '0x43229759e12efbe3e2a0fb0510b15e516d046442'}, 'date': {'date': '2022-01-23'}, 'block': {'height': 14060747}}, {'smartContract': {'address': {'address': '0xb2a586aec6e27ddfc21653ea6f43d96cc7860dcc'}}, 'caller': {'address': '0x43229759e12efbe3e2a0fb0510b15e516d046442'}, 'date': {'date': '2022-01-23'}, 'block': {'height': 14060736}}, {'smartContract': {'address': {'address': '0x5241186fb4c830db23559771d4c2931a16eb9551'}}, 'caller': {'address': '0x5ef30b9986345249bc32d8928b7ee64de9435e39'}, 'date': {'date': '2021-12-22'}, 'block': {'height': 13854111}}, {'smartContract': {'address': {'address': '0xf061dabe0b3fd1a02e3d1154e5331567d902acc7'}}, 'caller': {'address': '0x43229759e12efbe3e2a0fb0510b15e516d046442'}, 'date': {'date': '2021-12-21'}, 'block': {'height': 13846811}}, {'smartContract': {'address': {'address': '0x037c5880a4679be67e5bae0eabed2a91b4a94b15'}}, 'caller': {'address': '0x5ef30b9986345249bc32d8928b7ee64de9435e39'}, 'date': {'date': '2021-11-27'}, 'block': {'height': 13693516}}, {'smartContract': {'address': {'address': '0x874c239fc83897e5f11d82a7664ebd11af46aaa3'}}, 'caller': {'address': '0x43229759e12efbe3e2a0fb0510b15e516d046442'}, 'date': {'date': '2021-11-25'}, 'block': {'height': 13682017}}, {'smartContract': {'address': {'address': '0x4da6a71c7a132e2638109aed17339f0250a25560'}}, 'caller': {'address': '0x43229759e12efbe3e2a0fb0510b15e516d046442'}, 'date': {'date': '2021-09-12'}, 'block': {'height': 13210777}}, {'smartContract': {'address': {'address': '0xe10d656cab50b8c4df1f1e42381349d0a89aa975'}}, 'caller': {'address': '0x43229759e12efbe3e2a0fb0510b15e516d046442'}, 'date': {'date': '2021-08-27'}, 'block': {'height': 13105145}}, {'smartContract': {'address': {'address': '0x031d40daebf78b12070e2bc8dde0050422746b06'}}, 'caller': {'address': '0x43229759e12efbe3e2a0fb0510b15e516d046442'}, 'date': {'date': '2021-08-06'}, 'block': {'height': 12970659}}, {'smartContract': {'address': {'address': '0x9f37576cdea52ea488edca4df57addfc6e7064b1'}}, 'caller': {'address': '0x43229759e12efbe3e2a0fb0510b15e516d046442'}, 'date': {'date': '2021-08-06'}, 'block': {'height': 12970014}}, {'smartContract': {'address': {'address': '0xfab4dbbe963666b4a2306f2be5380e1b70924d58'}}, 'caller': {'address': '0x43229759e12efbe3e2a0fb0510b15e516d046442'}, 'date': {'date': '2021-08-05'}, 'block': {'height': 12963893}}, {'smartContract': {'address': {'address': '0x18bbf53976825c2356f3b5ad3451df428023460f'}}, 'caller': {'address': '0x43229759e12efbe3e2a0fb0510b15e516d046442'}, 'date': {'date': '2021-07-25'}, 'block': {'height': 12895949}}, {'smartContract': {'address': {'address': '0x96b8a0dfc666dcfd1555ea6a029c925d173ba907'}}, 'caller': {'address': '0x43229759e12efbe3e2a0fb0510b15e516d046442'}, 'date': {'date': '2021-07-23'}, 'block': {'height': 12882352}}, {'smartContract': {'address': {'address': '0x5c62e6e55989fab66a339232d1a4423bd3628a1a'}}, 'caller': {'address': '0x43229759e12efbe3e2a0fb0510b15e516d046442'}, 'date': {'date': '2021-07-21'}, 'block': {'height': 12869081}}, {'smartContract': {'address': {'address': '0x6e059c6f3c4ba507c4768f048a3832212b0c089f'}}, 'caller': {'address': '0x43229759e12efbe3e2a0fb0510b15e516d046442'}, 'date': {'date': '2021-07-19'}, 'block': {'height': 12855684}}, {'smartContract': {'address': {'address': '0xcf5755e338673508214230cfa9c7a7d4baa6fed7'}}, 'caller': {'address': '0x43229759e12efbe3e2a0fb0510b15e516d046442'}, 'date': {'date': '2021-07-16'}, 'block': {'height': 12834932}}, {'smartContract': {'address': {'address': '0x02f5c938038dd8970abdf3e8dafdfa384b9b841c'}}, 'caller': {'address': '0x43229759e12efbe3e2a0fb0510b15e516d046442'}, 'date': {'date': '2021-07-12'}, 'block': {'height': 12810995}}, {'smartContract': {'address': {'address': '0xbf5dc0e21be0a94e7ee22564ed250ef8634484a8'}}, 'caller': {'address': '0x43229759e12efbe3e2a0fb0510b15e516d046442'}, 'date': {'date': '2021-07-10'}, 'block': {'height': 12800041}}, {'smartContract': {'address': {'address': '0x036099f243e135cf2adf449c2dd5497da20fb82d'}}, 'caller': {'address': '0x43229759e12efbe3e2a0fb0510b15e516d046442'}, 'date': {'date': '2021-07-10'}, 'block': {'height': 12797973}}, {'smartContract': {'address': {'address': '0x6712614855690101453947d8aadfb30353a9987d'}}, 'caller': {'address': '0x43229759e12efbe3e2a0fb0510b15e516d046442'}, 'date': {'date': '2021-06-28'}, 'block': {'height': 12721874}}, {'smartContract': {'address': {'address': '0x6b94ef77a4be6d59cf7ba177e4a040c601198a5f'}}, 'caller': {'address': '0x43229759e12efbe3e2a0fb0510b15e516d046442'}, 'date': {'date': '2021-06-28'}, 'block': {'height': 12721196}}, {'smartContract': {'address': {'address': '0xf7ac25a2795e1eaefecd46bfb5a104da65504f6a'}}, 'caller': {'address': '0x43229759e12efbe3e2a0fb0510b15e516d046442'}, 'date': {'date': '2021-06-28'}, 'block': {'height': 12721123}}, {'smartContract': {'address': {'address': '0x1b428b6c389e25133bf0f466fc5d3e2764f3582b'}}, 'caller': {'address': '0x43229759e12efbe3e2a0fb0510b15e516d046442'}, 'date': {'date': '2021-06-28'}, 'block': {'height': 12720968}}, {'smartContract': {'address': {'address': '0x694047845c8df5a193d2baff613971977665ed26'}}, 'caller': {'address': '0x43229759e12efbe3e2a0fb0510b15e516d046442'}, 'date': {'date': '2021-06-18'}, 'block': {'height': 12657713}}, {'smartContract': {'address': {'address': '0x05c85ed5fd1a2088b42021f7ac42bad709da844a'}}, 'caller': {'address': '0x43229759e12efbe3e2a0fb0510b15e516d046442'}, 'date': {'date': '2021-06-18'}, 'block': {'height': 12657623}}, {'smartContract': {'address': {'address': '0xbb924bc59bb33ce68e1fd1a6c99e26aa05d695c2'}}, 'caller': {'address': '0x43229759e12efbe3e2a0fb0510b15e516d046442'}, 'date': {'date': '2021-05-29'}, 'block': {'height': 12529319}}, {'smartContract': {'address': {'address': '0xe28b1d0d667824e74b408a02c101cf0c0652d2ea'}}, 'caller': {'address': '0x43229759e12efbe3e2a0fb0510b15e516d046442'}, 'date': {'date': '2021-05-27'}, 'block': {'height': 12515602}}, {'smartContract': {'address': {'address': '0xf163a5a1c5716b165f977a950f4715e1ec1deb5c'}}, 'caller': {'address': '0x43229759e12efbe3e2a0fb0510b15e516d046442'}, 'date': {'date': '2021-04-15'}, 'block': {'height': 12242085}}, {'smartContract': {'address': {'address': '0x8c46ade56409683e5aa8a73e787d603e7194908f'}}, 'caller': {'address': '0x43229759e12efbe3e2a0fb0510b15e516d046442'}, 'date': {'date': '2021-04-15'}, 'block': {'height': 12241936}}, {'smartContract': {'address': {'address': '0x53a65c8e238915c79a1e5c366bc133162dbee34f'}}, 'caller': {'address': '0x43229759e12efbe3e2a0fb0510b15e516d046442'}, 'date': {'date': '2021-04-08'}, 'block': {'height': 12196423}}, {'smartContract': {'address': {'address': '0x8e5350d30e71540176897e1893c29468970639c6'}}, 'caller': {'address': '0x43229759e12efbe3e2a0fb0510b15e516d046442'}, 'date': {'date': '2021-03-27'}, 'block': {'height': 12120294}}, {'smartContract': {'address': {'address': '0xa6f43d225d188aef31f99f20eba8e537a6de86b5'}}, 'caller': {'address': '0x43229759e12efbe3e2a0fb0510b15e516d046442'}, 'date': {'date': '2021-03-24'}, 'block': {'height': 12099760}}, {'smartContract': {'address': {'address': '0xe85e9fb53fe5e2fa74dda1a1010555f55dbd347b'}}, 'caller': {'address': '0x43229759e12efbe3e2a0fb0510b15e516d046442'}, 'date': {'date': '2021-03-14'}, 'block': {'height': 12034639}}, {'smartContract': {'address': {'address': '0xe41db139b01e759155ae5aa4cc045b11470af4b1'}}, 'caller': {'address': '0x43229759e12efbe3e2a0fb0510b15e516d046442'}, 'date': {'date': '2021-03-14'}, 'block': {'height': 12034443}}, {'smartContract': {'address': {'address': '0x59d36badfba7beb11fdeb60c9eb94b2ad423f7da'}}, 'caller': {'address': '0x43229759e12efbe3e2a0fb0510b15e516d046442'}, 'date': {'date': '2021-03-14'}, 'block': {'height': 12034410}}, {'smartContract': {'address': {'address': '0x27bf4d326a4f11a11a72a07f38da64d2f502a23b'}}, 'caller': {'address': '0x43229759e12efbe3e2a0fb0510b15e516d046442'}, 'date': {'date': '2021-03-07'}, 'block': {'height': 11990610}}, {'smartContract': {'address': {'address': '0x263a8a6cac9f58e78413497fc913fe38bfc45b3b'}}, 'caller': {'address': '0x43229759e12efbe3e2a0fb0510b15e516d046442'}, 'date': {'date': '2021-03-07'}, 'block': {'height': 11990580}}, {'smartContract': {'address': {'address': '0x5dedec994c11ab5f9908f33aed2947f33b67a449'}}, 'caller': {'address': '0x43229759e12efbe3e2a0fb0510b15e516d046442'}, 'date': {'date': '2021-03-07'}, 'block': {'height': 11990558}}, {'smartContract': {'address': {'address': '0x076950237f8c0d27ac25694c9078f96e535723bc'}}, 'caller': {'address': '0x43229759e12efbe3e2a0fb0510b15e516d046442'}, 'date': {'date': '2021-03-07'}, 'block': {'height': 11990037}}, {'smartContract': {'address': {'address': '0x0bd1d668d8e83d14252f2e01d5873df77a6511f0'}}, 'caller': {'address': '0x43229759e12efbe3e2a0fb0510b15e516d046442'}, 'date': {'date': '2021-02-26'}, 'block': {'height': 11931126}}, {'smartContract': {'address': {'address': '0x990e32a45e6cfb6841fe0ef2cd97ed73cd4b6de0'}}, 'caller': {'address': '0x5ef30b9986345249bc32d8928b7ee64de9435e39'}, 'date': {'date': '2021-02-22'}, 'block': {'height': 11904338}}, {'smartContract': {'address': {'address': '0xb5079550f9d758fdccdc1a109226715d045eb012'}}, 'caller': {'address': '0x43229759e12efbe3e2a0fb0510b15e516d046442'}, 'date': {'date': '2021-02-19'}, 'block': {'height': 11887176}}, {'smartContract': {'address': {'address': '0x96e16da0d19f7b07c88d14ce85597acb94679326'}}, 'caller': {'address': '0x43229759e12efbe3e2a0fb0510b15e516d046442'}, 'date': {'date': '2021-02-19'}, 'block': {'height': 11884820}}, {'smartContract': {'address': {'address': '0x5f14fe956c83098685ad26149e2e8454dc4b7588'}}, 'caller': {'address': '0x43229759e12efbe3e2a0fb0510b15e516d046442'}, 'date': {'date': '2021-02-16'}, 'block': {'height': 11865414}}, {'smartContract': {'address': {'address': '0x037b39edae767ea692884d51fc697c54e777710e'}}, 'caller': {'address': '0x43229759e12efbe3e2a0fb0510b15e516d046442'}, 'date': {'date': '2021-02-14'}, 'block': {'height': 11852789}}, {'smartContract': {'address': {'address': '0xa93cb639ae732559ab9315b3a1615e624c32cc59'}}, 'caller': {'address': '0x43229759e12efbe3e2a0fb0510b15e516d046442'}, 'date': {'date': '2021-02-11'}, 'block': {'height': 11832463}}, {'smartContract': {'address': {'address': '0x8d680201f5559141db6f0c59122f32794374e075'}}, 'caller': {'address': '0x5ef30b9986345249bc32d8928b7ee64de9435e39'}, 'date': {'date': '2021-02-05'}, 'block': {'height': 11794957}}, {'smartContract': {'address': {'address': '0xbfa66151a798d893d4537a59ddacc8fdc56be749'}}, 'caller': {'address': '0x43229759e12efbe3e2a0fb0510b15e516d046442'}, 'date': {'date': '2021-02-04'}, 'block': {'height': 11788241}}, {'smartContract': {'address': {'address': '0x33317d8152e8c817e49aa27f7c496860b64ea15f'}}, 'caller': {'address': '0x5ef30b9986345249bc32d8928b7ee64de9435e39'}, 'date': {'date': '2021-02-01'}, 'block': {'height': 11767823}}, {'smartContract': {'address': {'address': '0x3edee5f69e9a8f88da9063b1aa78311e38dbe96c'}}, 'caller': {'address': '0x43229759e12efbe3e2a0fb0510b15e516d046442'}, 'date': {'date': '2021-01-30'}, 'block': {'height': 11754547}}, {'smartContract': {'address': {'address': '0xa6808e9e9d908923f02002bad8fbce441dcac125'}}, 'caller': {'address': '0x43229759e12efbe3e2a0fb0510b15e516d046442'}, 'date': {'date': '2021-01-30'}, 'block': {'height': 11754434}}, {'smartContract': {'address': {'address': '0xe5dc99cbf841a6721781e592214674a87a1a70bc'}}, 'caller': {'address': '0x43229759e12efbe3e2a0fb0510b15e516d046442'}, 'date': {'date': '2021-01-29'}, 'block': {'height': 11748040}}, {'smartContract': {'address': {'address': '0x0e8a7717a4fd7694682e7005957dd5d7598bf14a'}}, 'caller': {'address': '0xe15461b18ee31b7379019dc523231c57d1cbc18c'}, 'date': {'date': '2021-01-28'}, 'block': {'height': 11741970}}, {'smartContract': {'address': {'address': '0xc8ebbaaad5ff2e5683f8313fd4d056b7ff738bed'}}, 'caller': {'address': '0x43229759e12efbe3e2a0fb0510b15e516d046442'}, 'date': {'date': '2021-01-23'}, 'block': {'height': 11709936}}, {'smartContract': {'address': {'address': '0xb06661a221ab2ec615531f9632d6dc5d2984179a'}}, 'caller': {'address': '0x43229759e12efbe3e2a0fb0510b15e516d046442'}, 'date': {'date': '2021-01-23'}, 'block': {'height': 11709893}}, {'smartContract': {'address': {'address': '0xc48e1e2a61121c84d96957e696a4a283615559d1'}}, 'caller': {'address': '0x43229759e12efbe3e2a0fb0510b15e516d046442'}, 'date': {'date': '2021-01-17'}, 'block': {'height': 11670329}}, {'smartContract': {'address': {'address': '0x1a2aaf3bdfce246c6d2f9d93bee2c649ebe2c32f'}}, 'caller': {'address': '0x43229759e12efbe3e2a0fb0510b15e516d046442'}, 'date': {'date': '2021-01-17'}, 'block': {'height': 11670311}}, {'smartContract': {'address': {'address': '0xe09cd96100a0e9a19e064dc475568a428515d2e2'}}, 'caller': {'address': '0x43229759e12efbe3e2a0fb0510b15e516d046442'}, 'date': {'date': '2021-01-09'}, 'block': {'height': 11618148}}, {'smartContract': {'address': {'address': '0x41e0c2a507415e25005b1713f5f68ad6648fcf43'}}, 'caller': {'address': '0x43229759e12efbe3e2a0fb0510b15e516d046442'}, 'date': {'date': '2021-01-09'}, 'block': {'height': 11618067}}, {'smartContract': {'address': {'address': '0x8a56b8a6c1f34e9c3ff41a3e37692589d4e4ed24'}}, 'caller': {'address': '0x5ef30b9986345249bc32d8928b7ee64de9435e39'}, 'date': {'date': '2020-12-28'}, 'block': {'height': 11539825}}, {'smartContract': {'address': {'address': '0xfc89086c0b1f8acbd342f418d3ea1c9e425e5cbb'}}, 'caller': {'address': '0x43229759e12efbe3e2a0fb0510b15e516d046442'}, 'date': {'date': '2020-12-26'}, 'block': {'height': 11526715}}, {'smartContract': {'address': {'address': '0xb0f1a38f5531b398e2081c2f9e61edd2a924b488'}}, 'caller': {'address': '0x43229759e12efbe3e2a0fb0510b15e516d046442'}, 'date': {'date': '2020-12-26'}, 'block': {'height': 11526583}}, {'smartContract': {'address': {'address': '0x0a625d31ebf6e8a93c54911075b00de881549b92'}}, 'caller': {'address': '0x43229759e12efbe3e2a0fb0510b15e516d046442'}, 'date': {'date': '2020-12-11'}, 'block': {'height': 11429042}}, {'smartContract': {'address': {'address': '0x374513251ef47db34047f07998e31740496c6faa'}}, 'caller': {'address': '0x43229759e12efbe3e2a0fb0510b15e516d046442'}, 'date': {'date': '2020-12-11'}, 'block': {'height': 11429010}}, {'smartContract': {'address': {'address': '0x4e504c6ca43cd1bbd9096a2c2e77a176d10910b1'}}, 'caller': {'address': '0x43229759e12efbe3e2a0fb0510b15e516d046442'}, 'date': {'date': '2020-12-03'}, 'block': {'height': 11377896}}, {'smartContract': {'address': {'address': '0x8f288a56a6c06ffc75994a2d46e84f8bda1a0744'}}, 'caller': {'address': '0x43229759e12efbe3e2a0fb0510b15e516d046442'}, 'date': {'date': '2020-11-25'}, 'block': {'height': 11324698}}, {'smartContract': {'address': {'address': '0x23b197dc671a55f256199cf7e8bee77ea2bdc16d'}}, 'caller': {'address': '0x43229759e12efbe3e2a0fb0510b15e516d046442'}, 'date': {'date': '2020-11-25'}, 'block': {'height': 11324673}}, {'smartContract': {'address': {'address': '0xf0ba303fd2ce5ebbb22d0d6590463d7549a08388'}}, 'caller': {'address': '0x43229759e12efbe3e2a0fb0510b15e516d046442'}, 'date': {'date': '2020-11-16'}, 'block': {'height': 11266739}}, {'smartContract': {'address': {'address': '0x6802377968857656fe8ae47fbece76aae588eef7'}}, 'caller': {'address': '0x43229759e12efbe3e2a0fb0510b15e516d046442'}, 'date': {'date': '2020-11-16'}, 'block': {'height': 11266710}}, {'smartContract': {'address': {'address': '0x5a709dfa094273795b787caafc6855a120b2bebd'}}, 'caller': {'address': '0x43229759e12efbe3e2a0fb0510b15e516d046442'}, 'date': {'date': '2020-11-07'}, 'block': {'height': 11208821}}, {'smartContract': {'address': {'address': '0x1e074d6da2987f0cb5a44f2ab1c5bfeddd81f23f'}}, 'caller': {'address': '0x43229759e12efbe3e2a0fb0510b15e516d046442'}, 'date': {'date': '2020-11-07'}, 'block': {'height': 11208298}}, {'smartContract': {'address': {'address': '0xf8873a6080e8dbf41ada900498de0951074af577'}}, 'caller': {'address': '0x43229759e12efbe3e2a0fb0510b15e516d046442'}, 'date': {'date': '2020-10-31'}, 'block': {'height': 11164673}}, {'smartContract': {'address': {'address': '0x4bf5059065541a2b176500928e91fbfd0b121d07'}}, 'caller': {'address': '0x43229759e12efbe3e2a0fb0510b15e516d046442'}, 'date': {'date': '2020-10-31'}, 'block': {'height': 11164498}}, {'smartContract': {'address': {'address': '0x1f11055eb66f2bba647fb1adc64b0dd4e0018de7'}}, 'caller': {'address': '0x43229759e12efbe3e2a0fb0510b15e516d046442'}, 'date': {'date': '2020-10-31'}, 'block': {'height': 11162701}}, {'smartContract': {'address': {'address': '0x0c0291f4c12f04da8b4139996c720a89d28ca069'}}, 'caller': {'address': '0x43229759e12efbe3e2a0fb0510b15e516d046442'}, 'date': {'date': '2020-10-30'}, 'block': {'height': 11156920}}, {'smartContract': {'address': {'address': '0xc26164a7caacb92879cbd188ec3d71e26709249d'}}, 'caller': {'address': '0x43229759e12efbe3e2a0fb0510b15e516d046442'}, 'date': {'date': '2020-10-30'}, 'block': {'height': 11156785}}, {'smartContract': {'address': {'address': '0xa283aa7cfbb27ef0cfbcb2493dd9f4330e0fd304'}}, 'caller': {'address': '0x43229759e12efbe3e2a0fb0510b15e516d046442'}, 'date': {'date': '2020-10-30'}, 'block': {'height': 11156630}}, {'smartContract': {'address': {'address': '0x5dae9b27313670663b34ac8bffd18825bb9df736'}}, 'caller': {'address': '0x43229759e12efbe3e2a0fb0510b15e516d046442'}, 'date': {'date': '2020-10-30'}, 'block': {'height': 11155773}}]",2020-10-30
347,347,0xbf15797BB5E47F6fB094A4abDB2cfC43F77179Ef,KlonX,,0x4bFc3b8C82909Ad224D1E2C0305Fa5bFAB1E7f1C,19160.55766,"[{'smartContract': {'address': {'address': '0xf2663d75dc6fe7fb27f1b4904a1998db73737ede'}}, 'caller': {'address': '0x4bfc3b8c82909ad224d1e2c0305fa5bfab1e7f1c'}, 'date': {'date': '2021-04-06'}, 'block': {'height': 12189172}}, {'smartContract': {'address': {'address': '0x672c973155c46fc264c077a41218ddc397bb7532'}}, 'caller': {'address': '0x5c69bee701ef814a2b6a3edd4b1652cb9cc5aa6f'}, 'date': {'date': '2021-04-06'}, 'block': {'height': 12189129}}, {'smartContract': {'address': {'address': '0xe301f632e573a3f8bd06fe623e4440560ab08692'}}, 'caller': {'address': '0x4bfc3b8c82909ad224d1e2c0305fa5bfab1e7f1c'}, 'date': {'date': '2021-04-06'}, 'block': {'height': 12188749}}, {'smartContract': {'address': {'address': '0x64a903faf5d7e87b0307f1ec2027efb9bab8925a'}}, 'caller': {'address': '0x4bfc3b8c82909ad224d1e2c0305fa5bfab1e7f1c'}, 'date': {'date': '2021-04-06'}, 'block': {'height': 12188696}}, {'smartContract': {'address': {'address': '0x43244c686a014c49d3d5b8c4b20b4e3fab0cbda7'}}, 'caller': {'address': '0x4bfc3b8c82909ad224d1e2c0305fa5bfab1e7f1c'}, 'date': {'date': '2021-04-06'}, 'block': {'height': 12188679}}, {'smartContract': {'address': {'address': '0xdace42fda4774bc4046a838894ae0d7439b356ca'}}, 'caller': {'address': '0x4bfc3b8c82909ad224d1e2c0305fa5bfab1e7f1c'}, 'date': {'date': '2021-04-06'}, 'block': {'height': 12188645}}, {'smartContract': {'address': {'address': '0x58285b88951de1c9a5255ddfde28a68b30ee7559'}}, 'caller': {'address': '0x4bfc3b8c82909ad224d1e2c0305fa5bfab1e7f1c'}, 'date': {'date': '2021-04-06'}, 'block': {'height': 12188585}}, {'smartContract': {'address': {'address': '0xbfa81550af767e781c577e07e8a7f2ba4a53c8b4'}}, 'caller': {'address': '0x4bfc3b8c82909ad224d1e2c0305fa5bfab1e7f1c'}, 'date': {'date': '2021-04-06'}, 'block': {'height': 12188566}}, {'smartContract': {'address': {'address': '0xdd0a6cf6f336d38497d03d3c9634b75b61548963'}}, 'caller': {'address': '0x4bfc3b8c82909ad224d1e2c0305fa5bfab1e7f1c'}, 'date': {'date': '2021-03-22'}, 'block': {'height': 12088357}}, {'smartContract': {'address': {'address': '0xd5b0ae8003b24ecf232d434a5f098ea821cf8ae3'}}, 'caller': {'address': '0x4bfc3b8c82909ad224d1e2c0305fa5bfab1e7f1c'}, 'date': {'date': '2021-03-22'}, 'block': {'height': 12088277}}, {'smartContract': {'address': {'address': '0xacbdb82f07b2653137d3a08a22637121422ae747'}}, 'caller': {'address': '0x4bfc3b8c82909ad224d1e2c0305fa5bfab1e7f1c'}, 'date': {'date': '2021-03-22'}, 'block': {'height': 12088274}}, {'smartContract': {'address': {'address': '0x2b01d3e34259d40cf2ff3b34a28d7c80d6319cb0'}}, 'caller': {'address': '0x4bfc3b8c82909ad224d1e2c0305fa5bfab1e7f1c'}, 'date': {'date': '2021-03-22'}, 'block': {'height': 12088271}}, {'smartContract': {'address': {'address': '0x185bdc02aafbecdc8dc574e8319228b586764415'}}, 'caller': {'address': '0x4bfc3b8c82909ad224d1e2c0305fa5bfab1e7f1c'}, 'date': {'date': '2021-03-22'}, 'block': {'height': 12088266}}, {'smartContract': {'address': {'address': '0xabd6341fc597031ba698c481abedba3c9a1ab587'}}, 'caller': {'address': '0x4bfc3b8c82909ad224d1e2c0305fa5bfab1e7f1c'}, 'date': {'date': '2021-03-22'}, 'block': {'height': 12088265}}, {'smartContract': {'address': {'address': '0xcc1269909de6a0f470b8796497fe071ee2fbc040'}}, 'caller': {'address': '0x4bfc3b8c82909ad224d1e2c0305fa5bfab1e7f1c'}, 'date': {'date': '2021-03-22'}, 'block': {'height': 12088264}}, {'smartContract': {'address': {'address': '0xbd75121570b0fa650ee706d53a16b8bd996b103f'}}, 'caller': {'address': '0x4bfc3b8c82909ad224d1e2c0305fa5bfab1e7f1c'}, 'date': {'date': '2021-03-22'}, 'block': {'height': 12088262}}, {'smartContract': {'address': {'address': '0xa8081b99550fa2e6baba05b806553cb894d51fd8'}}, 'caller': {'address': '0x4bfc3b8c82909ad224d1e2c0305fa5bfab1e7f1c'}, 'date': {'date': '2021-03-22'}, 'block': {'height': 12088261}}, {'smartContract': {'address': {'address': '0x69cda6eda9986f7fca8a5dba06c819b535f4fc50'}}, 'caller': {'address': '0x5c69bee701ef814a2b6a3edd4b1652cb9cc5aa6f'}, 'date': {'date': '2021-03-22'}, 'block': {'height': 12088255}}, {'smartContract': {'address': {'address': '0x3d3f79aa694fa0bc2a727245f5142ef8b877095f'}}, 'caller': {'address': '0x4bfc3b8c82909ad224d1e2c0305fa5bfab1e7f1c'}, 'date': {'date': '2021-03-22'}, 'block': {'height': 12088057}}, {'smartContract': {'address': {'address': '0xbf15797bb5e47f6fb094a4abdb2cfc43f77179ef'}}, 'caller': {'address': '0x4bfc3b8c82909ad224d1e2c0305fa5bfab1e7f1c'}, 'date': {'date': '2021-03-22'}, 'block': {'height': 12088055}}, {'smartContract': {'address': {'address': '0x8638c4452d1f10d9ce81e52b6e1be313e0d37250'}}, 'caller': {'address': '0x4bfc3b8c82909ad224d1e2c0305fa5bfab1e7f1c'}, 'date': {'date': '2021-02-05'}, 'block': {'height': 11799226}}, {'smartContract': {'address': {'address': '0x153705a21d09f0ea42d4cad072c63d76a8202549'}}, 'caller': {'address': '0x4bfc3b8c82909ad224d1e2c0305fa5bfab1e7f1c'}, 'date': {'date': '2021-02-05'}, 'block': {'height': 11797854}}, {'smartContract': {'address': {'address': '0xd4997a502dc06314afa17e03542f96198f7d36e5'}}, 'caller': {'address': '0x4bfc3b8c82909ad224d1e2c0305fa5bfab1e7f1c'}, 'date': {'date': '2021-01-28'}, 'block': {'height': 11742896}}, {'smartContract': {'address': {'address': '0x2c5ba02bb750a24af83105bed28734e0e22933df'}}, 'caller': {'address': '0x4bfc3b8c82909ad224d1e2c0305fa5bfab1e7f1c'}, 'date': {'date': '2021-01-26'}, 'block': {'height': 11733841}}, {'smartContract': {'address': {'address': '0x901f9da0bc4b6327a18322717d0f29a34dffecc0'}}, 'caller': {'address': '0x4bfc3b8c82909ad224d1e2c0305fa5bfab1e7f1c'}, 'date': {'date': '2021-01-26'}, 'block': {'height': 11733819}}, {'smartContract': {'address': {'address': '0xf271ced01fd7665ac48447fd8000596fee71b903'}}, 'caller': {'address': '0x4bfc3b8c82909ad224d1e2c0305fa5bfab1e7f1c'}, 'date': {'date': '2021-01-26'}, 'block': {'height': 11733796}}, {'smartContract': {'address': {'address': '0x084aa943c74f6d17d9a4ef5b1b2bbd37e5fc62ad'}}, 'caller': {'address': '0x4bfc3b8c82909ad224d1e2c0305fa5bfab1e7f1c'}, 'date': {'date': '2021-01-26'}, 'block': {'height': 11733746}}, {'smartContract': {'address': {'address': '0xc3503f004aa2cd689803a0d4e6ed07e8949525fd'}}, 'caller': {'address': '0x4bfc3b8c82909ad224d1e2c0305fa5bfab1e7f1c'}, 'date': {'date': '2021-01-26'}, 'block': {'height': 11733736}}, {'smartContract': {'address': {'address': '0xde8fba1447f7c29f31bd4aa0b9b1b51eb6348148'}}, 'caller': {'address': '0x4bfc3b8c82909ad224d1e2c0305fa5bfab1e7f1c'}, 'date': {'date': '2021-01-26'}, 'block': {'height': 11733734}}, {'smartContract': {'address': {'address': '0xa705c6cd257320cbaefdb781fb78a50868785de3'}}, 'caller': {'address': '0x4bfc3b8c82909ad224d1e2c0305fa5bfab1e7f1c'}, 'date': {'date': '2021-01-26'}, 'block': {'height': 11733732}}, {'smartContract': {'address': {'address': '0xb331b698dc99e897cfe43c398b37d5de9c46bbe4'}}, 'caller': {'address': '0x4bfc3b8c82909ad224d1e2c0305fa5bfab1e7f1c'}, 'date': {'date': '2021-01-26'}, 'block': {'height': 11733729}}, {'smartContract': {'address': {'address': '0x4110d9a6b9ab2e388d572237284e74768342e0da'}}, 'caller': {'address': '0x4bfc3b8c82909ad224d1e2c0305fa5bfab1e7f1c'}, 'date': {'date': '2021-01-26'}, 'block': {'height': 11733727}}, {'smartContract': {'address': {'address': '0x3249a682779fe2c3dd3b37d3a7347aafe06d49da'}}, 'caller': {'address': '0x4bfc3b8c82909ad224d1e2c0305fa5bfab1e7f1c'}, 'date': {'date': '2021-01-26'}, 'block': {'height': 11733713}}, {'smartContract': {'address': {'address': '0x117b810363800a8639db9ae0f196f14d051a3be5'}}, 'caller': {'address': '0x4bfc3b8c82909ad224d1e2c0305fa5bfab1e7f1c'}, 'date': {'date': '2021-01-26'}, 'block': {'height': 11733708}}, {'smartContract': {'address': {'address': '0x3be908c22d21ab32c5a04cfca3a9a70d4fefc098'}}, 'caller': {'address': '0x4bfc3b8c82909ad224d1e2c0305fa5bfab1e7f1c'}, 'date': {'date': '2021-01-26'}, 'block': {'height': 11733705}}, {'smartContract': {'address': {'address': '0xdcf4bb4c749a805cfa03f51041ff6bb031bbcedf'}}, 'caller': {'address': '0x4bfc3b8c82909ad224d1e2c0305fa5bfab1e7f1c'}, 'date': {'date': '2021-01-26'}, 'block': {'height': 11733703}}, {'smartContract': {'address': {'address': '0x869345629f8393780ac8421df411ccea38a5c851'}}, 'caller': {'address': '0x4bfc3b8c82909ad224d1e2c0305fa5bfab1e7f1c'}, 'date': {'date': '2021-01-26'}, 'block': {'height': 11733700}}, {'smartContract': {'address': {'address': '0x734e48a1ffea1cdf4f5172210c322f3990d6d760'}}, 'caller': {'address': '0x5c69bee701ef814a2b6a3edd4b1652cb9cc5aa6f'}, 'date': {'date': '2021-01-26'}, 'block': {'height': 11733686}}, {'smartContract': {'address': {'address': '0x1f3d61248ec81542889535595903078109707941'}}, 'caller': {'address': '0x5c69bee701ef814a2b6a3edd4b1652cb9cc5aa6f'}, 'date': {'date': '2021-01-26'}, 'block': {'height': 11733661}}, {'smartContract': {'address': {'address': '0xb97d5cf2864fb0d08b34a484ff48d5492b2324a0'}}, 'caller': {'address': '0x4bfc3b8c82909ad224d1e2c0305fa5bfab1e7f1c'}, 'date': {'date': '2021-01-26'}, 'block': {'height': 11733599}}, {'smartContract': {'address': {'address': '0xa8c2af8c403704a31f32f0aa70a43e63afcd54d0'}}, 'caller': {'address': '0x4bfc3b8c82909ad224d1e2c0305fa5bfab1e7f1c'}, 'date': {'date': '2021-01-26'}, 'block': {'height': 11733598}}, {'smartContract': {'address': {'address': '0xe6c3502997f97f9bde34cb165fbce191065e068f'}}, 'caller': {'address': '0x4bfc3b8c82909ad224d1e2c0305fa5bfab1e7f1c'}, 'date': {'date': '2021-01-26'}, 'block': {'height': 11733544}}]",2021-03-22
348,348,0x332E824e46FcEeB9E59ba9491B80d3e6d42B0B59,CheeseFry,,0xDA61a05759c72BbeD3A94C890B693870031a5447,18702.67967,"[{'smartContract': {'address': {'address': '0x1ca8b9a61fdbe55bc038a90297278c080ad1b9fd'}}, 'caller': {'address': '0xc0aee478e3658e2610c5f7a4a2e1777ce9e4f2ac'}, 'date': {'date': '2021-10-01'}, 'block': {'height': 13333671}}, {'smartContract': {'address': {'address': '0xfc3cca33112b1861c165badc997c970a0a447d5a'}}, 'caller': {'address': '0x9424b1412450d0f8fc2255faf6046b98213b76bd'}, 'date': {'date': '2021-09-25'}, 'block': {'height': 13294251}}, {'smartContract': {'address': {'address': '0x368c8ab95a668b18af9ad302e14da43693a1a902'}}, 'caller': {'address': '0xed52d8e202401645edad1c0aa21e872498ce47d0'}, 'date': {'date': '2021-09-25'}, 'block': {'height': 13294251}}, {'smartContract': {'address': {'address': '0xf4e19c65ee7f86b8f9d1cfe9078364f7185e00f0'}}, 'caller': {'address': '0xa26e15c895efc0616177b7c1e7270a4c7d51c997'}, 'date': {'date': '2021-09-25'}, 'block': {'height': 13294130}}, {'smartContract': {'address': {'address': '0x782bc9b1f11cdba13acb030cdab04f04fb667846'}}, 'caller': {'address': '0xda61a05759c72bbed3a94c890b693870031a5447'}, 'date': {'date': '2021-08-02'}, 'block': {'height': 12945074}}, {'smartContract': {'address': {'address': '0x968fcb5dd5dd63215854d4cf6d3f3462a7bb41c5'}}, 'caller': {'address': '0xda61a05759c72bbed3a94c890b693870031a5447'}, 'date': {'date': '2021-08-02'}, 'block': {'height': 12945066}}, {'smartContract': {'address': {'address': '0x87e51ebf96eeb023ecc28536ad0dbca83dee0203'}}, 'caller': {'address': '0xda61a05759c72bbed3a94c890b693870031a5447'}, 'date': {'date': '2021-08-02'}, 'block': {'height': 12945060}}, {'smartContract': {'address': {'address': '0x997a3b24f7c1d75986e391235b2a5a9e77b28a68'}}, 'caller': {'address': '0xda61a05759c72bbed3a94c890b693870031a5447'}, 'date': {'date': '2021-08-02'}, 'block': {'height': 12945046}}, {'smartContract': {'address': {'address': '0x84c6c1586c1594826985576e61f68442cf4c3cd2'}}, 'caller': {'address': '0xda61a05759c72bbed3a94c890b693870031a5447'}, 'date': {'date': '2021-08-02'}, 'block': {'height': 12945040}}, {'smartContract': {'address': {'address': '0xd334739b8c94a4b8ae9ea468aea97c8260187d58'}}, 'caller': {'address': '0xda61a05759c72bbed3a94c890b693870031a5447'}, 'date': {'date': '2021-08-02'}, 'block': {'height': 12945035}}, {'smartContract': {'address': {'address': '0x7e271eb034dfc47b041adf74b24fb88e687aba9c'}}, 'caller': {'address': '0xda61a05759c72bbed3a94c890b693870031a5447'}, 'date': {'date': '2021-08-02'}, 'block': {'height': 12945020}}, {'smartContract': {'address': {'address': '0x87f6faa87358b628498e8dcd4e30b0378feafd07'}}, 'caller': {'address': '0xda61a05759c72bbed3a94c890b693870031a5447'}, 'date': {'date': '2021-08-02'}, 'block': {'height': 12945014}}, {'smartContract': {'address': {'address': '0xd1ffa2cbae34ff85cefecdab0b33e7b1dc19024b'}}, 'caller': {'address': '0xda61a05759c72bbed3a94c890b693870031a5447'}, 'date': {'date': '2021-08-02'}, 'block': {'height': 12945005}}, {'smartContract': {'address': {'address': '0x0824a617a6cb87c79e50a14b51c7932a56827763'}}, 'caller': {'address': '0xda61a05759c72bbed3a94c890b693870031a5447'}, 'date': {'date': '2021-08-02'}, 'block': {'height': 12944959}}, {'smartContract': {'address': {'address': '0x78001c780563291ed1224c997b6785e28886f642'}}, 'caller': {'address': '0xda61a05759c72bbed3a94c890b693870031a5447'}, 'date': {'date': '2021-08-02'}, 'block': {'height': 12944955}}, {'smartContract': {'address': {'address': '0x51749319266a3eedd77cd17d994860a11fb26591'}}, 'caller': {'address': '0xda61a05759c72bbed3a94c890b693870031a5447'}, 'date': {'date': '2021-08-02'}, 'block': {'height': 12944954}}, {'smartContract': {'address': {'address': '0x42ef9077d8e79689799673ae588e046f8832cb95'}}, 'caller': {'address': '0xda61a05759c72bbed3a94c890b693870031a5447'}, 'date': {'date': '2021-08-02'}, 'block': {'height': 12944935}}, {'smartContract': {'address': {'address': '0x85cfd17e40a6d369620515c6b580322dc60b0a98'}}, 'caller': {'address': '0xda61a05759c72bbed3a94c890b693870031a5447'}, 'date': {'date': '2021-08-02'}, 'block': {'height': 12944903}}, {'smartContract': {'address': {'address': '0xc9e86c84c343e2aa0eb8259152f87291dbf8186f'}}, 'caller': {'address': '0xda61a05759c72bbed3a94c890b693870031a5447'}, 'date': {'date': '2021-08-02'}, 'block': {'height': 12944892}}, {'smartContract': {'address': {'address': '0x38608d1186031d0a71e500314da65fc109e7f0a1'}}, 'caller': {'address': '0xda61a05759c72bbed3a94c890b693870031a5447'}, 'date': {'date': '2021-08-02'}, 'block': {'height': 12944863}}, {'smartContract': {'address': {'address': '0x332e824e46fceeb9e59ba9491b80d3e6d42b0b59'}}, 'caller': {'address': '0xda61a05759c72bbed3a94c890b693870031a5447'}, 'date': {'date': '2021-08-02'}, 'block': {'height': 12944836}}]",2021-08-02
349,349,0xF56b164efd3CFc02BA739b719B6526A6FA1cA32a,Curio Governance Token,https://github.com/CurioTeam,0x9a417f2e1c588c1FEfc97606efad71265dAbf600,18120.33761,"[{'smartContract': {'address': {'address': '0xf56b164efd3cfc02ba739b719b6526a6fa1ca32a'}}, 'caller': {'address': '0x9a417f2e1c588c1fefc97606efad71265dabf600'}, 'date': {'date': '2020-12-24'}, 'block': {'height': 11519354}}]",2020-12-25
350,350,0xe0955F26515d22E347B17669993FCeFcc73c3a0a,Stacker Ventures Token (STACK),,0x909d05F384D0663eD4BE59863815aB43b4f347Ec,16498.07675,[],2021-02-17
351,351,0x403d512AB96103562DCaFe4635545E8Ee2753f6e,WILD,,0xd7b3b50977a5947774bFC46B760c0871e4018e97,15989.21618,"[{'smartContract': {'address': {'address': '0x9baeaf77f404db8c08e47a153196f0c4b05acff3'}}, 'caller': {'address': '0xd7b3b50977a5947774bfc46b760c0871e4018e97'}, 'date': {'date': '2022-04-06'}, 'block': {'height': 14531446}}, {'smartContract': {'address': {'address': '0xbb6e5e47d95d05474a153ec767c8e5d0a13a3d62'}}, 'caller': {'address': '0xd7b3b50977a5947774bfc46b760c0871e4018e97'}, 'date': {'date': '2022-03-19'}, 'block': {'height': 14416664}}, {'smartContract': {'address': {'address': '0x82a55d65307fa6e095b1d3dbe67ef0dc6e69e2fc'}}, 'caller': {'address': '0xd7b3b50977a5947774bfc46b760c0871e4018e97'}, 'date': {'date': '2022-03-18'}, 'block': {'height': 14412638}}, {'smartContract': {'address': {'address': '0xb236f0827a0114b504940659c2befa512295b7bf'}}, 'caller': {'address': '0x5af0bd52893cec8013b1c074b3c14872f6acba44'}, 'date': {'date': '2022-03-18'}, 'block': {'height': 14410898}}, {'smartContract': {'address': {'address': '0x5e2d04c1beef9c6a8486be51da2e6e07ce02e2fa'}}, 'caller': {'address': '0x5af0bd52893cec8013b1c074b3c14872f6acba44'}, 'date': {'date': '2022-03-18'}, 'block': {'height': 14410898}}, {'smartContract': {'address': {'address': '0x5af0bd52893cec8013b1c074b3c14872f6acba44'}}, 'caller': {'address': '0x0fc7e80090bbc1740595b1fccd33e0e82547212f'}, 'date': {'date': '2022-03-18'}, 'block': {'height': 14410898}}, {'smartContract': {'address': {'address': '0x38495b79a3939549dd130ba4d9f0fc38b6c4af75'}}, 'caller': {'address': '0xa6b71e26c5e0845f74c812102ca7114b6a896ab2'}, 'date': {'date': '2022-03-15'}, 'block': {'height': 14390558}}, {'smartContract': {'address': {'address': '0xa048613114c500ab499e2f1d125d502a3c8135ce'}}, 'caller': {'address': '0xa6b71e26c5e0845f74c812102ca7114b6a896ab2'}, 'date': {'date': '2022-03-08'}, 'block': {'height': 14345739}}, {'smartContract': {'address': {'address': '0xd6231f50b53250b10fdd7cae7a3e54002cc66d78'}}, 'caller': {'address': '0xd7b3b50977a5947774bfc46b760c0871e4018e97'}, 'date': {'date': '2022-03-08'}, 'block': {'height': 14345686}}, {'smartContract': {'address': {'address': '0x02d5475592b77cf6d6773044e1a52d773023d70a'}}, 'caller': {'address': '0xe9f1e25f5d1497197c010d2d83b64ada47eb81ce'}, 'date': {'date': '2022-03-02'}, 'block': {'height': 14310037}}, {'smartContract': {'address': {'address': '0x092d4aa990b61a11e86613963cff6b3409d164f2'}}, 'caller': {'address': '0xe9f1e25f5d1497197c010d2d83b64ada47eb81ce'}, 'date': {'date': '2022-03-02'}, 'block': {'height': 14310037}}, {'smartContract': {'address': {'address': '0xe9f1e25f5d1497197c010d2d83b64ada47eb81ce'}}, 'caller': {'address': '0x0fc7e80090bbc1740595b1fccd33e0e82547212f'}, 'date': {'date': '2022-03-02'}, 'block': {'height': 14310037}}, {'smartContract': {'address': {'address': '0x3c8f118f21e8d49a633d970a6eedc4e09409b2b5'}}, 'caller': {'address': '0xd7b3b50977a5947774bfc46b760c0871e4018e97'}, 'date': {'date': '2022-02-22'}, 'block': {'height': 14256122}}, {'smartContract': {'address': {'address': '0x5ccafe74b0271ac80573044d1450e2b836f839fd'}}, 'caller': {'address': '0xd7b3b50977a5947774bfc46b760c0871e4018e97'}, 'date': {'date': '2022-02-22'}, 'block': {'height': 14256110}}, {'smartContract': {'address': {'address': '0xd84bd9d3864402c0b1d6ccc7a77292e63839e9a2'}}, 'caller': {'address': '0x27182842e098f60e3d576794a5bffb0777e025d3'}, 'date': {'date': '2022-02-19'}, 'block': {'height': 14236634}}, {'smartContract': {'address': {'address': '0x22974e97402b4fb3ca021fd4474ea635bd9ec878'}}, 'caller': {'address': '0x27182842e098f60e3d576794a5bffb0777e025d3'}, 'date': {'date': '2022-02-19'}, 'block': {'height': 14236634}}, {'smartContract': {'address': {'address': '0x8ddae4f348bfc48158ad5c244011b836649128e8'}}, 'caller': {'address': '0xd7b3b50977a5947774bfc46b760c0871e4018e97'}, 'date': {'date': '2022-02-18'}, 'block': {'height': 14229800}}, {'smartContract': {'address': {'address': '0x879f2ad840e3f920b16982e55455d0905ddf164e'}}, 'caller': {'address': '0xd7b3b50977a5947774bfc46b760c0871e4018e97'}, 'date': {'date': '2022-02-18'}, 'block': {'height': 14229664}}, {'smartContract': {'address': {'address': '0x7f64d9c7750c79e4087be9a5fad018d8abc2e16f'}}, 'caller': {'address': '0x4dcfd113cac27ea1287e2df47b5f0196e72a0c23'}, 'date': {'date': '2022-02-15'}, 'block': {'height': 14209485}}, {'smartContract': {'address': {'address': '0x4dcfd113cac27ea1287e2df47b5f0196e72a0c23'}}, 'caller': {'address': '0x0fc7e80090bbc1740595b1fccd33e0e82547212f'}, 'date': {'date': '2022-02-15'}, 'block': {'height': 14209485}}, {'smartContract': {'address': {'address': '0xf6192f99cc3f6d26f2cea05e86ccceddcef055a9'}}, 'caller': {'address': '0x4dcfd113cac27ea1287e2df47b5f0196e72a0c23'}, 'date': {'date': '2022-02-15'}, 'block': {'height': 14209485}}, {'smartContract': {'address': {'address': '0x134e553eac5ee8a61521cdd8ac641e688ff13f7d'}}, 'caller': {'address': '0xd7b3b50977a5947774bfc46b760c0871e4018e97'}, 'date': {'date': '2022-02-08'}, 'block': {'height': 14166601}}, {'smartContract': {'address': {'address': '0x1d74408fc603b9b130535d7cf2009b6809e042ff'}}, 'caller': {'address': '0xd7b3b50977a5947774bfc46b760c0871e4018e97'}, 'date': {'date': '2022-02-08'}, 'block': {'height': 14166490}}, {'smartContract': {'address': {'address': '0xc4347dbda0078d18073584602cf0c1572541bb15'}}, 'caller': {'address': '0xd7b3b50977a5947774bfc46b760c0871e4018e97'}, 'date': {'date': '2022-02-06'}, 'block': {'height': 14152003}}, {'smartContract': {'address': {'address': '0x1ae3c2651ae6fe7463b0c1b73a2b5855d34cafa2'}}, 'caller': {'address': '0xd7b3b50977a5947774bfc46b760c0871e4018e97'}, 'date': {'date': '2022-02-06'}, 'block': {'height': 14151995}}, {'smartContract': {'address': {'address': '0xffd5d4b5a6df94f6b8d481f5f402a810713dd44e'}}, 'caller': {'address': '0xd7b3b50977a5947774bfc46b760c0871e4018e97'}, 'date': {'date': '2022-02-04'}, 'block': {'height': 14140439}}, {'smartContract': {'address': {'address': '0x27e7805e86c701419d22ba2d4a79a1f1ddcec433'}}, 'caller': {'address': '0xe91ffc2835a981507b25009479df974547cdfa69'}, 'date': {'date': '2022-02-02'}, 'block': {'height': 14124829}}, {'smartContract': {'address': {'address': '0xe91ffc2835a981507b25009479df974547cdfa69'}}, 'caller': {'address': '0x0fc7e80090bbc1740595b1fccd33e0e82547212f'}, 'date': {'date': '2022-02-02'}, 'block': {'height': 14124829}}, {'smartContract': {'address': {'address': '0x3a2f118e2bf63b305217b2c61d18f0078d896834'}}, 'caller': {'address': '0xe91ffc2835a981507b25009479df974547cdfa69'}, 'date': {'date': '2022-02-02'}, 'block': {'height': 14124829}}, {'smartContract': {'address': {'address': '0x0055203c83f28c17629369ac1c5399a10f25451d'}}, 'caller': {'address': '0x0fc7e80090bbc1740595b1fccd33e0e82547212f'}, 'date': {'date': '2022-02-02'}, 'block': {'height': 14124828}}, {'smartContract': {'address': {'address': '0x2c70b14d5171597d6235748e4bcf794342431628'}}, 'caller': {'address': '0x0055203c83f28c17629369ac1c5399a10f25451d'}, 'date': {'date': '2022-02-02'}, 'block': {'height': 14124828}}, {'smartContract': {'address': {'address': '0x9f65f516ef2ec67c925c996033860cce18ff327c'}}, 'caller': {'address': '0x02f0cf0fcda7edecd3657f0a939887a07afdb5fd'}, 'date': {'date': '2022-02-02'}, 'block': {'height': 14124828}}, {'smartContract': {'address': {'address': '0x433dbdb1ab24cf54af57c4f563fdb5201f691b62'}}, 'caller': {'address': '0x02f0cf0fcda7edecd3657f0a939887a07afdb5fd'}, 'date': {'date': '2022-02-02'}, 'block': {'height': 14124828}}, {'smartContract': {'address': {'address': '0x02f0cf0fcda7edecd3657f0a939887a07afdb5fd'}}, 'caller': {'address': '0x0fc7e80090bbc1740595b1fccd33e0e82547212f'}, 'date': {'date': '2022-02-02'}, 'block': {'height': 14124828}}, {'smartContract': {'address': {'address': '0x80fd8c3e23ca3ff1bd25f3d7874b1d90359d18ec'}}, 'caller': {'address': '0x0055203c83f28c17629369ac1c5399a10f25451d'}, 'date': {'date': '2022-02-02'}, 'block': {'height': 14124828}}, {'smartContract': {'address': {'address': '0x554bc8c316547803294e68a859597487b50a830d'}}, 'caller': {'address': '0xdaf6b8e70d8c05f440cc7364fe81fb55bd7d07a9'}, 'date': {'date': '2022-02-02'}, 'block': {'height': 14124827}}, {'smartContract': {'address': {'address': '0x71ad214ac180f7f86bd0bb04ed568cb2335c180a'}}, 'caller': {'address': '0xdaf6b8e70d8c05f440cc7364fe81fb55bd7d07a9'}, 'date': {'date': '2022-02-02'}, 'block': {'height': 14124827}}, {'smartContract': {'address': {'address': '0xdaf6b8e70d8c05f440cc7364fe81fb55bd7d07a9'}}, 'caller': {'address': '0x0fc7e80090bbc1740595b1fccd33e0e82547212f'}, 'date': {'date': '2022-02-02'}, 'block': {'height': 14124827}}, {'smartContract': {'address': {'address': '0xe5b0974a457698b171e5541378dbec55e0e2ee62'}}, 'caller': {'address': '0xd7b3b50977a5947774bfc46b760c0871e4018e97'}, 'date': {'date': '2022-01-22'}, 'block': {'height': 14055729}}, {'smartContract': {'address': {'address': '0xe5862651a033cddcb8f3b4af9c063db2baec39d0'}}, 'caller': {'address': '0xd7b3b50977a5947774bfc46b760c0871e4018e97'}, 'date': {'date': '2022-01-22'}, 'block': {'height': 14054518}}, {'smartContract': {'address': {'address': '0xbdb40c7055ea7b61633bd5193304b212110d405d'}}, 'caller': {'address': '0x5c69bee701ef814a2b6a3edd4b1652cb9cc5aa6f'}, 'date': {'date': '2022-01-19'}, 'block': {'height': 14036930}}, {'smartContract': {'address': {'address': '0x73e8f498d88c0d28853b1bfe6dd908d445e93d92'}}, 'caller': {'address': '0xcc66e4ab0aa5b6ddb6317be554f0c33617e18511'}, 'date': {'date': '2022-01-18'}, 'block': {'height': 14030469}}, {'smartContract': {'address': {'address': '0xcc66e4ab0aa5b6ddb6317be554f0c33617e18511'}}, 'caller': {'address': '0x0fc7e80090bbc1740595b1fccd33e0e82547212f'}, 'date': {'date': '2022-01-18'}, 'block': {'height': 14030469}}, {'smartContract': {'address': {'address': '0x113ff88824f5ee5ba7f06995d1d9d709a3b9959e'}}, 'caller': {'address': '0xcc66e4ab0aa5b6ddb6317be554f0c33617e18511'}, 'date': {'date': '2022-01-18'}, 'block': {'height': 14030469}}, {'smartContract': {'address': {'address': '0xb148e5d5418e7c13280ae8f9fd2e3d6a4beae2d6'}}, 'caller': {'address': '0x3b0af7140e5f51a6e0beaf65d0001b1785741b0d'}, 'date': {'date': '2022-01-18'}, 'block': {'height': 14030257}}, {'smartContract': {'address': {'address': '0x9c0e6eb97846ee2d2a1cc76cc725c5f9e2e2277f'}}, 'caller': {'address': '0x3b0af7140e5f51a6e0beaf65d0001b1785741b0d'}, 'date': {'date': '2022-01-18'}, 'block': {'height': 14030257}}, {'smartContract': {'address': {'address': '0x3b0af7140e5f51a6e0beaf65d0001b1785741b0d'}}, 'caller': {'address': '0x0fc7e80090bbc1740595b1fccd33e0e82547212f'}, 'date': {'date': '2022-01-18'}, 'block': {'height': 14030257}}, {'smartContract': {'address': {'address': '0xe1f5d495e56bfc1779131112a94a9c52ae1aff22'}}, 'caller': {'address': '0x0fc7e80090bbc1740595b1fccd33e0e82547212f'}, 'date': {'date': '2022-01-18'}, 'block': {'height': 14030256}}, {'smartContract': {'address': {'address': '0x3fe9f5bdc1d243777285d1dd40bf52cb315aeb49'}}, 'caller': {'address': '0xe1f5d495e56bfc1779131112a94a9c52ae1aff22'}, 'date': {'date': '2022-01-18'}, 'block': {'height': 14030256}}, {'smartContract': {'address': {'address': '0xf987bf08e4207412d28b07be13c0cfbd609c33e7'}}, 'caller': {'address': '0xe1f5d495e56bfc1779131112a94a9c52ae1aff22'}, 'date': {'date': '2022-01-18'}, 'block': {'height': 14030256}}, {'smartContract': {'address': {'address': '0xf1fd5ae496f6ef1874fd8661b52d762b00686012'}}, 'caller': {'address': '0x0fc7e80090bbc1740595b1fccd33e0e82547212f'}, 'date': {'date': '2022-01-18'}, 'block': {'height': 14030255}}, {'smartContract': {'address': {'address': '0x374fd483c76dcdb2f720bed64651f595b8a5d277'}}, 'caller': {'address': '0xf1fd5ae496f6ef1874fd8661b52d762b00686012'}, 'date': {'date': '2022-01-18'}, 'block': {'height': 14030255}}, {'smartContract': {'address': {'address': '0x849cf7652e8372587af808e7ad95a67289491da5'}}, 'caller': {'address': '0xf1fd5ae496f6ef1874fd8661b52d762b00686012'}, 'date': {'date': '2022-01-18'}, 'block': {'height': 14030255}}, {'smartContract': {'address': {'address': '0x993726b3fef1fa124a8fa198d047c36827d2dd20'}}, 'caller': {'address': '0xd7b3b50977a5947774bfc46b760c0871e4018e97'}, 'date': {'date': '2022-01-18'}, 'block': {'height': 14030200}}, {'smartContract': {'address': {'address': '0xad40f763ebecdae5ca3d178f94537e913182b6eb'}}, 'caller': {'address': '0xd7b3b50977a5947774bfc46b760c0871e4018e97'}, 'date': {'date': '2022-01-18'}, 'block': {'height': 14030182}}, {'smartContract': {'address': {'address': '0x882a8ec2d1815adc059e56d753ccc9290ed20f57'}}, 'caller': {'address': '0x647f5aacf019f73cf507c91a5f567ff2595f4067'}, 'date': {'date': '2022-01-14'}, 'block': {'height': 14002354}}, {'smartContract': {'address': {'address': '0xd0e744e8a443b41471cd6f39e7dd80ee8d7f2dd4'}}, 'caller': {'address': '0x647f5aacf019f73cf507c91a5f567ff2595f4067'}, 'date': {'date': '2022-01-14'}, 'block': {'height': 14002354}}, {'smartContract': {'address': {'address': '0x647f5aacf019f73cf507c91a5f567ff2595f4067'}}, 'caller': {'address': '0x0fc7e80090bbc1740595b1fccd33e0e82547212f'}, 'date': {'date': '2022-01-14'}, 'block': {'height': 14002354}}, {'smartContract': {'address': {'address': '0xec738877f8a0deac03cd7c2176f1275ab18a7f9c'}}, 'caller': {'address': '0xd7b3b50977a5947774bfc46b760c0871e4018e97'}, 'date': {'date': '2022-01-14'}, 'block': {'height': 14002187}}, {'smartContract': {'address': {'address': '0x9d9b1b368a624c6f6b6ee9498d3dffafc45a19d8'}}, 'caller': {'address': '0x1f98431c8ad98523631ae4a59f267346ea31f984'}, 'date': {'date': '2022-01-14'}, 'block': {'height': 14002009}}, {'smartContract': {'address': {'address': '0x7e46f4ed8f26972f474a44f685959744652e5ba6'}}, 'caller': {'address': '0x1f98431c8ad98523631ae4a59f267346ea31f984'}, 'date': {'date': '2022-01-13'}, 'block': {'height': 13997270}}, {'smartContract': {'address': {'address': '0x845768b704269172e55b7858c5b7406f5e99ffa1'}}, 'caller': {'address': '0xd7b3b50977a5947774bfc46b760c0871e4018e97'}, 'date': {'date': '2022-01-12'}, 'block': {'height': 13989420}}, {'smartContract': {'address': {'address': '0x609443abf0f4f97366701529213dc219950d4080'}}, 'caller': {'address': '0xd7b3b50977a5947774bfc46b760c0871e4018e97'}, 'date': {'date': '2022-01-12'}, 'block': {'height': 13989365}}, {'smartContract': {'address': {'address': '0xc95718babe4c0c6f74fabed006866c1cfa2edd74'}}, 'caller': {'address': '0xd7b3b50977a5947774bfc46b760c0871e4018e97'}, 'date': {'date': '2022-01-10'}, 'block': {'height': 13976082}}, {'smartContract': {'address': {'address': '0xef543229be38c10f4d705e51b1f95d5077bcbe73'}}, 'caller': {'address': '0xd7b3b50977a5947774bfc46b760c0871e4018e97'}, 'date': {'date': '2021-12-26'}, 'block': {'height': 13879437}}, {'smartContract': {'address': {'address': '0xef5606010407c5835e7a9253448b256fa8d4d3de'}}, 'caller': {'address': '0xd7b3b50977a5947774bfc46b760c0871e4018e97'}, 'date': {'date': '2021-12-23'}, 'block': {'height': 13862750}}, {'smartContract': {'address': {'address': '0x04b9d0c1f041bb6820247bb23d1b817e12fb8d60'}}, 'caller': {'address': '0xd7b3b50977a5947774bfc46b760c0871e4018e97'}, 'date': {'date': '2021-12-22'}, 'block': {'height': 13852928}}, {'smartContract': {'address': {'address': '0x453006792accf4c12ce7ed0ff63870d6cb901469'}}, 'caller': {'address': '0x0fc7e80090bbc1740595b1fccd33e0e82547212f'}, 'date': {'date': '2021-12-21'}, 'block': {'height': 13847252}}, {'smartContract': {'address': {'address': '0x50bbe198270993795e234151b36e7a136bff7541'}}, 'caller': {'address': '0x453006792accf4c12ce7ed0ff63870d6cb901469'}, 'date': {'date': '2021-12-21'}, 'block': {'height': 13847252}}, {'smartContract': {'address': {'address': '0x99085956206e4ba6822a52e7db7984760d2a6456'}}, 'caller': {'address': '0x453006792accf4c12ce7ed0ff63870d6cb901469'}, 'date': {'date': '2021-12-21'}, 'block': {'height': 13847252}}, {'smartContract': {'address': {'address': '0x0fc7e80090bbc1740595b1fccd33e0e82547212f'}}, 'caller': {'address': '0xd7b3b50977a5947774bfc46b760c0871e4018e97'}, 'date': {'date': '2021-12-21'}, 'block': {'height': 13847198}}, {'smartContract': {'address': {'address': '0x0dca1a3f48407686da05f50ca6a59a16931aa81d'}}, 'caller': {'address': '0xd7b3b50977a5947774bfc46b760c0871e4018e97'}, 'date': {'date': '2021-12-21'}, 'block': {'height': 13847193}}, {'smartContract': {'address': {'address': '0xf5d3684b34a4105a055092c41b526a3efee089df'}}, 'caller': {'address': '0xd7b3b50977a5947774bfc46b760c0871e4018e97'}, 'date': {'date': '2021-12-21'}, 'block': {'height': 13847186}}, {'smartContract': {'address': {'address': '0x2ca9b2cd3b50a4b11bc2ac73bc617aa5be9a6ca1'}}, 'caller': {'address': '0xd7b3b50977a5947774bfc46b760c0871e4018e97'}, 'date': {'date': '2021-12-21'}, 'block': {'height': 13847179}}, {'smartContract': {'address': {'address': '0x1252ea2bb824557429e83e5bd89a29907ea18643'}}, 'caller': {'address': '0xd7b3b50977a5947774bfc46b760c0871e4018e97'}, 'date': {'date': '2021-12-21'}, 'block': {'height': 13847164}}, {'smartContract': {'address': {'address': '0xe0fada235382ff2e63c021f2974f6c51ab8ce368'}}, 'caller': {'address': '0xd7b3b50977a5947774bfc46b760c0871e4018e97'}, 'date': {'date': '2021-12-21'}, 'block': {'height': 13847151}}, {'smartContract': {'address': {'address': '0x17a4d75c4964704f3a27b7ae5b94c39770c23a30'}}, 'caller': {'address': '0xd7b3b50977a5947774bfc46b760c0871e4018e97'}, 'date': {'date': '2021-12-21'}, 'block': {'height': 13847111}}, {'smartContract': {'address': {'address': '0xae135a1b33c0d3682390762ea2be6c7419cf425a'}}, 'caller': {'address': '0xd7b3b50977a5947774bfc46b760c0871e4018e97'}, 'date': {'date': '2021-12-21'}, 'block': {'height': 13847106}}, {'smartContract': {'address': {'address': '0x65e2cf21e7d3a0c9aab02db2577a1e827c899436'}}, 'caller': {'address': '0xd7b3b50977a5947774bfc46b760c0871e4018e97'}, 'date': {'date': '2021-12-21'}, 'block': {'height': 13846893}}, {'smartContract': {'address': {'address': '0x1bf4e06a431fd86d943521754982a55aa9694bb0'}}, 'caller': {'address': '0x1f98431c8ad98523631ae4a59f267346ea31f984'}, 'date': {'date': '2021-12-20'}, 'block': {'height': 13841883}}, {'smartContract': {'address': {'address': '0xdfb3d03e060a374a83c71c6bef51f7d93329f422'}}, 'caller': {'address': '0xd7b3b50977a5947774bfc46b760c0871e4018e97'}, 'date': {'date': '2021-12-20'}, 'block': {'height': 13841828}}, {'smartContract': {'address': {'address': '0x41844a657a3c037820ed1c36a529ec179e88d089'}}, 'caller': {'address': '0xd7b3b50977a5947774bfc46b760c0871e4018e97'}, 'date': {'date': '2021-12-20'}, 'block': {'height': 13841811}}, {'smartContract': {'address': {'address': '0x403d512ab96103562dcafe4635545e8ee2753f6e'}}, 'caller': {'address': '0xd7b3b50977a5947774bfc46b760c0871e4018e97'}, 'date': {'date': '2021-12-20'}, 'block': {'height': 13841797}}, {'smartContract': {'address': {'address': '0x3e8eed7ea2ff2f7eab34eb3047b21fa2b173439d'}}, 'caller': {'address': '0xd7b3b50977a5947774bfc46b760c0871e4018e97'}, 'date': {'date': '2021-12-18'}, 'block': {'height': 13830607}}, {'smartContract': {'address': {'address': '0x9f05ae7bfaf5a4c9618d70d689e42c92e42f57ae'}}, 'caller': {'address': '0x1f98431c8ad98523631ae4a59f267346ea31f984'}, 'date': {'date': '2021-11-04'}, 'block': {'height': 13549453}}, {'smartContract': {'address': {'address': '0xeefbcf72ed88a675988882ddd6e4a0e9209f9815'}}, 'caller': {'address': '0xd7b3b50977a5947774bfc46b760c0871e4018e97'}, 'date': {'date': '2021-11-03'}, 'block': {'height': 13542832}}, {'smartContract': {'address': {'address': '0x6fd599e812f1bc8dc225535db5ca66fda957c7af'}}, 'caller': {'address': '0xd7b3b50977a5947774bfc46b760c0871e4018e97'}, 'date': {'date': '2021-11-03'}, 'block': {'height': 13542816}}, {'smartContract': {'address': {'address': '0x5c89a02076e22e4ee1c011d351304066e8aa94c6'}}, 'caller': {'address': '0xd7b3b50977a5947774bfc46b760c0871e4018e97'}, 'date': {'date': '2021-11-03'}, 'block': {'height': 13542476}}, {'smartContract': {'address': {'address': '0xdb8a9e26bf319d1bbd04a8e13b02652c0b14b400'}}, 'caller': {'address': '0xd7b3b50977a5947774bfc46b760c0871e4018e97'}, 'date': {'date': '2021-11-03'}, 'block': {'height': 13542312}}, {'smartContract': {'address': {'address': '0xd2e692b6b7bd845d45e14e6ddd14a6fecf647e26'}}, 'caller': {'address': '0xd7b3b50977a5947774bfc46b760c0871e4018e97'}, 'date': {'date': '2021-10-31'}, 'block': {'height': 13522840}}, {'smartContract': {'address': {'address': '0xd30c920bf76f45fca585b29a62804bd369bdaae5'}}, 'caller': {'address': '0xd7b3b50977a5947774bfc46b760c0871e4018e97'}, 'date': {'date': '2021-10-30'}, 'block': {'height': 13518210}}, {'smartContract': {'address': {'address': '0x386f2874b1366d925f91e8b416b330ebd003d75e'}}, 'caller': {'address': '0xd7b3b50977a5947774bfc46b760c0871e4018e97'}, 'date': {'date': '2021-10-30'}, 'block': {'height': 13515935}}, {'smartContract': {'address': {'address': '0x2b073198a710bc70e350fdd5b240733339b7b9a3'}}, 'caller': {'address': '0xd7b3b50977a5947774bfc46b760c0871e4018e97'}, 'date': {'date': '2021-10-29'}, 'block': {'height': 13511955}}, {'smartContract': {'address': {'address': '0x27dc0205b5907dc63b0472142f0fd098ef138ca6'}}, 'caller': {'address': '0x1f98431c8ad98523631ae4a59f267346ea31f984'}, 'date': {'date': '2021-09-23'}, 'block': {'height': 13279739}}, {'smartContract': {'address': {'address': '0x682525e2aa0b4a07ed98ab9ea847556004b6914f'}}, 'caller': {'address': '0xd7b3b50977a5947774bfc46b760c0871e4018e97'}, 'date': {'date': '2021-09-17'}, 'block': {'height': 13240951}}, {'smartContract': {'address': {'address': '0xcad102287ef073d68c029234ffb38d3ac2f74123'}}, 'caller': {'address': '0xd7b3b50977a5947774bfc46b760c0871e4018e97'}, 'date': {'date': '2021-09-07'}, 'block': {'height': 13177550}}, {'smartContract': {'address': {'address': '0x31fd80bf06453ace58bea89727e88003f0e691bb'}}, 'caller': {'address': '0xd7b3b50977a5947774bfc46b760c0871e4018e97'}, 'date': {'date': '2021-09-07'}, 'block': {'height': 13177424}}, {'smartContract': {'address': {'address': '0xa75cecd91f3af322609119e6f8f4eb879abee45d'}}, 'caller': {'address': '0xd7b3b50977a5947774bfc46b760c0871e4018e97'}, 'date': {'date': '2021-09-04'}, 'block': {'height': 13159680}}, {'smartContract': {'address': {'address': '0x530c7287a61fd88201ed9f8691a633bbca896def'}}, 'caller': {'address': '0xd7b3b50977a5947774bfc46b760c0871e4018e97'}, 'date': {'date': '2021-09-04'}, 'block': {'height': 13159651}}, {'smartContract': {'address': {'address': '0x0cc2851f3a0f392cf92c1dd3c97900688c6c23c5'}}, 'caller': {'address': '0x5fd31de528fb1cc17e895a9214ea6d2df17e2463'}, 'date': {'date': '2021-09-04'}, 'block': {'height': 13157810}}]",2021-12-20
352,352,0x8a6ACA71A218301c7081d4e96D64292D3B275ce0,Stable Finance Governance Token,https://github.com/s-finance-org/s-finance-web,0x71e3216f355113d2DA7f27C9c5B0F83c816fb04B,15873.75151,"[{'smartContract': {'address': {'address': '0x399af7268000a1a3c7e27263196ae5becc13cb58'}}, 'caller': {'address': '0x71e3216f355113d2da7f27c9c5b0f83c816fb04b'}, 'date': {'date': '2021-05-15'}, 'block': {'height': 12436835}}, {'smartContract': {'address': {'address': '0xf644f1341eb9bfa37003b2be2db39e2386b66053'}}, 'caller': {'address': '0x71e3216f355113d2da7f27c9c5b0f83c816fb04b'}, 'date': {'date': '2021-02-24'}, 'block': {'height': 11916623}}, {'smartContract': {'address': {'address': '0xd626c03cae9696e702828c0ed4deed5c33d30dd7'}}, 'caller': {'address': '0x71e3216f355113d2da7f27c9c5b0f83c816fb04b'}, 'date': {'date': '2021-01-22'}, 'block': {'height': 11704796}}, {'smartContract': {'address': {'address': '0x4378d48f4071b72f6e5b5bad0f4b891707071932'}}, 'caller': {'address': '0x71e3216f355113d2da7f27c9c5b0f83c816fb04b'}, 'date': {'date': '2021-01-22'}, 'block': {'height': 11704777}}, {'smartContract': {'address': {'address': '0xc36666abbda2b47195319c232383bd89a4d90126'}}, 'caller': {'address': '0x71e3216f355113d2da7f27c9c5b0f83c816fb04b'}, 'date': {'date': '2021-01-22'}, 'block': {'height': 11704677}}, {'smartContract': {'address': {'address': '0x13179b4cd80f8fa6bc30f08a4c496e144ef8030c'}}, 'caller': {'address': '0x71e3216f355113d2da7f27c9c5b0f83c816fb04b'}, 'date': {'date': '2021-01-22'}, 'block': {'height': 11704651}}, {'smartContract': {'address': {'address': '0x90a8dd0af461b0d8e8aea8eb782197b5c5a96311'}}, 'caller': {'address': '0x71e3216f355113d2da7f27c9c5b0f83c816fb04b'}, 'date': {'date': '2021-01-22'}, 'block': {'height': 11704346}}, {'smartContract': {'address': {'address': '0xfe4678e15e12d1992d9c20ea9b92e89af81adbed'}}, 'caller': {'address': '0x71e3216f355113d2da7f27c9c5b0f83c816fb04b'}, 'date': {'date': '2021-01-22'}, 'block': {'height': 11702500}}, {'smartContract': {'address': {'address': '0x49d2a0c0e1d4fceb22434b2cb6436f315f5beb3e'}}, 'caller': {'address': '0x71e3216f355113d2da7f27c9c5b0f83c816fb04b'}, 'date': {'date': '2020-12-16'}, 'block': {'height': 11465540}}, {'smartContract': {'address': {'address': '0x65ca2a9f12db2cb6cf37eed4470fa5f2690241de'}}, 'caller': {'address': '0x71e3216f355113d2da7f27c9c5b0f83c816fb04b'}, 'date': {'date': '2020-12-16'}, 'block': {'height': 11465486}}, {'smartContract': {'address': {'address': '0xda3a932599abf754a9045a2c0013d323f1e1038a'}}, 'caller': {'address': '0x71e3216f355113d2da7f27c9c5b0f83c816fb04b'}, 'date': {'date': '2020-12-16'}, 'block': {'height': 11465480}}, {'smartContract': {'address': {'address': '0x0b9a9b006be26ba04c5253a7527f7a4e0540542d'}}, 'caller': {'address': '0x71e3216f355113d2da7f27c9c5b0f83c816fb04b'}, 'date': {'date': '2020-12-12'}, 'block': {'height': 11439761}}, {'smartContract': {'address': {'address': '0xb759b7a071942425301cf398d7f892b5ae9ec5af'}}, 'caller': {'address': '0x71e3216f355113d2da7f27c9c5b0f83c816fb04b'}, 'date': {'date': '2020-12-12'}, 'block': {'height': 11439725}}, {'smartContract': {'address': {'address': '0x4bdf4ddb373a0b5238b64c718ae1c32b5e93c279'}}, 'caller': {'address': '0x71e3216f355113d2da7f27c9c5b0f83c816fb04b'}, 'date': {'date': '2020-12-12'}, 'block': {'height': 11439686}}, {'smartContract': {'address': {'address': '0x64162867082983907b890278005e0bb49b2fa267'}}, 'caller': {'address': '0x71e3216f355113d2da7f27c9c5b0f83c816fb04b'}, 'date': {'date': '2020-12-12'}, 'block': {'height': 11439682}}, {'smartContract': {'address': {'address': '0xb122ee1f3c9c7f285aa59e31c1c4883745deffa1'}}, 'caller': {'address': '0x71e3216f355113d2da7f27c9c5b0f83c816fb04b'}, 'date': {'date': '2020-12-12'}, 'block': {'height': 11439559}}, {'smartContract': {'address': {'address': '0x30682575c059acb8d201fd71e13ffd25eb50e10b'}}, 'caller': {'address': '0x71e3216f355113d2da7f27c9c5b0f83c816fb04b'}, 'date': {'date': '2020-12-12'}, 'block': {'height': 11439540}}, {'smartContract': {'address': {'address': '0xe85ae1cc9b4799f6f2bd419bc25da349e67debbf'}}, 'caller': {'address': '0x71e3216f355113d2da7f27c9c5b0f83c816fb04b'}, 'date': {'date': '2020-12-12'}, 'block': {'height': 11439494}}, {'smartContract': {'address': {'address': '0x78bc5225777ef86b51e437b2f9f8278cf20ebdee'}}, 'caller': {'address': '0x71e3216f355113d2da7f27c9c5b0f83c816fb04b'}, 'date': {'date': '2020-11-24'}, 'block': {'height': 11323152}}, {'smartContract': {'address': {'address': '0x661449dee9e8c576a458ef6eef549ff8af6f2731'}}, 'caller': {'address': '0x71e3216f355113d2da7f27c9c5b0f83c816fb04b'}, 'date': {'date': '2020-11-24'}, 'block': {'height': 11323152}}, {'smartContract': {'address': {'address': '0x02706fda07c272929655ffa811920aba270a1444'}}, 'caller': {'address': '0x71e3216f355113d2da7f27c9c5b0f83c816fb04b'}, 'date': {'date': '2020-11-24'}, 'block': {'height': 11323147}}, {'smartContract': {'address': {'address': '0x82a341d02b6a62d290840407bf53ec0a570e1597'}}, 'caller': {'address': '0x71e3216f355113d2da7f27c9c5b0f83c816fb04b'}, 'date': {'date': '2020-11-24'}, 'block': {'height': 11323125}}, {'smartContract': {'address': {'address': '0xf3b8cc654ea571df3682e2b4800fe22886ae4976'}}, 'caller': {'address': '0x71e3216f355113d2da7f27c9c5b0f83c816fb04b'}, 'date': {'date': '2020-11-24'}, 'block': {'height': 11321956}}, {'smartContract': {'address': {'address': '0x105e936ce3411865ce53865e98ad8ea2da54835b'}}, 'caller': {'address': '0x71e3216f355113d2da7f27c9c5b0f83c816fb04b'}, 'date': {'date': '2020-11-24'}, 'block': {'height': 11321912}}, {'smartContract': {'address': {'address': '0x5f1d9bdb81b14eabf726ea4ae798db02d645b1bf'}}, 'caller': {'address': '0x71e3216f355113d2da7f27c9c5b0f83c816fb04b'}, 'date': {'date': '2020-11-24'}, 'block': {'height': 11321788}}, {'smartContract': {'address': {'address': '0x77164825d2867cfd1de17febc970877f9368fed7'}}, 'caller': {'address': '0x71e3216f355113d2da7f27c9c5b0f83c816fb04b'}, 'date': {'date': '2020-11-16'}, 'block': {'height': 11268362}}, {'smartContract': {'address': {'address': '0xe738615e059c9ebd9b77eb0e8d116fe613464ad2'}}, 'caller': {'address': '0x71e3216f355113d2da7f27c9c5b0f83c816fb04b'}, 'date': {'date': '2020-11-05'}, 'block': {'height': 11198600}}, {'smartContract': {'address': {'address': '0x772cc67b91514c763077dcc32cce9849a9652c19'}}, 'caller': {'address': '0x71e3216f355113d2da7f27c9c5b0f83c816fb04b'}, 'date': {'date': '2020-11-05'}, 'block': {'height': 11198548}}, {'smartContract': {'address': {'address': '0x6e7a0bf2eec3a4b2b4a7bbbd372238bf68f1174c'}}, 'caller': {'address': '0x71e3216f355113d2da7f27c9c5b0f83c816fb04b'}, 'date': {'date': '2020-11-05'}, 'block': {'height': 11198444}}, {'smartContract': {'address': {'address': '0x5914de495aa73d28dabdbb32825f06f4ea175e35'}}, 'caller': {'address': '0x71e3216f355113d2da7f27c9c5b0f83c816fb04b'}, 'date': {'date': '2020-11-05'}, 'block': {'height': 11198384}}, {'smartContract': {'address': {'address': '0x445adbd1955b76bae647a4a0771f1ad59a92dade'}}, 'caller': {'address': '0x71e3216f355113d2da7f27c9c5b0f83c816fb04b'}, 'date': {'date': '2020-10-31'}, 'block': {'height': 11162039}}, {'smartContract': {'address': {'address': '0x3ba734d5e4e78801ab22cf55c5760e121e1c2c42'}}, 'caller': {'address': '0x71e3216f355113d2da7f27c9c5b0f83c816fb04b'}, 'date': {'date': '2020-10-31'}, 'block': {'height': 11161925}}, {'smartContract': {'address': {'address': '0xf992558f2736efc034e744c5b2cc7d16694b70f1'}}, 'caller': {'address': '0x71e3216f355113d2da7f27c9c5b0f83c816fb04b'}, 'date': {'date': '2020-10-31'}, 'block': {'height': 11161886}}, {'smartContract': {'address': {'address': '0xf7bbd320b1c7a596b8d8002d4a278d9c7a87ef35'}}, 'caller': {'address': '0x71e3216f355113d2da7f27c9c5b0f83c816fb04b'}, 'date': {'date': '2020-10-27'}, 'block': {'height': 11137722}}, {'smartContract': {'address': {'address': '0xd47e4ae881a72e580ba668efb2e33eff0a6a0b1b'}}, 'caller': {'address': '0x71e3216f355113d2da7f27c9c5b0f83c816fb04b'}, 'date': {'date': '2020-10-27'}, 'block': {'height': 11137710}}, {'smartContract': {'address': {'address': '0x6c51b489da15e4c3f4696c770eb7568a6f055c4e'}}, 'caller': {'address': '0x71e3216f355113d2da7f27c9c5b0f83c816fb04b'}, 'date': {'date': '2020-10-27'}, 'block': {'height': 11137674}}, {'smartContract': {'address': {'address': '0xeef12f1aba15916c4a196b471bfd94d5786b0aee'}}, 'caller': {'address': '0x71e3216f355113d2da7f27c9c5b0f83c816fb04b'}, 'date': {'date': '2020-10-27'}, 'block': {'height': 11137552}}, {'smartContract': {'address': {'address': '0xb022785e8f521ed48798764fce0d158b768ac74b'}}, 'caller': {'address': '0x71e3216f355113d2da7f27c9c5b0f83c816fb04b'}, 'date': {'date': '2020-10-27'}, 'block': {'height': 11137409}}, {'smartContract': {'address': {'address': '0xb78acac4a764ad22e6f79809229775cbd5649083'}}, 'caller': {'address': '0x71e3216f355113d2da7f27c9c5b0f83c816fb04b'}, 'date': {'date': '2020-10-27'}, 'block': {'height': 11137350}}, {'smartContract': {'address': {'address': '0x1c3a1d59ab4789284af9a7e8834e6d84d1ea1c7f'}}, 'caller': {'address': '0x71e3216f355113d2da7f27c9c5b0f83c816fb04b'}, 'date': {'date': '2020-10-27'}, 'block': {'height': 11136081}}, {'smartContract': {'address': {'address': '0x70f3ba04fd98013f8a755362e05fe8ae3eb02ada'}}, 'caller': {'address': '0x71e3216f355113d2da7f27c9c5b0f83c816fb04b'}, 'date': {'date': '2020-10-23'}, 'block': {'height': 11113125}}, {'smartContract': {'address': {'address': '0x506bcb047b407bdf6008958d860a9299e0164d36'}}, 'caller': {'address': '0x71e3216f355113d2da7f27c9c5b0f83c816fb04b'}, 'date': {'date': '2020-10-23'}, 'block': {'height': 11112378}}, {'smartContract': {'address': {'address': '0xdf0482a76be230ee80e8a2b9067a691344cc495e'}}, 'caller': {'address': '0x71e3216f355113d2da7f27c9c5b0f83c816fb04b'}, 'date': {'date': '2020-10-23'}, 'block': {'height': 11112208}}, {'smartContract': {'address': {'address': '0xd0d3ab41c5f29eda2eac3d2d65b26bfd77369225'}}, 'caller': {'address': '0x71e3216f355113d2da7f27c9c5b0f83c816fb04b'}, 'date': {'date': '2020-10-23'}, 'block': {'height': 11112073}}, {'smartContract': {'address': {'address': '0x5c6fee8a740f3dec04b432535f7da6c0428eb414'}}, 'caller': {'address': '0x71e3216f355113d2da7f27c9c5b0f83c816fb04b'}, 'date': {'date': '2020-10-23'}, 'block': {'height': 11112014}}, {'smartContract': {'address': {'address': '0xc883e15e185e0c7c54d24b1dcfa819c5a535757e'}}, 'caller': {'address': '0x71e3216f355113d2da7f27c9c5b0f83c816fb04b'}, 'date': {'date': '2020-10-23'}, 'block': {'height': 11111961}}, {'smartContract': {'address': {'address': '0xf2510a657e119e65f5382a20f39f66726ea5616c'}}, 'caller': {'address': '0x71e3216f355113d2da7f27c9c5b0f83c816fb04b'}, 'date': {'date': '2020-10-15'}, 'block': {'height': 11062941}}, {'smartContract': {'address': {'address': '0xc588ab49e9b70ec9e0177e9039e38a0dfff16f7c'}}, 'caller': {'address': '0x71e3216f355113d2da7f27c9c5b0f83c816fb04b'}, 'date': {'date': '2020-10-14'}, 'block': {'height': 11055037}}, {'smartContract': {'address': {'address': '0xa3b5df9d3dfcc87ac9c0766fb964b05ba21483e9'}}, 'caller': {'address': '0x71e3216f355113d2da7f27c9c5b0f83c816fb04b'}, 'date': {'date': '2020-10-10'}, 'block': {'height': 11028382}}, {'smartContract': {'address': {'address': '0xce43ab31b81dec72877719019355fb6bff7e6cd4'}}, 'caller': {'address': '0x71e3216f355113d2da7f27c9c5b0f83c816fb04b'}, 'date': {'date': '2020-10-10'}, 'block': {'height': 11028072}}, {'smartContract': {'address': {'address': '0xd2ada263c156e5a5096ee7387a4be9c00f1b20fb'}}, 'caller': {'address': '0x71e3216f355113d2da7f27c9c5b0f83c816fb04b'}, 'date': {'date': '2020-10-10'}, 'block': {'height': 11027976}}, {'smartContract': {'address': {'address': '0x6c146dc4a89f2c45c64f90970348600ae946a088'}}, 'caller': {'address': '0x71e3216f355113d2da7f27c9c5b0f83c816fb04b'}, 'date': {'date': '2020-10-10'}, 'block': {'height': 11027847}}, {'smartContract': {'address': {'address': '0x269e8c2a7757ac04d6d1a82fa64a910ab0ad0974'}}, 'caller': {'address': '0x71e3216f355113d2da7f27c9c5b0f83c816fb04b'}, 'date': {'date': '2020-10-10'}, 'block': {'height': 11027585}}, {'smartContract': {'address': {'address': '0xf496db75f303ebd4080c9110ac853f7f6b2fe81e'}}, 'caller': {'address': '0x71e3216f355113d2da7f27c9c5b0f83c816fb04b'}, 'date': {'date': '2020-10-10'}, 'block': {'height': 11027548}}, {'smartContract': {'address': {'address': '0xed8e63bdf56bba1b63f1c969080a8092a675a9d7'}}, 'caller': {'address': '0x71e3216f355113d2da7f27c9c5b0f83c816fb04b'}, 'date': {'date': '2020-09-25'}, 'block': {'height': 10931555}}, {'smartContract': {'address': {'address': '0x87aa8751054b5c7f194f1f16833bea559bdbf564'}}, 'caller': {'address': '0x71e3216f355113d2da7f27c9c5b0f83c816fb04b'}, 'date': {'date': '2020-09-25'}, 'block': {'height': 10931537}}, {'smartContract': {'address': {'address': '0x318b2456a711c5f35e9eaa2b9ee5734a3635fe96'}}, 'caller': {'address': '0x71e3216f355113d2da7f27c9c5b0f83c816fb04b'}, 'date': {'date': '2020-09-25'}, 'block': {'height': 10931532}}, {'smartContract': {'address': {'address': '0x4885ce66779b6f67ce07ef8c8c7174e992af3885'}}, 'caller': {'address': '0x71e3216f355113d2da7f27c9c5b0f83c816fb04b'}, 'date': {'date': '2020-09-22'}, 'block': {'height': 10913162}}, {'smartContract': {'address': {'address': '0x41517d4102cc6ddb4f6dacf19284e6ca54aad0ab'}}, 'caller': {'address': '0x71e3216f355113d2da7f27c9c5b0f83c816fb04b'}, 'date': {'date': '2020-09-22'}, 'block': {'height': 10913140}}, {'smartContract': {'address': {'address': '0x4ebbce881f5f233c4bf68328e9bb98bee4985680'}}, 'caller': {'address': '0x71e3216f355113d2da7f27c9c5b0f83c816fb04b'}, 'date': {'date': '2020-09-22'}, 'block': {'height': 10913125}}, {'smartContract': {'address': {'address': '0x8a6aca71a218301c7081d4e96d64292d3b275ce0'}}, 'caller': {'address': '0x71e3216f355113d2da7f27c9c5b0f83c816fb04b'}, 'date': {'date': '2020-09-22'}, 'block': {'height': 10913104}}, {'smartContract': {'address': {'address': '0xa8eedb4201bc2951dc8946c0a139ffd0b5e8cbfb'}}, 'caller': {'address': '0x71e3216f355113d2da7f27c9c5b0f83c816fb04b'}, 'date': {'date': '2020-09-22'}, 'block': {'height': 10913098}}, {'smartContract': {'address': {'address': '0x3b46d3c8aea72575c2c17f5604a0916e5a994a3b'}}, 'caller': {'address': '0x71e3216f355113d2da7f27c9c5b0f83c816fb04b'}, 'date': {'date': '2020-09-22'}, 'block': {'height': 10913097}}, {'smartContract': {'address': {'address': '0x2ef6964e1a64dbf5e05010e0c629183d2275d9a6'}}, 'caller': {'address': '0x71e3216f355113d2da7f27c9c5b0f83c816fb04b'}, 'date': {'date': '2020-09-22'}, 'block': {'height': 10911856}}, {'smartContract': {'address': {'address': '0xe054bc481cb5fe5ec75048fbc95fe45267eb92a7'}}, 'caller': {'address': '0x71e3216f355113d2da7f27c9c5b0f83c816fb04b'}, 'date': {'date': '2020-09-22'}, 'block': {'height': 10911835}}, {'smartContract': {'address': {'address': '0xf93f7c78026e354807030c657f87b2380dda43db'}}, 'caller': {'address': '0x71e3216f355113d2da7f27c9c5b0f83c816fb04b'}, 'date': {'date': '2020-09-22'}, 'block': {'height': 10911829}}, {'smartContract': {'address': {'address': '0x9f843d9ba2a386bda2845507450fd47934fb3d03'}}, 'caller': {'address': '0x71e3216f355113d2da7f27c9c5b0f83c816fb04b'}, 'date': {'date': '2020-09-22'}, 'block': {'height': 10911822}}, {'smartContract': {'address': {'address': '0x65728c1d0e545db117940d5745089c256516ad43'}}, 'caller': {'address': '0x71e3216f355113d2da7f27c9c5b0f83c816fb04b'}, 'date': {'date': '2020-09-22'}, 'block': {'height': 10911809}}, {'smartContract': {'address': {'address': '0xb79305d5b2d438d24789a4629d5d555c72a493fd'}}, 'caller': {'address': '0x71e3216f355113d2da7f27c9c5b0f83c816fb04b'}, 'date': {'date': '2020-09-22'}, 'block': {'height': 10911806}}]",2020-09-22
353,353,0x1a23a6BfBAdB59fa563008c0fB7cf96dfCF34Ea1,CoFi Token,https://github.com/Computable-Finance/CoFiX,0xf02F6A0F347CC664fFfd55591A765F403E610d8E,14578.0398,"[{'smartContract': {'address': {'address': '0xc6f45eb40609c9cd30c8750a95042de1b8b1dbff'}}, 'caller': {'address': '0xf02f6a0f347cc664fffd55591a765f403e610d8e'}, 'date': {'date': '2021-01-21'}, 'block': {'height': 11696495}}, {'smartContract': {'address': {'address': '0xf222def61e55164788ccc2ab14c243bf2fb27e4d'}}, 'caller': {'address': '0xf02f6a0f347cc664fffd55591a765f403e610d8e'}, 'date': {'date': '2021-01-20'}, 'block': {'height': 11692697}}, {'smartContract': {'address': {'address': '0x5c35badebd40308e409df891ac56d17c8625c2bc'}}, 'caller': {'address': '0xf02f6a0f347cc664fffd55591a765f403e610d8e'}, 'date': {'date': '2021-01-11'}, 'block': {'height': 11633775}}, {'smartContract': {'address': {'address': '0xe57130499e7f3e7fe53b1d26154850889603823e'}}, 'caller': {'address': '0xf02f6a0f347cc664fffd55591a765f403e610d8e'}, 'date': {'date': '2020-12-09'}, 'block': {'height': 11418073}}, {'smartContract': {'address': {'address': '0x7e497be7532cc4954d73c6df93f016c53cc0c29a'}}, 'caller': {'address': '0xf02f6a0f347cc664fffd55591a765f403e610d8e'}, 'date': {'date': '2020-11-21'}, 'block': {'height': 11301999}}, {'smartContract': {'address': {'address': '0x1f7bc607f55e38443e609145ce376b2b5abcc8c0'}}, 'caller': {'address': '0xf02f6a0f347cc664fffd55591a765f403e610d8e'}, 'date': {'date': '2020-10-30'}, 'block': {'height': 11158161}}, {'smartContract': {'address': {'address': '0xf51d8fdf98286e1ea846c79f1526ecc95b93abb8'}}, 'caller': {'address': '0x76e2cfc1f5fa8f6a5b3fc4c8f4788f0116861f9b'}, 'date': {'date': '2020-10-12'}, 'block': {'height': 11040567}}, {'smartContract': {'address': {'address': '0xb697a2528d57a2ba8e75e2f33ed56b594cf9f308'}}, 'caller': {'address': '0xf02f6a0f347cc664fffd55591a765f403e610d8e'}, 'date': {'date': '2020-10-12'}, 'block': {'height': 11040251}}, {'smartContract': {'address': {'address': '0x5fd4eb552965f0db9f50ac285c55c8397f19f45b'}}, 'caller': {'address': '0xf02f6a0f347cc664fffd55591a765f403e610d8e'}, 'date': {'date': '2020-10-12'}, 'block': {'height': 11040236}}, {'smartContract': {'address': {'address': '0x3b67fe44216d3e147ba8ccf6e49d2e576441cb10'}}, 'caller': {'address': '0xf02f6a0f347cc664fffd55591a765f403e610d8e'}, 'date': {'date': '2020-10-12'}, 'block': {'height': 11040233}}, {'smartContract': {'address': {'address': '0x7c2d7b53aca4038f2eb649164181114b9aee93cb'}}, 'caller': {'address': '0x66c64ecc3a6014733325a8f2ebee46b4ca3ed550'}, 'date': {'date': '2020-10-12'}, 'block': {'height': 11040227}}, {'smartContract': {'address': {'address': '0xb2b7bedd7d7fc19804c7dd4a4e8174c4c73c210d'}}, 'caller': {'address': '0x66c64ecc3a6014733325a8f2ebee46b4ca3ed550'}, 'date': {'date': '2020-10-12'}, 'block': {'height': 11040225}}, {'smartContract': {'address': {'address': '0x7eda8251ac08e7898e986dbec4ba97b421d545dd'}}, 'caller': {'address': '0xf02f6a0f347cc664fffd55591a765f403e610d8e'}, 'date': {'date': '2020-10-12'}, 'block': {'height': 11040189}}, {'smartContract': {'address': {'address': '0xe6183d3094a9e360b123ec1330afae76a74d1cbf'}}, 'caller': {'address': '0xf02f6a0f347cc664fffd55591a765f403e610d8e'}, 'date': {'date': '2020-10-12'}, 'block': {'height': 11040183}}, {'smartContract': {'address': {'address': '0x6903b1c17a5a0a9484c7346e5c0956027a713fcf'}}, 'caller': {'address': '0xf02f6a0f347cc664fffd55591a765f403e610d8e'}, 'date': {'date': '2020-10-12'}, 'block': {'height': 11040175}}, {'smartContract': {'address': {'address': '0x0061c52768378b84306b2665f098c3e0b2c03308'}}, 'caller': {'address': '0xf02f6a0f347cc664fffd55591a765f403e610d8e'}, 'date': {'date': '2020-10-12'}, 'block': {'height': 11040172}}, {'smartContract': {'address': {'address': '0xd694ef4c82e50f3f184877572dcd6a45b8feae87'}}, 'caller': {'address': '0xf02f6a0f347cc664fffd55591a765f403e610d8e'}, 'date': {'date': '2020-10-12'}, 'block': {'height': 11040167}}, {'smartContract': {'address': {'address': '0x26aad4d82f6c9fa6e34d8c1067429c986a055872'}}, 'caller': {'address': '0xf02f6a0f347cc664fffd55591a765f403e610d8e'}, 'date': {'date': '2020-10-12'}, 'block': {'height': 11040164}}, {'smartContract': {'address': {'address': '0x66c64ecc3a6014733325a8f2ebee46b4ca3ed550'}}, 'caller': {'address': '0xf02f6a0f347cc664fffd55591a765f403e610d8e'}, 'date': {'date': '2020-10-12'}, 'block': {'height': 11040160}}, {'smartContract': {'address': {'address': '0x1a23a6bfbadb59fa563008c0fb7cf96dfcf34ea1'}}, 'caller': {'address': '0xf02f6a0f347cc664fffd55591a765f403e610d8e'}, 'date': {'date': '2020-10-12'}, 'block': {'height': 11040156}}, {'smartContract': {'address': {'address': '0x939b66cffc1ed066a43bc2e0a075f93bd9f8852e'}}, 'caller': {'address': '0xf02f6a0f347cc664fffd55591a765f403e610d8e'}, 'date': {'date': '2020-10-11'}, 'block': {'height': 11033785}}, {'smartContract': {'address': {'address': '0xb13e3e7e3461d9c40c3faa736cc852b6d61900e7'}}, 'caller': {'address': '0xf02f6a0f347cc664fffd55591a765f403e610d8e'}, 'date': {'date': '2020-10-11'}, 'block': {'height': 11033720}}, {'smartContract': {'address': {'address': '0x1092521c9cb34b7049efd61e47c2c3d8b726292f'}}, 'caller': {'address': '0xf02f6a0f347cc664fffd55591a765f403e610d8e'}, 'date': {'date': '2020-10-11'}, 'block': {'height': 11033708}}, {'smartContract': {'address': {'address': '0xe9ba64c0315b9ff5c29ddf5bdaeeec46fc3dc22e'}}, 'caller': {'address': '0xfb374d926e34add1e5036ef3edd5d9d698722e97'}, 'date': {'date': '2020-10-11'}, 'block': {'height': 11033633}}, {'smartContract': {'address': {'address': '0x1874c790b75b3e64c813f5bff2428ca03d492063'}}, 'caller': {'address': '0xfb374d926e34add1e5036ef3edd5d9d698722e97'}, 'date': {'date': '2020-10-11'}, 'block': {'height': 11033632}}, {'smartContract': {'address': {'address': '0xb655feec232c0b93a58846724ad5bbdf44d135ed'}}, 'caller': {'address': '0xf02f6a0f347cc664fffd55591a765f403e610d8e'}, 'date': {'date': '2020-10-11'}, 'block': {'height': 11033609}}, {'smartContract': {'address': {'address': '0x8367f04c7d6c2e1ce9f68e77cb850f09cfbaeb8d'}}, 'caller': {'address': '0xf02f6a0f347cc664fffd55591a765f403e610d8e'}, 'date': {'date': '2020-10-11'}, 'block': {'height': 11033606}}, {'smartContract': {'address': {'address': '0xbc99a5e7764792cd1024fd5310e9867ee578c23d'}}, 'caller': {'address': '0xf02f6a0f347cc664fffd55591a765f403e610d8e'}, 'date': {'date': '2020-10-11'}, 'block': {'height': 11033600}}, {'smartContract': {'address': {'address': '0xf0f095e13b1d86c2c36812a64882565c8ec5f91b'}}, 'caller': {'address': '0xf02f6a0f347cc664fffd55591a765f403e610d8e'}, 'date': {'date': '2020-10-11'}, 'block': {'height': 11033595}}, {'smartContract': {'address': {'address': '0x1a53be16d7fae6180692e9fd3d0c4ae90ad0a5f8'}}, 'caller': {'address': '0xf02f6a0f347cc664fffd55591a765f403e610d8e'}, 'date': {'date': '2020-10-11'}, 'block': {'height': 11033589}}, {'smartContract': {'address': {'address': '0x84d9e80d3759aadb5658bcffbc54cd2cf0008b81'}}, 'caller': {'address': '0xf02f6a0f347cc664fffd55591a765f403e610d8e'}, 'date': {'date': '2020-10-11'}, 'block': {'height': 11033586}}, {'smartContract': {'address': {'address': '0xfb374d926e34add1e5036ef3edd5d9d698722e97'}}, 'caller': {'address': '0xf02f6a0f347cc664fffd55591a765f403e610d8e'}, 'date': {'date': '2020-10-11'}, 'block': {'height': 11033582}}, {'smartContract': {'address': {'address': '0xbf4d534cfe1c293c9bb1cbaa01bb17c8ff65b670'}}, 'caller': {'address': '0xf02f6a0f347cc664fffd55591a765f403e610d8e'}, 'date': {'date': '2020-10-11'}, 'block': {'height': 11033577}}, {'smartContract': {'address': {'address': '0x36cb6dfd820598067766ade8a176e070964b1263'}}, 'caller': {'address': '0x76e2cfc1f5fa8f6a5b3fc4c8f4788f0116861f9b'}, 'date': {'date': '2020-10-07'}, 'block': {'height': 11008549}}, {'smartContract': {'address': {'address': '0x64d96c347e4e860af4624276c65f0b8db0789b4e'}}, 'caller': {'address': '0xf02f6a0f347cc664fffd55591a765f403e610d8e'}, 'date': {'date': '2020-10-07'}, 'block': {'height': 11008169}}, {'smartContract': {'address': {'address': '0x2baac0ad6b54b90b07ec89bb8c3542af6c26e81f'}}, 'caller': {'address': '0xf02f6a0f347cc664fffd55591a765f403e610d8e'}, 'date': {'date': '2020-10-07'}, 'block': {'height': 11008137}}, {'smartContract': {'address': {'address': '0x12114849048b43cb57282027f574a8b92a01eac7'}}, 'caller': {'address': '0xf02f6a0f347cc664fffd55591a765f403e610d8e'}, 'date': {'date': '2020-10-06'}, 'block': {'height': 11001953}}, {'smartContract': {'address': {'address': '0xaf6ce9cec2d13773895a6b683f1ce454505d89b1'}}, 'caller': {'address': '0xf02f6a0f347cc664fffd55591a765f403e610d8e'}, 'date': {'date': '2020-10-06'}, 'block': {'height': 11001942}}, {'smartContract': {'address': {'address': '0x5455064a184b41a8229e359b481c58f9cfebc991'}}, 'caller': {'address': '0x155bda3255115b244fe3767a9edc002dc76023ad'}, 'date': {'date': '2020-10-06'}, 'block': {'height': 11001848}}, {'smartContract': {'address': {'address': '0x893554c9d24583dc4a926a0e6f5118028f4145eb'}}, 'caller': {'address': '0x155bda3255115b244fe3767a9edc002dc76023ad'}, 'date': {'date': '2020-10-06'}, 'block': {'height': 11001847}}, {'smartContract': {'address': {'address': '0x1500b2621042fb814c38d9322a62ae214beeea77'}}, 'caller': {'address': '0xf02f6a0f347cc664fffd55591a765f403e610d8e'}, 'date': {'date': '2020-10-06'}, 'block': {'height': 11001801}}, {'smartContract': {'address': {'address': '0x357811e0ca5ad4c66f1d44d05a3c73d98b4583cf'}}, 'caller': {'address': '0xf02f6a0f347cc664fffd55591a765f403e610d8e'}, 'date': {'date': '2020-10-06'}, 'block': {'height': 11001796}}, {'smartContract': {'address': {'address': '0xf128802361580fb2a74574dded4e09f44f4ec4cf'}}, 'caller': {'address': '0xf02f6a0f347cc664fffd55591a765f403e610d8e'}, 'date': {'date': '2020-10-06'}, 'block': {'height': 11001792}}, {'smartContract': {'address': {'address': '0xd16eeafc4f614589eed0bc9294c1ae15f459831a'}}, 'caller': {'address': '0xf02f6a0f347cc664fffd55591a765f403e610d8e'}, 'date': {'date': '2020-10-06'}, 'block': {'height': 11001789}}, {'smartContract': {'address': {'address': '0x2f51563044d96105611cdb5bee621a5002ee0264'}}, 'caller': {'address': '0xf02f6a0f347cc664fffd55591a765f403e610d8e'}, 'date': {'date': '2020-10-06'}, 'block': {'height': 11001785}}, {'smartContract': {'address': {'address': '0xa2b29f965b537a9d279f75e1498413248c265ead'}}, 'caller': {'address': '0xf02f6a0f347cc664fffd55591a765f403e610d8e'}, 'date': {'date': '2020-10-06'}, 'block': {'height': 11001783}}, {'smartContract': {'address': {'address': '0x155bda3255115b244fe3767a9edc002dc76023ad'}}, 'caller': {'address': '0xf02f6a0f347cc664fffd55591a765f403e610d8e'}, 'date': {'date': '2020-10-06'}, 'block': {'height': 11001777}}, {'smartContract': {'address': {'address': '0xc2283c20a61847240d2eb10e6925d85bcaef89ae'}}, 'caller': {'address': '0xf02f6a0f347cc664fffd55591a765f403e610d8e'}, 'date': {'date': '2020-10-06'}, 'block': {'height': 11001773}}, {'smartContract': {'address': {'address': '0x558201dc4741efc11031cdc3bc1bc728c23bf512'}}, 'caller': {'address': '0xf02f6a0f347cc664fffd55591a765f403e610d8e'}, 'date': {'date': '2020-09-30'}, 'block': {'height': 10964597}}, {'smartContract': {'address': {'address': '0x08a70b53b5e8b74a60c870bfe1642219a33462ff'}}, 'caller': {'address': '0xf02f6a0f347cc664fffd55591a765f403e610d8e'}, 'date': {'date': '2020-09-30'}, 'block': {'height': 10964229}}, {'smartContract': {'address': {'address': '0x35b74173f96cd63fa03827a76033a33e903e5d08'}}, 'caller': {'address': '0xf02f6a0f347cc664fffd55591a765f403e610d8e'}, 'date': {'date': '2020-09-30'}, 'block': {'height': 10964218}}, {'smartContract': {'address': {'address': '0x513631ae343efcca94cfe6879f9f8d19027e423e'}}, 'caller': {'address': '0xd5a19e1adb5592921dcc42e48623d75c4c91e405'}, 'date': {'date': '2020-09-09'}, 'block': {'height': 10827725}}, {'smartContract': {'address': {'address': '0x97a016b51efae15fab099caae0a42ac18996635f'}}, 'caller': {'address': '0xd5a19e1adb5592921dcc42e48623d75c4c91e405'}, 'date': {'date': '2020-09-09'}, 'block': {'height': 10827720}}, {'smartContract': {'address': {'address': '0x2878469c466638e8c0878bb86898073ca6c91b45'}}, 'caller': {'address': '0xf02f6a0f347cc664fffd55591a765f403e610d8e'}, 'date': {'date': '2020-09-09'}, 'block': {'height': 10827549}}, {'smartContract': {'address': {'address': '0xc16e5eecc0948604eb326296c71311ac8d9bc786'}}, 'caller': {'address': '0xf02f6a0f347cc664fffd55591a765f403e610d8e'}, 'date': {'date': '2020-09-09'}, 'block': {'height': 10827530}}, {'smartContract': {'address': {'address': '0x75e360be6248bd46030c6818624a09403ef5ec21'}}, 'caller': {'address': '0xf02f6a0f347cc664fffd55591a765f403e610d8e'}, 'date': {'date': '2020-09-09'}, 'block': {'height': 10827513}}, {'smartContract': {'address': {'address': '0xd5a19e1adb5592921dcc42e48623d75c4c91e405'}}, 'caller': {'address': '0xf02f6a0f347cc664fffd55591a765f403e610d8e'}, 'date': {'date': '2020-09-09'}, 'block': {'height': 10827471}}, {'smartContract': {'address': {'address': '0xe2c2156e52b295207d7c846febe2e77289eeb8b2'}}, 'caller': {'address': '0xf02f6a0f347cc664fffd55591a765f403e610d8e'}, 'date': {'date': '2020-09-09'}, 'block': {'height': 10827433}}]",2020-10-12
354,354,0x0D97Fee619d955509e54B046c9992B6E9F5B0630,PONY Index,,0xe3247FaECbb97261167F8BF1D333689C22f9414B,14557.77069,[],2022-06-27
355,355,0x2920f7d6134f4669343e70122cA9b8f19Ef8fa5D,MonoX Token,,0xab5167e8cC36A3a91Fd2d75C6147140cd1837355,11558.94316,"[{'smartContract': {'address': {'address': '0x66e7d7839333f502df355f5bd87aea24bac2ee63'}}, 'caller': {'address': '0xab5167e8cc36a3a91fd2d75c6147140cd1837355'}, 'date': {'date': '2021-11-25'}, 'block': {'height': 13683244}}, {'smartContract': {'address': {'address': '0x38608b6dd2dc2fdf3328bb37aaa0982856621456'}}, 'caller': {'address': '0xab5167e8cc36a3a91fd2d75c6147140cd1837355'}, 'date': {'date': '2021-11-24'}, 'block': {'height': 13679786}}, {'smartContract': {'address': {'address': '0x1576058dff8e9277efc09c96d4dd46b89def897e'}}, 'caller': {'address': '0xab5167e8cc36a3a91fd2d75c6147140cd1837355'}, 'date': {'date': '2021-11-19'}, 'block': {'height': 13644481}}, {'smartContract': {'address': {'address': '0x2920f7d6134f4669343e70122ca9b8f19ef8fa5d'}}, 'caller': {'address': '0xab5167e8cc36a3a91fd2d75c6147140cd1837355'}, 'date': {'date': '2021-11-19'}, 'block': {'height': 13644471}}, {'smartContract': {'address': {'address': '0x25a08a66ed40df5408f074340ecd1f013a176f90'}}, 'caller': {'address': '0xab5167e8cc36a3a91fd2d75c6147140cd1837355'}, 'date': {'date': '2021-11-19'}, 'block': {'height': 13644365}}, {'smartContract': {'address': {'address': '0x2f96856d2d1907a0ef95ec85c273affa80ebd16b'}}, 'caller': {'address': '0xab5167e8cc36a3a91fd2d75c6147140cd1837355'}, 'date': {'date': '2021-11-19'}, 'block': {'height': 13644354}}, {'smartContract': {'address': {'address': '0xc36a7887786389405ea8da0b87602ae3902b88a1'}}, 'caller': {'address': '0xab5167e8cc36a3a91fd2d75c6147140cd1837355'}, 'date': {'date': '2021-10-16'}, 'block': {'height': 13426664}}, {'smartContract': {'address': {'address': '0x59653e37f8c491c3be36e5dd4d503ca32b5ab2f4'}}, 'caller': {'address': '0xab5167e8cc36a3a91fd2d75c6147140cd1837355'}, 'date': {'date': '2021-10-16'}, 'block': {'height': 13426662}}, {'smartContract': {'address': {'address': '0xa1fba7f2079131acb3e2073563ec53c8d43bc144'}}, 'caller': {'address': '0xab5167e8cc36a3a91fd2d75c6147140cd1837355'}, 'date': {'date': '2021-10-16'}, 'block': {'height': 13426662}}, {'smartContract': {'address': {'address': '0x1c51a05b25c1f980b74d82e3f984c9d4f2a41e15'}}, 'caller': {'address': '0xab5167e8cc36a3a91fd2d75c6147140cd1837355'}, 'date': {'date': '2021-10-16'}, 'block': {'height': 13426661}}, {'smartContract': {'address': {'address': '0x7164be9fd69f2e1de9b6b75b17e1b86268f18b45'}}, 'caller': {'address': '0xab5167e8cc36a3a91fd2d75c6147140cd1837355'}, 'date': {'date': '2021-10-16'}, 'block': {'height': 13426656}}, {'smartContract': {'address': {'address': '0x532d7ebe4556216490c9d03460214b58e4933454'}}, 'caller': {'address': '0xab5167e8cc36a3a91fd2d75c6147140cd1837355'}, 'date': {'date': '2021-10-16'}, 'block': {'height': 13426656}}]",2021-11-19
356,356,0xD478161C952357F05f0292B56012Cd8457F1cfbF,Polkamarkets,,0x3c2e2216A21959deB37cFF38f975088B58626b27,10979.35203,"[{'smartContract': {'address': {'address': '0xd478161c952357f05f0292b56012cd8457f1cfbf'}}, 'caller': {'address': '0x3c2e2216a21959deb37cff38f975088b58626b27'}, 'date': {'date': '2021-02-20'}, 'block': {'height': 11893592}}, {'smartContract': {'address': {'address': '0xa6972fd8b71e7af7173e18a3ed986114bb721805'}}, 'caller': {'address': '0x3c2e2216a21959deb37cff38f975088b58626b27'}, 'date': {'date': '2021-02-20'}, 'block': {'height': 11893587}}, {'smartContract': {'address': {'address': '0x126b53a1b0f6d036f4ef93a4e5af984bb4b95861'}}, 'caller': {'address': '0x3c2e2216a21959deb37cff38f975088b58626b27'}, 'date': {'date': '2021-02-20'}, 'block': {'height': 11893584}}, {'smartContract': {'address': {'address': '0xafea4511e634928f3a70b18ae565cd07736b7a04'}}, 'caller': {'address': '0x3c2e2216a21959deb37cff38f975088b58626b27'}, 'date': {'date': '2021-02-20'}, 'block': {'height': 11893580}}, {'smartContract': {'address': {'address': '0x531a9f9f384be2a3acd9581d574bd47e65ac8273'}}, 'caller': {'address': '0x3c2e2216a21959deb37cff38f975088b58626b27'}, 'date': {'date': '2021-02-20'}, 'block': {'height': 11893578}}, {'smartContract': {'address': {'address': '0x763e3ee4ee9cac68200e0d358ab10f5136206008'}}, 'caller': {'address': '0x3c2e2216a21959deb37cff38f975088b58626b27'}, 'date': {'date': '2021-02-20'}, 'block': {'height': 11893577}}]",2021-02-20
357,357,0x961C8c0B1aaD0c0b10a51FeF6a867E3091BCef17,DeFiYieldProtocol,https://github.com/dypfinance,0x910090Ea889B64B4e722ea4b8fF6D5e734dFb38F,8994.606749,"[{'smartContract': {'address': {'address': '0xd4be7a106ed193bee39d6389a481ec76027b2660'}}, 'caller': {'address': '0x910090ea889b64b4e722ea4b8ff6d5e734dfb38f'}, 'date': {'date': '2022-08-15'}, 'block': {'height': 15344978}}, {'smartContract': {'address': {'address': '0xaf20503a305b93d4258ad7064cc198dfd0336403'}}, 'caller': {'address': '0x910090ea889b64b4e722ea4b8ff6d5e734dfb38f'}, 'date': {'date': '2022-08-15'}, 'block': {'height': 15344965}}, {'smartContract': {'address': {'address': '0x17d18b3138fccf101a5c714625695777bc2af022'}}, 'caller': {'address': '0x910090ea889b64b4e722ea4b8ff6d5e734dfb38f'}, 'date': {'date': '2022-08-15'}, 'block': {'height': 15344932}}, {'smartContract': {'address': {'address': '0x50014432772b4123d04181727c6edeab34f5f988'}}, 'caller': {'address': '0x910090ea889b64b4e722ea4b8ff6d5e734dfb38f'}, 'date': {'date': '2022-08-15'}, 'block': {'height': 15344890}}, {'smartContract': {'address': {'address': '0xff9ac71bd73ea3f72d2d45f0f43f0623836cef6f'}}, 'caller': {'address': '0xa5409ec958c83c3f309868babaca7c86dcb077c1'}, 'date': {'date': '2022-07-01'}, 'block': {'height': 15059647}}, {'smartContract': {'address': {'address': '0x15ee4f9ec8e667bb89388363c641368759f639d3'}}, 'caller': {'address': '0x910090ea889b64b4e722ea4b8ff6d5e734dfb38f'}, 'date': {'date': '2022-06-15'}, 'block': {'height': 14967417}}, {'smartContract': {'address': {'address': '0xd82722f7f560c44e55c86b8f1ab891dc8f2c696f'}}, 'caller': {'address': '0x4cc22d43bc646c1e496d4f739a5a0d875eb968c4'}, 'date': {'date': '2022-06-01'}, 'block': {'height': 14884461}}, {'smartContract': {'address': {'address': '0x44bed8ea3296bda44870d0da98575520de1735d4'}}, 'caller': {'address': '0x910090ea889b64b4e722ea4b8ff6d5e734dfb38f'}, 'date': {'date': '2022-05-10'}, 'block': {'height': 14747632}}, {'smartContract': {'address': {'address': '0xee425bbbec5e9bf4a59a1c19efff522ad8b7a47a'}}, 'caller': {'address': '0x910090ea889b64b4e722ea4b8ff6d5e734dfb38f'}, 'date': {'date': '2022-05-07'}, 'block': {'height': 14729020}}, {'smartContract': {'address': {'address': '0xd06cf9e1189feab09c844c597abc3767bc12608c'}}, 'caller': {'address': '0x910090ea889b64b4e722ea4b8ff6d5e734dfb38f'}, 'date': {'date': '2022-04-13'}, 'block': {'height': 14577626}}, {'smartContract': {'address': {'address': '0x70c89bd30d8543a594f83c57ed92240a1b4925fe'}}, 'caller': {'address': '0x910090ea889b64b4e722ea4b8ff6d5e734dfb38f'}, 'date': {'date': '2022-01-13'}, 'block': {'height': 13997381}}, {'smartContract': {'address': {'address': '0xe5262f38bf13410a79149cb40429f8dc5e830542'}}, 'caller': {'address': '0x910090ea889b64b4e722ea4b8ff6d5e734dfb38f'}, 'date': {'date': '2021-08-03'}, 'block': {'height': 12953072}}, {'smartContract': {'address': {'address': '0x1d4ba66f9d876ad2e22e3c16361bcf8e34f4d0cc'}}, 'caller': {'address': '0x910090ea889b64b4e722ea4b8ff6d5e734dfb38f'}, 'date': {'date': '2021-07-08'}, 'block': {'height': 12786423}}, {'smartContract': {'address': {'address': '0xd374c29d98e9a33fa4d08fca1d72d7319ea4bc58'}}, 'caller': {'address': '0x910090ea889b64b4e722ea4b8ff6d5e734dfb38f'}, 'date': {'date': '2021-07-06'}, 'block': {'height': 12774612}}, {'smartContract': {'address': {'address': '0x4185e6f61549133c34ffaf88c92a943fcde51619'}}, 'caller': {'address': '0x910090ea889b64b4e722ea4b8ff6d5e734dfb38f'}, 'date': {'date': '2021-06-15'}, 'block': {'height': 12637811}}, {'smartContract': {'address': {'address': '0x4cdbadc6959501e16e5d288c6135607411465241'}}, 'caller': {'address': '0x910090ea889b64b4e722ea4b8ff6d5e734dfb38f'}, 'date': {'date': '2021-06-08'}, 'block': {'height': 12593590}}, {'smartContract': {'address': {'address': '0x582c905df6cad7a1c490edc215f0baa0dc0960dd'}}, 'caller': {'address': '0x910090ea889b64b4e722ea4b8ff6d5e734dfb38f'}, 'date': {'date': '2021-06-08'}, 'block': {'height': 12593534}}, {'smartContract': {'address': {'address': '0x8ad8e5fa0f2781da3327275049b5469275a1042e'}}, 'caller': {'address': '0x910090ea889b64b4e722ea4b8ff6d5e734dfb38f'}, 'date': {'date': '2021-04-28'}, 'block': {'height': 12328138}}, {'smartContract': {'address': {'address': '0x8fb2c9f8c07facf0af442a1900cd2cfe1940971b'}}, 'caller': {'address': '0x910090ea889b64b4e722ea4b8ff6d5e734dfb38f'}, 'date': {'date': '2021-04-28'}, 'block': {'height': 12328128}}, {'smartContract': {'address': {'address': '0xf73baac19eeeb7c4b7cc211f3edf88bb9f1d40f9'}}, 'caller': {'address': '0x910090ea889b64b4e722ea4b8ff6d5e734dfb38f'}, 'date': {'date': '2021-04-28'}, 'block': {'height': 12328120}}, {'smartContract': {'address': {'address': '0x8c1d0fd28b5feac7f5521d05d53d7e1560a7cbcc'}}, 'caller': {'address': '0x910090ea889b64b4e722ea4b8ff6d5e734dfb38f'}, 'date': {'date': '2021-04-28'}, 'block': {'height': 12328105}}, {'smartContract': {'address': {'address': '0x7ccff41652ed12278e02e18de06d40aaf5f1769b'}}, 'caller': {'address': '0x910090ea889b64b4e722ea4b8ff6d5e734dfb38f'}, 'date': {'date': '2021-04-28'}, 'block': {'height': 12328006}}, {'smartContract': {'address': {'address': '0x8ce610ec56ce3ad3678c426f0dfc965568db6ddc'}}, 'caller': {'address': '0x910090ea889b64b4e722ea4b8ff6d5e734dfb38f'}, 'date': {'date': '2021-04-28'}, 'block': {'height': 12327987}}, {'smartContract': {'address': {'address': '0xfb55dcc985517d111c65004f0eaabc1f6ce23cf1'}}, 'caller': {'address': '0x910090ea889b64b4e722ea4b8ff6d5e734dfb38f'}, 'date': {'date': '2021-04-28'}, 'block': {'height': 12327982}}, {'smartContract': {'address': {'address': '0x18d2a323675bbe1f9d03e273a186aea8adf7f5c5'}}, 'caller': {'address': '0x910090ea889b64b4e722ea4b8ff6d5e734dfb38f'}, 'date': {'date': '2021-04-28'}, 'block': {'height': 12327966}}, {'smartContract': {'address': {'address': '0xe728874b81bd0b7a9c3505949935e67d0e7136ad'}}, 'caller': {'address': '0x910090ea889b64b4e722ea4b8ff6d5e734dfb38f'}, 'date': {'date': '2021-04-28'}, 'block': {'height': 12327875}}, {'smartContract': {'address': {'address': '0xe19328d2a528b765e30f9bc47fabb81e0f510ea9'}}, 'caller': {'address': '0x910090ea889b64b4e722ea4b8ff6d5e734dfb38f'}, 'date': {'date': '2021-04-28'}, 'block': {'height': 12327838}}, {'smartContract': {'address': {'address': '0xaac6814a1acfe8f7ea1f718148dac614d5323c85'}}, 'caller': {'address': '0x910090ea889b64b4e722ea4b8ff6d5e734dfb38f'}, 'date': {'date': '2021-04-28'}, 'block': {'height': 12327825}}, {'smartContract': {'address': {'address': '0x94226ae99c786b2830d27ac6e8fcdb4b0c4cc73a'}}, 'caller': {'address': '0x910090ea889b64b4e722ea4b8ff6d5e734dfb38f'}, 'date': {'date': '2021-04-28'}, 'block': {'height': 12327815}}, {'smartContract': {'address': {'address': '0xb95ec2cb2d61d12c86a05e0c995d007aec8f2850'}}, 'caller': {'address': '0x910090ea889b64b4e722ea4b8ff6d5e734dfb38f'}, 'date': {'date': '2021-04-28'}, 'block': {'height': 12327797}}, {'smartContract': {'address': {'address': '0x2d4b96e3c6176e833c013088aecc7640af977e20'}}, 'caller': {'address': '0x910090ea889b64b4e722ea4b8ff6d5e734dfb38f'}, 'date': {'date': '2021-04-28'}, 'block': {'height': 12327791}}, {'smartContract': {'address': {'address': '0x8ae8ec53712017eeb3378ee112082d57da98e792'}}, 'caller': {'address': '0x910090ea889b64b4e722ea4b8ff6d5e734dfb38f'}, 'date': {'date': '2021-04-28'}, 'block': {'height': 12327776}}, {'smartContract': {'address': {'address': '0xe5c5a452a0f7b2d5266010bf167a7ee2edf54533'}}, 'caller': {'address': '0x910090ea889b64b4e722ea4b8ff6d5e734dfb38f'}, 'date': {'date': '2021-04-28'}, 'block': {'height': 12327767}}, {'smartContract': {'address': {'address': '0xdc68450bfe4e16d74b20c44dda83662cf2f5f0c0'}}, 'caller': {'address': '0x910090ea889b64b4e722ea4b8ff6d5e734dfb38f'}, 'date': {'date': '2021-04-28'}, 'block': {'height': 12327724}}, {'smartContract': {'address': {'address': '0x480c83be2694bfb91f40d951424330c9123b9066'}}, 'caller': {'address': '0x910090ea889b64b4e722ea4b8ff6d5e734dfb38f'}, 'date': {'date': '2021-04-28'}, 'block': {'height': 12327714}}, {'smartContract': {'address': {'address': '0x3e488684c40d63ff2b9963dfbb805bbb3da9b1c6'}}, 'caller': {'address': '0x910090ea889b64b4e722ea4b8ff6d5e734dfb38f'}, 'date': {'date': '2021-04-28'}, 'block': {'height': 12327707}}, {'smartContract': {'address': {'address': '0x01de5bce5c5ee4f92e8f4183f6f4e4f12f9a86cd'}}, 'caller': {'address': '0x910090ea889b64b4e722ea4b8ff6d5e734dfb38f'}, 'date': {'date': '2021-04-28'}, 'block': {'height': 12327693}}, {'smartContract': {'address': {'address': '0x81a0d2f173590a23636db6a475bc7e32aaae946c'}}, 'caller': {'address': '0x910090ea889b64b4e722ea4b8ff6d5e734dfb38f'}, 'date': {'date': '2021-04-04'}, 'block': {'height': 12174928}}, {'smartContract': {'address': {'address': '0x82df1450efd6b504ee069f5e4548f2d5cb229880'}}, 'caller': {'address': '0x910090ea889b64b4e722ea4b8ff6d5e734dfb38f'}, 'date': {'date': '2021-01-25'}, 'block': {'height': 11726812}}, {'smartContract': {'address': {'address': '0x0a32749d95217b7ee50127e24711c97849b70c6a'}}, 'caller': {'address': '0x910090ea889b64b4e722ea4b8ff6d5e734dfb38f'}, 'date': {'date': '2021-01-25'}, 'block': {'height': 11726800}}, {'smartContract': {'address': {'address': '0x036e336ea3ac2e255124cf775c4fdab94b2c42e4'}}, 'caller': {'address': '0x910090ea889b64b4e722ea4b8ff6d5e734dfb38f'}, 'date': {'date': '2021-01-25'}, 'block': {'height': 11726774}}, {'smartContract': {'address': {'address': '0x7fc2174670d672ad7f666af0704c2d961ef32c73'}}, 'caller': {'address': '0x910090ea889b64b4e722ea4b8ff6d5e734dfb38f'}, 'date': {'date': '2021-01-25'}, 'block': {'height': 11726752}}, {'smartContract': {'address': {'address': '0x1766d076ae227443b98aa836bd43895add6b0ab4'}}, 'caller': {'address': '0x910090ea889b64b4e722ea4b8ff6d5e734dfb38f'}, 'date': {'date': '2021-01-23'}, 'block': {'height': 11711631}}, {'smartContract': {'address': {'address': '0x350f3fe979bfad4766298713c83b387c2d2d7a7a'}}, 'caller': {'address': '0x910090ea889b64b4e722ea4b8ff6d5e734dfb38f'}, 'date': {'date': '2020-12-17'}, 'block': {'height': 11469724}}, {'smartContract': {'address': {'address': '0x78e2da2eda6df49bae46e3b51528baf5c106e654'}}, 'caller': {'address': '0x910090ea889b64b4e722ea4b8ff6d5e734dfb38f'}, 'date': {'date': '2020-12-17'}, 'block': {'height': 11469700}}, {'smartContract': {'address': {'address': '0x8b0e324eede360cab670a6ad12940736d74f701e'}}, 'caller': {'address': '0x910090ea889b64b4e722ea4b8ff6d5e734dfb38f'}, 'date': {'date': '2020-12-17'}, 'block': {'height': 11469684}}, {'smartContract': {'address': {'address': '0xef71de5cb40f7985feb92aa49d8e3e84063af3bb'}}, 'caller': {'address': '0x910090ea889b64b4e722ea4b8ff6d5e734dfb38f'}, 'date': {'date': '2020-12-17'}, 'block': {'height': 11469654}}, {'smartContract': {'address': {'address': '0xbe528593781988974d83c2655cba4c45fc75c033'}}, 'caller': {'address': '0x910090ea889b64b4e722ea4b8ff6d5e734dfb38f'}, 'date': {'date': '2020-12-16'}, 'block': {'height': 11466644}}, {'smartContract': {'address': {'address': '0x924becc8f4059987e4bc4b741b7c354ff52c25e4'}}, 'caller': {'address': '0x910090ea889b64b4e722ea4b8ff6d5e734dfb38f'}, 'date': {'date': '2020-12-16'}, 'block': {'height': 11466626}}, {'smartContract': {'address': {'address': '0xa52250f98293c17c894d58cf4f78c925dc8955d0'}}, 'caller': {'address': '0x910090ea889b64b4e722ea4b8ff6d5e734dfb38f'}, 'date': {'date': '2020-12-16'}, 'block': {'height': 11466600}}, {'smartContract': {'address': {'address': '0x2b5d7a865a3888836d15d69dccbad682663dcdbb'}}, 'caller': {'address': '0x910090ea889b64b4e722ea4b8ff6d5e734dfb38f'}, 'date': {'date': '2020-12-16'}, 'block': {'height': 11466569}}, {'smartContract': {'address': {'address': '0x86690bbe7a9683a8bad4812c2e816fd17bc9715c'}}, 'caller': {'address': '0x910090ea889b64b4e722ea4b8ff6d5e734dfb38f'}, 'date': {'date': '2020-12-16'}, 'block': {'height': 11466527}}, {'smartContract': {'address': {'address': '0x13f421aa823f7d90730812a33f8cac8656e47dfa'}}, 'caller': {'address': '0x910090ea889b64b4e722ea4b8ff6d5e734dfb38f'}, 'date': {'date': '2020-12-16'}, 'block': {'height': 11466492}}, {'smartContract': {'address': {'address': '0xf4abc60a08b546fa879508f4261eb4400b55099d'}}, 'caller': {'address': '0x910090ea889b64b4e722ea4b8ff6d5e734dfb38f'}, 'date': {'date': '2020-12-16'}, 'block': {'height': 11466469}}, {'smartContract': {'address': {'address': '0x4a76fc15d3fbf3855127ec5da8aaf02de7ca06b3'}}, 'caller': {'address': '0x910090ea889b64b4e722ea4b8ff6d5e734dfb38f'}, 'date': {'date': '2020-12-16'}, 'block': {'height': 11466440}}, {'smartContract': {'address': {'address': '0x512ff8739d39e55d75d80046921e7de20c3e9bff'}}, 'caller': {'address': '0x910090ea889b64b4e722ea4b8ff6d5e734dfb38f'}, 'date': {'date': '2020-12-16'}, 'block': {'height': 11466374}}, {'smartContract': {'address': {'address': '0x16caad63bdfc3ec4a2850336b28efe17e802b896'}}, 'caller': {'address': '0x910090ea889b64b4e722ea4b8ff6d5e734dfb38f'}, 'date': {'date': '2020-12-16'}, 'block': {'height': 11466340}}, {'smartContract': {'address': {'address': '0x0b0a544ae6131801522e3ac1fbac6d311094c94c'}}, 'caller': {'address': '0x910090ea889b64b4e722ea4b8ff6d5e734dfb38f'}, 'date': {'date': '2020-12-16'}, 'block': {'height': 11466310}}, {'smartContract': {'address': {'address': '0xa7d6f5fa9b0be0e98b3b40e6ac884e53f2f9460e'}}, 'caller': {'address': '0x910090ea889b64b4e722ea4b8ff6d5e734dfb38f'}, 'date': {'date': '2020-12-16'}, 'block': {'height': 11466254}}, {'smartContract': {'address': {'address': '0xdec13a1d8a1eccaa0e8264fb412bd2ec58f207c1'}}, 'caller': {'address': '0x910090ea889b64b4e722ea4b8ff6d5e734dfb38f'}, 'date': {'date': '2020-12-16'}, 'block': {'height': 11465243}}, {'smartContract': {'address': {'address': '0x7742565647682abe90a7f7497e05c4403cb50265'}}, 'caller': {'address': '0x910090ea889b64b4e722ea4b8ff6d5e734dfb38f'}, 'date': {'date': '2020-12-16'}, 'block': {'height': 11464740}}, {'smartContract': {'address': {'address': '0x417538f319afddd351f33222592b60f985475a21'}}, 'caller': {'address': '0x910090ea889b64b4e722ea4b8ff6d5e734dfb38f'}, 'date': {'date': '2020-12-16'}, 'block': {'height': 11464697}}, {'smartContract': {'address': {'address': '0xcfad7aeb67fc5c19a581496689881ae063541149'}}, 'caller': {'address': '0x910090ea889b64b4e722ea4b8ff6d5e734dfb38f'}, 'date': {'date': '2020-12-16'}, 'block': {'height': 11464649}}, {'smartContract': {'address': {'address': '0x229ed0b61bea41710a79a3634e06b1a619a0ebcb'}}, 'caller': {'address': '0x910090ea889b64b4e722ea4b8ff6d5e734dfb38f'}, 'date': {'date': '2020-10-26'}, 'block': {'height': 11131859}}, {'smartContract': {'address': {'address': '0x961c8c0b1aad0c0b10a51fef6a867e3091bcef17'}}, 'caller': {'address': '0x910090ea889b64b4e722ea4b8ff6d5e734dfb38f'}, 'date': {'date': '2020-10-04'}, 'block': {'height': 10991511}}]",2020-10-04
358,358,0x8A0cdfaB62eD35b836DC0633482798421C81b3Ec,Spherium Token,,0x7a6C9e8b7F0A9cf993eD8c6A4a42FD7fD3bb435A,7860.137614,"[{'smartContract': {'address': {'address': '0x8a0cdfab62ed35b836dc0633482798421c81b3ec'}}, 'caller': {'address': '0x7a6c9e8b7f0a9cf993ed8c6a4a42fd7fd3bb435a'}, 'date': {'date': '2021-06-20'}, 'block': {'height': 12672458}}]",2021-06-20
359,359,0x14b14F83e94d81a0B2BD26E5a2D5343F9355fD12,POWAA token,,0xa1bD2e9f3A9e7a1fe99c24c7e11cCC85b01e467d,6298.949874,"[{'smartContract': {'address': {'address': '0x7036fc7dae3999d806d8754a229a00b9f400adb3'}}, 'caller': {'address': '0xa1bd2e9f3a9e7a1fe99c24c7e11ccc85b01e467d'}, 'date': {'date': '2022-09-09'}, 'block': {'height': 15501535}}, {'smartContract': {'address': {'address': '0x4835a85233ba09bb46a41bc7c003f9fa4ed4e7b0'}}, 'caller': {'address': '0xa6b71e26c5e0845f74c812102ca7114b6a896ab2'}, 'date': {'date': '2022-09-06'}, 'block': {'height': 15482830}}, {'smartContract': {'address': {'address': '0x7abd5b97a1ac5877d838081544dc11f4a1bd89c9'}}, 'caller': {'address': '0xa1bd2e9f3a9e7a1fe99c24c7e11ccc85b01e467d'}, 'date': {'date': '2022-09-05'}, 'block': {'height': 15479402}}, {'smartContract': {'address': {'address': '0x736d1549a5b724b68aefb50096ccfce1b00d2889'}}, 'caller': {'address': '0xfd1854b1b26f5a0860279afcd6ef1baa92c3c0c1'}, 'date': {'date': '2022-09-05'}, 'block': {'height': 15478611}}, {'smartContract': {'address': {'address': '0x6f1affcb270ecee7a6ee3790577c41299fade154'}}, 'caller': {'address': '0xfd1854b1b26f5a0860279afcd6ef1baa92c3c0c1'}, 'date': {'date': '2022-09-05'}, 'block': {'height': 15478576}}, {'smartContract': {'address': {'address': '0x6152204a2051876d044bf94a799f77e89df0b1f4'}}, 'caller': {'address': '0xfd1854b1b26f5a0860279afcd6ef1baa92c3c0c1'}, 'date': {'date': '2022-09-05'}, 'block': {'height': 15478539}}, {'smartContract': {'address': {'address': '0x3eeb7639af6adcd1fe79ecbb22559b45d5c02e9c'}}, 'caller': {'address': '0xfd1854b1b26f5a0860279afcd6ef1baa92c3c0c1'}, 'date': {'date': '2022-09-05'}, 'block': {'height': 15478444}}, {'smartContract': {'address': {'address': '0x8f981aa15bad7d181707fc974728069cbcd6de1f'}}, 'caller': {'address': '0xfd1854b1b26f5a0860279afcd6ef1baa92c3c0c1'}, 'date': {'date': '2022-09-05'}, 'block': {'height': 15478424}}, {'smartContract': {'address': {'address': '0x5819e02ddf78e7f6d0cae6365afe1a46e581351f'}}, 'caller': {'address': '0xfd1854b1b26f5a0860279afcd6ef1baa92c3c0c1'}, 'date': {'date': '2022-09-05'}, 'block': {'height': 15478407}}, {'smartContract': {'address': {'address': '0x242cfd9721b6255fdbc307424ad92b811f64ebee'}}, 'caller': {'address': '0xfd1854b1b26f5a0860279afcd6ef1baa92c3c0c1'}, 'date': {'date': '2022-09-05'}, 'block': {'height': 15478379}}, {'smartContract': {'address': {'address': '0x88f0d611dbecf7145e71d6f9bbe680037d8c16f8'}}, 'caller': {'address': '0xfd1854b1b26f5a0860279afcd6ef1baa92c3c0c1'}, 'date': {'date': '2022-09-05'}, 'block': {'height': 15478326}}, {'smartContract': {'address': {'address': '0xfcf38299aa26af8c1930cf9627ef198482a83bc0'}}, 'caller': {'address': '0xfd1854b1b26f5a0860279afcd6ef1baa92c3c0c1'}, 'date': {'date': '2022-09-05'}, 'block': {'height': 15478143}}, {'smartContract': {'address': {'address': '0xdd06d081fd08b75528a55540fc149dd5bf543d6e'}}, 'caller': {'address': '0xfd1854b1b26f5a0860279afcd6ef1baa92c3c0c1'}, 'date': {'date': '2022-09-05'}, 'block': {'height': 15478127}}, {'smartContract': {'address': {'address': '0xa59eacf762a6fb468bbb6aa23971c9b82bdd7a0b'}}, 'caller': {'address': '0xfd1854b1b26f5a0860279afcd6ef1baa92c3c0c1'}, 'date': {'date': '2022-09-05'}, 'block': {'height': 15478111}}, {'smartContract': {'address': {'address': '0xd21b6b8e5970a93f50e1a9998f4190652ad9f477'}}, 'caller': {'address': '0xfd1854b1b26f5a0860279afcd6ef1baa92c3c0c1'}, 'date': {'date': '2022-09-05'}, 'block': {'height': 15478099}}, {'smartContract': {'address': {'address': '0xf3c9967b6247935d1f1760d8b273c6a8875153df'}}, 'caller': {'address': '0xfd1854b1b26f5a0860279afcd6ef1baa92c3c0c1'}, 'date': {'date': '2022-09-05'}, 'block': {'height': 15478085}}, {'smartContract': {'address': {'address': '0x9ce4711361f5a061d8bfbf479049ca6a284e18fd'}}, 'caller': {'address': '0xfd1854b1b26f5a0860279afcd6ef1baa92c3c0c1'}, 'date': {'date': '2022-09-05'}, 'block': {'height': 15478075}}, {'smartContract': {'address': {'address': '0x561c7132db5390b3c8bbbaf124ef3d8d40acfe64'}}, 'caller': {'address': '0xfd1854b1b26f5a0860279afcd6ef1baa92c3c0c1'}, 'date': {'date': '2022-09-05'}, 'block': {'height': 15478063}}, {'smartContract': {'address': {'address': '0x450e06b4e08943b19ec1bbd2ac4986267d281f84'}}, 'caller': {'address': '0xfd1854b1b26f5a0860279afcd6ef1baa92c3c0c1'}, 'date': {'date': '2022-09-05'}, 'block': {'height': 15478043}}, {'smartContract': {'address': {'address': '0xd46797067048a67671a1d7cdcbac99153d5b12c3'}}, 'caller': {'address': '0xfd1854b1b26f5a0860279afcd6ef1baa92c3c0c1'}, 'date': {'date': '2022-09-05'}, 'block': {'height': 15478023}}, {'smartContract': {'address': {'address': '0x280cdb59b444d7487a87a931a6521fd3e4059b02'}}, 'caller': {'address': '0xfd1854b1b26f5a0860279afcd6ef1baa92c3c0c1'}, 'date': {'date': '2022-09-05'}, 'block': {'height': 15478004}}, {'smartContract': {'address': {'address': '0x4b1e52aff520346189c9960964d1f47249c6723b'}}, 'caller': {'address': '0xfd1854b1b26f5a0860279afcd6ef1baa92c3c0c1'}, 'date': {'date': '2022-09-05'}, 'block': {'height': 15477989}}, {'smartContract': {'address': {'address': '0xf4e1d0c12b86d70834c28352d670d2cb5cff3b19'}}, 'caller': {'address': '0xfd1854b1b26f5a0860279afcd6ef1baa92c3c0c1'}, 'date': {'date': '2022-09-05'}, 'block': {'height': 15477957}}, {'smartContract': {'address': {'address': '0xa3e0e3472949c6009d7c475fd788b7e119e1809f'}}, 'caller': {'address': '0xfd1854b1b26f5a0860279afcd6ef1baa92c3c0c1'}, 'date': {'date': '2022-09-05'}, 'block': {'height': 15477942}}, {'smartContract': {'address': {'address': '0xaf6a3cfc1f964b468fe0b5edb04705e16d6f9f45'}}, 'caller': {'address': '0xfd1854b1b26f5a0860279afcd6ef1baa92c3c0c1'}, 'date': {'date': '2022-09-05'}, 'block': {'height': 15477920}}, {'smartContract': {'address': {'address': '0xf3ac1076b86a70fbd5b5c376505d27f7b0fad385'}}, 'caller': {'address': '0xfd1854b1b26f5a0860279afcd6ef1baa92c3c0c1'}, 'date': {'date': '2022-09-05'}, 'block': {'height': 15477906}}, {'smartContract': {'address': {'address': '0xd42e5c3f021453d732d54b8e01b237ffe83054f8'}}, 'caller': {'address': '0xfd1854b1b26f5a0860279afcd6ef1baa92c3c0c1'}, 'date': {'date': '2022-09-05'}, 'block': {'height': 15477884}}, {'smartContract': {'address': {'address': '0xc7dcf9b4363ea7d510e26d52b3176f9f27c7c776'}}, 'caller': {'address': '0xfd1854b1b26f5a0860279afcd6ef1baa92c3c0c1'}, 'date': {'date': '2022-09-05'}, 'block': {'height': 15477845}}, {'smartContract': {'address': {'address': '0x2f028fe9e9d7b39df394eb4079da68bc52119aca'}}, 'caller': {'address': '0xa1bd2e9f3a9e7a1fe99c24c7e11ccc85b01e467d'}, 'date': {'date': '2022-09-05'}, 'block': {'height': 15477533}}, {'smartContract': {'address': {'address': '0x9262f048fdb8dfa7a2af42576050aebbd18ce92f'}}, 'caller': {'address': '0xa1bd2e9f3a9e7a1fe99c24c7e11ccc85b01e467d'}, 'date': {'date': '2022-09-05'}, 'block': {'height': 15477522}}, {'smartContract': {'address': {'address': '0x110879874988ecce910ba9fb4dead2512020afdf'}}, 'caller': {'address': '0xa1bd2e9f3a9e7a1fe99c24c7e11ccc85b01e467d'}, 'date': {'date': '2022-09-05'}, 'block': {'height': 15477196}}, {'smartContract': {'address': {'address': '0x0a1cd7dfc2276fdffd15c67ae8d2f6612c25c785'}}, 'caller': {'address': '0xa1bd2e9f3a9e7a1fe99c24c7e11ccc85b01e467d'}, 'date': {'date': '2022-09-05'}, 'block': {'height': 15477192}}, {'smartContract': {'address': {'address': '0xf44ec4f8d334da95b52561563b7362e11c14185c'}}, 'caller': {'address': '0xa1bd2e9f3a9e7a1fe99c24c7e11ccc85b01e467d'}, 'date': {'date': '2022-09-05'}, 'block': {'height': 15477072}}, {'smartContract': {'address': {'address': '0xbb727ca338da32c6e5148c0ab65b901f3c006f8c'}}, 'caller': {'address': '0xa1bd2e9f3a9e7a1fe99c24c7e11ccc85b01e467d'}, 'date': {'date': '2022-09-05'}, 'block': {'height': 15477070}}, {'smartContract': {'address': {'address': '0xe0c402c776f586afb43bda4dedfd0b2f81941bc4'}}, 'caller': {'address': '0xfd1854b1b26f5a0860279afcd6ef1baa92c3c0c1'}, 'date': {'date': '2022-09-05'}, 'block': {'height': 15476874}}, {'smartContract': {'address': {'address': '0xdfef00fc8da33941bc9693ac34cb6ecddedca970'}}, 'caller': {'address': '0xa1bd2e9f3a9e7a1fe99c24c7e11ccc85b01e467d'}, 'date': {'date': '2022-09-05'}, 'block': {'height': 15476873}}, {'smartContract': {'address': {'address': '0x343e577ba5ee0d8eea18c042801cbaa9eba83e09'}}, 'caller': {'address': '0xa1bd2e9f3a9e7a1fe99c24c7e11ccc85b01e467d'}, 'date': {'date': '2022-09-05'}, 'block': {'height': 15476872}}, {'smartContract': {'address': {'address': '0xe0d3d932fde01540c30aec549a098b3041adc3fd'}}, 'caller': {'address': '0xa1bd2e9f3a9e7a1fe99c24c7e11ccc85b01e467d'}, 'date': {'date': '2022-09-05'}, 'block': {'height': 15476871}}, {'smartContract': {'address': {'address': '0xfa8a58ad29f6751f67bcfbd62be3c48cbaec7ff2'}}, 'caller': {'address': '0xc0aee478e3658e2610c5f7a4a2e1777ce9e4f2ac'}, 'date': {'date': '2022-09-05'}, 'block': {'height': 15476869}}, {'smartContract': {'address': {'address': '0xfd1854b1b26f5a0860279afcd6ef1baa92c3c0c1'}}, 'caller': {'address': '0xa1bd2e9f3a9e7a1fe99c24c7e11ccc85b01e467d'}, 'date': {'date': '2022-09-05'}, 'block': {'height': 15476867}}, {'smartContract': {'address': {'address': '0xa96843173260429cbf3c46650d4a8913102f3dbe'}}, 'caller': {'address': '0xa1bd2e9f3a9e7a1fe99c24c7e11ccc85b01e467d'}, 'date': {'date': '2022-09-05'}, 'block': {'height': 15476866}}, {'smartContract': {'address': {'address': '0x14b14f83e94d81a0b2bd26e5a2d5343f9355fd12'}}, 'caller': {'address': '0xa1bd2e9f3a9e7a1fe99c24c7e11ccc85b01e467d'}, 'date': {'date': '2022-09-05'}, 'block': {'height': 15476864}}]",2022-09-05
360,360,0x508df5aa4746bE37b5b6A69684DfD8BDC322219d,Crafting Finance,https://github.com/crafting-finance,0x5E229E2005e0d7370b81D765FE6496035787Fe49,5856.606364,"[{'smartContract': {'address': {'address': '0x8b6a826cb362be9dfa33985c1cd7505a54eacc2b'}}, 'caller': {'address': '0x5e229e2005e0d7370b81d765fe6496035787fe49'}, 'date': {'date': '2022-10-18'}, 'block': {'height': 15774929}}, {'smartContract': {'address': {'address': '0xea59589824dafcfaf2cca41c68df3c03663db82d'}}, 'caller': {'address': '0x5e229e2005e0d7370b81d765fe6496035787fe49'}, 'date': {'date': '2022-07-18'}, 'block': {'height': 15166296}}, {'smartContract': {'address': {'address': '0x97b8ad251e31e10a237d6066877b6e7564b9e597'}}, 'caller': {'address': '0x5e229e2005e0d7370b81d765fe6496035787fe49'}, 'date': {'date': '2022-04-19'}, 'block': {'height': 14615675}}, {'smartContract': {'address': {'address': '0x03770caa69ab3d8acb6071d3c20c91e2ae65dbdd'}}, 'caller': {'address': '0x5e229e2005e0d7370b81d765fe6496035787fe49'}, 'date': {'date': '2022-03-11'}, 'block': {'height': 14366364}}, {'smartContract': {'address': {'address': '0x7aff2b25e9d4cc20f2be4058d8df236f0a93d3ce'}}, 'caller': {'address': '0x5e229e2005e0d7370b81d765fe6496035787fe49'}, 'date': {'date': '2022-01-19'}, 'block': {'height': 14035338}}, {'smartContract': {'address': {'address': '0xd7575888f8fff3373d94f5df4746fd63b80a8f3e'}}, 'caller': {'address': '0x5e229e2005e0d7370b81d765fe6496035787fe49'}, 'date': {'date': '2021-12-18'}, 'block': {'height': 13827133}}, {'smartContract': {'address': {'address': '0x321fd763b8220b5697e41862acaa41aeb1e2556d'}}, 'caller': {'address': '0x5e229e2005e0d7370b81d765fe6496035787fe49'}, 'date': {'date': '2021-12-18'}, 'block': {'height': 13827129}}, {'smartContract': {'address': {'address': '0xf70a76affd4c368ed16a2593c4d9faee3562a4ba'}}, 'caller': {'address': '0x5e229e2005e0d7370b81d765fe6496035787fe49'}, 'date': {'date': '2021-12-14'}, 'block': {'height': 13803516}}, {'smartContract': {'address': {'address': '0x9353177049757a21f19a28c3055c03871e6428cf'}}, 'caller': {'address': '0x5e229e2005e0d7370b81d765fe6496035787fe49'}, 'date': {'date': '2021-12-14'}, 'block': {'height': 13803515}}, {'smartContract': {'address': {'address': '0x5f0f42e7c62d1256f0ea9b85326156da49d652ab'}}, 'caller': {'address': '0x5e229e2005e0d7370b81d765fe6496035787fe49'}, 'date': {'date': '2021-12-13'}, 'block': {'height': 13798379}}, {'smartContract': {'address': {'address': '0xa1fd43ae058e7f62575d35ddffcc85651f02c713'}}, 'caller': {'address': '0x5e229e2005e0d7370b81d765fe6496035787fe49'}, 'date': {'date': '2021-12-13'}, 'block': {'height': 13798378}}, {'smartContract': {'address': {'address': '0x508df5aa4746be37b5b6a69684dfd8bdc322219d'}}, 'caller': {'address': '0x5e229e2005e0d7370b81d765fe6496035787fe49'}, 'date': {'date': '2021-12-13'}, 'block': {'height': 13795382}}]",2021-12-13
361,361,0x8a14897eA5F668f36671678593fAe44Ae23B39FB,Cerberus,,0xdB00139222c99e9098DEf2ceBCD94bDCDa8E7625,5280.000194,"[{'smartContract': {'address': {'address': '0xddb175adfe07304aa0e1371bfb99ce5ef15b7055'}}, 'caller': {'address': '0xdb00139222c99e9098def2cebcd94bdcda8e7625'}, 'date': {'date': '2022-01-04'}, 'block': {'height': 13939585}}, {'smartContract': {'address': {'address': '0x98813757cb2167ae4dfb7734af5b68cfe78b6d35'}}, 'caller': {'address': '0xdb00139222c99e9098def2cebcd94bdcda8e7625'}, 'date': {'date': '2022-01-04'}, 'block': {'height': 13939567}}, {'smartContract': {'address': {'address': '0xf0c2b0ec587155abe978ae47705f0c619f44bc65'}}, 'caller': {'address': '0xdb00139222c99e9098def2cebcd94bdcda8e7625'}, 'date': {'date': '2021-12-05'}, 'block': {'height': 13747967}}, {'smartContract': {'address': {'address': '0x30f5039447b8aef529db99324896b14d453d85fa'}}, 'caller': {'address': '0xdb00139222c99e9098def2cebcd94bdcda8e7625'}, 'date': {'date': '2021-12-05'}, 'block': {'height': 13747966}}, {'smartContract': {'address': {'address': '0x29d6f2ff916f7847ba5c086baeef36a09187f5c9'}}, 'caller': {'address': '0xdb00139222c99e9098def2cebcd94bdcda8e7625'}, 'date': {'date': '2021-11-30'}, 'block': {'height': 13713526}}, {'smartContract': {'address': {'address': '0xd2e0bd64b3e6fbc4d09f9a11e5852bf9a46a6731'}}, 'caller': {'address': '0xdb00139222c99e9098def2cebcd94bdcda8e7625'}, 'date': {'date': '2021-11-29'}, 'block': {'height': 13707392}}, {'smartContract': {'address': {'address': '0x84e976a31e1b9a8f694a87d179685c6c53ab1b72'}}, 'caller': {'address': '0xdb00139222c99e9098def2cebcd94bdcda8e7625'}, 'date': {'date': '2021-11-28'}, 'block': {'height': 13701460}}, {'smartContract': {'address': {'address': '0x5f50d0f427228f48665fb790685c450328995c0d'}}, 'caller': {'address': '0xdb00139222c99e9098def2cebcd94bdcda8e7625'}, 'date': {'date': '2021-11-28'}, 'block': {'height': 13701457}}, {'smartContract': {'address': {'address': '0xdda2ebc7d12418d8e002153d71a593d4eef64e25'}}, 'caller': {'address': '0xdb00139222c99e9098def2cebcd94bdcda8e7625'}, 'date': {'date': '2021-11-27'}, 'block': {'height': 13693669}}, {'smartContract': {'address': {'address': '0x5a44a488d80a92eb231cf29b864abd920fa0535d'}}, 'caller': {'address': '0xdb00139222c99e9098def2cebcd94bdcda8e7625'}, 'date': {'date': '2021-11-27'}, 'block': {'height': 13693665}}, {'smartContract': {'address': {'address': '0xec7a46c37e5416cf9a3013efd3ef70b9da4b9775'}}, 'caller': {'address': '0xdb00139222c99e9098def2cebcd94bdcda8e7625'}, 'date': {'date': '2021-11-27'}, 'block': {'height': 13693665}}, {'smartContract': {'address': {'address': '0x365e2a8a707200aeb1c87c70fb25369e7788610e'}}, 'caller': {'address': '0xdb00139222c99e9098def2cebcd94bdcda8e7625'}, 'date': {'date': '2021-11-27'}, 'block': {'height': 13693662}}, {'smartContract': {'address': {'address': '0x63548e4894ee26e08eda08145c57ecda09cfe74a'}}, 'caller': {'address': '0xdb00139222c99e9098def2cebcd94bdcda8e7625'}, 'date': {'date': '2021-11-27'}, 'block': {'height': 13693662}}, {'smartContract': {'address': {'address': '0x95deaf8dd30380acd6cc5e4e90e5eef94d258854'}}, 'caller': {'address': '0xdb00139222c99e9098def2cebcd94bdcda8e7625'}, 'date': {'date': '2021-11-27'}, 'block': {'height': 13693632}}, {'smartContract': {'address': {'address': '0xa552f061d8962be4c1f6bc6b0403ca620f569330'}}, 'caller': {'address': '0xdb00139222c99e9098def2cebcd94bdcda8e7625'}, 'date': {'date': '2021-11-27'}, 'block': {'height': 13693629}}, {'smartContract': {'address': {'address': '0x3878db57d6e1c15a3670d32ed15d3853bd5c6fde'}}, 'caller': {'address': '0xdb00139222c99e9098def2cebcd94bdcda8e7625'}, 'date': {'date': '2021-11-27'}, 'block': {'height': 13693600}}, {'smartContract': {'address': {'address': '0x56d595ea5591d264bc1ef9e073af66685f0bfd31'}}, 'caller': {'address': '0xdb00139222c99e9098def2cebcd94bdcda8e7625'}, 'date': {'date': '2021-11-27'}, 'block': {'height': 13693598}}, {'smartContract': {'address': {'address': '0x166db9bb0de70bc2d07f5087568808d33879f5f2'}}, 'caller': {'address': '0xdb00139222c99e9098def2cebcd94bdcda8e7625'}, 'date': {'date': '2021-11-26'}, 'block': {'height': 13692177}}, {'smartContract': {'address': {'address': '0x59cc283fc0b99bf859aa49cd5c33da54357df4b0'}}, 'caller': {'address': '0xdb00139222c99e9098def2cebcd94bdcda8e7625'}, 'date': {'date': '2021-11-26'}, 'block': {'height': 13692176}}, {'smartContract': {'address': {'address': '0xced768c47913faee0922ea91ee1ef41e3ec89915'}}, 'caller': {'address': '0xdb00139222c99e9098def2cebcd94bdcda8e7625'}, 'date': {'date': '2021-11-26'}, 'block': {'height': 13692175}}, {'smartContract': {'address': {'address': '0x1ff01f7b7dad10a66f7188b251c0ee2fadaa438c'}}, 'caller': {'address': '0xdb00139222c99e9098def2cebcd94bdcda8e7625'}, 'date': {'date': '2021-11-26'}, 'block': {'height': 13692173}}, {'smartContract': {'address': {'address': '0x8c6847e996b6be77d0a1c337f94b1dd053ac5d4f'}}, 'caller': {'address': '0xdb00139222c99e9098def2cebcd94bdcda8e7625'}, 'date': {'date': '2021-11-26'}, 'block': {'height': 13692171}}, {'smartContract': {'address': {'address': '0xf558b05583e7306f93a199c6699bdf0ec714763a'}}, 'caller': {'address': '0xdb00139222c99e9098def2cebcd94bdcda8e7625'}, 'date': {'date': '2021-11-26'}, 'block': {'height': 13692169}}, {'smartContract': {'address': {'address': '0x0f485cfc98ddb0afa738958d96e78113da750c04'}}, 'caller': {'address': '0xdb00139222c99e9098def2cebcd94bdcda8e7625'}, 'date': {'date': '2021-11-26'}, 'block': {'height': 13692167}}, {'smartContract': {'address': {'address': '0xb5b6c3816c66fa6bc5b189f49e5b088e2de5082a'}}, 'caller': {'address': '0x5c69bee701ef814a2b6a3edd4b1652cb9cc5aa6f'}, 'date': {'date': '2021-11-26'}, 'block': {'height': 13691901}}, {'smartContract': {'address': {'address': '0x053f3c35d557a76e9cb6c13a4842d9cfcddac833'}}, 'caller': {'address': '0x751a0bc0e3f75b38e01cf25bfce7ff36de1c87de'}, 'date': {'date': '2021-11-23'}, 'block': {'height': 13672775}}, {'smartContract': {'address': {'address': '0x8a14897ea5f668f36671678593fae44ae23b39fb'}}, 'caller': {'address': '0xdb00139222c99e9098def2cebcd94bdcda8e7625'}, 'date': {'date': '2021-11-23'}, 'block': {'height': 13672316}}]",2021-11-23
362,362,0x767FE9EDC9E0dF98E07454847909b5E959D7ca0E,Illuvium (ILV),https://github.com/IlluviumGame,0x0691f5804d4227925F19b031821b530b48FFf38f,4692.507238,"[{'smartContract': {'address': {'address': '0xe8d3c555d4f984a81bf9ab43cbd4e71acd73fb00'}}, 'caller': {'address': '0x0691f5804d4227925f19b031821b530b48fff38f'}, 'date': {'date': '2022-11-25'}, 'block': {'height': 16048540}}, {'smartContract': {'address': {'address': '0x035dc7dd0e90de650bc8b94196a5419e33b08207'}}, 'caller': {'address': '0x0691f5804d4227925f19b031821b530b48fff38f'}, 'date': {'date': '2022-11-25'}, 'block': {'height': 16048428}}, {'smartContract': {'address': {'address': '0x04da3f7e8289685d88ab0c73f9ea2de75421392c'}}, 'caller': {'address': '0x0691f5804d4227925f19b031821b530b48fff38f'}, 'date': {'date': '2022-11-25'}, 'block': {'height': 16048327}}, {'smartContract': {'address': {'address': '0x19ac5036e66dee56c0afa73a7e50e87fc4413945'}}, 'caller': {'address': '0x0691f5804d4227925f19b031821b530b48fff38f'}, 'date': {'date': '2022-11-21'}, 'block': {'height': 16021211}}, {'smartContract': {'address': {'address': '0x5f04cae38f09c044101b95456fda38ba2c436418'}}, 'caller': {'address': '0x0691f5804d4227925f19b031821b530b48fff38f'}, 'date': {'date': '2022-11-21'}, 'block': {'height': 16021202}}, {'smartContract': {'address': {'address': '0x487e58fe51af1e6fcb1c95aefdac68394a173032'}}, 'caller': {'address': '0x0691f5804d4227925f19b031821b530b48fff38f'}, 'date': {'date': '2022-11-21'}, 'block': {'height': 16021165}}, {'smartContract': {'address': {'address': '0x98c7c18e1b1379fd9135ec82593c902891ca0c76'}}, 'caller': {'address': '0x0691f5804d4227925f19b031821b530b48fff38f'}, 'date': {'date': '2022-05-29'}, 'block': {'height': 14867214}}, {'smartContract': {'address': {'address': '0x1248cab751685bf0024efcf4c879532c0b103f90'}}, 'caller': {'address': '0xa5409ec958c83c3f309868babaca7c86dcb077c1'}, 'date': {'date': '2022-05-17'}, 'block': {'height': 14793540}}, {'smartContract': {'address': {'address': '0xdb0a2a38f30a3f43fbfae98c85b132702df20cb3'}}, 'caller': {'address': '0x0691f5804d4227925f19b031821b530b48fff38f'}, 'date': {'date': '2022-03-31'}, 'block': {'height': 14494201}}, {'smartContract': {'address': {'address': '0x34c267694ed0829f777ab830841f6664ff77e1e0'}}, 'caller': {'address': '0x0691f5804d4227925f19b031821b530b48fff38f'}, 'date': {'date': '2022-03-31'}, 'block': {'height': 14494200}}, {'smartContract': {'address': {'address': '0xe98477bdc16126bb0877c6e3882e3edd72571cc2'}}, 'caller': {'address': '0x0691f5804d4227925f19b031821b530b48fff38f'}, 'date': {'date': '2022-03-23'}, 'block': {'height': 14443478}}, {'smartContract': {'address': {'address': '0xa0d31c1fb382a4b33f57b95ab09f1a7115d11138'}}, 'caller': {'address': '0x0691f5804d4227925f19b031821b530b48fff38f'}, 'date': {'date': '2022-03-23'}, 'block': {'height': 14443477}}, {'smartContract': {'address': {'address': '0x7f5f854ffb6b7701540a00c69c4ab2de2b34291d'}}, 'caller': {'address': '0x0691f5804d4227925f19b031821b530b48fff38f'}, 'date': {'date': '2022-03-23'}, 'block': {'height': 14443469}}, {'smartContract': {'address': {'address': '0x6b72209b2514940606910dd9ad309ee1e5e201c6'}}, 'caller': {'address': '0x0691f5804d4227925f19b031821b530b48fff38f'}, 'date': {'date': '2022-03-23'}, 'block': {'height': 14443468}}, {'smartContract': {'address': {'address': '0x9dca38d109c6c69790fb70bcfdeaf27c4394597c'}}, 'caller': {'address': '0x0691f5804d4227925f19b031821b530b48fff38f'}, 'date': {'date': '2022-03-23'}, 'block': {'height': 14443467}}, {'smartContract': {'address': {'address': '0x53aff3b5059a48e4ee37e63c03e3ad563756d6e1'}}, 'caller': {'address': '0x0691f5804d4227925f19b031821b530b48fff38f'}, 'date': {'date': '2022-03-23'}, 'block': {'height': 14443466}}, {'smartContract': {'address': {'address': '0xa904f27b1de7e82ba587677ee1f5af0ad0a8c79a'}}, 'caller': {'address': '0x0691f5804d4227925f19b031821b530b48fff38f'}, 'date': {'date': '2022-03-03'}, 'block': {'height': 14313130}}, {'smartContract': {'address': {'address': '0x7e77dcb127f99ece88230a64db8d595f31f1b068'}}, 'caller': {'address': '0x0691f5804d4227925f19b031821b530b48fff38f'}, 'date': {'date': '2022-03-03'}, 'block': {'height': 14313117}}, {'smartContract': {'address': {'address': '0x384aa03d8b7cc6a818e7cb7a037ba0cd81af9fdf'}}, 'caller': {'address': '0x0691f5804d4227925f19b031821b530b48fff38f'}, 'date': {'date': '2022-01-17'}, 'block': {'height': 14020644}}, {'smartContract': {'address': {'address': '0xb901614d588ef8db45045ffbb2145e1c36cbf8b9'}}, 'caller': {'address': '0x0691f5804d4227925f19b031821b530b48fff38f'}, 'date': {'date': '2022-01-17'}, 'block': {'height': 14020612}}, {'smartContract': {'address': {'address': '0xa1b1c05b3d00e5803c1c502d9175f3e39fe5a8c6'}}, 'caller': {'address': '0x0691f5804d4227925f19b031821b530b48fff38f'}, 'date': {'date': '2022-01-12'}, 'block': {'height': 13988090}}, {'smartContract': {'address': {'address': '0x2e15eae33cb3e569638746e0cd3525a5c214b71b'}}, 'caller': {'address': '0x0691f5804d4227925f19b031821b530b48fff38f'}, 'date': {'date': '2021-09-03'}, 'block': {'height': 13150650}}, {'smartContract': {'address': {'address': '0xbf9a925c860367eca4e024683d078ad81c8ce17e'}}, 'caller': {'address': '0x0691f5804d4227925f19b031821b530b48fff38f'}, 'date': {'date': '2021-09-03'}, 'block': {'height': 13150540}}, {'smartContract': {'address': {'address': '0xa305cd856e06905a5543dff5dc0c3ad0a9a3dc70'}}, 'caller': {'address': '0x0691f5804d4227925f19b031821b530b48fff38f'}, 'date': {'date': '2021-04-08'}, 'block': {'height': 12196283}}, {'smartContract': {'address': {'address': '0x3fa9f416955fb4a27f6f2bf617ecbe609baa9c4c'}}, 'caller': {'address': '0x0691f5804d4227925f19b031821b530b48fff38f'}, 'date': {'date': '2021-04-04'}, 'block': {'height': 12175880}}, {'smartContract': {'address': {'address': '0x4222b2a98daa443c6a0a761300d7d6bfd9161e52'}}, 'caller': {'address': '0x0691f5804d4227925f19b031821b530b48fff38f'}, 'date': {'date': '2021-04-04'}, 'block': {'height': 12175879}}, {'smartContract': {'address': {'address': '0xf5df4f4bb2cc79949b37a0a7ea7ce09248b3233c'}}, 'caller': {'address': '0x0691f5804d4227925f19b031821b530b48fff38f'}, 'date': {'date': '2021-03-23'}, 'block': {'height': 12097050}}, {'smartContract': {'address': {'address': '0xaebd9bd588f044cbdec8f3cf1e80277a7a52dc69'}}, 'caller': {'address': '0x0691f5804d4227925f19b031821b530b48fff38f'}, 'date': {'date': '2021-03-23'}, 'block': {'height': 12091907}}, {'smartContract': {'address': {'address': '0x767fe9edc9e0df98e07454847909b5e959d7ca0e'}}, 'caller': {'address': '0x0691f5804d4227925f19b031821b530b48fff38f'}, 'date': {'date': '2021-03-21'}, 'block': {'height': 12084124}}, {'smartContract': {'address': {'address': '0x088823fa2c0ceb120198d9e1006bf2596bcae7b8'}}, 'caller': {'address': '0x0691f5804d4227925f19b031821b530b48fff38f'}, 'date': {'date': '2021-03-21'}, 'block': {'height': 12084121}}, {'smartContract': {'address': {'address': '0xabdef64e297a6dd56e0efa3005972da47d78f11f'}}, 'caller': {'address': '0x0691f5804d4227925f19b031821b530b48fff38f'}, 'date': {'date': '2021-02-04'}, 'block': {'height': 11791936}}, {'smartContract': {'address': {'address': '0xc657f5697a952b33cd0598828847fdc5be536d36'}}, 'caller': {'address': '0x0691f5804d4227925f19b031821b530b48fff38f'}, 'date': {'date': '2021-02-04'}, 'block': {'height': 11791770}}]",2021-03-21
363,363,0x65d9bC970aA9B2413027fA339F7f179B3F3f2604,(Proxy contract) QIAN governance token,https://github.com/QIAN-Protocol/QIAN,0x99555a4F1fdd85A4cf431d7569d678Ad0be3c933,2859.621758,"[{'smartContract': {'address': {'address': '0x2bf7cd0549e4d4dfdb7e4282770741d0a92a0685'}}, 'caller': {'address': '0x99555a4f1fdd85a4cf431d7569d678ad0be3c933'}, 'date': {'date': '2020-10-26'}, 'block': {'height': 11129864}}, {'smartContract': {'address': {'address': '0xf90886b11defa5f2d7e628911a988ba81da91211'}}, 'caller': {'address': '0x99555a4f1fdd85a4cf431d7569d678ad0be3c933'}, 'date': {'date': '2020-10-26'}, 'block': {'height': 11129801}}, {'smartContract': {'address': {'address': '0x4acb7a9a5ac83c6f67c901e939611c6d730b7ebb'}}, 'caller': {'address': '0x99555a4f1fdd85a4cf431d7569d678ad0be3c933'}, 'date': {'date': '2020-10-23'}, 'block': {'height': 11112324}}, {'smartContract': {'address': {'address': '0x2c0110a4c10449d7f218f65cee837f157cda1ecb'}}, 'caller': {'address': '0x99555a4f1fdd85a4cf431d7569d678ad0be3c933'}, 'date': {'date': '2020-10-23'}, 'block': {'height': 11111762}}, {'smartContract': {'address': {'address': '0xef5f3453505e48db8ac87e7e3f077e4a12d48b27'}}, 'caller': {'address': '0x99555a4f1fdd85a4cf431d7569d678ad0be3c933'}, 'date': {'date': '2020-10-23'}, 'block': {'height': 11111761}}, {'smartContract': {'address': {'address': '0x744de8dff1faef439d8b71fd2d478d3abceeccad'}}, 'caller': {'address': '0x99555a4f1fdd85a4cf431d7569d678ad0be3c933'}, 'date': {'date': '2020-10-23'}, 'block': {'height': 11111759}}, {'smartContract': {'address': {'address': '0xc70ddd3627ebdbf26fe04e989405af774aa1f074'}}, 'caller': {'address': '0x99555a4f1fdd85a4cf431d7569d678ad0be3c933'}, 'date': {'date': '2020-10-23'}, 'block': {'height': 11111755}}, {'smartContract': {'address': {'address': '0x162dacc4d0f0e3aefbfaed5e026e62c0899835f8'}}, 'caller': {'address': '0x99555a4f1fdd85a4cf431d7569d678ad0be3c933'}, 'date': {'date': '2020-10-23'}, 'block': {'height': 11111507}}, {'smartContract': {'address': {'address': '0x3b4f4d0b32778dc4f9073dafaca5cfd6720fbde0'}}, 'caller': {'address': '0x99555a4f1fdd85a4cf431d7569d678ad0be3c933'}, 'date': {'date': '2020-10-23'}, 'block': {'height': 11111504}}, {'smartContract': {'address': {'address': '0x57a5c8d0a9a4660526c71a88de011a2e58810fc9'}}, 'caller': {'address': '0x99555a4f1fdd85a4cf431d7569d678ad0be3c933'}, 'date': {'date': '2020-10-23'}, 'block': {'height': 11111501}}, {'smartContract': {'address': {'address': '0xc30c04c073105a6c5e9f16b3a669e7f73411144c'}}, 'caller': {'address': '0x99555a4f1fdd85a4cf431d7569d678ad0be3c933'}, 'date': {'date': '2020-10-23'}, 'block': {'height': 11111491}}, {'smartContract': {'address': {'address': '0xd00c339caab08f19fe8e2eb19c2754b124512829'}}, 'caller': {'address': '0x99555a4f1fdd85a4cf431d7569d678ad0be3c933'}, 'date': {'date': '2020-10-23'}, 'block': {'height': 11111361}}, {'smartContract': {'address': {'address': '0xf832bf857f2f7b07979383ee45f7155880138fc3'}}, 'caller': {'address': '0x99555a4f1fdd85a4cf431d7569d678ad0be3c933'}, 'date': {'date': '2020-10-23'}, 'block': {'height': 11111359}}, {'smartContract': {'address': {'address': '0xae22bfa0eed4a915bde431290f67b767c0989f72'}}, 'caller': {'address': '0x99555a4f1fdd85a4cf431d7569d678ad0be3c933'}, 'date': {'date': '2020-10-23'}, 'block': {'height': 11111353}}, {'smartContract': {'address': {'address': '0x3444eafe47f18d23c165362fefd8efa7b55c9778'}}, 'caller': {'address': '0x99555a4f1fdd85a4cf431d7569d678ad0be3c933'}, 'date': {'date': '2020-10-23'}, 'block': {'height': 11111342}}, {'smartContract': {'address': {'address': '0x42e07742b63918901931961f131c409393e757ff'}}, 'caller': {'address': '0x99555a4f1fdd85a4cf431d7569d678ad0be3c933'}, 'date': {'date': '2020-10-23'}, 'block': {'height': 11111338}}, {'smartContract': {'address': {'address': '0x729e8269ab329c250a22c1b36e4b545fec8c4e48'}}, 'caller': {'address': '0x99555a4f1fdd85a4cf431d7569d678ad0be3c933'}, 'date': {'date': '2020-10-23'}, 'block': {'height': 11111337}}, {'smartContract': {'address': {'address': '0x0fc3499605e03239b8507c80e96f53a83e5934f9'}}, 'caller': {'address': '0x99555a4f1fdd85a4cf431d7569d678ad0be3c933'}, 'date': {'date': '2020-10-23'}, 'block': {'height': 11111335}}, {'smartContract': {'address': {'address': '0x617e526ddf766155b7053173c2ab0a656d455807'}}, 'caller': {'address': '0x99555a4f1fdd85a4cf431d7569d678ad0be3c933'}, 'date': {'date': '2020-10-23'}, 'block': {'height': 11111332}}, {'smartContract': {'address': {'address': '0xa4036167b685ef2d23d216384065ee8c075f3761'}}, 'caller': {'address': '0x99555a4f1fdd85a4cf431d7569d678ad0be3c933'}, 'date': {'date': '2020-10-23'}, 'block': {'height': 11111329}}, {'smartContract': {'address': {'address': '0x65d9bc970aa9b2413027fa339f7f179b3f3f2604'}}, 'caller': {'address': '0x99555a4f1fdd85a4cf431d7569d678ad0be3c933'}, 'date': {'date': '2020-10-22'}, 'block': {'height': 11105739}}, {'smartContract': {'address': {'address': '0x058a8ec8661ad2291e20b8cd0db09ff6fc2d5890'}}, 'caller': {'address': '0x99555a4f1fdd85a4cf431d7569d678ad0be3c933'}, 'date': {'date': '2020-10-22'}, 'block': {'height': 11105736}}, {'smartContract': {'address': {'address': '0xfe99b244c81c7a115eee7d8e10f9d81d1d9535ee'}}, 'caller': {'address': '0x99555a4f1fdd85a4cf431d7569d678ad0be3c933'}, 'date': {'date': '2020-10-22'}, 'block': {'height': 11105732}}, {'smartContract': {'address': {'address': '0x5a6660704c3eb7eb90364d23fecb0498c9358a1f'}}, 'caller': {'address': '0x99555a4f1fdd85a4cf431d7569d678ad0be3c933'}, 'date': {'date': '2020-10-22'}, 'block': {'height': 11105729}}, {'smartContract': {'address': {'address': '0x44a3c3bf448f7156fe67d3728a6e97546379c0d6'}}, 'caller': {'address': '0x99555a4f1fdd85a4cf431d7569d678ad0be3c933'}, 'date': {'date': '2020-10-22'}, 'block': {'height': 11105721}}, {'smartContract': {'address': {'address': '0x2f24406cb62171b71e0418cb199fb7cff2562643'}}, 'caller': {'address': '0x99555a4f1fdd85a4cf431d7569d678ad0be3c933'}, 'date': {'date': '2020-10-21'}, 'block': {'height': 11097507}}, {'smartContract': {'address': {'address': '0x5e60fcca904753a31f9df7d7f6b7856b6ec27aa9'}}, 'caller': {'address': '0x99555a4f1fdd85a4cf431d7569d678ad0be3c933'}, 'date': {'date': '2020-10-21'}, 'block': {'height': 11097387}}, {'smartContract': {'address': {'address': '0x68b37d89e1aed3dd348ad8b1cfc1e678539431d7'}}, 'caller': {'address': '0x99555a4f1fdd85a4cf431d7569d678ad0be3c933'}, 'date': {'date': '2020-10-21'}, 'block': {'height': 11097385}}, {'smartContract': {'address': {'address': '0x0c233eed8277349d0ffbc863a4939b0b680737e8'}}, 'caller': {'address': '0x99555a4f1fdd85a4cf431d7569d678ad0be3c933'}, 'date': {'date': '2020-10-21'}, 'block': {'height': 11097377}}, {'smartContract': {'address': {'address': '0x583ca3d3433d0619a16f8a2cf17125e29f41cc87'}}, 'caller': {'address': '0x99555a4f1fdd85a4cf431d7569d678ad0be3c933'}, 'date': {'date': '2020-10-21'}, 'block': {'height': 11097368}}, {'smartContract': {'address': {'address': '0x4688732d51ae94578be1252ba55237490bc68ab8'}}, 'caller': {'address': '0x99555a4f1fdd85a4cf431d7569d678ad0be3c933'}, 'date': {'date': '2020-10-21'}, 'block': {'height': 11097362}}, {'smartContract': {'address': {'address': '0xe1e4694e395755b7137a6b93bd097eece54a16ee'}}, 'caller': {'address': '0x99555a4f1fdd85a4cf431d7569d678ad0be3c933'}, 'date': {'date': '2020-10-21'}, 'block': {'height': 11097358}}, {'smartContract': {'address': {'address': '0x6a2469944d3f0aa54531dfa6dcb4350f4a150b67'}}, 'caller': {'address': '0x99555a4f1fdd85a4cf431d7569d678ad0be3c933'}, 'date': {'date': '2020-10-21'}, 'block': {'height': 11097351}}, {'smartContract': {'address': {'address': '0xf8aa44533942858e112c501bed25238b2628f63f'}}, 'caller': {'address': '0x99555a4f1fdd85a4cf431d7569d678ad0be3c933'}, 'date': {'date': '2020-10-21'}, 'block': {'height': 11097337}}, {'smartContract': {'address': {'address': '0x47d5fd7e24490cbb5075eedae2f43de4b33fd5d9'}}, 'caller': {'address': '0x99555a4f1fdd85a4cf431d7569d678ad0be3c933'}, 'date': {'date': '2020-10-21'}, 'block': {'height': 11097334}}, {'smartContract': {'address': {'address': '0x2336817ccc263b17725d7c15d687510d1d10a1b6'}}, 'caller': {'address': '0x99555a4f1fdd85a4cf431d7569d678ad0be3c933'}, 'date': {'date': '2020-10-21'}, 'block': {'height': 11097330}}, {'smartContract': {'address': {'address': '0x0eef5d48a8032f263183d70f004fc74e68ec1ded'}}, 'caller': {'address': '0x99555a4f1fdd85a4cf431d7569d678ad0be3c933'}, 'date': {'date': '2020-10-21'}, 'block': {'height': 11097325}}, {'smartContract': {'address': {'address': '0x59d4ccc94a9c4c3d3b4ba2aa343a9bdf95145dd1'}}, 'caller': {'address': '0x99555a4f1fdd85a4cf431d7569d678ad0be3c933'}, 'date': {'date': '2020-10-21'}, 'block': {'height': 11097320}}, {'smartContract': {'address': {'address': '0xf2ce7df0f8d4443807a823a33fb61f1784981e35'}}, 'caller': {'address': '0x99555a4f1fdd85a4cf431d7569d678ad0be3c933'}, 'date': {'date': '2020-10-21'}, 'block': {'height': 11097315}}, {'smartContract': {'address': {'address': '0x3719c6ff935623a7b125952df5d849ef53b08cac'}}, 'caller': {'address': '0x99555a4f1fdd85a4cf431d7569d678ad0be3c933'}, 'date': {'date': '2020-10-21'}, 'block': {'height': 11097308}}, {'smartContract': {'address': {'address': '0xc428f63524fa2277ae7f4e5d486b743ee7371950'}}, 'caller': {'address': '0x99555a4f1fdd85a4cf431d7569d678ad0be3c933'}, 'date': {'date': '2020-10-21'}, 'block': {'height': 11097306}}, {'smartContract': {'address': {'address': '0x9e7c4f6e9bb0a3c060b7c7a0e5719c4b1998958f'}}, 'caller': {'address': '0x99555a4f1fdd85a4cf431d7569d678ad0be3c933'}, 'date': {'date': '2020-10-21'}, 'block': {'height': 11097296}}, {'smartContract': {'address': {'address': '0xe131cbc6ddaba30f80041af09801b4b228a1f82d'}}, 'caller': {'address': '0x99555a4f1fdd85a4cf431d7569d678ad0be3c933'}, 'date': {'date': '2020-10-21'}, 'block': {'height': 11097291}}, {'smartContract': {'address': {'address': '0x76b728fad01f90ba844c3790acb3225c7f37096e'}}, 'caller': {'address': '0x99555a4f1fdd85a4cf431d7569d678ad0be3c933'}, 'date': {'date': '2020-10-21'}, 'block': {'height': 11097278}}, {'smartContract': {'address': {'address': '0x9fb384fa70535986b1c1f15be0025866d6a07ded'}}, 'caller': {'address': '0x99555a4f1fdd85a4cf431d7569d678ad0be3c933'}, 'date': {'date': '2020-09-28'}, 'block': {'height': 10950956}}, {'smartContract': {'address': {'address': '0xb069a2e8c3a0ac5bd09429af4b79e4d89f853cb1'}}, 'caller': {'address': '0x99555a4f1fdd85a4cf431d7569d678ad0be3c933'}, 'date': {'date': '2020-09-27'}, 'block': {'height': 10944022}}, {'smartContract': {'address': {'address': '0xc6eca979b0d17c348055733bb84e94f5c655cd52'}}, 'caller': {'address': '0x99555a4f1fdd85a4cf431d7569d678ad0be3c933'}, 'date': {'date': '2020-09-18'}, 'block': {'height': 10886015}}, {'smartContract': {'address': {'address': '0x48c6d852f9fb13dbba1b7d7452d81d4425912abf'}}, 'caller': {'address': '0x99555a4f1fdd85a4cf431d7569d678ad0be3c933'}, 'date': {'date': '2020-09-18'}, 'block': {'height': 10886012}}, {'smartContract': {'address': {'address': '0xc9ec0ef264c037795953709e6c2f7ca301a155d1'}}, 'caller': {'address': '0x99555a4f1fdd85a4cf431d7569d678ad0be3c933'}, 'date': {'date': '2020-09-18'}, 'block': {'height': 10885998}}, {'smartContract': {'address': {'address': '0xde73a4ebdb9937562164603742b724ed473dfaa1'}}, 'caller': {'address': '0x99555a4f1fdd85a4cf431d7569d678ad0be3c933'}, 'date': {'date': '2020-09-18'}, 'block': {'height': 10885930}}, {'smartContract': {'address': {'address': '0x2d42fe3423ebb7cd47fc58ef44a19d69e74ae838'}}, 'caller': {'address': '0x99555a4f1fdd85a4cf431d7569d678ad0be3c933'}, 'date': {'date': '2020-09-18'}, 'block': {'height': 10885925}}, {'smartContract': {'address': {'address': '0xb91e8702d55f3f79d4fc4e81c17dab70a6b75674'}}, 'caller': {'address': '0x99555a4f1fdd85a4cf431d7569d678ad0be3c933'}, 'date': {'date': '2020-09-18'}, 'block': {'height': 10885908}}, {'smartContract': {'address': {'address': '0x3610ac53bcccdb23e6d8dbbd0e38e7d0d1959940'}}, 'caller': {'address': '0x99555a4f1fdd85a4cf431d7569d678ad0be3c933'}, 'date': {'date': '2020-09-18'}, 'block': {'height': 10885902}}, {'smartContract': {'address': {'address': '0xc4a4cd00bf6f266ae2dbc21841371c45c357c339'}}, 'caller': {'address': '0x99555a4f1fdd85a4cf431d7569d678ad0be3c933'}, 'date': {'date': '2020-09-08'}, 'block': {'height': 10819353}}, {'smartContract': {'address': {'address': '0xcad76dcbba3a20d9a24ef4b55aff1b8270089c79'}}, 'caller': {'address': '0x99555a4f1fdd85a4cf431d7569d678ad0be3c933'}, 'date': {'date': '2020-08-31'}, 'block': {'height': 10766360}}, {'smartContract': {'address': {'address': '0xbdbbc1c9446fbc692a570c68fba26a27c6dc9993'}}, 'caller': {'address': '0x99555a4f1fdd85a4cf431d7569d678ad0be3c933'}, 'date': {'date': '2020-08-27'}, 'block': {'height': 10741329}}, {'smartContract': {'address': {'address': '0xd299b229de485550579a2543443f21dea824a878'}}, 'caller': {'address': '0x99555a4f1fdd85a4cf431d7569d678ad0be3c933'}, 'date': {'date': '2020-08-27'}, 'block': {'height': 10741160}}, {'smartContract': {'address': {'address': '0x6fd52d7e7af59b1267466667ff877318538fc442'}}, 'caller': {'address': '0x99555a4f1fdd85a4cf431d7569d678ad0be3c933'}, 'date': {'date': '2020-08-27'}, 'block': {'height': 10740096}}, {'smartContract': {'address': {'address': '0x61a0ac5b737866313399e621ea86797def0f6af1'}}, 'caller': {'address': '0x99555a4f1fdd85a4cf431d7569d678ad0be3c933'}, 'date': {'date': '2020-08-27'}, 'block': {'height': 10740094}}, {'smartContract': {'address': {'address': '0xafdf3414aa04d91ea074046f9637f1e19e4d9f2e'}}, 'caller': {'address': '0x99555a4f1fdd85a4cf431d7569d678ad0be3c933'}, 'date': {'date': '2020-08-27'}, 'block': {'height': 10740085}}, {'smartContract': {'address': {'address': '0x7658474c13fa4c1fe8c29ae5568a0b754801cb9d'}}, 'caller': {'address': '0x99555a4f1fdd85a4cf431d7569d678ad0be3c933'}, 'date': {'date': '2020-08-27'}, 'block': {'height': 10740080}}, {'smartContract': {'address': {'address': '0x515addee4621a218bbfbd357ad92b821902d2cb4'}}, 'caller': {'address': '0x99555a4f1fdd85a4cf431d7569d678ad0be3c933'}, 'date': {'date': '2020-08-27'}, 'block': {'height': 10740078}}, {'smartContract': {'address': {'address': '0x036c49306ce9f253c6f9d75dbb8566bfa42b3424'}}, 'caller': {'address': '0x99555a4f1fdd85a4cf431d7569d678ad0be3c933'}, 'date': {'date': '2020-08-27'}, 'block': {'height': 10740067}}, {'smartContract': {'address': {'address': '0x75f44a92e3c4a2f0a532c4f6eb66718a935534d3'}}, 'caller': {'address': '0x99555a4f1fdd85a4cf431d7569d678ad0be3c933'}, 'date': {'date': '2020-08-27'}, 'block': {'height': 10740063}}, {'smartContract': {'address': {'address': '0x87b1ee8b50b72ad6a7c69607aaeee77360c309c5'}}, 'caller': {'address': '0x99555a4f1fdd85a4cf431d7569d678ad0be3c933'}, 'date': {'date': '2020-08-27'}, 'block': {'height': 10740057}}, {'smartContract': {'address': {'address': '0x009d3a12ec18058a96f6f95e03fde34369c4a398'}}, 'caller': {'address': '0x99555a4f1fdd85a4cf431d7569d678ad0be3c933'}, 'date': {'date': '2020-08-27'}, 'block': {'height': 10740054}}, {'smartContract': {'address': {'address': '0x82625b9b61f37bc673fedd3b853d77a48ef10c4e'}}, 'caller': {'address': '0x99555a4f1fdd85a4cf431d7569d678ad0be3c933'}, 'date': {'date': '2020-08-27'}, 'block': {'height': 10740046}}, {'smartContract': {'address': {'address': '0x1983e3bed6e3359b7393e52b372511271475da73'}}, 'caller': {'address': '0x99555a4f1fdd85a4cf431d7569d678ad0be3c933'}, 'date': {'date': '2020-08-27'}, 'block': {'height': 10740042}}, {'smartContract': {'address': {'address': '0xaa55f810009b7a24c8ec6939432405562138f7ce'}}, 'caller': {'address': '0x99555a4f1fdd85a4cf431d7569d678ad0be3c933'}, 'date': {'date': '2020-08-27'}, 'block': {'height': 10740038}}, {'smartContract': {'address': {'address': '0x263502b07b9ff9d0c10ec7bdaf977d372d3b4593'}}, 'caller': {'address': '0x99555a4f1fdd85a4cf431d7569d678ad0be3c933'}, 'date': {'date': '2020-08-27'}, 'block': {'height': 10740035}}, {'smartContract': {'address': {'address': '0xe5409064f7cc19e9644dfa4df3e14df43cca034b'}}, 'caller': {'address': '0x99555a4f1fdd85a4cf431d7569d678ad0be3c933'}, 'date': {'date': '2020-08-27'}, 'block': {'height': 10740030}}, {'smartContract': {'address': {'address': '0x17ee9a1769aa73a6c7e11438a58f6d0fe0e3f432'}}, 'caller': {'address': '0x99555a4f1fdd85a4cf431d7569d678ad0be3c933'}, 'date': {'date': '2020-08-27'}, 'block': {'height': 10740026}}, {'smartContract': {'address': {'address': '0x20eb9574e523f6543363ca75c18a4cce3eafdf2b'}}, 'caller': {'address': '0x99555a4f1fdd85a4cf431d7569d678ad0be3c933'}, 'date': {'date': '2020-08-27'}, 'block': {'height': 10740018}}, {'smartContract': {'address': {'address': '0xf077c11634ad9cc5bb17e52f05c6141bdde830ba'}}, 'caller': {'address': '0x99555a4f1fdd85a4cf431d7569d678ad0be3c933'}, 'date': {'date': '2020-08-27'}, 'block': {'height': 10740015}}, {'smartContract': {'address': {'address': '0x70383f63ae2ee0103b2cea0a60f56821f63de835'}}, 'caller': {'address': '0x99555a4f1fdd85a4cf431d7569d678ad0be3c933'}, 'date': {'date': '2020-08-27'}, 'block': {'height': 10740012}}, {'smartContract': {'address': {'address': '0xc8a648ffd7040ff5ea915b1744d62a187ac16c7f'}}, 'caller': {'address': '0x99555a4f1fdd85a4cf431d7569d678ad0be3c933'}, 'date': {'date': '2020-08-27'}, 'block': {'height': 10740009}}, {'smartContract': {'address': {'address': '0x914cd4b2377e1d9def9fee4c25795f591b7cb5ac'}}, 'caller': {'address': '0x99555a4f1fdd85a4cf431d7569d678ad0be3c933'}, 'date': {'date': '2020-08-27'}, 'block': {'height': 10740002}}, {'smartContract': {'address': {'address': '0x555e5eb22ef6dd80b83ddb092c542dfd2fdb19f8'}}, 'caller': {'address': '0x99555a4f1fdd85a4cf431d7569d678ad0be3c933'}, 'date': {'date': '2020-08-26'}, 'block': {'height': 10737768}}, {'smartContract': {'address': {'address': '0x7f3ce4e43e007a900ef4568cdd26fe960f76a6bb'}}, 'caller': {'address': '0x99555a4f1fdd85a4cf431d7569d678ad0be3c933'}, 'date': {'date': '2020-08-26'}, 'block': {'height': 10736498}}, {'smartContract': {'address': {'address': '0xdd72e142b3e37a3b8316f67b88f0b9daa48f761c'}}, 'caller': {'address': '0x99555a4f1fdd85a4cf431d7569d678ad0be3c933'}, 'date': {'date': '2020-08-26'}, 'block': {'height': 10736494}}, {'smartContract': {'address': {'address': '0x27654053c13d5505e1275966cc0adae15354b8de'}}, 'caller': {'address': '0x99555a4f1fdd85a4cf431d7569d678ad0be3c933'}, 'date': {'date': '2020-08-26'}, 'block': {'height': 10736483}}, {'smartContract': {'address': {'address': '0xa96c640c065e7d17c47eb0770b5d8f8725210747'}}, 'caller': {'address': '0x99555a4f1fdd85a4cf431d7569d678ad0be3c933'}, 'date': {'date': '2020-08-26'}, 'block': {'height': 10736478}}, {'smartContract': {'address': {'address': '0xe5f58d4cba78a399c96a3643bfb35bcca11f587d'}}, 'caller': {'address': '0x99555a4f1fdd85a4cf431d7569d678ad0be3c933'}, 'date': {'date': '2020-08-26'}, 'block': {'height': 10736469}}, {'smartContract': {'address': {'address': '0xc2245032df48ed03f2e1b87e2fa242c56931b975'}}, 'caller': {'address': '0x99555a4f1fdd85a4cf431d7569d678ad0be3c933'}, 'date': {'date': '2020-08-26'}, 'block': {'height': 10736464}}, {'smartContract': {'address': {'address': '0x519b9d335f4bb4a1359fc17ef33ada284c497d83'}}, 'caller': {'address': '0x99555a4f1fdd85a4cf431d7569d678ad0be3c933'}, 'date': {'date': '2020-08-26'}, 'block': {'height': 10736460}}, {'smartContract': {'address': {'address': '0x1a7ab68a6d6b07df73438610b614a2d8c7ceffdd'}}, 'caller': {'address': '0x99555a4f1fdd85a4cf431d7569d678ad0be3c933'}, 'date': {'date': '2020-08-26'}, 'block': {'height': 10736450}}, {'smartContract': {'address': {'address': '0x0fee89a108a03f31c88702c450873bda75c35bc7'}}, 'caller': {'address': '0x99555a4f1fdd85a4cf431d7569d678ad0be3c933'}, 'date': {'date': '2020-08-26'}, 'block': {'height': 10736443}}, {'smartContract': {'address': {'address': '0xd6e8d6e2b0a158c35303fc41e6b8ea52f450f35a'}}, 'caller': {'address': '0x99555a4f1fdd85a4cf431d7569d678ad0be3c933'}, 'date': {'date': '2020-08-26'}, 'block': {'height': 10736429}}, {'smartContract': {'address': {'address': '0x5399789d019095163583da6941c27031e1dca77b'}}, 'caller': {'address': '0x99555a4f1fdd85a4cf431d7569d678ad0be3c933'}, 'date': {'date': '2020-08-26'}, 'block': {'height': 10736356}}, {'smartContract': {'address': {'address': '0x368c9654626ecaf3a0fa726adbc2b50cd363bba8'}}, 'caller': {'address': '0x99555a4f1fdd85a4cf431d7569d678ad0be3c933'}, 'date': {'date': '2020-08-26'}, 'block': {'height': 10736346}}, {'smartContract': {'address': {'address': '0x4baa11d5fcfa1ce5b37528b32095c3acc141db33'}}, 'caller': {'address': '0x99555a4f1fdd85a4cf431d7569d678ad0be3c933'}, 'date': {'date': '2020-08-26'}, 'block': {'height': 10736342}}, {'smartContract': {'address': {'address': '0x900e46f88b3b3462a1f77070b6f2dd851bb18d46'}}, 'caller': {'address': '0x99555a4f1fdd85a4cf431d7569d678ad0be3c933'}, 'date': {'date': '2020-08-26'}, 'block': {'height': 10736334}}, {'smartContract': {'address': {'address': '0x3121247abf7898c84332a3b92cd6de82d9cd6f5d'}}, 'caller': {'address': '0x99555a4f1fdd85a4cf431d7569d678ad0be3c933'}, 'date': {'date': '2020-08-26'}, 'block': {'height': 10736329}}, {'smartContract': {'address': {'address': '0xd389aed208e6c354c47b39d2eb8a2f7cbd07796b'}}, 'caller': {'address': '0x99555a4f1fdd85a4cf431d7569d678ad0be3c933'}, 'date': {'date': '2020-08-26'}, 'block': {'height': 10736320}}, {'smartContract': {'address': {'address': '0x9c511d19ba6050082b3de82967b6cc5f07bff88a'}}, 'caller': {'address': '0x99555a4f1fdd85a4cf431d7569d678ad0be3c933'}, 'date': {'date': '2020-08-26'}, 'block': {'height': 10736066}}, {'smartContract': {'address': {'address': '0x04ae8e1a339b870d8bc66065f183a84c1a6794cc'}}, 'caller': {'address': '0x99555a4f1fdd85a4cf431d7569d678ad0be3c933'}, 'date': {'date': '2020-08-26'}, 'block': {'height': 10736059}}, {'smartContract': {'address': {'address': '0xcb245a1c7d1550e6547b106b1efc3e6cc99b68cf'}}, 'caller': {'address': '0x99555a4f1fdd85a4cf431d7569d678ad0be3c933'}, 'date': {'date': '2020-08-26'}, 'block': {'height': 10736058}}, {'smartContract': {'address': {'address': '0x202610d54e53114d19563a3da2bc200a0568cf5f'}}, 'caller': {'address': '0x99555a4f1fdd85a4cf431d7569d678ad0be3c933'}, 'date': {'date': '2020-08-26'}, 'block': {'height': 10736036}}, {'smartContract': {'address': {'address': '0x7751fdfcb2af80ce626705eb4421f1dd8171cede'}}, 'caller': {'address': '0x99555a4f1fdd85a4cf431d7569d678ad0be3c933'}, 'date': {'date': '2020-08-26'}, 'block': {'height': 10736031}}, {'smartContract': {'address': {'address': '0xef1f0060f5a7a260d982af130141159b175cca9d'}}, 'caller': {'address': '0x99555a4f1fdd85a4cf431d7569d678ad0be3c933'}, 'date': {'date': '2020-08-26'}, 'block': {'height': 10736029}}]",2020-10-22
364,364,0x8ab98C28295Ea3BD2DB6aC8b3CA57A625C054BD1,SunflowerToken,,0xdd5b67E58B3A0ad20757c10Cee9B0e33331eaAfd,1584.916701,"[{'smartContract': {'address': {'address': '0xdfd4d352d0d4fd657082a6959c2b6173e248e465'}}, 'caller': {'address': '0xdd5b67e58b3a0ad20757c10cee9b0e33331eaafd'}, 'date': {'date': '2020-11-07'}, 'block': {'height': 11207080}}, {'smartContract': {'address': {'address': '0x8e678b655a6b6e7f31747557a6a90a529b67a990'}}, 'caller': {'address': '0xdd5b67e58b3a0ad20757c10cee9b0e33331eaafd'}, 'date': {'date': '2020-11-07'}, 'block': {'height': 11207048}}, {'smartContract': {'address': {'address': '0xb9ae860baf9d2708f616c226a13303c5aba5c513'}}, 'caller': {'address': '0xdd5b67e58b3a0ad20757c10cee9b0e33331eaafd'}, 'date': {'date': '2020-11-06'}, 'block': {'height': 11202513}}, {'smartContract': {'address': {'address': '0xa40ec8a93293a3179d4b544239916c1b68cb47b6'}}, 'caller': {'address': '0xdd5b67e58b3a0ad20757c10cee9b0e33331eaafd'}, 'date': {'date': '2020-11-06'}, 'block': {'height': 11202464}}, {'smartContract': {'address': {'address': '0x0a218aff9d761703344bff3dc5cc5e9252678d82'}}, 'caller': {'address': '0xdd5b67e58b3a0ad20757c10cee9b0e33331eaafd'}, 'date': {'date': '2020-11-05'}, 'block': {'height': 11197003}}, {'smartContract': {'address': {'address': '0x74e2da01bb1f35f94b9c08471d84f56d44dd7103'}}, 'caller': {'address': '0xdd5b67e58b3a0ad20757c10cee9b0e33331eaafd'}, 'date': {'date': '2020-11-05'}, 'block': {'height': 11196990}}, {'smartContract': {'address': {'address': '0x8ab98c28295ea3bd2db6ac8b3ca57a625c054bd1'}}, 'caller': {'address': '0xdd5b67e58b3a0ad20757c10cee9b0e33331eaafd'}, 'date': {'date': '2020-11-05'}, 'block': {'height': 11196910}}, {'smartContract': {'address': {'address': '0x0cc164d58128746b2f6768197091087a1c3a5f9b'}}, 'caller': {'address': '0xdd5b67e58b3a0ad20757c10cee9b0e33331eaafd'}, 'date': {'date': '2020-11-03'}, 'block': {'height': 11184344}}, {'smartContract': {'address': {'address': '0x7877aac31588f0f47b13c8ebe3b3c19e63745bac'}}, 'caller': {'address': '0xdd5b67e58b3a0ad20757c10cee9b0e33331eaafd'}, 'date': {'date': '2020-11-03'}, 'block': {'height': 11184338}}, {'smartContract': {'address': {'address': '0x85ffb40d73759e7268c1dde27e02adc53bee6873'}}, 'caller': {'address': '0xdd5b67e58b3a0ad20757c10cee9b0e33331eaafd'}, 'date': {'date': '2020-11-03'}, 'block': {'height': 11184329}}, {'smartContract': {'address': {'address': '0xe05ea68a9f757c72acdcbaf061a2206ba9a63f0b'}}, 'caller': {'address': '0xdd5b67e58b3a0ad20757c10cee9b0e33331eaafd'}, 'date': {'date': '2020-11-03'}, 'block': {'height': 11184309}}, {'smartContract': {'address': {'address': '0xa78c7c1d8b7257f7f10b1747039ccdbf5b242259'}}, 'caller': {'address': '0xdce5f03ec47910539f9d36d9322a9811e30e5bb9'}, 'date': {'date': '2020-11-03'}, 'block': {'height': 11181833}}, {'smartContract': {'address': {'address': '0x5303a6a87fb5b6adfdb182bfc7423cd496d123af'}}, 'caller': {'address': '0xdce5f03ec47910539f9d36d9322a9811e30e5bb9'}, 'date': {'date': '2020-11-03'}, 'block': {'height': 11181734}}, {'smartContract': {'address': {'address': '0x5e8bd4d2b8a49fc8a8a68563e333fd5943cb7c0b'}}, 'caller': {'address': '0xdce5f03ec47910539f9d36d9322a9811e30e5bb9'}, 'date': {'date': '2020-11-02'}, 'block': {'height': 11180162}}, {'smartContract': {'address': {'address': '0x11e277024daae25671842e10400a87913d484d6e'}}, 'caller': {'address': '0xdd5b67e58b3a0ad20757c10cee9b0e33331eaafd'}, 'date': {'date': '2020-11-02'}, 'block': {'height': 11179971}}, {'smartContract': {'address': {'address': '0xedf4e98c668d90f50dc3473813d9fd7526457eab'}}, 'caller': {'address': '0xdd5b67e58b3a0ad20757c10cee9b0e33331eaafd'}, 'date': {'date': '2020-11-02'}, 'block': {'height': 11179956}}, {'smartContract': {'address': {'address': '0x5fef94544e875e8dfd3a72c577b593c910e8e79f'}}, 'caller': {'address': '0xdd5b67e58b3a0ad20757c10cee9b0e33331eaafd'}, 'date': {'date': '2020-11-02'}, 'block': {'height': 11179941}}, {'smartContract': {'address': {'address': '0x0d3c7f67aaf97da5027ad9ad1ef84444f236a24d'}}, 'caller': {'address': '0xdd5b67e58b3a0ad20757c10cee9b0e33331eaafd'}, 'date': {'date': '2020-11-02'}, 'block': {'height': 11179900}}, {'smartContract': {'address': {'address': '0xdbb451fbf9fc47fbb5b9c6b1c1c8c99ddf4a4bf4'}}, 'caller': {'address': '0xdd5b67e58b3a0ad20757c10cee9b0e33331eaafd'}, 'date': {'date': '2020-11-01'}, 'block': {'height': 11171768}}, {'smartContract': {'address': {'address': '0xdce5f03ec47910539f9d36d9322a9811e30e5bb9'}}, 'caller': {'address': '0xdd5b67e58b3a0ad20757c10cee9b0e33331eaafd'}, 'date': {'date': '2020-11-01'}, 'block': {'height': 11171733}}, {'smartContract': {'address': {'address': '0xeb288d2111fb4f62e2c8aeb71a235349f7c986fd'}}, 'caller': {'address': '0xdd5b67e58b3a0ad20757c10cee9b0e33331eaafd'}, 'date': {'date': '2020-11-01'}, 'block': {'height': 11171716}}]",2020-11-05
365,365,0x054f76beED60AB6dBEb23502178C52d6C5dEbE40,DeFiner (FIN),,0x7f89D1C986779D2f336A29f1507ab88FE7F29DE9,801.0544052,"[{'smartContract': {'address': {'address': '0x486792bcdb13f8aacf85288d98850fa2804f95c7'}}, 'caller': {'address': '0x5c69bee701ef814a2b6a3edd4b1652cb9cc5aa6f'}, 'date': {'date': '2020-10-11'}, 'block': {'height': 11036052}}, {'smartContract': {'address': {'address': '0x054f76beed60ab6dbeb23502178c52d6c5debe40'}}, 'caller': {'address': '0x7f89d1c986779d2f336a29f1507ab88fe7f29de9'}, 'date': {'date': '2020-09-09'}, 'block': {'height': 10825968}}]",2020-09-09
366,366,0x04E60C5F1C3A9Fff297A7498D6Fa571F5266c233,Phission Token,,0xcB7F07eE6FeEdc7F03FB43F90BDe87C2A8F5a71c,677.58829,"[{'smartContract': {'address': {'address': '0xb7ebd737ce08de1e0b289c5d8842d21d3f3d0e6c'}}, 'caller': {'address': '0x2cdf107d3d92aedc333ca45201e8d8f36a47cb9d'}, 'date': {'date': '2022-08-25'}, 'block': {'height': 15411339}}, {'smartContract': {'address': {'address': '0x569a157eac744b87a42314e8fc03a2e648ea33a2'}}, 'caller': {'address': '0xcb7f07ee6feedc7f03fb43f90bde87c2a8f5a71c'}, 'date': {'date': '2022-08-25'}, 'block': {'height': 15410477}}, {'smartContract': {'address': {'address': '0x18174e80335b9fcbc8ac0ab7f40f25aba878cccc'}}, 'caller': {'address': '0x5c69bee701ef814a2b6a3edd4b1652cb9cc5aa6f'}, 'date': {'date': '2022-08-25'}, 'block': {'height': 15410453}}, {'smartContract': {'address': {'address': '0x8825921fafa539617f73e37c169a198abf59f6b8'}}, 'caller': {'address': '0xcb7f07ee6feedc7f03fb43f90bde87c2a8f5a71c'}, 'date': {'date': '2022-08-25'}, 'block': {'height': 15410439}}, {'smartContract': {'address': {'address': '0xf30d15b089cfebd1f27d45a14ca7da3dd3268248'}}, 'caller': {'address': '0xcb7f07ee6feedc7f03fb43f90bde87c2a8f5a71c'}, 'date': {'date': '2022-08-25'}, 'block': {'height': 15410435}}, {'smartContract': {'address': {'address': '0x21dd2b803ea76cf62ec62165bb09e017ca409660'}}, 'caller': {'address': '0xcb7f07ee6feedc7f03fb43f90bde87c2a8f5a71c'}, 'date': {'date': '2022-08-25'}, 'block': {'height': 15410406}}, {'smartContract': {'address': {'address': '0x4ca0015da6d7d76fc97a1b3e0695aae07ee3b3a0'}}, 'caller': {'address': '0xcb7f07ee6feedc7f03fb43f90bde87c2a8f5a71c'}, 'date': {'date': '2022-08-25'}, 'block': {'height': 15410379}}, {'smartContract': {'address': {'address': '0x5b657659feb8e9e215841dd853039e1b7053df56'}}, 'caller': {'address': '0xcb7f07ee6feedc7f03fb43f90bde87c2a8f5a71c'}, 'date': {'date': '2022-08-25'}, 'block': {'height': 15410358}}, {'smartContract': {'address': {'address': '0xe3e21717fce2301924cb58312074a103dd8db9cb'}}, 'caller': {'address': '0x2cdf107d3d92aedc333ca45201e8d8f36a47cb9d'}, 'date': {'date': '2022-08-25'}, 'block': {'height': 15410302}}, {'smartContract': {'address': {'address': '0x6faaf2a9e02fe1c37ca74fabef7657b898ad507a'}}, 'caller': {'address': '0x5c69bee701ef814a2b6a3edd4b1652cb9cc5aa6f'}, 'date': {'date': '2022-08-25'}, 'block': {'height': 15410276}}, {'smartContract': {'address': {'address': '0x21aeabe9d012221182a96d5e6ac13383375d06d6'}}, 'caller': {'address': '0x1ceb29f893b3d9c2259d4f2716fb1da87f594fb6'}, 'date': {'date': '2022-08-25'}, 'block': {'height': 15410207}}, {'smartContract': {'address': {'address': '0xb09e34a6dfbacf55b53217374a6ec7347441c2b8'}}, 'caller': {'address': '0x1ceb29f893b3d9c2259d4f2716fb1da87f594fb6'}, 'date': {'date': '2022-08-25'}, 'block': {'height': 15410207}}, {'smartContract': {'address': {'address': '0x1ceb29f893b3d9c2259d4f2716fb1da87f594fb6'}}, 'caller': {'address': '0x2cdf107d3d92aedc333ca45201e8d8f36a47cb9d'}, 'date': {'date': '2022-08-25'}, 'block': {'height': 15410207}}, {'smartContract': {'address': {'address': '0x04e60c5f1c3a9fff297a7498d6fa571f5266c233'}}, 'caller': {'address': '0xcb7f07ee6feedc7f03fb43f90bde87c2a8f5a71c'}, 'date': {'date': '2022-08-25'}, 'block': {'height': 15410188}}, {'smartContract': {'address': {'address': '0x638dc95c10897cee1c9839da5f16fde11d71c0f5'}}, 'caller': {'address': '0x5c69bee701ef814a2b6a3edd4b1652cb9cc5aa6f'}, 'date': {'date': '2022-08-25'}, 'block': {'height': 15410178}}, {'smartContract': {'address': {'address': '0x1e1bb9e0d7588ff84424cdc6ad3c730f2af981ec'}}, 'caller': {'address': '0x2cdf107d3d92aedc333ca45201e8d8f36a47cb9d'}, 'date': {'date': '2022-08-25'}, 'block': {'height': 15410123}}, {'smartContract': {'address': {'address': '0x0e9cf7eae78cea78f3747ff84438ed83acc5068d'}}, 'caller': {'address': '0x1e1bb9e0d7588ff84424cdc6ad3c730f2af981ec'}, 'date': {'date': '2022-08-25'}, 'block': {'height': 15410123}}, {'smartContract': {'address': {'address': '0x4f80d7ce33a8089858ae336ae23d8a5110411823'}}, 'caller': {'address': '0x1e1bb9e0d7588ff84424cdc6ad3c730f2af981ec'}, 'date': {'date': '2022-08-25'}, 'block': {'height': 15410123}}, {'smartContract': {'address': {'address': '0x40562fabe20bb9098fd9d2a6f751ecda2e6eee4d'}}, 'caller': {'address': '0xcb7f07ee6feedc7f03fb43f90bde87c2a8f5a71c'}, 'date': {'date': '2022-08-25'}, 'block': {'height': 15410007}}, {'smartContract': {'address': {'address': '0x0416cc9c80e98d520672d537395376d12bb74a7c'}}, 'caller': {'address': '0x5c69bee701ef814a2b6a3edd4b1652cb9cc5aa6f'}, 'date': {'date': '2022-08-25'}, 'block': {'height': 15409993}}, {'smartContract': {'address': {'address': '0x5b38a73f9db3f5e12bb4dcb5a434fb3bd3972e53'}}, 'caller': {'address': '0x2cdf107d3d92aedc333ca45201e8d8f36a47cb9d'}, 'date': {'date': '2022-08-25'}, 'block': {'height': 15409966}}, {'smartContract': {'address': {'address': '0xf71cec206fb0fa97376b27901074f805bd1fa453'}}, 'caller': {'address': '0x5b38a73f9db3f5e12bb4dcb5a434fb3bd3972e53'}, 'date': {'date': '2022-08-25'}, 'block': {'height': 15409966}}, {'smartContract': {'address': {'address': '0x8e91f893d2e6a2d4de7bdd4bbafa8e9e28d88e87'}}, 'caller': {'address': '0x5b38a73f9db3f5e12bb4dcb5a434fb3bd3972e53'}, 'date': {'date': '2022-08-25'}, 'block': {'height': 15409966}}, {'smartContract': {'address': {'address': '0x2cdf107d3d92aedc333ca45201e8d8f36a47cb9d'}}, 'caller': {'address': '0xcb7f07ee6feedc7f03fb43f90bde87c2a8f5a71c'}, 'date': {'date': '2022-08-25'}, 'block': {'height': 15409935}}, {'smartContract': {'address': {'address': '0x0e00f8819384b297dd2029f6b018ec07484c91ba'}}, 'caller': {'address': '0xcb7f07ee6feedc7f03fb43f90bde87c2a8f5a71c'}, 'date': {'date': '2022-08-25'}, 'block': {'height': 15409916}}]",2022-08-25
367,367,0x74159651A992952e2bF340D7628459aA4593fc05,Tenet,,0x5A3403617a387eA54030A36F71C195e22A0d76AF,186.6307287,"[{'smartContract': {'address': {'address': '0xd1ae30c0ffab438a4528bb6e2b8b054634ee9e52'}}, 'caller': {'address': '0x5a3403617a387ea54030a36f71c195e22a0d76af'}, 'date': {'date': '2021-05-27'}, 'block': {'height': 12515244}}, {'smartContract': {'address': {'address': '0x3ef23d4f03b36b801ac54144abbd215a3267af9d'}}, 'caller': {'address': '0x5a3403617a387ea54030a36f71c195e22a0d76af'}, 'date': {'date': '2021-05-27'}, 'block': {'height': 12515233}}, {'smartContract': {'address': {'address': '0x054737625b1fac8a1b51d27f27a51532498fbe99'}}, 'caller': {'address': '0x5a3403617a387ea54030a36f71c195e22a0d76af'}, 'date': {'date': '2021-04-19'}, 'block': {'height': 12268067}}, {'smartContract': {'address': {'address': '0xe3062557d83201f308d0d0ffa8484e4e937406a9'}}, 'caller': {'address': '0x5a3403617a387ea54030a36f71c195e22a0d76af'}, 'date': {'date': '2021-04-02'}, 'block': {'height': 12158792}}, {'smartContract': {'address': {'address': '0x4bded516a1912b6f6a27a8f83247f030fd017cde'}}, 'caller': {'address': '0x5a3403617a387ea54030a36f71c195e22a0d76af'}, 'date': {'date': '2021-04-02'}, 'block': {'height': 12158787}}, {'smartContract': {'address': {'address': '0x25f9d3d80e2cd03b4cd9508672e0fcf32de61e85'}}, 'caller': {'address': '0x5a3403617a387ea54030a36f71c195e22a0d76af'}, 'date': {'date': '2021-01-15'}, 'block': {'height': 11660181}}, {'smartContract': {'address': {'address': '0x8212e46dd4acf0e0be99695fa8805f0bc6f0eb0b'}}, 'caller': {'address': '0x5a3403617a387ea54030a36f71c195e22a0d76af'}, 'date': {'date': '2021-01-10'}, 'block': {'height': 11627667}}, {'smartContract': {'address': {'address': '0xeebcd47e6a10ba95bfe103ccbdbc2b0af471451f'}}, 'caller': {'address': '0x5a3403617a387ea54030a36f71c195e22a0d76af'}, 'date': {'date': '2021-01-07'}, 'block': {'height': 11610204}}, {'smartContract': {'address': {'address': '0xc28f2b0cfb341cf74e71ec147dc662c3ec848daf'}}, 'caller': {'address': '0x5a3403617a387ea54030a36f71c195e22a0d76af'}, 'date': {'date': '2021-01-07'}, 'block': {'height': 11610198}}, {'smartContract': {'address': {'address': '0xda842fad0bdb105c88399e845ad4d00de3aeb911'}}, 'caller': {'address': '0x5a3403617a387ea54030a36f71c195e22a0d76af'}, 'date': {'date': '2021-01-07'}, 'block': {'height': 11610087}}, {'smartContract': {'address': {'address': '0x26d296e9f5a8dae79d0c95a0cd2e05f48fefa574'}}, 'caller': {'address': '0xc0aee478e3658e2610c5f7a4a2e1777ce9e4f2ac'}, 'date': {'date': '2021-01-05'}, 'block': {'height': 11593456}}, {'smartContract': {'address': {'address': '0xf606297642b209b06d925099356ba3bd8a5291f5'}}, 'caller': {'address': '0x5a3403617a387ea54030a36f71c195e22a0d76af'}, 'date': {'date': '2021-01-04'}, 'block': {'height': 11588525}}, {'smartContract': {'address': {'address': '0x8a7e4ec685c973fae8391c711ffaad0fe8d88f9b'}}, 'caller': {'address': '0x5a3403617a387ea54030a36f71c195e22a0d76af'}, 'date': {'date': '2021-01-04'}, 'block': {'height': 11588488}}, {'smartContract': {'address': {'address': '0xf317cc0d924c5b7039ab3c0bd600f3a46903b91c'}}, 'caller': {'address': '0x5a3403617a387ea54030a36f71c195e22a0d76af'}, 'date': {'date': '2020-12-31'}, 'block': {'height': 11560718}}, {'smartContract': {'address': {'address': '0x05c735688b6a0598c3ba92e8391f98eacc7e925c'}}, 'caller': {'address': '0x5a3403617a387ea54030a36f71c195e22a0d76af'}, 'date': {'date': '2020-12-31'}, 'block': {'height': 11560694}}, {'smartContract': {'address': {'address': '0x4f4d1be1d9d7793782d7d2f049318b0e6d1df76b'}}, 'caller': {'address': '0x5a3403617a387ea54030a36f71c195e22a0d76af'}, 'date': {'date': '2020-12-27'}, 'block': {'height': 11537303}}, {'smartContract': {'address': {'address': '0x11ee27467de8b2df1af735b335c8f80a11487c09'}}, 'caller': {'address': '0x5a3403617a387ea54030a36f71c195e22a0d76af'}, 'date': {'date': '2020-12-27'}, 'block': {'height': 11537187}}, {'smartContract': {'address': {'address': '0x57746780beeccd278fb840ae79a9cca04c74bd66'}}, 'caller': {'address': '0x5a3403617a387ea54030a36f71c195e22a0d76af'}, 'date': {'date': '2020-12-27'}, 'block': {'height': 11537083}}, {'smartContract': {'address': {'address': '0x44c176847e7f5aad4707adc95200142b9355e1bb'}}, 'caller': {'address': '0x5a3403617a387ea54030a36f71c195e22a0d76af'}, 'date': {'date': '2020-12-27'}, 'block': {'height': 11537010}}, {'smartContract': {'address': {'address': '0xb4261cc874ac316065d917988a7f9c491500963e'}}, 'caller': {'address': '0x5a3403617a387ea54030a36f71c195e22a0d76af'}, 'date': {'date': '2020-12-27'}, 'block': {'height': 11536175}}, {'smartContract': {'address': {'address': '0xe1bb8da14c98f4dbca5504ca59168c41af1e36de'}}, 'caller': {'address': '0x5a3403617a387ea54030a36f71c195e22a0d76af'}, 'date': {'date': '2020-12-27'}, 'block': {'height': 11536088}}, {'smartContract': {'address': {'address': '0x54f7cd0b73d2a55815f2e35a7e2cd223ea7d3ca1'}}, 'caller': {'address': '0x5c69bee701ef814a2b6a3edd4b1652cb9cc5aa6f'}, 'date': {'date': '2020-12-27'}, 'block': {'height': 11535184}}, {'smartContract': {'address': {'address': '0xfecbe4a25125d50397a2741307e18ed0038fa9a2'}}, 'caller': {'address': '0x5a3403617a387ea54030a36f71c195e22a0d76af'}, 'date': {'date': '2020-12-27'}, 'block': {'height': 11535039}}, {'smartContract': {'address': {'address': '0xc004c2a69aeda7e21a009bda6f1c18a8d57c3a01'}}, 'caller': {'address': '0x5a3403617a387ea54030a36f71c195e22a0d76af'}, 'date': {'date': '2020-12-27'}, 'block': {'height': 11535037}}, {'smartContract': {'address': {'address': '0x74159651a992952e2bf340d7628459aa4593fc05'}}, 'caller': {'address': '0x5a3403617a387ea54030a36f71c195e22a0d76af'}, 'date': {'date': '2020-12-27'}, 'block': {'height': 11535008}}, {'smartContract': {'address': {'address': '0x087f3b6ee56004e7129a509dc4bc1610b68d5b20'}}, 'caller': {'address': '0x5a3403617a387ea54030a36f71c195e22a0d76af'}, 'date': {'date': '2020-12-27'}, 'block': {'height': 11534759}}, {'smartContract': {'address': {'address': '0x5b84bcc5a81665624b266a53d04759cf2cf1eea1'}}, 'caller': {'address': '0x5a3403617a387ea54030a36f71c195e22a0d76af'}, 'date': {'date': '2020-10-09'}, 'block': {'height': 11020599}}, {'smartContract': {'address': {'address': '0xdff8cb622790b7f92686c722b02cab55592f152c'}}, 'caller': {'address': '0x5a3403617a387ea54030a36f71c195e22a0d76af'}, 'date': {'date': '2020-10-09'}, 'block': {'height': 11020597}}, {'smartContract': {'address': {'address': '0x4ebd5e8994165e2ce2bd8d2a0953584a17d5f533'}}, 'caller': {'address': '0x5a3403617a387ea54030a36f71c195e22a0d76af'}, 'date': {'date': '2020-10-09'}, 'block': {'height': 11020592}}]",2020-12-27
368,368,0x956F47F50A910163D8BF957Cf5846D573E7f87CA,Fei USD (FEI),,0x8d5ED43dCa8C2F7dFB20CF7b53CC7E593635d7b9,4.87460307,[],2021-03-28
369,369,0xc7283b66Eb1EB5FB86327f08e1B5816b0720212B,Tribe (TRIBE),https://github.com/fei-protocol/fei-protocol-core,0x8d5ED43dCa8C2F7dFB20CF7b53CC7E593635d7b9,4.565232969,[],2021-03-28
370,370,0x139cEC55d1EC47493dFA25cA77C9208aBa4D3C68,ASET,https://github.com/Parasset,0x209B97d7fc8aB46C845147272bBfd176E96fa8B4,0.008606965,"[{'smartContract': {'address': {'address': '0xf648a348a2a25e759d978c32c523a0b90bf97fe2'}}, 'caller': {'address': '0x209b97d7fc8ab46c845147272bbfd176e96fa8b4'}, 'date': {'date': '2022-05-08'}, 'block': {'height': 14733552}}, {'smartContract': {'address': {'address': '0xf13c8c237d161de539941655fe897e33264592bb'}}, 'caller': {'address': '0x209b97d7fc8ab46c845147272bbfd176e96fa8b4'}, 'date': {'date': '2022-04-27'}, 'block': {'height': 14663911}}, {'smartContract': {'address': {'address': '0xa26d42d89a67720fd5522adf3e3f640ccf335657'}}, 'caller': {'address': '0x209b97d7fc8ab46c845147272bbfd176e96fa8b4'}, 'date': {'date': '2022-03-16'}, 'block': {'height': 14394982}}, {'smartContract': {'address': {'address': '0x82fe6c1c2bd0be9917fe57a6120056868d3073ae'}}, 'caller': {'address': '0x209b97d7fc8ab46c845147272bbfd176e96fa8b4'}, 'date': {'date': '2022-03-16'}, 'block': {'height': 14394976}}, {'smartContract': {'address': {'address': '0x1dc9a3856e04ed012f27e021fa7052f62fbb2832'}}, 'caller': {'address': '0x209b97d7fc8ab46c845147272bbfd176e96fa8b4'}, 'date': {'date': '2022-02-28'}, 'block': {'height': 14292327}}, {'smartContract': {'address': {'address': '0x486b9598aa8e7718f61635b39adbd745eb7d380d'}}, 'caller': {'address': '0x209b97d7fc8ab46c845147272bbfd176e96fa8b4'}, 'date': {'date': '2022-02-28'}, 'block': {'height': 14292325}}, {'smartContract': {'address': {'address': '0x102e6bbb1ebfe2305ee6b9e9fd5547d0d39ce3b4'}}, 'caller': {'address': '0xa6f7e15e38a5ba0435e5af06326108204cd175da'}, 'date': {'date': '2022-02-28'}, 'block': {'height': 14292074}}, {'smartContract': {'address': {'address': '0x1b1c555dcdb7bd4f7c61f00264f8ddc09f696ed1'}}, 'caller': {'address': '0x209b97d7fc8ab46c845147272bbfd176e96fa8b4'}, 'date': {'date': '2021-08-12'}, 'block': {'height': 13007664}}, {'smartContract': {'address': {'address': '0x8d4381931257dd00a8e0543fe76c393d42f30724'}}, 'caller': {'address': '0x76e2cfc1f5fa8f6a5b3fc4c8f4788f0116861f9b'}, 'date': {'date': '2021-08-11'}, 'block': {'height': 13003643}}, {'smartContract': {'address': {'address': '0x54397e5869323aa28cc4aa76f5e5f21ef39bc575'}}, 'caller': {'address': '0x209b97d7fc8ab46c845147272bbfd176e96fa8b4'}, 'date': {'date': '2021-08-11'}, 'block': {'height': 13003093}}, {'smartContract': {'address': {'address': '0xba01258eb8e133eace55f5f6ec76907addf7797f'}}, 'caller': {'address': '0x209b97d7fc8ab46c845147272bbfd176e96fa8b4'}, 'date': {'date': '2021-08-11'}, 'block': {'height': 13003088}}, {'smartContract': {'address': {'address': '0x84d6a30f0a2153976ca2f59f215aa4f9f2ea4eaa'}}, 'caller': {'address': '0x209b97d7fc8ab46c845147272bbfd176e96fa8b4'}, 'date': {'date': '2021-08-11'}, 'block': {'height': 13003087}}, {'smartContract': {'address': {'address': '0x0bd32ffc80d5b98e403985d4446ae3ba67528c2e'}}, 'caller': {'address': '0x209b97d7fc8ab46c845147272bbfd176e96fa8b4'}, 'date': {'date': '2021-08-11'}, 'block': {'height': 13003086}}, {'smartContract': {'address': {'address': '0x79025438c04ae6a683bcc7f7c51a01eb4c2ddaba'}}, 'caller': {'address': '0x209b97d7fc8ab46c845147272bbfd176e96fa8b4'}, 'date': {'date': '2021-08-11'}, 'block': {'height': 13003086}}, {'smartContract': {'address': {'address': '0x665ac6fc5a6041815c97e53376cd925825347bf0'}}, 'caller': {'address': '0x209b97d7fc8ab46c845147272bbfd176e96fa8b4'}, 'date': {'date': '2021-08-11'}, 'block': {'height': 13003078}}, {'smartContract': {'address': {'address': '0x9a5c88ac0f209f284e35b4306710fef83b8f9723'}}, 'caller': {'address': '0x209b97d7fc8ab46c845147272bbfd176e96fa8b4'}, 'date': {'date': '2021-08-11'}, 'block': {'height': 13003075}}, {'smartContract': {'address': {'address': '0x505efcc134552e34ec67633d1254704b09584227'}}, 'caller': {'address': '0x209b97d7fc8ab46c845147272bbfd176e96fa8b4'}, 'date': {'date': '2021-08-11'}, 'block': {'height': 13003071}}, {'smartContract': {'address': {'address': '0x46893c30fbdf3a5818507309c0bdca62eb3e1e6b'}}, 'caller': {'address': '0x209b97d7fc8ab46c845147272bbfd176e96fa8b4'}, 'date': {'date': '2021-08-11'}, 'block': {'height': 13003059}}, {'smartContract': {'address': {'address': '0xa6f7e15e38a5ba0435e5af06326108204cd175da'}}, 'caller': {'address': '0x209b97d7fc8ab46c845147272bbfd176e96fa8b4'}, 'date': {'date': '2021-08-11'}, 'block': {'height': 13003059}}, {'smartContract': {'address': {'address': '0x92f331d779bdc58af60b7fd039cda60e89220bdd'}}, 'caller': {'address': '0x209b97d7fc8ab46c845147272bbfd176e96fa8b4'}, 'date': {'date': '2021-08-11'}, 'block': {'height': 13003057}}, {'smartContract': {'address': {'address': '0xaa3c75707d726dc7415d57f284197c16ac030ed2'}}, 'caller': {'address': '0x209b97d7fc8ab46c845147272bbfd176e96fa8b4'}, 'date': {'date': '2021-08-11'}, 'block': {'height': 13003051}}, {'smartContract': {'address': {'address': '0x175d282bc8249a3b92682365118f693380ca31f4'}}, 'caller': {'address': '0x209b97d7fc8ab46c845147272bbfd176e96fa8b4'}, 'date': {'date': '2021-08-11'}, 'block': {'height': 13003039}}, {'smartContract': {'address': {'address': '0x139cec55d1ec47493dfa25ca77c9208aba4d3c68'}}, 'caller': {'address': '0x209b97d7fc8ab46c845147272bbfd176e96fa8b4'}, 'date': {'date': '2021-08-11'}, 'block': {'height': 13003038}}, {'smartContract': {'address': {'address': '0x53f878fb7ec7b86e4f9a0cb1e9a6c89c0555fbbd'}}, 'caller': {'address': '0xbe612b724b77038bc40a4e4a88335a93a9aa445b'}, 'date': {'date': '2021-05-07'}, 'block': {'height': 12384799}}, {'smartContract': {'address': {'address': '0xccecc702ec67309bc3ddaf6a42e9e5a6b8da58f0'}}, 'caller': {'address': '0xbe612b724b77038bc40a4e4a88335a93a9aa445b'}, 'date': {'date': '2021-05-07'}, 'block': {'height': 12384780}}, {'smartContract': {'address': {'address': '0xc80ebc9ec1bb8dbc8e93d4c904372dd19786dc9c'}}, 'caller': {'address': '0x209b97d7fc8ab46c845147272bbfd176e96fa8b4'}, 'date': {'date': '2021-05-07'}, 'block': {'height': 12384726}}, {'smartContract': {'address': {'address': '0xd0a9fbffb1eba24ae4a0c11b13fa9b26bf019548'}}, 'caller': {'address': '0x209b97d7fc8ab46c845147272bbfd176e96fa8b4'}, 'date': {'date': '2021-05-07'}, 'block': {'height': 12384723}}, {'smartContract': {'address': {'address': '0xd8e5efe8ddbe78c8b08bdd70a6dc668f54a6c01c'}}, 'caller': {'address': '0x209b97d7fc8ab46c845147272bbfd176e96fa8b4'}, 'date': {'date': '2021-05-07'}, 'block': {'height': 12384721}}, {'smartContract': {'address': {'address': '0xbe612b724b77038bc40a4e4a88335a93a9aa445b'}}, 'caller': {'address': '0x209b97d7fc8ab46c845147272bbfd176e96fa8b4'}, 'date': {'date': '2021-05-07'}, 'block': {'height': 12384719}}, {'smartContract': {'address': {'address': '0x6319f81e8c5f5e20fd675bc484edfbb7e121831a'}}, 'caller': {'address': '0x978f0038a69a0eca925df4510e0085747744dda8'}, 'date': {'date': '2021-04-30'}, 'block': {'height': 12340046}}, {'smartContract': {'address': {'address': '0x9786bd44c30cd84fc6c9b026c2e826de066f688c'}}, 'caller': {'address': '0x978f0038a69a0eca925df4510e0085747744dda8'}, 'date': {'date': '2021-04-30'}, 'block': {'height': 12340044}}, {'smartContract': {'address': {'address': '0x46955ccec435465c8c70bd64e2f5ffbd33308c8c'}}, 'caller': {'address': '0x209b97d7fc8ab46c845147272bbfd176e96fa8b4'}, 'date': {'date': '2021-04-30'}, 'block': {'height': 12340034}}, {'smartContract': {'address': {'address': '0x2ce14c65cd3ccc546433e3b1e8c712e102377635'}}, 'caller': {'address': '0x209b97d7fc8ab46c845147272bbfd176e96fa8b4'}, 'date': {'date': '2021-04-30'}, 'block': {'height': 12340017}}, {'smartContract': {'address': {'address': '0xd49bfb7e44e3e66a59b934d45ccbf9165ace34b3'}}, 'caller': {'address': '0x209b97d7fc8ab46c845147272bbfd176e96fa8b4'}, 'date': {'date': '2021-04-30'}, 'block': {'height': 12340011}}, {'smartContract': {'address': {'address': '0x978f0038a69a0eca925df4510e0085747744dda8'}}, 'caller': {'address': '0x209b97d7fc8ab46c845147272bbfd176e96fa8b4'}, 'date': {'date': '2021-04-30'}, 'block': {'height': 12340009}}]",2021-08-11
371,371,0x04abEdA201850aC0124161F037Efd70c74ddC74C,(Proxy contract) NEST,https://github.com/NEST-Protocol/NEST-oracle-V3,0xA38afc5c1E33f85B06D4b8C2b4312c1DC1054882,5.72e-09,"[{'smartContract': {'address': {'address': '0x14d6662e5c2fedd5aaf7e5e3b407cd5cb32ef132'}}, 'caller': {'address': '0xa38afc5c1e33f85b06d4b8c2b4312c1dc1054882'}, 'date': {'date': '2022-09-14'}, 'block': {'height': 15532219}}, {'smartContract': {'address': {'address': '0x899bee2e2bf811748a99cbb198b3ff8781f1a92b'}}, 'caller': {'address': '0xa6b71e26c5e0845f74c812102ca7114b6a896ab2'}, 'date': {'date': '2022-05-13'}, 'block': {'height': 14770208}}, {'smartContract': {'address': {'address': '0x839bc3e71fcaae0e0574eff3cbc47b2b92415b2b'}}, 'caller': {'address': '0xa38afc5c1e33f85b06d4b8c2b4312c1dc1054882'}, 'date': {'date': '2022-03-18'}, 'block': {'height': 14409004}}, {'smartContract': {'address': {'address': '0x6b8b56ca96c865bfaa27be79cd5513cb0b228670'}}, 'caller': {'address': '0xa38afc5c1e33f85b06d4b8c2b4312c1dc1054882'}, 'date': {'date': '2021-04-29'}, 'block': {'height': 12332727}}, {'smartContract': {'address': {'address': '0xc90dad5dda037681d840a76a7b2915730a7f6ab2'}}, 'caller': {'address': '0xa38afc5c1e33f85b06d4b8c2b4312c1dc1054882'}, 'date': {'date': '2021-04-27'}, 'block': {'height': 12321077}}, {'smartContract': {'address': {'address': '0x403d92b6f8e8f0485f9920b31a3c084bce1e0383'}}, 'caller': {'address': '0xa38afc5c1e33f85b06d4b8c2b4312c1dc1054882'}, 'date': {'date': '2021-04-27'}, 'block': {'height': 12320117}}, {'smartContract': {'address': {'address': '0xb26443004df6a8a79984749d93017f265ae0e7db'}}, 'caller': {'address': '0xa38afc5c1e33f85b06d4b8c2b4312c1dc1054882'}, 'date': {'date': '2021-04-27'}, 'block': {'height': 12319741}}, {'smartContract': {'address': {'address': '0x8a4e23724c21f2ea91a45d6d931c2b9aed49516f'}}, 'caller': {'address': '0xa38afc5c1e33f85b06d4b8c2b4312c1dc1054882'}, 'date': {'date': '2021-02-05'}, 'block': {'height': 11795205}}, {'smartContract': {'address': {'address': '0xfe543efe9bb91b51a046157b73fdf0838833b841'}}, 'caller': {'address': '0xa38afc5c1e33f85b06d4b8c2b4312c1dc1054882'}, 'date': {'date': '2021-02-05'}, 'block': {'height': 11795196}}, {'smartContract': {'address': {'address': '0x265b6c10c606cd1c79545799ebe36bca9ce124a5'}}, 'caller': {'address': '0xa38afc5c1e33f85b06d4b8c2b4312c1dc1054882'}, 'date': {'date': '2021-02-05'}, 'block': {'height': 11795182}}, {'smartContract': {'address': {'address': '0xd9b5b4b254daef611daa6665786e9a129672c642'}}, 'caller': {'address': '0xa38afc5c1e33f85b06d4b8c2b4312c1dc1054882'}, 'date': {'date': '2021-01-20'}, 'block': {'height': 11692650}}, {'smartContract': {'address': {'address': '0xb52a56ffe79821af9db0f6c1e30b4490e64b6f02'}}, 'caller': {'address': '0xa38afc5c1e33f85b06d4b8c2b4312c1dc1054882'}, 'date': {'date': '2021-01-20'}, 'block': {'height': 11692648}}, {'smartContract': {'address': {'address': '0x0c798f314896ecc99f30d4d8ea64c300e25e73ac'}}, 'caller': {'address': '0xa38afc5c1e33f85b06d4b8c2b4312c1dc1054882'}, 'date': {'date': '2021-01-20'}, 'block': {'height': 11692646}}, {'smartContract': {'address': {'address': '0x7524d4d4bf2cd1112e95c5e922cdedcf321f1dea'}}, 'caller': {'address': '0xa38afc5c1e33f85b06d4b8c2b4312c1dc1054882'}, 'date': {'date': '2021-01-20'}, 'block': {'height': 11692521}}, {'smartContract': {'address': {'address': '0x1c6e268be622be1d0b16e7b49ef2fef927b63c95'}}, 'caller': {'address': '0xa38afc5c1e33f85b06d4b8c2b4312c1dc1054882'}, 'date': {'date': '2021-01-20'}, 'block': {'height': 11692515}}, {'smartContract': {'address': {'address': '0xf08054ace2ac00136cacfac8bef53e46594bed93'}}, 'caller': {'address': '0xa38afc5c1e33f85b06d4b8c2b4312c1dc1054882'}, 'date': {'date': '2021-01-20'}, 'block': {'height': 11692512}}, {'smartContract': {'address': {'address': '0xfa4f77c412201faf5848f9fa59201039b6716fde'}}, 'caller': {'address': '0xa38afc5c1e33f85b06d4b8c2b4312c1dc1054882'}, 'date': {'date': '2021-01-19'}, 'block': {'height': 11687132}}, {'smartContract': {'address': {'address': '0x257cbc2ff22a44e004771938a6c0ae6094f93ea1'}}, 'caller': {'address': '0xa38afc5c1e33f85b06d4b8c2b4312c1dc1054882'}, 'date': {'date': '2021-01-19'}, 'block': {'height': 11687130}}, {'smartContract': {'address': {'address': '0xf8da3e40b0aa1a10d68f5557138ebb7d08a5cfea'}}, 'caller': {'address': '0xa38afc5c1e33f85b06d4b8c2b4312c1dc1054882'}, 'date': {'date': '2021-01-19'}, 'block': {'height': 11687129}}, {'smartContract': {'address': {'address': '0x7abcf0cc13fac89e8a16c9af485a2b0e88a379e6'}}, 'caller': {'address': '0xa38afc5c1e33f85b06d4b8c2b4312c1dc1054882'}, 'date': {'date': '2021-01-19'}, 'block': {'height': 11687123}}, {'smartContract': {'address': {'address': '0x3b0c2e7152aa52c3822fd2bdbf5a14dfae0be28e'}}, 'caller': {'address': '0xa38afc5c1e33f85b06d4b8c2b4312c1dc1054882'}, 'date': {'date': '2021-01-19'}, 'block': {'height': 11687122}}, {'smartContract': {'address': {'address': '0x79eb7ecfee0ad3609dcd89e1e981d9f0ea517772'}}, 'caller': {'address': '0xa38afc5c1e33f85b06d4b8c2b4312c1dc1054882'}, 'date': {'date': '2021-01-19'}, 'block': {'height': 11687121}}, {'smartContract': {'address': {'address': '0xa086e0222f11c41f09634c130c587f6f8e142c96'}}, 'caller': {'address': '0xa38afc5c1e33f85b06d4b8c2b4312c1dc1054882'}, 'date': {'date': '2021-01-19'}, 'block': {'height': 11687119}}, {'smartContract': {'address': {'address': '0x563199934dfd6e7e4a7fc53527a47ad217db453f'}}, 'caller': {'address': '0xa38afc5c1e33f85b06d4b8c2b4312c1dc1054882'}, 'date': {'date': '2021-01-19'}, 'block': {'height': 11687111}}, {'smartContract': {'address': {'address': '0x972588fa7818d728f66d5b3e2c584f5a65f054c6'}}, 'caller': {'address': '0xa38afc5c1e33f85b06d4b8c2b4312c1dc1054882'}, 'date': {'date': '2021-01-19'}, 'block': {'height': 11687105}}, {'smartContract': {'address': {'address': '0xf15864288e8cbeea2cd8c8d366ccab0b10f160cd'}}, 'caller': {'address': '0xa38afc5c1e33f85b06d4b8c2b4312c1dc1054882'}, 'date': {'date': '2021-01-19'}, 'block': {'height': 11687095}}, {'smartContract': {'address': {'address': '0xe7178c628976b838abfe91a3c13d9ad3b0629f3c'}}, 'caller': {'address': '0xa38afc5c1e33f85b06d4b8c2b4312c1dc1054882'}, 'date': {'date': '2021-01-19'}, 'block': {'height': 11687013}}, {'smartContract': {'address': {'address': '0xb3f9b0cc0b9e7312724ab2a379a6a5ac5b3b7506'}}, 'caller': {'address': '0xa38afc5c1e33f85b06d4b8c2b4312c1dc1054882'}, 'date': {'date': '2021-01-19'}, 'block': {'height': 11684926}}, {'smartContract': {'address': {'address': '0xa5c53f36836359860dfc7f59e1d100d86cc238ae'}}, 'caller': {'address': '0xa38afc5c1e33f85b06d4b8c2b4312c1dc1054882'}, 'date': {'date': '2021-01-19'}, 'block': {'height': 11683983}}, {'smartContract': {'address': {'address': '0x796f525ff1c4f88de4471d718c730343c83e398c'}}, 'caller': {'address': '0xa38afc5c1e33f85b06d4b8c2b4312c1dc1054882'}, 'date': {'date': '2021-01-19'}, 'block': {'height': 11683728}}, {'smartContract': {'address': {'address': '0x105ee568dab631b8ff84f328bc48e95387dffb4f'}}, 'caller': {'address': '0xa38afc5c1e33f85b06d4b8c2b4312c1dc1054882'}, 'date': {'date': '2021-01-19'}, 'block': {'height': 11683726}}, {'smartContract': {'address': {'address': '0xb76dc217a502a5d0e5539f10157354926d5231cb'}}, 'caller': {'address': '0xa38afc5c1e33f85b06d4b8c2b4312c1dc1054882'}, 'date': {'date': '2021-01-19'}, 'block': {'height': 11683724}}, {'smartContract': {'address': {'address': '0x5f26aae41dccd5061bbae645b4acf34ba8332a14'}}, 'caller': {'address': '0xa38afc5c1e33f85b06d4b8c2b4312c1dc1054882'}, 'date': {'date': '2021-01-19'}, 'block': {'height': 11683722}}, {'smartContract': {'address': {'address': '0x3bf046c114385357838d9cae9509c6fbbfe306d2'}}, 'caller': {'address': '0xa38afc5c1e33f85b06d4b8c2b4312c1dc1054882'}, 'date': {'date': '2021-01-19'}, 'block': {'height': 11683722}}, {'smartContract': {'address': {'address': '0xf1a7201749fa81463799383d7d0565b6bfece757'}}, 'caller': {'address': '0xa38afc5c1e33f85b06d4b8c2b4312c1dc1054882'}, 'date': {'date': '2021-01-19'}, 'block': {'height': 11683721}}, {'smartContract': {'address': {'address': '0xaa7a74a46efe0c58fbfdf5c43da30216a8aa84ec'}}, 'caller': {'address': '0xa38afc5c1e33f85b06d4b8c2b4312c1dc1054882'}, 'date': {'date': '2021-01-19'}, 'block': {'height': 11683717}}, {'smartContract': {'address': {'address': '0x243f207f9358cf67243ade4a8ff3c5235aa7b8f6'}}, 'caller': {'address': '0xa38afc5c1e33f85b06d4b8c2b4312c1dc1054882'}, 'date': {'date': '2021-01-19'}, 'block': {'height': 11683715}}, {'smartContract': {'address': {'address': '0xb76ea97c1b084cf11f0ca218de40dfd8751f72a7'}}, 'caller': {'address': '0xa38afc5c1e33f85b06d4b8c2b4312c1dc1054882'}, 'date': {'date': '2021-01-19'}, 'block': {'height': 11683710}}, {'smartContract': {'address': {'address': '0x9b0b514bb1e84e5b40e88a934ff13e7d1cfff71f'}}, 'caller': {'address': '0xa38afc5c1e33f85b06d4b8c2b4312c1dc1054882'}, 'date': {'date': '2021-01-19'}, 'block': {'height': 11683708}}, {'smartContract': {'address': {'address': '0x005dc119e435d4c46d464a05330d732dbabc8dad'}}, 'caller': {'address': '0xa38afc5c1e33f85b06d4b8c2b4312c1dc1054882'}, 'date': {'date': '2021-01-19'}, 'block': {'height': 11683706}}, {'smartContract': {'address': {'address': '0xca208dcfbef22941d176858a640190c2222c8c8f'}}, 'caller': {'address': '0xa38afc5c1e33f85b06d4b8c2b4312c1dc1054882'}, 'date': {'date': '2021-01-19'}, 'block': {'height': 11683702}}, {'smartContract': {'address': {'address': '0x26644cb612247aa144e8d5a4d18dbd018b2a1353'}}, 'caller': {'address': '0xa38afc5c1e33f85b06d4b8c2b4312c1dc1054882'}, 'date': {'date': '2021-01-19'}, 'block': {'height': 11683694}}, {'smartContract': {'address': {'address': '0xbcb2d19737095e061e8f29e88590337ced4a1eee'}}, 'caller': {'address': '0xa38afc5c1e33f85b06d4b8c2b4312c1dc1054882'}, 'date': {'date': '2021-01-19'}, 'block': {'height': 11683691}}, {'smartContract': {'address': {'address': '0x95db600f7eb94de1cff714bf99a450a0a310668d'}}, 'caller': {'address': '0xa38afc5c1e33f85b06d4b8c2b4312c1dc1054882'}, 'date': {'date': '2021-01-19'}, 'block': {'height': 11683690}}, {'smartContract': {'address': {'address': '0xdda744fec2016708599deae7ec9ead298cace195'}}, 'caller': {'address': '0xa38afc5c1e33f85b06d4b8c2b4312c1dc1054882'}, 'date': {'date': '2021-01-19'}, 'block': {'height': 11683688}}, {'smartContract': {'address': {'address': '0x9e61731055da2087779be0bb6bcd60e73ea555df'}}, 'caller': {'address': '0xa38afc5c1e33f85b06d4b8c2b4312c1dc1054882'}, 'date': {'date': '2021-01-19'}, 'block': {'height': 11683687}}, {'smartContract': {'address': {'address': '0xf279f137ab104c111d5410f6e3ee4d8681ff3010'}}, 'caller': {'address': '0xa38afc5c1e33f85b06d4b8c2b4312c1dc1054882'}, 'date': {'date': '2021-01-19'}, 'block': {'height': 11683677}}, {'smartContract': {'address': {'address': '0x0feeceee9bda63700d153cffc2d7345fbdc703c5'}}, 'caller': {'address': '0xa38afc5c1e33f85b06d4b8c2b4312c1dc1054882'}, 'date': {'date': '2021-01-18'}, 'block': {'height': 11678497}}, {'smartContract': {'address': {'address': '0x8c22a9cb389701682d89fdc0bc2d86f2457c591c'}}, 'caller': {'address': '0xa38afc5c1e33f85b06d4b8c2b4312c1dc1054882'}, 'date': {'date': '2021-01-18'}, 'block': {'height': 11678440}}, {'smartContract': {'address': {'address': '0x068b517d713dc32f5793bfb213f5a55e4f50ee77'}}, 'caller': {'address': '0xa38afc5c1e33f85b06d4b8c2b4312c1dc1054882'}, 'date': {'date': '2021-01-18'}, 'block': {'height': 11678438}}, {'smartContract': {'address': {'address': '0xefb75beaf3f537d40cbd364bee4ba8ca50f55776'}}, 'caller': {'address': '0xa38afc5c1e33f85b06d4b8c2b4312c1dc1054882'}, 'date': {'date': '2021-01-18'}, 'block': {'height': 11678435}}, {'smartContract': {'address': {'address': '0xf27a5f67c52f14b3df403aa8cb5bae59a3f726ed'}}, 'caller': {'address': '0xa38afc5c1e33f85b06d4b8c2b4312c1dc1054882'}, 'date': {'date': '2021-01-18'}, 'block': {'height': 11678434}}, {'smartContract': {'address': {'address': '0x1cf07859ed5d5f95aeb1474db5f7ae2cc0fc6481'}}, 'caller': {'address': '0xa38afc5c1e33f85b06d4b8c2b4312c1dc1054882'}, 'date': {'date': '2021-01-18'}, 'block': {'height': 11678431}}, {'smartContract': {'address': {'address': '0xeb57c7879c95ffdd2676748caa7d36a83cef8c53'}}, 'caller': {'address': '0xa38afc5c1e33f85b06d4b8c2b4312c1dc1054882'}, 'date': {'date': '2021-01-18'}, 'block': {'height': 11678431}}, {'smartContract': {'address': {'address': '0x945d4d3180bf69283e490d25937d4b4828f4e07b'}}, 'caller': {'address': '0xa38afc5c1e33f85b06d4b8c2b4312c1dc1054882'}, 'date': {'date': '2021-01-18'}, 'block': {'height': 11678430}}, {'smartContract': {'address': {'address': '0x4e8f86d32234a8d71df80aeaf23eaf2bfa71f10b'}}, 'caller': {'address': '0xa38afc5c1e33f85b06d4b8c2b4312c1dc1054882'}, 'date': {'date': '2021-01-18'}, 'block': {'height': 11678429}}, {'smartContract': {'address': {'address': '0x9938108eb2ae01f1dfac94c603a26b1be106cdd7'}}, 'caller': {'address': '0xa38afc5c1e33f85b06d4b8c2b4312c1dc1054882'}, 'date': {'date': '2021-01-18'}, 'block': {'height': 11678427}}, {'smartContract': {'address': {'address': '0xa92d89e47cacb6d073ab4969c515247e743c8fef'}}, 'caller': {'address': '0xa38afc5c1e33f85b06d4b8c2b4312c1dc1054882'}, 'date': {'date': '2021-01-18'}, 'block': {'height': 11678425}}, {'smartContract': {'address': {'address': '0x5cde6ee3b2d47b576501d9f498d9d22f01c3fac8'}}, 'caller': {'address': '0xa38afc5c1e33f85b06d4b8c2b4312c1dc1054882'}, 'date': {'date': '2021-01-18'}, 'block': {'height': 11678424}}, {'smartContract': {'address': {'address': '0x1dc5ff1587784918e4e269089b37a345f245a128'}}, 'caller': {'address': '0xa38afc5c1e33f85b06d4b8c2b4312c1dc1054882'}, 'date': {'date': '2021-01-18'}, 'block': {'height': 11678421}}, {'smartContract': {'address': {'address': '0xf57481778602a879670895e06001e88e5c4bd4f4'}}, 'caller': {'address': '0xa38afc5c1e33f85b06d4b8c2b4312c1dc1054882'}, 'date': {'date': '2021-01-18'}, 'block': {'height': 11678420}}, {'smartContract': {'address': {'address': '0x6af9b8422cc3cb87d672f3a60463e6e2c0faff1c'}}, 'caller': {'address': '0xa38afc5c1e33f85b06d4b8c2b4312c1dc1054882'}, 'date': {'date': '2021-01-18'}, 'block': {'height': 11678419}}, {'smartContract': {'address': {'address': '0xd1c400c902cce51084b7b97ad89f5c7be69b5dc1'}}, 'caller': {'address': '0xa38afc5c1e33f85b06d4b8c2b4312c1dc1054882'}, 'date': {'date': '2021-01-18'}, 'block': {'height': 11678418}}, {'smartContract': {'address': {'address': '0x9f4e72ff7c35e7769dc117e330faec1aad09bfcd'}}, 'caller': {'address': '0xa38afc5c1e33f85b06d4b8c2b4312c1dc1054882'}, 'date': {'date': '2021-01-18'}, 'block': {'height': 11678416}}, {'smartContract': {'address': {'address': '0xd9e2edc7bd01cebada44b90667cf88a63532d1fd'}}, 'caller': {'address': '0xa38afc5c1e33f85b06d4b8c2b4312c1dc1054882'}, 'date': {'date': '2021-01-18'}, 'block': {'height': 11678299}}, {'smartContract': {'address': {'address': '0xae1731292834f9997a038bfa4f495f4273205c91'}}, 'caller': {'address': '0xa38afc5c1e33f85b06d4b8c2b4312c1dc1054882'}, 'date': {'date': '2021-01-18'}, 'block': {'height': 11678298}}, {'smartContract': {'address': {'address': '0x5e057f19348cfa1dad5b88a4baa746fa2170ccf5'}}, 'caller': {'address': '0xa38afc5c1e33f85b06d4b8c2b4312c1dc1054882'}, 'date': {'date': '2021-01-18'}, 'block': {'height': 11678296}}, {'smartContract': {'address': {'address': '0x5125975492e260df8a2172ed37ba86be3c447595'}}, 'caller': {'address': '0xa38afc5c1e33f85b06d4b8c2b4312c1dc1054882'}, 'date': {'date': '2021-01-18'}, 'block': {'height': 11678294}}, {'smartContract': {'address': {'address': '0x875f325653a31c4a832407dbee04ca45ad292694'}}, 'caller': {'address': '0x606bc2f0889b9727bc525a5d86b248332ff9c75f'}, 'date': {'date': '2021-01-18'}, 'block': {'height': 11678123}}, {'smartContract': {'address': {'address': '0x5a1ecb79341eb386ba8a40d7135689608fbfb597'}}, 'caller': {'address': '0x606bc2f0889b9727bc525a5d86b248332ff9c75f'}, 'date': {'date': '2021-01-18'}, 'block': {'height': 11678110}}, {'smartContract': {'address': {'address': '0xaac3f28ed13818a7dd5f73a3c75382c908e00b5d'}}, 'caller': {'address': '0xa38afc5c1e33f85b06d4b8c2b4312c1dc1054882'}, 'date': {'date': '2021-01-18'}, 'block': {'height': 11678043}}, {'smartContract': {'address': {'address': '0xbde6ed984b1b75e9d56b5426649e0611a269f314'}}, 'caller': {'address': '0xa38afc5c1e33f85b06d4b8c2b4312c1dc1054882'}, 'date': {'date': '2021-01-18'}, 'block': {'height': 11678042}}, {'smartContract': {'address': {'address': '0x4baf522d793613dc024bfdf59f934541fb3b751d'}}, 'caller': {'address': '0xa38afc5c1e33f85b06d4b8c2b4312c1dc1054882'}, 'date': {'date': '2021-01-18'}, 'block': {'height': 11677975}}, {'smartContract': {'address': {'address': '0x73e50ace64e5ea1b873ae7b74a9de510c79bc356'}}, 'caller': {'address': '0xa38afc5c1e33f85b06d4b8c2b4312c1dc1054882'}, 'date': {'date': '2021-01-18'}, 'block': {'height': 11677973}}, {'smartContract': {'address': {'address': '0xef609ade2e8aa500ce280fa4c2c640f10d1dc84c'}}, 'caller': {'address': '0xa38afc5c1e33f85b06d4b8c2b4312c1dc1054882'}, 'date': {'date': '2021-01-18'}, 'block': {'height': 11677967}}, {'smartContract': {'address': {'address': '0x8c1d4ac0defeb4b2d86e88e38e791576d91cd55a'}}, 'caller': {'address': '0xa38afc5c1e33f85b06d4b8c2b4312c1dc1054882'}, 'date': {'date': '2021-01-18'}, 'block': {'height': 11677967}}, {'smartContract': {'address': {'address': '0x606bc2f0889b9727bc525a5d86b248332ff9c75f'}}, 'caller': {'address': '0xa38afc5c1e33f85b06d4b8c2b4312c1dc1054882'}, 'date': {'date': '2021-01-18'}, 'block': {'height': 11677967}}, {'smartContract': {'address': {'address': '0xd7d4160209533801ae0796ee470c6203be9f440d'}}, 'caller': {'address': '0xa38afc5c1e33f85b06d4b8c2b4312c1dc1054882'}, 'date': {'date': '2021-01-18'}, 'block': {'height': 11677939}}, {'smartContract': {'address': {'address': '0x4ec1e21045eb674855c9ef2abd6bd8047b8eac19'}}, 'caller': {'address': '0xa38afc5c1e33f85b06d4b8c2b4312c1dc1054882'}, 'date': {'date': '2021-01-18'}, 'block': {'height': 11677934}}, {'smartContract': {'address': {'address': '0x7dc3a379854eb6554681e48569a58e8b519e630f'}}, 'caller': {'address': '0xa38afc5c1e33f85b06d4b8c2b4312c1dc1054882'}, 'date': {'date': '2021-01-18'}, 'block': {'height': 11677934}}, {'smartContract': {'address': {'address': '0x94f36faa6bb4f74009637292b09c355ccd3e80eb'}}, 'caller': {'address': '0xa38afc5c1e33f85b06d4b8c2b4312c1dc1054882'}, 'date': {'date': '2020-09-28'}, 'block': {'height': 10948520}}, {'smartContract': {'address': {'address': '0x1542e790a742333ea6a2f171c5d07a2e7794eef4'}}, 'caller': {'address': '0xa38afc5c1e33f85b06d4b8c2b4312c1dc1054882'}, 'date': {'date': '2020-08-31'}, 'block': {'height': 10766001}}, {'smartContract': {'address': {'address': '0xbe6aa1f0fe8f19a8f7cc40c8916b0c0361197d77'}}, 'caller': {'address': '0xa38afc5c1e33f85b06d4b8c2b4312c1dc1054882'}, 'date': {'date': '2020-08-20'}, 'block': {'height': 10695429}}, {'smartContract': {'address': {'address': '0x38ed174e7bc26a2a5cbd2d6d60f53435b7dfa3a0'}}, 'caller': {'address': '0xa38afc5c1e33f85b06d4b8c2b4312c1dc1054882'}, 'date': {'date': '2020-08-20'}, 'block': {'height': 10695401}}, {'smartContract': {'address': {'address': '0xc40d7b9ca90eaca4a6e067b6ec689fd29f4a8b3c'}}, 'caller': {'address': '0xa38afc5c1e33f85b06d4b8c2b4312c1dc1054882'}, 'date': {'date': '2020-08-11'}, 'block': {'height': 10635728}}, {'smartContract': {'address': {'address': '0x19e1d193a448bd13097efc2aea867468726e67c5'}}, 'caller': {'address': '0xa38afc5c1e33f85b06d4b8c2b4312c1dc1054882'}, 'date': {'date': '2020-07-28'}, 'block': {'height': 10546563}}, {'smartContract': {'address': {'address': '0x91ca7bc8a8fe0fe66e0867fbd8c8bb3889289f8a'}}, 'caller': {'address': '0xa38afc5c1e33f85b06d4b8c2b4312c1dc1054882'}, 'date': {'date': '2020-07-27'}, 'block': {'height': 10540989}}, {'smartContract': {'address': {'address': '0x7bcd02f7eec7a24f828066651d2c2d503070c95e'}}, 'caller': {'address': '0xa38afc5c1e33f85b06d4b8c2b4312c1dc1054882'}, 'date': {'date': '2020-07-27'}, 'block': {'height': 10540545}}, {'smartContract': {'address': {'address': '0xc158595eced57c7ac906dd05df26c2b91d6537eb'}}, 'caller': {'address': '0xa38afc5c1e33f85b06d4b8c2b4312c1dc1054882'}, 'date': {'date': '2020-07-27'}, 'block': {'height': 10540544}}, {'smartContract': {'address': {'address': '0x5131a043279a0b5109412988679d889f6ece541c'}}, 'caller': {'address': '0xa38afc5c1e33f85b06d4b8c2b4312c1dc1054882'}, 'date': {'date': '2020-07-24'}, 'block': {'height': 10521290}}, {'smartContract': {'address': {'address': '0xed2a34ce9d7304953e1a48fb4372f60e8da752b5'}}, 'caller': {'address': '0xa38afc5c1e33f85b06d4b8c2b4312c1dc1054882'}, 'date': {'date': '2020-07-24'}, 'block': {'height': 10521259}}, {'smartContract': {'address': {'address': '0x99bd363a144fb61feae863b182f1f200667a1879'}}, 'caller': {'address': '0xa38afc5c1e33f85b06d4b8c2b4312c1dc1054882'}, 'date': {'date': '2020-07-19'}, 'block': {'height': 10491196}}, {'smartContract': {'address': {'address': '0x6cd5698e8854fb6879d6b1c694223b389b465dea'}}, 'caller': {'address': '0xa38afc5c1e33f85b06d4b8c2b4312c1dc1054882'}, 'date': {'date': '2020-07-16'}, 'block': {'height': 10469048}}, {'smartContract': {'address': {'address': '0xcb00cd8d0bca952a282261a2fb39a2426051cb80'}}, 'caller': {'address': '0xa38afc5c1e33f85b06d4b8c2b4312c1dc1054882'}, 'date': {'date': '2020-07-14'}, 'block': {'height': 10455650}}, {'smartContract': {'address': {'address': '0x2f979c933aef4fcddd27c0fa5c54d8a780555b0a'}}, 'caller': {'address': '0xa38afc5c1e33f85b06d4b8c2b4312c1dc1054882'}, 'date': {'date': '2020-07-13'}, 'block': {'height': 10449684}}, {'smartContract': {'address': {'address': '0x7e92f2a653ab6b3d4a9347c998c4d74bbe60af9b'}}, 'caller': {'address': '0xa38afc5c1e33f85b06d4b8c2b4312c1dc1054882'}, 'date': {'date': '2020-07-13'}, 'block': {'height': 10449535}}, {'smartContract': {'address': {'address': '0x765c434658443f771f1e2557aef70f9fc1579066'}}, 'caller': {'address': '0xa38afc5c1e33f85b06d4b8c2b4312c1dc1054882'}, 'date': {'date': '2020-07-13'}, 'block': {'height': 10449535}}, {'smartContract': {'address': {'address': '0xc3591ce63edd202bf3b583e559b7257c1c2f76e3'}}, 'caller': {'address': '0xa38afc5c1e33f85b06d4b8c2b4312c1dc1054882'}, 'date': {'date': '2020-07-13'}, 'block': {'height': 10449370}}, {'smartContract': {'address': {'address': '0xc83e009c7794e8f6d1954dc13c23a35fc4d039f6'}}, 'caller': {'address': '0xa38afc5c1e33f85b06d4b8c2b4312c1dc1054882'}, 'date': {'date': '2020-07-13'}, 'block': {'height': 10449369}}, {'smartContract': {'address': {'address': '0x7722891ee45ad38ae05bda8349ba4cf23cfd270f'}}, 'caller': {'address': '0xa38afc5c1e33f85b06d4b8c2b4312c1dc1054882'}, 'date': {'date': '2020-07-13'}, 'block': {'height': 10449369}}]",2018-12-19
372,372,0x0DC5189Ec8CDe5732a01F0F592e927B304370551,Asgard,,0xB34A1922CCcC0707b90D16724e0A0CEC58b6a5C6,4.48e-12,"[{'smartContract': {'address': {'address': '0xf30879166657628e3173e09c529f3d53bfe4ba5b'}}, 'caller': {'address': '0xb34a1922cccc0707b90d16724e0a0cec58b6a5c6'}, 'date': {'date': '2021-08-27'}, 'block': {'height': 13109420}}, {'smartContract': {'address': {'address': '0x84bf007cd9135c171c55eae7173f0683bbb8d8a8'}}, 'caller': {'address': '0xb34a1922cccc0707b90d16724e0a0cec58b6a5c6'}, 'date': {'date': '2021-08-17'}, 'block': {'height': 13043792}}, {'smartContract': {'address': {'address': '0x3d42eda5b64ed5ea4c6cd40849862d74171c03b6'}}, 'caller': {'address': '0xb34a1922cccc0707b90d16724e0a0cec58b6a5c6'}, 'date': {'date': '2021-08-17'}, 'block': {'height': 13043777}}, {'smartContract': {'address': {'address': '0x5a1abc007f031aa58238f45941d965ce6892fdff'}}, 'caller': {'address': '0xc0aee478e3658e2610c5f7a4a2e1777ce9e4f2ac'}, 'date': {'date': '2021-08-17'}, 'block': {'height': 13043760}}, {'smartContract': {'address': {'address': '0xebd7119030648085c76f26c1cbbd3c770632d8d9'}}, 'caller': {'address': '0xb34a1922cccc0707b90d16724e0a0cec58b6a5c6'}, 'date': {'date': '2021-08-14'}, 'block': {'height': 13024107}}, {'smartContract': {'address': {'address': '0x315f0ff75975ad8e3d659a842e5f1b8bde71e98c'}}, 'caller': {'address': '0xb34a1922cccc0707b90d16724e0a0cec58b6a5c6'}, 'date': {'date': '2021-08-14'}, 'block': {'height': 13024089}}, {'smartContract': {'address': {'address': '0x0d85ae63e49579c1eaeab2a2af7a4d2f5d6043fe'}}, 'caller': {'address': '0xb34a1922cccc0707b90d16724e0a0cec58b6a5c6'}, 'date': {'date': '2021-08-14'}, 'block': {'height': 13024080}}, {'smartContract': {'address': {'address': '0x6684dfb09ce537872640104db9b1cedd8fcec32d'}}, 'caller': {'address': '0xb34a1922cccc0707b90d16724e0a0cec58b6a5c6'}, 'date': {'date': '2021-08-14'}, 'block': {'height': 13024062}}, {'smartContract': {'address': {'address': '0x6e3fc7390bed09dd3f1c6a6ffa639ab867dd9751'}}, 'caller': {'address': '0xb34a1922cccc0707b90d16724e0a0cec58b6a5c6'}, 'date': {'date': '2021-08-12'}, 'block': {'height': 13010506}}, {'smartContract': {'address': {'address': '0xfb7f4f499497041fdec8f6b24c79d1a4559b207f'}}, 'caller': {'address': '0xb34a1922cccc0707b90d16724e0a0cec58b6a5c6'}, 'date': {'date': '2021-08-12'}, 'block': {'height': 13010495}}, {'smartContract': {'address': {'address': '0xefed677fdf456a42fb2b0587906ac4bf039110c0'}}, 'caller': {'address': '0xb34a1922cccc0707b90d16724e0a0cec58b6a5c6'}, 'date': {'date': '2021-08-12'}, 'block': {'height': 13010469}}, {'smartContract': {'address': {'address': '0x9198ade0ed19dd00f9cffcc2845cd3f73d2afad3'}}, 'caller': {'address': '0xb34a1922cccc0707b90d16724e0a0cec58b6a5c6'}, 'date': {'date': '2021-08-12'}, 'block': {'height': 13010433}}, {'smartContract': {'address': {'address': '0x25c4b0b2fbca09f91cb37372ac5041a0399f0f7e'}}, 'caller': {'address': '0xb34a1922cccc0707b90d16724e0a0cec58b6a5c6'}, 'date': {'date': '2021-08-12'}, 'block': {'height': 13010417}}, {'smartContract': {'address': {'address': '0x9e906376cecc48a7eb4eeb5f5c1f44eb0cc021b5'}}, 'caller': {'address': '0xb34a1922cccc0707b90d16724e0a0cec58b6a5c6'}, 'date': {'date': '2021-08-12'}, 'block': {'height': 13010406}}, {'smartContract': {'address': {'address': '0x9895fa7177c7261a4e1c7838b256c4c7d16491f2'}}, 'caller': {'address': '0xb34a1922cccc0707b90d16724e0a0cec58b6a5c6'}, 'date': {'date': '2021-08-12'}, 'block': {'height': 13010363}}, {'smartContract': {'address': {'address': '0x0f3bf0b56e37d6a344bf2ae1d977a356d1833522'}}, 'caller': {'address': '0xb34a1922cccc0707b90d16724e0a0cec58b6a5c6'}, 'date': {'date': '2021-08-12'}, 'block': {'height': 13010336}}, {'smartContract': {'address': {'address': '0x3a424dc0fc7afcc6e0fef1c8da46c856f2bae181'}}, 'caller': {'address': '0xb34a1922cccc0707b90d16724e0a0cec58b6a5c6'}, 'date': {'date': '2021-08-12'}, 'block': {'height': 13010333}}, {'smartContract': {'address': {'address': '0x7d6fb4d49186321075c3fcf14ab856fcdf13a495'}}, 'caller': {'address': '0xb34a1922cccc0707b90d16724e0a0cec58b6a5c6'}, 'date': {'date': '2021-08-12'}, 'block': {'height': 13010329}}, {'smartContract': {'address': {'address': '0x4ea2bb6df87f66cbea70818ae92f3a48f98ebc93'}}, 'caller': {'address': '0xb34a1922cccc0707b90d16724e0a0cec58b6a5c6'}, 'date': {'date': '2021-08-12'}, 'block': {'height': 13010305}}, {'smartContract': {'address': {'address': '0xa6ff76c8b7224f14455d27d895ff527640b1f8be'}}, 'caller': {'address': '0xb34a1922cccc0707b90d16724e0a0cec58b6a5c6'}, 'date': {'date': '2021-08-12'}, 'block': {'height': 13010158}}, {'smartContract': {'address': {'address': '0x5696cd9054ce11625141f5ee2c65fc4d57c2a5ca'}}, 'caller': {'address': '0xc0aee478e3658e2610c5f7a4a2e1777ce9e4f2ac'}, 'date': {'date': '2021-08-12'}, 'block': {'height': 13010157}}, {'smartContract': {'address': {'address': '0x024cc95611d478dd367240e72c82662d9e390a6a'}}, 'caller': {'address': '0xc0aee478e3658e2610c5f7a4a2e1777ce9e4f2ac'}, 'date': {'date': '2021-08-12'}, 'block': {'height': 13010146}}, {'smartContract': {'address': {'address': '0x9d5818af130705f95444d78a55b4f3d85cbfcc13'}}, 'caller': {'address': '0xb34a1922cccc0707b90d16724e0a0cec58b6a5c6'}, 'date': {'date': '2021-08-12'}, 'block': {'height': 13010018}}, {'smartContract': {'address': {'address': '0xdf0bbe9a4132a407382972e93f28afcf0af8e202'}}, 'caller': {'address': '0xb34a1922cccc0707b90d16724e0a0cec58b6a5c6'}, 'date': {'date': '2021-08-12'}, 'block': {'height': 13010002}}, {'smartContract': {'address': {'address': '0x0c86e1acb5a0001974cdabce67a2b52b7f2e4ea6'}}, 'caller': {'address': '0xb34a1922cccc0707b90d16724e0a0cec58b6a5c6'}, 'date': {'date': '2021-08-12'}, 'block': {'height': 13009916}}, {'smartContract': {'address': {'address': '0x0dc5189ec8cde5732a01f0f592e927b304370551'}}, 'caller': {'address': '0xb34a1922cccc0707b90d16724e0a0cec58b6a5c6'}, 'date': {'date': '2021-08-12'}, 'block': {'height': 13009908}}, {'smartContract': {'address': {'address': '0x548cf0964978a76068d22df7c1e3c809f96ad3e6'}}, 'caller': {'address': '0xb34a1922cccc0707b90d16724e0a0cec58b6a5c6'}, 'date': {'date': '2021-08-12'}, 'block': {'height': 13009860}}]",2021-08-12
373,373,0x0615Dbba33Fe61a31c7eD131BDA6655Ed76748B1,Wrapped Ether,,0xfA9dA51631268A30Ec3DDd1CcBf46c65FAD99251,0.0,"[{'smartContract': {'address': {'address': '0x66eff5221ca926636224650fd3b9c497ff828f7d'}}, 'caller': {'address': '0xfa9da51631268a30ec3ddd1ccbf46c65fad99251'}, 'date': {'date': '2022-12-16'}, 'block': {'height': 16197407}}, {'smartContract': {'address': {'address': '0x03a9bdba596c93797f45e9d90cf1e3a3d8191ef0'}}, 'caller': {'address': '0xfa9da51631268a30ec3ddd1ccbf46c65fad99251'}, 'date': {'date': '2022-12-15'}, 'block': {'height': 16187890}}, {'smartContract': {'address': {'address': '0xac5f7b3220f8cc21abbfca952e30193a27db3a3a'}}, 'caller': {'address': '0xfa9da51631268a30ec3ddd1ccbf46c65fad99251'}, 'date': {'date': '2022-12-15'}, 'block': {'height': 16187890}}, {'smartContract': {'address': {'address': '0x7b7cafa0d7e72fd10df4e6f855da9e2ca0c5f45d'}}, 'caller': {'address': '0xfa9da51631268a30ec3ddd1ccbf46c65fad99251'}, 'date': {'date': '2022-12-15'}, 'block': {'height': 16187890}}, {'smartContract': {'address': {'address': '0xe8231f65733dd9e1ba8898bd1c31e7254e393486'}}, 'caller': {'address': '0xfa9da51631268a30ec3ddd1ccbf46c65fad99251'}, 'date': {'date': '2022-12-14'}, 'block': {'height': 16182007}}, {'smartContract': {'address': {'address': '0x2d1c6a7362e75d88b4cf3b66b83052775846e2b8'}}, 'caller': {'address': '0xfa9da51631268a30ec3ddd1ccbf46c65fad99251'}, 'date': {'date': '2022-12-09'}, 'block': {'height': 16146512}}, {'smartContract': {'address': {'address': '0xd145261dd80bc5388ea8f437d503897060410f1c'}}, 'caller': {'address': '0xfa9da51631268a30ec3ddd1ccbf46c65fad99251'}, 'date': {'date': '2022-12-08'}, 'block': {'height': 16137799}}, {'smartContract': {'address': {'address': '0xb2cfa0ad84006474de399d66f683d43fa3d4b73e'}}, 'caller': {'address': '0xfa9da51631268a30ec3ddd1ccbf46c65fad99251'}, 'date': {'date': '2022-12-01'}, 'block': {'height': 16088008}}, {'smartContract': {'address': {'address': '0xf31789fd16fb4ec64cb68cb52166e920d6929452'}}, 'caller': {'address': '0xfa9da51631268a30ec3ddd1ccbf46c65fad99251'}, 'date': {'date': '2022-12-01'}, 'block': {'height': 16087794}}, {'smartContract': {'address': {'address': '0x0ac06321050defb485340c3509a5405f9d7655c7'}}, 'caller': {'address': '0xfa9da51631268a30ec3ddd1ccbf46c65fad99251'}, 'date': {'date': '2022-11-29'}, 'block': {'height': 16074832}}, {'smartContract': {'address': {'address': '0x37c24675e4a0dfce683c51e1746599f1e2517eb5'}}, 'caller': {'address': '0xfa9da51631268a30ec3ddd1ccbf46c65fad99251'}, 'date': {'date': '2022-11-29'}, 'block': {'height': 16074672}}, {'smartContract': {'address': {'address': '0x4470deda57a7d6c18fbc8c6a178e986dd54c89c9'}}, 'caller': {'address': '0xfa9da51631268a30ec3ddd1ccbf46c65fad99251'}, 'date': {'date': '2022-11-24'}, 'block': {'height': 16039197}}, {'smartContract': {'address': {'address': '0xf0457c4c99732b716e40d456acb3fc83c699b8ba'}}, 'caller': {'address': '0xfa9da51631268a30ec3ddd1ccbf46c65fad99251'}, 'date': {'date': '2022-11-24'}, 'block': {'height': 16038750}}, {'smartContract': {'address': {'address': '0x2df86a5f761532d764d8e3861ccdb1e763c13448'}}, 'caller': {'address': '0xfa9da51631268a30ec3ddd1ccbf46c65fad99251'}, 'date': {'date': '2022-11-24'}, 'block': {'height': 16037975}}, {'smartContract': {'address': {'address': '0x85c8ea3f758d71d4b06f991818723d71484b681b'}}, 'caller': {'address': '0xfa9da51631268a30ec3ddd1ccbf46c65fad99251'}, 'date': {'date': '2022-11-24'}, 'block': {'height': 16037962}}, {'smartContract': {'address': {'address': '0x70fb6418bbb2863e341286b72535bd4828ec863a'}}, 'caller': {'address': '0xfa9da51631268a30ec3ddd1ccbf46c65fad99251'}, 'date': {'date': '2022-11-24'}, 'block': {'height': 16037938}}, {'smartContract': {'address': {'address': '0x5fe67350e9d2aab2570ff86b48509a18cfd7b08c'}}, 'caller': {'address': '0xfa9da51631268a30ec3ddd1ccbf46c65fad99251'}, 'date': {'date': '2022-11-24'}, 'block': {'height': 16037917}}, {'smartContract': {'address': {'address': '0x4e0daefd33d033480d785135fd797741cc34c574'}}, 'caller': {'address': '0xfa9da51631268a30ec3ddd1ccbf46c65fad99251'}, 'date': {'date': '2022-11-22'}, 'block': {'height': 16023568}}, {'smartContract': {'address': {'address': '0x4b86747e4d5d664d5bc40bf317e66e1898697392'}}, 'caller': {'address': '0xfa9da51631268a30ec3ddd1ccbf46c65fad99251'}, 'date': {'date': '2022-11-22'}, 'block': {'height': 16023554}}, {'smartContract': {'address': {'address': '0x72dda89b183fba38768eae88e2b5642978fa6620'}}, 'caller': {'address': '0xfa9da51631268a30ec3ddd1ccbf46c65fad99251'}, 'date': {'date': '2022-11-22'}, 'block': {'height': 16023402}}, {'smartContract': {'address': {'address': '0x4e064e16be2a23b3284ec5d6e4d11ab253a50d3d'}}, 'caller': {'address': '0xfa9da51631268a30ec3ddd1ccbf46c65fad99251'}, 'date': {'date': '2022-11-22'}, 'block': {'height': 16023399}}, {'smartContract': {'address': {'address': '0xa16de34b991f3424cd20a9566b1dae59f3b9feb0'}}, 'caller': {'address': '0xc815db16d4be6ddf2685c201937905abf338f5d7'}, 'date': {'date': '2022-11-21'}, 'block': {'height': 16017039}}, {'smartContract': {'address': {'address': '0x58fba1b9550eb423ebb9526ad262c2dff2d89270'}}, 'caller': {'address': '0xfa9da51631268a30ec3ddd1ccbf46c65fad99251'}, 'date': {'date': '2022-11-21'}, 'block': {'height': 16016511}}, {'smartContract': {'address': {'address': '0xaa14178cd6ccb6e03acb316f6d0f304f478c66b4'}}, 'caller': {'address': '0xfa9da51631268a30ec3ddd1ccbf46c65fad99251'}, 'date': {'date': '2022-11-21'}, 'block': {'height': 16016510}}, {'smartContract': {'address': {'address': '0x45827b9457f8b7bef503172819f333d1a9eb85f6'}}, 'caller': {'address': '0xfa9da51631268a30ec3ddd1ccbf46c65fad99251'}, 'date': {'date': '2022-11-18'}, 'block': {'height': 15996169}}, {'smartContract': {'address': {'address': '0xaa4f03a3390090dbc58f2b7c8c2dcb0535fbda28'}}, 'caller': {'address': '0xfa9da51631268a30ec3ddd1ccbf46c65fad99251'}, 'date': {'date': '2022-11-18'}, 'block': {'height': 15996167}}, {'smartContract': {'address': {'address': '0x4bd678d5961ed2c8a1e99c3c639054812f48e78f'}}, 'caller': {'address': '0xfa9da51631268a30ec3ddd1ccbf46c65fad99251'}, 'date': {'date': '2022-11-18'}, 'block': {'height': 15995879}}, {'smartContract': {'address': {'address': '0x67009471a7eb7095ef3ce6a7b70ff4434205768c'}}, 'caller': {'address': '0xfa9da51631268a30ec3ddd1ccbf46c65fad99251'}, 'date': {'date': '2022-11-18'}, 'block': {'height': 15995698}}, {'smartContract': {'address': {'address': '0x1a0fceb22765460b0eab9f11d050b7181ed7e56e'}}, 'caller': {'address': '0xfa9da51631268a30ec3ddd1ccbf46c65fad99251'}, 'date': {'date': '2022-11-17'}, 'block': {'height': 15989148}}, {'smartContract': {'address': {'address': '0x1e323b29debdd06e5fa498d380952ae41f46e6e8'}}, 'caller': {'address': '0xfa9da51631268a30ec3ddd1ccbf46c65fad99251'}, 'date': {'date': '2022-11-17'}, 'block': {'height': 15989095}}, {'smartContract': {'address': {'address': '0xa774e0bbb5dfb3973a083a756cbf28429d1dfe42'}}, 'caller': {'address': '0xfa9da51631268a30ec3ddd1ccbf46c65fad99251'}, 'date': {'date': '2022-11-17'}, 'block': {'height': 15988397}}, {'smartContract': {'address': {'address': '0xc7026a20a640bc71b9074f7aed52a00cd9147091'}}, 'caller': {'address': '0xfa9da51631268a30ec3ddd1ccbf46c65fad99251'}, 'date': {'date': '2022-11-17'}, 'block': {'height': 15988105}}, {'smartContract': {'address': {'address': '0xed28b1890fbb4aa9ded528c1034fed278ff68f5d'}}, 'caller': {'address': '0xfa9da51631268a30ec3ddd1ccbf46c65fad99251'}, 'date': {'date': '2022-11-17'}, 'block': {'height': 15988062}}, {'smartContract': {'address': {'address': '0x79820e2b9c55574504b1ef5b606dc81c526f3cfa'}}, 'caller': {'address': '0xfa9da51631268a30ec3ddd1ccbf46c65fad99251'}, 'date': {'date': '2022-11-17'}, 'block': {'height': 15988020}}, {'smartContract': {'address': {'address': '0x93251f98acb0c83904320737aec091bce287f8f5'}}, 'caller': {'address': '0xfa9da51631268a30ec3ddd1ccbf46c65fad99251'}, 'date': {'date': '2022-11-15'}, 'block': {'height': 15974393}}, {'smartContract': {'address': {'address': '0x9d939e22d4a50025cddac3d26f9485e49f95d074'}}, 'caller': {'address': '0xfa9da51631268a30ec3ddd1ccbf46c65fad99251'}, 'date': {'date': '2022-11-15'}, 'block': {'height': 15974376}}, {'smartContract': {'address': {'address': '0x7f857c5e4a2812f77a4e8ea81de7a1651cfad5a2'}}, 'caller': {'address': '0xfa9da51631268a30ec3ddd1ccbf46c65fad99251'}, 'date': {'date': '2022-11-15'}, 'block': {'height': 15974358}}, {'smartContract': {'address': {'address': '0xb0b2ef34d412d73b0ff90a709d1779a20655165a'}}, 'caller': {'address': '0xfa9da51631268a30ec3ddd1ccbf46c65fad99251'}, 'date': {'date': '2022-11-15'}, 'block': {'height': 15974327}}, {'smartContract': {'address': {'address': '0xfaa272e69bb1d3cbca7175db5c8b7dd9d6c638c5'}}, 'caller': {'address': '0xfa9da51631268a30ec3ddd1ccbf46c65fad99251'}, 'date': {'date': '2022-11-15'}, 'block': {'height': 15974312}}, {'smartContract': {'address': {'address': '0x59d1bf15e3340dae7a5d893cc2296e2d939daacd'}}, 'caller': {'address': '0xfa9da51631268a30ec3ddd1ccbf46c65fad99251'}, 'date': {'date': '2022-11-10'}, 'block': {'height': 15938637}}, {'smartContract': {'address': {'address': '0x16a66f530d0a755d10fd7c232b6b170d8617b168'}}, 'caller': {'address': '0xfa9da51631268a30ec3ddd1ccbf46c65fad99251'}, 'date': {'date': '2022-11-10'}, 'block': {'height': 15938632}}, {'smartContract': {'address': {'address': '0x5c448d21faeb2e8980a1541a7b13bc6435977f7c'}}, 'caller': {'address': '0xfa9da51631268a30ec3ddd1ccbf46c65fad99251'}, 'date': {'date': '2022-11-10'}, 'block': {'height': 15938419}}, {'smartContract': {'address': {'address': '0x9c36ed4d73c674bfba9c8f0c0508c869d65e082a'}}, 'caller': {'address': '0xfa9da51631268a30ec3ddd1ccbf46c65fad99251'}, 'date': {'date': '2022-11-04'}, 'block': {'height': 15894351}}, {'smartContract': {'address': {'address': '0x158e1177f2697d098e3424057f443aa7cf173c94'}}, 'caller': {'address': '0xfa9da51631268a30ec3ddd1ccbf46c65fad99251'}, 'date': {'date': '2022-11-04'}, 'block': {'height': 15893802}}, {'smartContract': {'address': {'address': '0x2210502051221a600d3653eccc899eceea11a0fd'}}, 'caller': {'address': '0xfa9da51631268a30ec3ddd1ccbf46c65fad99251'}, 'date': {'date': '2022-11-04'}, 'block': {'height': 15893802}}, {'smartContract': {'address': {'address': '0x0d014152f6a3aad3e243591c6fc69df19dcd17c0'}}, 'caller': {'address': '0xfa9da51631268a30ec3ddd1ccbf46c65fad99251'}, 'date': {'date': '2022-11-04'}, 'block': {'height': 15893787}}, {'smartContract': {'address': {'address': '0x6ccf1c009416b57bc19218db3a4ebbf7afd52afd'}}, 'caller': {'address': '0xfa9da51631268a30ec3ddd1ccbf46c65fad99251'}, 'date': {'date': '2022-11-03'}, 'block': {'height': 15887998}}, {'smartContract': {'address': {'address': '0x5e492b3b79df8037a83771d905d057ef1557b72a'}}, 'caller': {'address': '0xfa9da51631268a30ec3ddd1ccbf46c65fad99251'}, 'date': {'date': '2022-11-03'}, 'block': {'height': 15887705}}, {'smartContract': {'address': {'address': '0xf545cd9ec67770748c3c2bdb4b7511a86f00af0a'}}, 'caller': {'address': '0xfa9da51631268a30ec3ddd1ccbf46c65fad99251'}, 'date': {'date': '2022-11-03'}, 'block': {'height': 15887516}}, {'smartContract': {'address': {'address': '0x5cf33b95b162d0ac497e4bf47d757ecb452d9062'}}, 'caller': {'address': '0xfa9da51631268a30ec3ddd1ccbf46c65fad99251'}, 'date': {'date': '2022-11-03'}, 'block': {'height': 15887465}}, {'smartContract': {'address': {'address': '0x5870700f1272a1adbb87c3140bd770880a95e55d'}}, 'caller': {'address': '0xfa9da51631268a30ec3ddd1ccbf46c65fad99251'}, 'date': {'date': '2022-11-03'}, 'block': {'height': 15887320}}, {'smartContract': {'address': {'address': '0x34290390c2fdedb968e7128af26a98e731b781d0'}}, 'caller': {'address': '0xfa9da51631268a30ec3ddd1ccbf46c65fad99251'}, 'date': {'date': '2022-11-03'}, 'block': {'height': 15887283}}, {'smartContract': {'address': {'address': '0xfe4db7ca9455bebb7583c764389842c85e06fe1a'}}, 'caller': {'address': '0xfa9da51631268a30ec3ddd1ccbf46c65fad99251'}, 'date': {'date': '2022-11-03'}, 'block': {'height': 15886522}}, {'smartContract': {'address': {'address': '0x8eb168eda6cc20285726a16bcbc6137f86026864'}}, 'caller': {'address': '0xfa9da51631268a30ec3ddd1ccbf46c65fad99251'}, 'date': {'date': '2022-10-27'}, 'block': {'height': 15838485}}, {'smartContract': {'address': {'address': '0x2cb1712fa24abc7ce787b8853235c86e38acca44'}}, 'caller': {'address': '0xfa9da51631268a30ec3ddd1ccbf46c65fad99251'}, 'date': {'date': '2022-10-27'}, 'block': {'height': 15838447}}, {'smartContract': {'address': {'address': '0xae172c8e06dfc37445786ce70c0cc96c3f7adea4'}}, 'caller': {'address': '0xfa9da51631268a30ec3ddd1ccbf46c65fad99251'}, 'date': {'date': '2022-10-27'}, 'block': {'height': 15838438}}, {'smartContract': {'address': {'address': '0x7e78d327b15f2a36a22c5955d3a23d99dbccd8e0'}}, 'caller': {'address': '0xfa9da51631268a30ec3ddd1ccbf46c65fad99251'}, 'date': {'date': '2022-10-27'}, 'block': {'height': 15838392}}, {'smartContract': {'address': {'address': '0x63f366892b53ee0f0e31d6590ea191ae9a0a62e9'}}, 'caller': {'address': '0xfa9da51631268a30ec3ddd1ccbf46c65fad99251'}, 'date': {'date': '2022-10-27'}, 'block': {'height': 15837808}}, {'smartContract': {'address': {'address': '0x26eaf31489662587232990fc6981026d4175cd40'}}, 'caller': {'address': '0xfa9da51631268a30ec3ddd1ccbf46c65fad99251'}, 'date': {'date': '2022-10-27'}, 'block': {'height': 15837748}}, {'smartContract': {'address': {'address': '0xc1f1699fe47bd5512e6dd8353db43b8186b67fd4'}}, 'caller': {'address': '0xfa9da51631268a30ec3ddd1ccbf46c65fad99251'}, 'date': {'date': '2022-10-27'}, 'block': {'height': 15837717}}, {'smartContract': {'address': {'address': '0xd22e210785902c39b579565e931517e5bd34a69a'}}, 'caller': {'address': '0xfa9da51631268a30ec3ddd1ccbf46c65fad99251'}, 'date': {'date': '2022-10-21'}, 'block': {'height': 15793456}}, {'smartContract': {'address': {'address': '0x15a3fe3e6b8a5c01b1bfe72c76660c897368eec0'}}, 'caller': {'address': '0xfa9da51631268a30ec3ddd1ccbf46c65fad99251'}, 'date': {'date': '2022-10-20'}, 'block': {'height': 15788295}}, {'smartContract': {'address': {'address': '0x9a046925f592513a9ca9ed214112e373f7971023'}}, 'caller': {'address': '0xfa9da51631268a30ec3ddd1ccbf46c65fad99251'}, 'date': {'date': '2022-10-20'}, 'block': {'height': 15787814}}, {'smartContract': {'address': {'address': '0x9889799f43a2eb9b34fbdd83bb840eaa42462a77'}}, 'caller': {'address': '0xfa9da51631268a30ec3ddd1ccbf46c65fad99251'}, 'date': {'date': '2022-10-20'}, 'block': {'height': 15787774}}, {'smartContract': {'address': {'address': '0x4187252a32a32e4d44c1bd15bda675dc92e42df5'}}, 'caller': {'address': '0xfa9da51631268a30ec3ddd1ccbf46c65fad99251'}, 'date': {'date': '2022-10-20'}, 'block': {'height': 15787740}}, {'smartContract': {'address': {'address': '0x0c8af3016eec474f79373be89f534073bb33fe4d'}}, 'caller': {'address': '0xfa9da51631268a30ec3ddd1ccbf46c65fad99251'}, 'date': {'date': '2022-10-20'}, 'block': {'height': 15787636}}, {'smartContract': {'address': {'address': '0xf7fbaa0328c5faee1a0b2155065804f4077284e1'}}, 'caller': {'address': '0xfa9da51631268a30ec3ddd1ccbf46c65fad99251'}, 'date': {'date': '2022-10-17'}, 'block': {'height': 15766778}}, {'smartContract': {'address': {'address': '0x5fd564518a71aab9b1d0ac6d5825bbbc46a5845e'}}, 'caller': {'address': '0xfa9da51631268a30ec3ddd1ccbf46c65fad99251'}, 'date': {'date': '2022-10-13'}, 'block': {'height': 15737386}}, {'smartContract': {'address': {'address': '0x4d67a556f6fb7d84a857f363518501c831e1348b'}}, 'caller': {'address': '0xfa9da51631268a30ec3ddd1ccbf46c65fad99251'}, 'date': {'date': '2022-10-13'}, 'block': {'height': 15737352}}, {'smartContract': {'address': {'address': '0xbbfe0b60de96a189bf09079de86a2db7bf0c7883'}}, 'caller': {'address': '0xfa9da51631268a30ec3ddd1ccbf46c65fad99251'}, 'date': {'date': '2022-10-13'}, 'block': {'height': 15737188}}, {'smartContract': {'address': {'address': '0xaa3f69d6113f5be55ec65e0b3ea48f834e41e16d'}}, 'caller': {'address': '0xfa9da51631268a30ec3ddd1ccbf46c65fad99251'}, 'date': {'date': '2022-10-09'}, 'block': {'height': 15709744}}, {'smartContract': {'address': {'address': '0xd8e473bb0a7090c6a58a0e5ff2d0159b671dc4ab'}}, 'caller': {'address': '0xfa9da51631268a30ec3ddd1ccbf46c65fad99251'}, 'date': {'date': '2022-10-09'}, 'block': {'height': 15709620}}, {'smartContract': {'address': {'address': '0xcfa8f0aed0414a98f99f1ea29ddf23f6e1370c13'}}, 'caller': {'address': '0xfa9da51631268a30ec3ddd1ccbf46c65fad99251'}, 'date': {'date': '2022-10-09'}, 'block': {'height': 15709613}}, {'smartContract': {'address': {'address': '0x907776e09059c8f782063dd17e40ad8833035c06'}}, 'caller': {'address': '0xfa9da51631268a30ec3ddd1ccbf46c65fad99251'}, 'date': {'date': '2022-10-09'}, 'block': {'height': 15709606}}, {'smartContract': {'address': {'address': '0x967fb0d760ed3ce53afe2f0a071674cccae73550'}}, 'caller': {'address': '0xfa9da51631268a30ec3ddd1ccbf46c65fad99251'}, 'date': {'date': '2022-10-08'}, 'block': {'height': 15703240}}, {'smartContract': {'address': {'address': '0xa31dfe74cda04de990cafc6a0ab2bb6d6c9077cd'}}, 'caller': {'address': '0xfa9da51631268a30ec3ddd1ccbf46c65fad99251'}, 'date': {'date': '2022-09-29'}, 'block': {'height': 15636757}}, {'smartContract': {'address': {'address': '0x701e67fa3121343c866dfe69ae98534265b65bfa'}}, 'caller': {'address': '0xfa9da51631268a30ec3ddd1ccbf46c65fad99251'}, 'date': {'date': '2022-09-29'}, 'block': {'height': 15636342}}, {'smartContract': {'address': {'address': '0xce3b8897be065315c8eab816a31153025ae428be'}}, 'caller': {'address': '0xfa9da51631268a30ec3ddd1ccbf46c65fad99251'}, 'date': {'date': '2022-09-23'}, 'block': {'height': 15594355}}, {'smartContract': {'address': {'address': '0xea3cca5347d1169cf87e2e4358612e75cd7de480'}}, 'caller': {'address': '0xfa9da51631268a30ec3ddd1ccbf46c65fad99251'}, 'date': {'date': '2022-09-22'}, 'block': {'height': 15588276}}, {'smartContract': {'address': {'address': '0x9a058058e14838ef83d25df227c149aff7df8bd3'}}, 'caller': {'address': '0xfa9da51631268a30ec3ddd1ccbf46c65fad99251'}, 'date': {'date': '2022-09-22'}, 'block': {'height': 15587116}}, {'smartContract': {'address': {'address': '0xa4d4b757eed23abbebd747da2c75e9288ff1785b'}}, 'caller': {'address': '0xfa9da51631268a30ec3ddd1ccbf46c65fad99251'}, 'date': {'date': '2022-09-16'}, 'block': {'height': 15544690}}, {'smartContract': {'address': {'address': '0xaf3ccfd9b59b36628cc2f659a09d6440795b2520'}}, 'caller': {'address': '0xfa9da51631268a30ec3ddd1ccbf46c65fad99251'}, 'date': {'date': '2022-09-15'}, 'block': {'height': 15537670}}, {'smartContract': {'address': {'address': '0xabda031246bd1de3d7b683455506d3d74a0e1a5b'}}, 'caller': {'address': '0xfa9da51631268a30ec3ddd1ccbf46c65fad99251'}, 'date': {'date': '2022-09-15'}, 'block': {'height': 15537632}}, {'smartContract': {'address': {'address': '0x8bb9cac776555e0ac707024ed729e5aaceafbe72'}}, 'caller': {'address': '0xfa9da51631268a30ec3ddd1ccbf46c65fad99251'}, 'date': {'date': '2022-09-15'}, 'block': {'height': 15537386}}, {'smartContract': {'address': {'address': '0xefbe7ba6382733473c999088f2020b75c4678c76'}}, 'caller': {'address': '0xfa9da51631268a30ec3ddd1ccbf46c65fad99251'}, 'date': {'date': '2022-09-15'}, 'block': {'height': 15537367}}, {'smartContract': {'address': {'address': '0xbcfbad9c58049eefca0f4c17130f560bbb41d444'}}, 'caller': {'address': '0xfa9da51631268a30ec3ddd1ccbf46c65fad99251'}, 'date': {'date': '2022-09-08'}, 'block': {'height': 15494961}}, {'smartContract': {'address': {'address': '0xa5342d72d04c133180f376753f90a4b2eee29bb3'}}, 'caller': {'address': '0xfa9da51631268a30ec3ddd1ccbf46c65fad99251'}, 'date': {'date': '2022-09-08'}, 'block': {'height': 15494908}}, {'smartContract': {'address': {'address': '0x252d978ecbfea2009e1a842776dab8035a9c38a8'}}, 'caller': {'address': '0xfa9da51631268a30ec3ddd1ccbf46c65fad99251'}, 'date': {'date': '2022-09-08'}, 'block': {'height': 15494872}}, {'smartContract': {'address': {'address': '0xa85d8c972e1d54136e4bbed3d108db6e108e98f9'}}, 'caller': {'address': '0xfa9da51631268a30ec3ddd1ccbf46c65fad99251'}, 'date': {'date': '2022-09-08'}, 'block': {'height': 15494784}}, {'smartContract': {'address': {'address': '0x496cd9b62b192e04811f38d97b88733f969afd5d'}}, 'caller': {'address': '0xfa9da51631268a30ec3ddd1ccbf46c65fad99251'}, 'date': {'date': '2022-09-08'}, 'block': {'height': 15494750}}, {'smartContract': {'address': {'address': '0x6f9c26fa731c7ea4139fa669962cf8f1ce6c8b0b'}}, 'caller': {'address': '0xfa9da51631268a30ec3ddd1ccbf46c65fad99251'}, 'date': {'date': '2022-09-08'}, 'block': {'height': 15494706}}, {'smartContract': {'address': {'address': '0xa6ebe316317de53724967c5bf462e007e9bdf761'}}, 'caller': {'address': '0xfa9da51631268a30ec3ddd1ccbf46c65fad99251'}, 'date': {'date': '2022-09-05'}, 'block': {'height': 15476109}}, {'smartContract': {'address': {'address': '0x1545473701f011a5c977e48ac43e1404cdf96f11'}}, 'caller': {'address': '0xfa9da51631268a30ec3ddd1ccbf46c65fad99251'}, 'date': {'date': '2022-09-02'}, 'block': {'height': 15458477}}, {'smartContract': {'address': {'address': '0x6bd3feef505256b01f0b0bf7b89124b80c5e08d3'}}, 'caller': {'address': '0xfa9da51631268a30ec3ddd1ccbf46c65fad99251'}, 'date': {'date': '2022-09-02'}, 'block': {'height': 15458385}}, {'smartContract': {'address': {'address': '0xdb04345ba2d2f02ef0dbaaffae8cef0da28952cf'}}, 'caller': {'address': '0xfa9da51631268a30ec3ddd1ccbf46c65fad99251'}, 'date': {'date': '2022-09-01'}, 'block': {'height': 15451421}}, {'smartContract': {'address': {'address': '0xa0eda2d19211d108772711a3698c69f79673aec8'}}, 'caller': {'address': '0xfa9da51631268a30ec3ddd1ccbf46c65fad99251'}, 'date': {'date': '2022-09-01'}, 'block': {'height': 15451298}}, {'smartContract': {'address': {'address': '0x346d2664fafa7f1723074bf3d0b903a059b42af1'}}, 'caller': {'address': '0xfa9da51631268a30ec3ddd1ccbf46c65fad99251'}, 'date': {'date': '2022-09-01'}, 'block': {'height': 15451261}}, {'smartContract': {'address': {'address': '0xb2004d3299eaad78951ba8502cc1840655061483'}}, 'caller': {'address': '0xfa9da51631268a30ec3ddd1ccbf46c65fad99251'}, 'date': {'date': '2022-09-01'}, 'block': {'height': 15451165}}, {'smartContract': {'address': {'address': '0x5c1f69ec530d69b5271678accaf8490f0de725d3'}}, 'caller': {'address': '0xfa9da51631268a30ec3ddd1ccbf46c65fad99251'}, 'date': {'date': '2022-08-30'}, 'block': {'height': 15439524}}, {'smartContract': {'address': {'address': '0x5e86f866e8f26660cac82f70d69d70ea68cd5a5f'}}, 'caller': {'address': '0xfa9da51631268a30ec3ddd1ccbf46c65fad99251'}, 'date': {'date': '2022-08-27'}, 'block': {'height': 15420947}}]",2022-02-16
374,374,0xC52C326331E9Ce41F04484d3B5E5648158028804,(Proxy contract) ZEN Exchange Token,https://github.com/unizen-io,0xeE4a9Ab62C66C7a96e5E30717A8A91FcC2E52D42,0.0,"[{'smartContract': {'address': {'address': '0xc52c326331e9ce41f04484d3b5e5648158028804'}}, 'caller': {'address': '0xee4a9ab62c66c7a96e5e30717a8a91fcc2e52d42'}, 'date': {'date': '2020-12-11'}, 'block': {'height': 11431193}}, {'smartContract': {'address': {'address': '0x0c67eb876f067024560fc4cf19f9b4f4f6b1ad43'}}, 'caller': {'address': '0xee4a9ab62c66c7a96e5e30717a8a91fcc2e52d42'}, 'date': {'date': '2020-12-11'}, 'block': {'height': 11431190}}, {'smartContract': {'address': {'address': '0x50d44bcfc10bc0a752388f173f482faab87b3445'}}, 'caller': {'address': '0xee4a9ab62c66c7a96e5e30717a8a91fcc2e52d42'}, 'date': {'date': '2020-12-11'}, 'block': {'height': 11431189}}, {'smartContract': {'address': {'address': '0x4e27200c72fc1d1a07f8b98aa1c1eeb38237d0c4'}}, 'caller': {'address': '0xee4a9ab62c66c7a96e5e30717a8a91fcc2e52d42'}, 'date': {'date': '2020-12-11'}, 'block': {'height': 11431187}}, {'smartContract': {'address': {'address': '0x63fd1057c054d98b359828e688dee79fc27bc30d'}}, 'caller': {'address': '0xee4a9ab62c66c7a96e5e30717a8a91fcc2e52d42'}, 'date': {'date': '2020-12-11'}, 'block': {'height': 11431142}}, {'smartContract': {'address': {'address': '0x80aa14be79c5b72c92fc8bd8ff9221e2f384a8e4'}}, 'caller': {'address': '0xee4a9ab62c66c7a96e5e30717a8a91fcc2e52d42'}, 'date': {'date': '2020-12-11'}, 'block': {'height': 11431140}}, {'smartContract': {'address': {'address': '0x40e771449d14679f21f54712f6e477e9c76c0ac4'}}, 'caller': {'address': '0xee4a9ab62c66c7a96e5e30717a8a91fcc2e52d42'}, 'date': {'date': '2020-12-11'}, 'block': {'height': 11431074}}, {'smartContract': {'address': {'address': '0x46d66020f0461d9848781d32921768b3fc237c01'}}, 'caller': {'address': '0xee4a9ab62c66c7a96e5e30717a8a91fcc2e52d42'}, 'date': {'date': '2020-12-11'}, 'block': {'height': 11431074}}, {'smartContract': {'address': {'address': '0xca33452b391607850dd78347bd460723297261c3'}}, 'caller': {'address': '0xee4a9ab62c66c7a96e5e30717a8a91fcc2e52d42'}, 'date': {'date': '2020-12-11'}, 'block': {'height': 11431074}}, {'smartContract': {'address': {'address': '0x399fbc5b669b8b914fcb4b9f9823418711c36bae'}}, 'caller': {'address': '0xee4a9ab62c66c7a96e5e30717a8a91fcc2e52d42'}, 'date': {'date': '2020-12-11'}, 'block': {'height': 11431074}}, {'smartContract': {'address': {'address': '0x8c18e1d6c2c7af71cd4ea2b79005e491f65fe654'}}, 'caller': {'address': '0xee4a9ab62c66c7a96e5e30717a8a91fcc2e52d42'}, 'date': {'date': '2020-12-11'}, 'block': {'height': 11431074}}, {'smartContract': {'address': {'address': '0x700d450d16b88229b58f3f12d45166d21d51352a'}}, 'caller': {'address': '0xee4a9ab62c66c7a96e5e30717a8a91fcc2e52d42'}, 'date': {'date': '2020-12-11'}, 'block': {'height': 11431053}}, {'smartContract': {'address': {'address': '0xc53575019de12e3e2c4e6f72eb2af71931e9daf1'}}, 'caller': {'address': '0xee4a9ab62c66c7a96e5e30717a8a91fcc2e52d42'}, 'date': {'date': '2020-12-10'}, 'block': {'height': 11426424}}, {'smartContract': {'address': {'address': '0x43c9738a9f365adedab74f398a013d5dec76b7f8'}}, 'caller': {'address': '0xee4a9ab62c66c7a96e5e30717a8a91fcc2e52d42'}, 'date': {'date': '2020-12-10'}, 'block': {'height': 11426230}}, {'smartContract': {'address': {'address': '0x5834e37cc251d771b5643b8f84397c76230fa24c'}}, 'caller': {'address': '0xee4a9ab62c66c7a96e5e30717a8a91fcc2e52d42'}, 'date': {'date': '2020-12-10'}, 'block': {'height': 11426230}}, {'smartContract': {'address': {'address': '0xe0f1feccc7cf3a7b4f4bf0d15f3799dc42fae96f'}}, 'caller': {'address': '0xee4a9ab62c66c7a96e5e30717a8a91fcc2e52d42'}, 'date': {'date': '2020-09-24'}, 'block': {'height': 10925390}}]",2020-12-11
375,375,0x0eDF9bc41Bbc1354c70e2107F80C42caE7FBBcA8,Instrumental Finance,https://github.com/instrumental-finance,0x6773D381D3A505a0ccD34dc223341C5938d1d903,0.0,"[{'smartContract': {'address': {'address': '0x3e5fb4f94511ff38885d4f5977655bc86a95431e'}}, 'caller': {'address': '0x6773d381d3a505a0ccd34dc223341c5938d1d903'}, 'date': {'date': '2021-12-09'}, 'block': {'height': 13773434}}, {'smartContract': {'address': {'address': '0xa40d6702c51beabebbe7e69d3fd1ca76de331a32'}}, 'caller': {'address': '0x6773d381d3a505a0ccd34dc223341c5938d1d903'}, 'date': {'date': '2021-12-09'}, 'block': {'height': 13773416}}, {'smartContract': {'address': {'address': '0xca20c786f50ce90f56c3b450d57ba5e8910189b4'}}, 'caller': {'address': '0x6773d381d3a505a0ccd34dc223341c5938d1d903'}, 'date': {'date': '2021-12-09'}, 'block': {'height': 13773384}}, {'smartContract': {'address': {'address': '0xae911c063a77f94e9ab14bba0597f6921e58e344'}}, 'caller': {'address': '0x6773d381d3a505a0ccd34dc223341c5938d1d903'}, 'date': {'date': '2021-12-09'}, 'block': {'height': 13773383}}, {'smartContract': {'address': {'address': '0x7ced7c2c081e0f531599dd3d9889ec084041cdb2'}}, 'caller': {'address': '0x6773d381d3a505a0ccd34dc223341c5938d1d903'}, 'date': {'date': '2021-12-09'}, 'block': {'height': 13773165}}, {'smartContract': {'address': {'address': '0x60da5242c350a76285c760044a6bbd0e7b7a7d15'}}, 'caller': {'address': '0x6773d381d3a505a0ccd34dc223341c5938d1d903'}, 'date': {'date': '2021-12-09'}, 'block': {'height': 13773162}}, {'smartContract': {'address': {'address': '0x58fa2100e91545e32fbdf77459b12ee2d214e08d'}}, 'caller': {'address': '0x6773d381d3a505a0ccd34dc223341c5938d1d903'}, 'date': {'date': '2021-12-09'}, 'block': {'height': 13773135}}, {'smartContract': {'address': {'address': '0x95b034a4452f72190cc69a027b1292a598bd7d5e'}}, 'caller': {'address': '0x6773d381d3a505a0ccd34dc223341c5938d1d903'}, 'date': {'date': '2021-12-09'}, 'block': {'height': 13773105}}, {'smartContract': {'address': {'address': '0xf47cf32bcfdcc9dab0d6fe1f4f479e425cef6db1'}}, 'caller': {'address': '0x6773d381d3a505a0ccd34dc223341c5938d1d903'}, 'date': {'date': '2021-12-09'}, 'block': {'height': 13773030}}, {'smartContract': {'address': {'address': '0xa7fe968526555243b42537da4480cb71259ef969'}}, 'caller': {'address': '0x6773d381d3a505a0ccd34dc223341c5938d1d903'}, 'date': {'date': '2021-12-09'}, 'block': {'height': 13773028}}, {'smartContract': {'address': {'address': '0x4f4f6b428af559db1dbe3cb32e1e3500deffa799'}}, 'caller': {'address': '0xa6b71e26c5e0845f74c812102ca7114b6a896ab2'}, 'date': {'date': '2021-11-29'}, 'block': {'height': 13708621}}, {'smartContract': {'address': {'address': '0x0edf9bc41bbc1354c70e2107f80c42cae7fbbca8'}}, 'caller': {'address': '0x6773d381d3a505a0ccd34dc223341c5938d1d903'}, 'date': {'date': '2021-11-29'}, 'block': {'height': 13708596}}]",2021-11-29
376,376,0x0eC9F76202a7061eB9b3a7D6B59D36215A7e37da,BlackPool Token,,0x66D3864D020be6bDA91309E16a2De7B192E6A6AC,0.0,"[{'smartContract': {'address': {'address': '0xf840f3ee161756cec04a64d25eb497c557950935'}}, 'caller': {'address': '0x66d3864d020be6bda91309e16a2de7b192e6a6ac'}, 'date': {'date': '2022-11-23'}, 'block': {'height': 16032146}}, {'smartContract': {'address': {'address': '0xf0b24ad907a64b49fabed62b17afeb7fd5eb37c2'}}, 'caller': {'address': '0x66d3864d020be6bda91309e16a2de7b192e6a6ac'}, 'date': {'date': '2021-06-28'}, 'block': {'height': 12724254}}, {'smartContract': {'address': {'address': '0xc798ca9e10196f3db79d48b905fd374d2162d05c'}}, 'caller': {'address': '0x66d3864d020be6bda91309e16a2de7b192e6a6ac'}, 'date': {'date': '2021-06-28'}, 'block': {'height': 12724231}}, {'smartContract': {'address': {'address': '0x46c5098f73fa656e82d7e9afbf3c00b32b7b1ee2'}}, 'caller': {'address': '0x66d3864d020be6bda91309e16a2de7b192e6a6ac'}, 'date': {'date': '2021-05-27'}, 'block': {'height': 12518958}}, {'smartContract': {'address': {'address': '0x6b63564a8b3f145b3ef085bcc197c0ff64e9a140'}}, 'caller': {'address': '0x66d3864d020be6bda91309e16a2de7b192e6a6ac'}, 'date': {'date': '2021-05-27'}, 'block': {'height': 12518887}}, {'smartContract': {'address': {'address': '0x01d41bb9964e95df586974fe68996e3bd4e3b40e'}}, 'caller': {'address': '0x66d3864d020be6bda91309e16a2de7b192e6a6ac'}, 'date': {'date': '2021-05-27'}, 'block': {'height': 12518872}}, {'smartContract': {'address': {'address': '0x2b057a68164922d78683552cca38ad16a5b2b66b'}}, 'caller': {'address': '0x66d3864d020be6bda91309e16a2de7b192e6a6ac'}, 'date': {'date': '2021-05-27'}, 'block': {'height': 12518871}}, {'smartContract': {'address': {'address': '0x319967488d62424b86f35359f07977ccde9cf3d7'}}, 'caller': {'address': '0x66d3864d020be6bda91309e16a2de7b192e6a6ac'}, 'date': {'date': '2021-05-27'}, 'block': {'height': 12518869}}, {'smartContract': {'address': {'address': '0x849eab964b112f8a7f79ba1301cac53910f2bb2e'}}, 'caller': {'address': '0x66d3864d020be6bda91309e16a2de7b192e6a6ac'}, 'date': {'date': '2021-05-27'}, 'block': {'height': 12518868}}, {'smartContract': {'address': {'address': '0x0ec9f76202a7061eb9b3a7d6b59d36215a7e37da'}}, 'caller': {'address': '0x66d3864d020be6bda91309e16a2de7b192e6a6ac'}, 'date': {'date': '2021-05-27'}, 'block': {'height': 12518864}}, {'smartContract': {'address': {'address': '0x5feabd436a2cd5042787352f7465212597d828e2'}}, 'caller': {'address': '0x66d3864d020be6bda91309e16a2de7b192e6a6ac'}, 'date': {'date': '2021-05-27'}, 'block': {'height': 12518859}}]",2021-05-28
377,377,0x7f3141c4D6b047fb930991b450f1eD996a51CB26,X,,0x69633cbDb25be419E491fF718836c72b78A66369,0.0,"[{'smartContract': {'address': {'address': '0x0dd788ccab7a82da998c3e017beb24e1e2d5701a'}}, 'caller': {'address': '0x69633cbdb25be419e491ff718836c72b78a66369'}, 'date': {'date': '2022-09-21'}, 'block': {'height': 15580406}}, {'smartContract': {'address': {'address': '0xff99a94eb5aec67fdfef2625ccec201e0a7f3dc4'}}, 'caller': {'address': '0x69633cbdb25be419e491ff718836c72b78a66369'}, 'date': {'date': '2022-09-21'}, 'block': {'height': 15580399}}, {'smartContract': {'address': {'address': '0x27f18245d068e7b9f68ed5772e486f1c800bf30b'}}, 'caller': {'address': '0x69633cbdb25be419e491ff718836c72b78a66369'}, 'date': {'date': '2022-07-22'}, 'block': {'height': 15191316}}, {'smartContract': {'address': {'address': '0xb5361592e1c9e8106a3040e49427cfa07dc094f3'}}, 'caller': {'address': '0xa6b71e26c5e0845f74c812102ca7114b6a896ab2'}, 'date': {'date': '2022-07-13'}, 'block': {'height': 15132489}}, {'smartContract': {'address': {'address': '0xce12c6b136da2979e2be4a86a687e6e23e79a9f9'}}, 'caller': {'address': '0x69633cbdb25be419e491ff718836c72b78a66369'}, 'date': {'date': '2022-07-11'}, 'block': {'height': 15118778}}, {'smartContract': {'address': {'address': '0x2c12484edc70b774a4bff28bcddc69bd90b67195'}}, 'caller': {'address': '0x69633cbdb25be419e491ff718836c72b78a66369'}, 'date': {'date': '2022-07-11'}, 'block': {'height': 15118776}}, {'smartContract': {'address': {'address': '0xe98480e2d703c3ed7ae52d88c715633d2f0dfc3e'}}, 'caller': {'address': '0x69633cbdb25be419e491ff718836c72b78a66369'}, 'date': {'date': '2022-07-11'}, 'block': {'height': 15118773}}, {'smartContract': {'address': {'address': '0xbdd0036cf812c64681ffe512d61eff428b375c33'}}, 'caller': {'address': '0x69633cbdb25be419e491ff718836c72b78a66369'}, 'date': {'date': '2022-07-11'}, 'block': {'height': 15118769}}, {'smartContract': {'address': {'address': '0xeb4f8a88c81a688b141c419b40a8e2f0411dec10'}}, 'caller': {'address': '0x69633cbdb25be419e491ff718836c72b78a66369'}, 'date': {'date': '2022-07-11'}, 'block': {'height': 15118768}}, {'smartContract': {'address': {'address': '0xf94755565c5cae8dc0d52d3a127a6033fdd56650'}}, 'caller': {'address': '0x69633cbdb25be419e491ff718836c72b78a66369'}, 'date': {'date': '2022-07-11'}, 'block': {'height': 15118765}}, {'smartContract': {'address': {'address': '0x59f3b84ec1965ba29a3d6cc7897a386753e4f158'}}, 'caller': {'address': '0x69633cbdb25be419e491ff718836c72b78a66369'}, 'date': {'date': '2022-07-11'}, 'block': {'height': 15118764}}, {'smartContract': {'address': {'address': '0x0762e4cb4ad683f3f7f749e49fb57d8826982bf1'}}, 'caller': {'address': '0x69633cbdb25be419e491ff718836c72b78a66369'}, 'date': {'date': '2022-07-11'}, 'block': {'height': 15118763}}, {'smartContract': {'address': {'address': '0x4b51aaa4f8ee083f298e7b9d0339f82cc9e0464d'}}, 'caller': {'address': '0x69633cbdb25be419e491ff718836c72b78a66369'}, 'date': {'date': '2022-07-11'}, 'block': {'height': 15118762}}, {'smartContract': {'address': {'address': '0x2315d0fbe1495c184efc77a85f08cac07fc6d0b2'}}, 'caller': {'address': '0x69633cbdb25be419e491ff718836c72b78a66369'}, 'date': {'date': '2022-07-11'}, 'block': {'height': 15118761}}, {'smartContract': {'address': {'address': '0x4161ae42c87df8155011919531ddbf7d146f52f2'}}, 'caller': {'address': '0x69633cbdb25be419e491ff718836c72b78a66369'}, 'date': {'date': '2022-07-11'}, 'block': {'height': 15118759}}, {'smartContract': {'address': {'address': '0xbed91bdfbae5381406ae3a8a64748d90c263b9a1'}}, 'caller': {'address': '0x69633cbdb25be419e491ff718836c72b78a66369'}, 'date': {'date': '2022-07-11'}, 'block': {'height': 15118757}}, {'smartContract': {'address': {'address': '0xa5a65cfa1d9ecb902b7cd1d44daf5a13d2c2a715'}}, 'caller': {'address': '0x69633cbdb25be419e491ff718836c72b78a66369'}, 'date': {'date': '2022-07-11'}, 'block': {'height': 15118731}}, {'smartContract': {'address': {'address': '0xf54004e371e776268bdf1ff809e83ce410c2cdec'}}, 'caller': {'address': '0x69633cbdb25be419e491ff718836c72b78a66369'}, 'date': {'date': '2022-07-11'}, 'block': {'height': 15118731}}, {'smartContract': {'address': {'address': '0x3974e4c13965294c3f928bd1ea042398f1bd4618'}}, 'caller': {'address': '0x69633cbdb25be419e491ff718836c72b78a66369'}, 'date': {'date': '2022-07-11'}, 'block': {'height': 15118731}}, {'smartContract': {'address': {'address': '0x19466ef8c4555872f771de0d972d62073030400c'}}, 'caller': {'address': '0x69633cbdb25be419e491ff718836c72b78a66369'}, 'date': {'date': '2022-07-11'}, 'block': {'height': 15118731}}, {'smartContract': {'address': {'address': '0x590a2a23b7bafc3afbadd3114e844a99114b5a1d'}}, 'caller': {'address': '0x69633cbdb25be419e491ff718836c72b78a66369'}, 'date': {'date': '2022-07-11'}, 'block': {'height': 15118655}}, {'smartContract': {'address': {'address': '0x224aad3740213d66830f32d68b3c56a0cdcba1ad'}}, 'caller': {'address': '0x69633cbdb25be419e491ff718836c72b78a66369'}, 'date': {'date': '2022-07-11'}, 'block': {'height': 15118517}}, {'smartContract': {'address': {'address': '0xcba02c2712c9aaa96e675e304072a9070b3e1bdb'}}, 'caller': {'address': '0x69633cbdb25be419e491ff718836c72b78a66369'}, 'date': {'date': '2022-07-11'}, 'block': {'height': 15118515}}, {'smartContract': {'address': {'address': '0x36191836126c15f88a44613992c9e8ba69c60eec'}}, 'caller': {'address': '0x69633cbdb25be419e491ff718836c72b78a66369'}, 'date': {'date': '2022-07-11'}, 'block': {'height': 15118513}}, {'smartContract': {'address': {'address': '0xd6224736040c84f62168738f7674c86c0b5eb154'}}, 'caller': {'address': '0x69633cbdb25be419e491ff718836c72b78a66369'}, 'date': {'date': '2022-07-11'}, 'block': {'height': 15118511}}, {'smartContract': {'address': {'address': '0xfd1a413ff365523c5f61af283810da61a2751ea0'}}, 'caller': {'address': '0x69633cbdb25be419e491ff718836c72b78a66369'}, 'date': {'date': '2022-07-11'}, 'block': {'height': 15118511}}, {'smartContract': {'address': {'address': '0xec049a0076922e347c634bd5f5d5332b03df7b89'}}, 'caller': {'address': '0x69633cbdb25be419e491ff718836c72b78a66369'}, 'date': {'date': '2022-07-11'}, 'block': {'height': 15118510}}, {'smartContract': {'address': {'address': '0xfe0417727e027d53ee2c751d6d1bbcf5f3aec298'}}, 'caller': {'address': '0x69633cbdb25be419e491ff718836c72b78a66369'}, 'date': {'date': '2022-07-11'}, 'block': {'height': 15118509}}, {'smartContract': {'address': {'address': '0xa1d31942ecd686cae8106108d356e85a46d28a32'}}, 'caller': {'address': '0x69633cbdb25be419e491ff718836c72b78a66369'}, 'date': {'date': '2022-07-11'}, 'block': {'height': 15118509}}, {'smartContract': {'address': {'address': '0xa96db0def2252e8847fbdba736c6ea3631c2a76f'}}, 'caller': {'address': '0x69633cbdb25be419e491ff718836c72b78a66369'}, 'date': {'date': '2022-07-11'}, 'block': {'height': 15118509}}, {'smartContract': {'address': {'address': '0xa06e089c6bfb4fb3aeee16f60fa0cafe6579ece0'}}, 'caller': {'address': '0x69633cbdb25be419e491ff718836c72b78a66369'}, 'date': {'date': '2022-07-11'}, 'block': {'height': 15118509}}, {'smartContract': {'address': {'address': '0x91ec4f26b64d03c7a49eacdcf74d4a87f95f9d52'}}, 'caller': {'address': '0x69633cbdb25be419e491ff718836c72b78a66369'}, 'date': {'date': '2022-07-11'}, 'block': {'height': 15118508}}, {'smartContract': {'address': {'address': '0x6284d0700474416f282179c82653241c5e1e7cd2'}}, 'caller': {'address': '0x69633cbdb25be419e491ff718836c72b78a66369'}, 'date': {'date': '2022-07-11'}, 'block': {'height': 15118508}}, {'smartContract': {'address': {'address': '0x4d04888211ecddfd7e3aff6002505c5f34ebbe75'}}, 'caller': {'address': '0x69633cbdb25be419e491ff718836c72b78a66369'}, 'date': {'date': '2022-07-11'}, 'block': {'height': 15118507}}, {'smartContract': {'address': {'address': '0x0237b599fecc891e67dd249cbffb983fb5546abc'}}, 'caller': {'address': '0x69633cbdb25be419e491ff718836c72b78a66369'}, 'date': {'date': '2022-01-24'}, 'block': {'height': 14067483}}, {'smartContract': {'address': {'address': '0xbc2d5111cd9e66f44bffef6f1472806d49b8879b'}}, 'caller': {'address': '0x69633cbdb25be419e491ff718836c72b78a66369'}, 'date': {'date': '2022-01-24'}, 'block': {'height': 14067476}}, {'smartContract': {'address': {'address': '0x1ac9657dc23bd7232ba5a8c0c981ca7cd497811f'}}, 'caller': {'address': '0xa6b71e26c5e0845f74c812102ca7114b6a896ab2'}, 'date': {'date': '2021-12-20'}, 'block': {'height': 13840795}}, {'smartContract': {'address': {'address': '0x7f3141c4d6b047fb930991b450f1ed996a51cb26'}}, 'caller': {'address': '0x69633cbdb25be419e491ff718836c72b78a66369'}, 'date': {'date': '2021-12-14'}, 'block': {'height': 13803552}}, {'smartContract': {'address': {'address': '0x203af49f7bc69d49ac692a90164aa0c3c090f258'}}, 'caller': {'address': '0x115a6f0bd00d8c6dfa8a6cf0f22f9d9984812575'}, 'date': {'date': '2021-10-20'}, 'block': {'height': 13454171}}, {'smartContract': {'address': {'address': '0x236468c42f29ce8d00d0217cff6fcc9832df5bf4'}}, 'caller': {'address': '0x69633cbdb25be419e491ff718836c72b78a66369'}, 'date': {'date': '2021-10-20'}, 'block': {'height': 13454058}}, {'smartContract': {'address': {'address': '0x77920b6cc615cc84db9bbbe605a7efb61bddbe96'}}, 'caller': {'address': '0x69633cbdb25be419e491ff718836c72b78a66369'}, 'date': {'date': '2021-10-20'}, 'block': {'height': 13454054}}, {'smartContract': {'address': {'address': '0x906f3732eea592c0bc95dea95a322341c8ff886d'}}, 'caller': {'address': '0x69633cbdb25be419e491ff718836c72b78a66369'}, 'date': {'date': '2021-10-20'}, 'block': {'height': 13454045}}, {'smartContract': {'address': {'address': '0x734e61fc2793eee7620090c28c9b2d14362b55d9'}}, 'caller': {'address': '0x69633cbdb25be419e491ff718836c72b78a66369'}, 'date': {'date': '2021-10-20'}, 'block': {'height': 13454035}}, {'smartContract': {'address': {'address': '0xbe808ab29d39fb8a76aee5c27e52bf0e7a1d41d1'}}, 'caller': {'address': '0x69633cbdb25be419e491ff718836c72b78a66369'}, 'date': {'date': '2021-10-20'}, 'block': {'height': 13454020}}, {'smartContract': {'address': {'address': '0x8aaff7ffc790b10d45854c4d7e75270acd87c595'}}, 'caller': {'address': '0x69633cbdb25be419e491ff718836c72b78a66369'}, 'date': {'date': '2021-10-20'}, 'block': {'height': 13454015}}, {'smartContract': {'address': {'address': '0x115a6f0bd00d8c6dfa8a6cf0f22f9d9984812575'}}, 'caller': {'address': '0x69633cbdb25be419e491ff718836c72b78a66369'}, 'date': {'date': '2021-10-20'}, 'block': {'height': 13454009}}, {'smartContract': {'address': {'address': '0x6e900bccbaf41b61def40f351ed0c94b8c47c0b1'}}, 'caller': {'address': '0x69633cbdb25be419e491ff718836c72b78a66369'}, 'date': {'date': '2021-10-20'}, 'block': {'height': 13453994}}, {'smartContract': {'address': {'address': '0x36c42435f9558f5816ce020865cd71154675cca1'}}, 'caller': {'address': '0x69633cbdb25be419e491ff718836c72b78a66369'}, 'date': {'date': '2021-10-20'}, 'block': {'height': 13453993}}, {'smartContract': {'address': {'address': '0xdb15cd9bf661802d1b3f5fe38bada0493897ed14'}}, 'caller': {'address': '0x69633cbdb25be419e491ff718836c72b78a66369'}, 'date': {'date': '2021-10-20'}, 'block': {'height': 13453979}}, {'smartContract': {'address': {'address': '0xf9c838e4bc91448c234bce114548ad93f38aed42'}}, 'caller': {'address': '0x69633cbdb25be419e491ff718836c72b78a66369'}, 'date': {'date': '2021-10-20'}, 'block': {'height': 13453978}}, {'smartContract': {'address': {'address': '0x187e8e5c70457c756a5779aeb2227ef098bca776'}}, 'caller': {'address': '0x69633cbdb25be419e491ff718836c72b78a66369'}, 'date': {'date': '2021-10-20'}, 'block': {'height': 13453965}}, {'smartContract': {'address': {'address': '0xc1e31c6beaed64aee73bdb16632a2374ce452b61'}}, 'caller': {'address': '0x69633cbdb25be419e491ff718836c72b78a66369'}, 'date': {'date': '2021-10-20'}, 'block': {'height': 13453957}}, {'smartContract': {'address': {'address': '0xce830a25ac9e5d0faa20ca84eb2cd7e6fec4a1bf'}}, 'caller': {'address': '0x69633cbdb25be419e491ff718836c72b78a66369'}, 'date': {'date': '2021-10-20'}, 'block': {'height': 13453948}}, {'smartContract': {'address': {'address': '0xb7842e755469b15297b8ee872ed6d26e380a50b0'}}, 'caller': {'address': '0x69633cbdb25be419e491ff718836c72b78a66369'}, 'date': {'date': '2021-10-20'}, 'block': {'height': 13453942}}, {'smartContract': {'address': {'address': '0xa3584b86b90476c502097226c042e9ab05c42036'}}, 'caller': {'address': '0xa6b71e26c5e0845f74c812102ca7114b6a896ab2'}, 'date': {'date': '2021-10-20'}, 'block': {'height': 13453272}}]",2021-12-14
378,378,0x900dB999074d9277c5DA2A43F252D74366230DA0,Giveth,https://github.com/Giveth/giv-token-contracts,0x34d27210cC319EC5281bDc4DC2ad8FbcF4EAEAEB,0.0,"[{'smartContract': {'address': {'address': '0xa4b727df6fd608d1835e3440288c73fb28c4ef16'}}, 'caller': {'address': '0x34d27210cc319ec5281bdc4dc2ad8fbcf4eaeaeb'}, 'date': {'date': '2022-07-28'}, 'block': {'height': 15230706}}, {'smartContract': {'address': {'address': '0xa605d960277b156a6b8d0d7afc1ab3a90d9003be'}}, 'caller': {'address': '0x34d27210cc319ec5281bdc4dc2ad8fbcf4eaeaeb'}, 'date': {'date': '2022-07-28'}, 'block': {'height': 15230704}}, {'smartContract': {'address': {'address': '0xedcbdf806ea7fc82760ff68d8c64f254511037ac'}}, 'caller': {'address': '0x34d27210cc319ec5281bdc4dc2ad8fbcf4eaeaeb'}, 'date': {'date': '2022-07-28'}, 'block': {'height': 15230700}}, {'smartContract': {'address': {'address': '0x20c21e6d9c6732a0fcb739742fcbc11e94a775d9'}}, 'caller': {'address': '0x34d27210cc319ec5281bdc4dc2ad8fbcf4eaeaeb'}, 'date': {'date': '2022-06-09'}, 'block': {'height': 14931523}}, {'smartContract': {'address': {'address': '0xa479103c2618ad514653b53f064bc6c9dc35a30b'}}, 'caller': {'address': '0x34d27210cc319ec5281bdc4dc2ad8fbcf4eaeaeb'}, 'date': {'date': '2022-06-07'}, 'block': {'height': 14919615}}, {'smartContract': {'address': {'address': '0x613e6fb93d5bbf9ed6e7397a3ba0425f724b9fdd'}}, 'caller': {'address': '0x34d27210cc319ec5281bdc4dc2ad8fbcf4eaeaeb'}, 'date': {'date': '2022-06-07'}, 'block': {'height': 14919613}}, {'smartContract': {'address': {'address': '0x73f2d115c2cbaa3b5f477a78f7a7cd348d8b70a2'}}, 'caller': {'address': '0x34d27210cc319ec5281bdc4dc2ad8fbcf4eaeaeb'}, 'date': {'date': '2022-06-07'}, 'block': {'height': 14919609}}, {'smartContract': {'address': {'address': '0x52d6a77ebe11675d64a52b317101bea5f60ce456'}}, 'caller': {'address': '0x34d27210cc319ec5281bdc4dc2ad8fbcf4eaeaeb'}, 'date': {'date': '2022-06-07'}, 'block': {'height': 14919607}}, {'smartContract': {'address': {'address': '0x343d0fe5a62a700c49429a6b2d9caee867a7342b'}}, 'caller': {'address': '0x34d27210cc319ec5281bdc4dc2ad8fbcf4eaeaeb'}, 'date': {'date': '2022-06-07'}, 'block': {'height': 14919605}}, {'smartContract': {'address': {'address': '0xa4523d703f663615bd41606b46b58deb2f926d98'}}, 'caller': {'address': '0x34d27210cc319ec5281bdc4dc2ad8fbcf4eaeaeb'}, 'date': {'date': '2022-04-20'}, 'block': {'height': 14620191}}, {'smartContract': {'address': {'address': '0xc349b985b9f23e787b84782d2ccc79b02bd6c1ad'}}, 'caller': {'address': '0x34d27210cc319ec5281bdc4dc2ad8fbcf4eaeaeb'}, 'date': {'date': '2022-04-20'}, 'block': {'height': 14620188}}, {'smartContract': {'address': {'address': '0xbd40c20d556ca56d06576ace8f029e08d36dea4c'}}, 'caller': {'address': '0x34d27210cc319ec5281bdc4dc2ad8fbcf4eaeaeb'}, 'date': {'date': '2022-04-20'}, 'block': {'height': 14620187}}, {'smartContract': {'address': {'address': '0xe2c7736f48699b789ca2deb7c4c3f0434f3319b4'}}, 'caller': {'address': '0x34d27210cc319ec5281bdc4dc2ad8fbcf4eaeaeb'}, 'date': {'date': '2022-03-21'}, 'block': {'height': 14428383}}, {'smartContract': {'address': {'address': '0x6647e17053ffe37e05db35cba7e86856a4221441'}}, 'caller': {'address': '0x34d27210cc319ec5281bdc4dc2ad8fbcf4eaeaeb'}, 'date': {'date': '2022-03-21'}, 'block': {'height': 14428380}}, {'smartContract': {'address': {'address': '0x4b9efae862a1755f7cecb021856d467e86976755'}}, 'caller': {'address': '0x34d27210cc319ec5281bdc4dc2ad8fbcf4eaeaeb'}, 'date': {'date': '2021-12-23'}, 'block': {'height': 13862875}}, {'smartContract': {'address': {'address': '0xc0dbdca66a0636236fabe1b3c16b1bd4c84bb1e1'}}, 'caller': {'address': '0x34d27210cc319ec5281bdc4dc2ad8fbcf4eaeaeb'}, 'date': {'date': '2021-12-23'}, 'block': {'height': 13862860}}, {'smartContract': {'address': {'address': '0x5c6495e7369c13915b14dbfe9d8679be96df037c'}}, 'caller': {'address': '0x34d27210cc319ec5281bdc4dc2ad8fbcf4eaeaeb'}, 'date': {'date': '2021-12-23'}, 'block': {'height': 13862857}}, {'smartContract': {'address': {'address': '0x3115e5aaa3d6f742d09fbb649150dfe285a9c2a3'}}, 'caller': {'address': '0x34d27210cc319ec5281bdc4dc2ad8fbcf4eaeaeb'}, 'date': {'date': '2021-12-23'}, 'block': {'height': 13862852}}, {'smartContract': {'address': {'address': '0xf9148fe651b7f38af5b5c613f8ac68be8c9e1711'}}, 'caller': {'address': '0x34d27210cc319ec5281bdc4dc2ad8fbcf4eaeaeb'}, 'date': {'date': '2021-12-23'}, 'block': {'height': 13862851}}, {'smartContract': {'address': {'address': '0x87de995f6744b75bbe0255a973081142adb61f4d'}}, 'caller': {'address': '0x34d27210cc319ec5281bdc4dc2ad8fbcf4eaeaeb'}, 'date': {'date': '2021-12-23'}, 'block': {'height': 13862850}}, {'smartContract': {'address': {'address': '0x7cd4eaaed06fa2270e0c063b7abda576a0ad149f'}}, 'caller': {'address': '0x34d27210cc319ec5281bdc4dc2ad8fbcf4eaeaeb'}, 'date': {'date': '2021-12-23'}, 'block': {'height': 13862849}}, {'smartContract': {'address': {'address': '0x46cdc7683e851cbb3566ac1cee334251f1e80beb'}}, 'caller': {'address': '0x34d27210cc319ec5281bdc4dc2ad8fbcf4eaeaeb'}, 'date': {'date': '2021-12-23'}, 'block': {'height': 13862848}}, {'smartContract': {'address': {'address': '0xc763b6b3d0f75167db95daa6a0a0d75dd467c4e1'}}, 'caller': {'address': '0x1f98431c8ad98523631ae4a59f267346ea31f984'}, 'date': {'date': '2021-12-17'}, 'block': {'height': 13821537}}, {'smartContract': {'address': {'address': '0x7819f1532c49388106f7762328c51ee70edd134c'}}, 'caller': {'address': '0x8e9aa87e45e92bad84d5f8dd1bff34fb92637de9'}, 'date': {'date': '2021-12-16'}, 'block': {'height': 13816861}}, {'smartContract': {'address': {'address': '0x900db999074d9277c5da2a43f252d74366230da0'}}, 'caller': {'address': '0x34d27210cc319ec5281bdc4dc2ad8fbcf4eaeaeb'}, 'date': {'date': '2021-12-16'}, 'block': {'height': 13816800}}]",2021-12-16
379,379,0x07150e919B4De5fD6a63DE1F9384828396f25fDC,(Proxy contract) Base Protocol,https://github.com/Base-Protocol,0x471aEa3d5A2c588A51E74132752C7b15c185DB79,0.0,"[{'smartContract': {'address': {'address': '0xa6c997458b52c1c0f6b81a564836489e29e06fdb'}}, 'caller': {'address': '0x471aea3d5a2c588a51e74132752c7b15c185db79'}, 'date': {'date': '2022-02-11'}, 'block': {'height': 14183808}}, {'smartContract': {'address': {'address': '0xff8188f653895bbfe509759306ad3b3e2a4a3cd6'}}, 'caller': {'address': '0x471aea3d5a2c588a51e74132752c7b15c185db79'}, 'date': {'date': '2021-07-24'}, 'block': {'height': 12891725}}, {'smartContract': {'address': {'address': '0xfc52d585ebd05873337be15f8b57b9993d48a0a5'}}, 'caller': {'address': '0x471aea3d5a2c588a51e74132752c7b15c185db79'}, 'date': {'date': '2021-07-24'}, 'block': {'height': 12891620}}, {'smartContract': {'address': {'address': '0xfab6619c20072325aa26346cf16b97258929de88'}}, 'caller': {'address': '0x471aea3d5a2c588a51e74132752c7b15c185db79'}, 'date': {'date': '2021-07-24'}, 'block': {'height': 12891608}}, {'smartContract': {'address': {'address': '0x751408cc4ad0df7aecb126e9309b1c260ed0a488'}}, 'caller': {'address': '0x471aea3d5a2c588a51e74132752c7b15c185db79'}, 'date': {'date': '2021-07-24'}, 'block': {'height': 12891500}}, {'smartContract': {'address': {'address': '0xe1710a17d202b59016eefc142bc53de09510c137'}}, 'caller': {'address': '0x471aea3d5a2c588a51e74132752c7b15c185db79'}, 'date': {'date': '2021-07-24'}, 'block': {'height': 12891499}}, {'smartContract': {'address': {'address': '0xf3ec790f9a59ab0bdc2b249c27cdc18bbccc71ba'}}, 'caller': {'address': '0x471aea3d5a2c588a51e74132752c7b15c185db79'}, 'date': {'date': '2021-05-28'}, 'block': {'height': 12525568}}, {'smartContract': {'address': {'address': '0xc4b2edd341ec19f121b73690160bf4182bf069c8'}}, 'caller': {'address': '0x471aea3d5a2c588a51e74132752c7b15c185db79'}, 'date': {'date': '2021-05-15'}, 'block': {'height': 12437858}}, {'smartContract': {'address': {'address': '0xaebf1deb184f31aeccfeea053a27d91c0329d7cd'}}, 'caller': {'address': '0x471aea3d5a2c588a51e74132752c7b15c185db79'}, 'date': {'date': '2021-05-15'}, 'block': {'height': 12437847}}, {'smartContract': {'address': {'address': '0xcc8e9cad6da524672e74b2436e0c7b47b2f92885'}}, 'caller': {'address': '0x471aea3d5a2c588a51e74132752c7b15c185db79'}, 'date': {'date': '2021-05-15'}, 'block': {'height': 12437423}}, {'smartContract': {'address': {'address': '0x04f695fcaa5abe6b97592dae0dc18473b253905f'}}, 'caller': {'address': '0x471aea3d5a2c588a51e74132752c7b15c185db79'}, 'date': {'date': '2021-04-05'}, 'block': {'height': 12177787}}, {'smartContract': {'address': {'address': '0xf805c4fa60a77381d6583c7b5555130c25163da9'}}, 'caller': {'address': '0x471aea3d5a2c588a51e74132752c7b15c185db79'}, 'date': {'date': '2021-04-04'}, 'block': {'height': 12175411}}, {'smartContract': {'address': {'address': '0x406f6d26ffb9827a0a3c1caa7ef8de9aebc7afb0'}}, 'caller': {'address': '0x471aea3d5a2c588a51e74132752c7b15c185db79'}, 'date': {'date': '2021-03-21'}, 'block': {'height': 12084537}}, {'smartContract': {'address': {'address': '0x7f1a6f8c0758512c5f59bde8836fd7bf74cb8b5f'}}, 'caller': {'address': '0x471aea3d5a2c588a51e74132752c7b15c185db79'}, 'date': {'date': '2021-03-16'}, 'block': {'height': 12047485}}, {'smartContract': {'address': {'address': '0x522ec850c52bc09f44e56de3d14d7a9bec3ba688'}}, 'caller': {'address': '0xd87ad19db2c4ccbf897106de034d52e3dd90ea60'}, 'date': {'date': '2021-03-13'}, 'block': {'height': 12029341}}, {'smartContract': {'address': {'address': '0xf8fd26c901f61baaca02ce9d5afc1d83dd80f6c4'}}, 'caller': {'address': '0xf0159d041db29029ccf285a1043dcaac7088030b'}, 'date': {'date': '2021-03-01'}, 'block': {'height': 11950485}}, {'smartContract': {'address': {'address': '0x3c8f64d5aba7745922f79c45ceea3e78cf2cf99f'}}, 'caller': {'address': '0xa17ec9694d1f83f681d7ba67cee7eec0d916de37'}, 'date': {'date': '2021-03-01'}, 'block': {'height': 11950485}}, {'smartContract': {'address': {'address': '0x2b41ea17019948973461e648a6ec211a67c44b85'}}, 'caller': {'address': '0xf0159d041db29029ccf285a1043dcaac7088030b'}, 'date': {'date': '2021-03-01'}, 'block': {'height': 11950485}}, {'smartContract': {'address': {'address': '0x90a6dbc347ca01b2077f6e6729cd6e16c5e669bc'}}, 'caller': {'address': '0x5021470fc598373fba4fe3384745940eab3e653d'}, 'date': {'date': '2021-03-01'}, 'block': {'height': 11950485}}, {'smartContract': {'address': {'address': '0xab962883d36425e8f313e05a4bd29980b89123ea'}}, 'caller': {'address': '0x471aea3d5a2c588a51e74132752c7b15c185db79'}, 'date': {'date': '2021-03-01'}, 'block': {'height': 11950175}}, {'smartContract': {'address': {'address': '0x5a11d77a37737af984325a99e243a886ac50ff31'}}, 'caller': {'address': '0x471aea3d5a2c588a51e74132752c7b15c185db79'}, 'date': {'date': '2021-03-01'}, 'block': {'height': 11950172}}, {'smartContract': {'address': {'address': '0x3cdd8e2e6c317b171c3cca842380674d44b0c227'}}, 'caller': {'address': '0x471aea3d5a2c588a51e74132752c7b15c185db79'}, 'date': {'date': '2021-03-01'}, 'block': {'height': 11950160}}, {'smartContract': {'address': {'address': '0xc7d79db274cb6fba3849e83dbd937bbff894d4fe'}}, 'caller': {'address': '0x471aea3d5a2c588a51e74132752c7b15c185db79'}, 'date': {'date': '2021-02-13'}, 'block': {'height': 11850184}}, {'smartContract': {'address': {'address': '0x8231902ad86195d27e74e28c018a014edfc24668'}}, 'caller': {'address': '0x471aea3d5a2c588a51e74132752c7b15c185db79'}, 'date': {'date': '2021-02-13'}, 'block': {'height': 11850181}}, {'smartContract': {'address': {'address': '0xc3f6087ca9ad6f14e0b1299112d83e2ad39f8e0d'}}, 'caller': {'address': '0x471aea3d5a2c588a51e74132752c7b15c185db79'}, 'date': {'date': '2021-02-07'}, 'block': {'height': 11812257}}, {'smartContract': {'address': {'address': '0x6891e2f5101a46cf47228e128fd18d29b290025e'}}, 'caller': {'address': '0x471aea3d5a2c588a51e74132752c7b15c185db79'}, 'date': {'date': '2021-02-07'}, 'block': {'height': 11812252}}, {'smartContract': {'address': {'address': '0x6f29466949de9e9fb906193b97916739fa982cb5'}}, 'caller': {'address': '0x471aea3d5a2c588a51e74132752c7b15c185db79'}, 'date': {'date': '2021-02-07'}, 'block': {'height': 11812216}}, {'smartContract': {'address': {'address': '0xd1387d61ce0b47fde1de27d71394735d5f559f8d'}}, 'caller': {'address': '0x471aea3d5a2c588a51e74132752c7b15c185db79'}, 'date': {'date': '2021-02-07'}, 'block': {'height': 11812215}}, {'smartContract': {'address': {'address': '0xfe3d8e9cee391e80f977351fcbbb1c8c67aa3563'}}, 'caller': {'address': '0x471aea3d5a2c588a51e74132752c7b15c185db79'}, 'date': {'date': '2021-02-07'}, 'block': {'height': 11812180}}, {'smartContract': {'address': {'address': '0x7d9997c56845235fd596c6df5fe2e30ec9c9c64c'}}, 'caller': {'address': '0x471aea3d5a2c588a51e74132752c7b15c185db79'}, 'date': {'date': '2021-02-07'}, 'block': {'height': 11812159}}, {'smartContract': {'address': {'address': '0x677960e8f971160f5a36a96b054e405bb9481bad'}}, 'caller': {'address': '0x471aea3d5a2c588a51e74132752c7b15c185db79'}, 'date': {'date': '2021-02-07'}, 'block': {'height': 11812110}}, {'smartContract': {'address': {'address': '0x204cbf084a524dfa840d1c60d3cb46c6cd6a2fba'}}, 'caller': {'address': '0x471aea3d5a2c588a51e74132752c7b15c185db79'}, 'date': {'date': '2021-02-07'}, 'block': {'height': 11812108}}, {'smartContract': {'address': {'address': '0x3f3243d00ca9ae93115283f1dca0b4c48e45e5c5'}}, 'caller': {'address': '0x471aea3d5a2c588a51e74132752c7b15c185db79'}, 'date': {'date': '2021-01-31'}, 'block': {'height': 11762457}}, {'smartContract': {'address': {'address': '0x5d1ba1ab8f3e5a939d2c9d96dbd2b0d8584a096e'}}, 'caller': {'address': '0x471aea3d5a2c588a51e74132752c7b15c185db79'}, 'date': {'date': '2021-01-31'}, 'block': {'height': 11762443}}, {'smartContract': {'address': {'address': '0xc28ee3cfa457d0b53f57486e297d517def907a6e'}}, 'caller': {'address': '0x471aea3d5a2c588a51e74132752c7b15c185db79'}, 'date': {'date': '2021-01-31'}, 'block': {'height': 11762408}}, {'smartContract': {'address': {'address': '0x9b7c5f585fbe47f66f3d61a930d5a08a97790f73'}}, 'caller': {'address': '0x471aea3d5a2c588a51e74132752c7b15c185db79'}, 'date': {'date': '2021-01-31'}, 'block': {'height': 11762277}}, {'smartContract': {'address': {'address': '0xab1c247aa727b39c25b6310603fc19e99774add4'}}, 'caller': {'address': '0x471aea3d5a2c588a51e74132752c7b15c185db79'}, 'date': {'date': '2021-01-31'}, 'block': {'height': 11760819}}, {'smartContract': {'address': {'address': '0x84f0b803c7ea123fd1ee3e7dd7aa6552f65dac88'}}, 'caller': {'address': '0x471aea3d5a2c588a51e74132752c7b15c185db79'}, 'date': {'date': '2021-01-22'}, 'block': {'height': 11703480}}, {'smartContract': {'address': {'address': '0xe254e18c5ab8d86a40cc3bf6c4ef76dd0e2e43a5'}}, 'caller': {'address': '0x471aea3d5a2c588a51e74132752c7b15c185db79'}, 'date': {'date': '2021-01-22'}, 'block': {'height': 11703479}}, {'smartContract': {'address': {'address': '0x14d89a265d31929e649281338bcde58f3d22efb5'}}, 'caller': {'address': '0x471aea3d5a2c588a51e74132752c7b15c185db79'}, 'date': {'date': '2021-01-06'}, 'block': {'height': 11598231}}, {'smartContract': {'address': {'address': '0x3fa7d6dc3836b03d8766bbf5054ac0c2acab3ae9'}}, 'caller': {'address': '0x471aea3d5a2c588a51e74132752c7b15c185db79'}, 'date': {'date': '2020-12-31'}, 'block': {'height': 11559580}}, {'smartContract': {'address': {'address': '0xef73903956e599611bf36ac1f209045544aad423'}}, 'caller': {'address': '0x471aea3d5a2c588a51e74132752c7b15c185db79'}, 'date': {'date': '2020-12-31'}, 'block': {'height': 11559577}}, {'smartContract': {'address': {'address': '0x32260d3574e1c698eb728ac1e69dcf33f581c25b'}}, 'caller': {'address': '0x471aea3d5a2c588a51e74132752c7b15c185db79'}, 'date': {'date': '2020-12-31'}, 'block': {'height': 11559572}}, {'smartContract': {'address': {'address': '0x1ef25079fb3f74856a31ef45dd925d203b168721'}}, 'caller': {'address': '0x471aea3d5a2c588a51e74132752c7b15c185db79'}, 'date': {'date': '2020-12-31'}, 'block': {'height': 11559527}}, {'smartContract': {'address': {'address': '0xe808febaa9a66143fb3de358dc8191ab70a979f9'}}, 'caller': {'address': '0x471aea3d5a2c588a51e74132752c7b15c185db79'}, 'date': {'date': '2020-12-31'}, 'block': {'height': 11559525}}, {'smartContract': {'address': {'address': '0x33fcf5432fc8a0dd2d5ae70b137c383b59fcdbf8'}}, 'caller': {'address': '0x471aea3d5a2c588a51e74132752c7b15c185db79'}, 'date': {'date': '2020-12-31'}, 'block': {'height': 11559025}}, {'smartContract': {'address': {'address': '0x02ad41ed608efd644d69ea18adfbefacdcdb1bec'}}, 'caller': {'address': '0x471aea3d5a2c588a51e74132752c7b15c185db79'}, 'date': {'date': '2020-12-31'}, 'block': {'height': 11559024}}, {'smartContract': {'address': {'address': '0xb9a069b9fba5e7fc3e1198ef3e3beaae8b5d0c39'}}, 'caller': {'address': '0x471aea3d5a2c588a51e74132752c7b15c185db79'}, 'date': {'date': '2020-12-31'}, 'block': {'height': 11558562}}, {'smartContract': {'address': {'address': '0x95c19febf23ea0071f607cc569b3b88b826b7b06'}}, 'caller': {'address': '0x471aea3d5a2c588a51e74132752c7b15c185db79'}, 'date': {'date': '2020-12-30'}, 'block': {'height': 11558495}}, {'smartContract': {'address': {'address': '0x4a50862e3d648847d5c5ec014ddd1e2b8db72d26'}}, 'caller': {'address': '0x471aea3d5a2c588a51e74132752c7b15c185db79'}, 'date': {'date': '2020-12-30'}, 'block': {'height': 11552370}}, {'smartContract': {'address': {'address': '0x07d4c22e397ffc39c4d1041cf968849500516f43'}}, 'caller': {'address': '0x471aea3d5a2c588a51e74132752c7b15c185db79'}, 'date': {'date': '2020-12-29'}, 'block': {'height': 11551692}}, {'smartContract': {'address': {'address': '0x537a75afa642232c47051fd65fc01326c30a3e5a'}}, 'caller': {'address': '0x471aea3d5a2c588a51e74132752c7b15c185db79'}, 'date': {'date': '2020-12-29'}, 'block': {'height': 11551536}}, {'smartContract': {'address': {'address': '0x8ab2425d1e7b91c0e3c12c2be870ac74c69e8c95'}}, 'caller': {'address': '0x471aea3d5a2c588a51e74132752c7b15c185db79'}, 'date': {'date': '2020-12-29'}, 'block': {'height': 11551534}}, {'smartContract': {'address': {'address': '0x57cfbeaf6293126932ee186f585192b23d440fa2'}}, 'caller': {'address': '0x471aea3d5a2c588a51e74132752c7b15c185db79'}, 'date': {'date': '2020-12-29'}, 'block': {'height': 11551432}}, {'smartContract': {'address': {'address': '0x758041359128fb06aa5916701c18752418cf5d9f'}}, 'caller': {'address': '0x471aea3d5a2c588a51e74132752c7b15c185db79'}, 'date': {'date': '2020-12-29'}, 'block': {'height': 11551296}}, {'smartContract': {'address': {'address': '0x812576950c6ab6ce5e2ca178d193b6cb8aa0adb2'}}, 'caller': {'address': '0x471aea3d5a2c588a51e74132752c7b15c185db79'}, 'date': {'date': '2020-12-29'}, 'block': {'height': 11551286}}, {'smartContract': {'address': {'address': '0xeef17dd6d22ea5f176b2cb9d6984de73ed4ab1e6'}}, 'caller': {'address': '0x471aea3d5a2c588a51e74132752c7b15c185db79'}, 'date': {'date': '2020-12-27'}, 'block': {'height': 11538215}}, {'smartContract': {'address': {'address': '0xc8552abe9e214e03566c20ee270853cae843dda9'}}, 'caller': {'address': '0x471aea3d5a2c588a51e74132752c7b15c185db79'}, 'date': {'date': '2020-12-27'}, 'block': {'height': 11538214}}, {'smartContract': {'address': {'address': '0x86e164258d73408527eff21694ad67696ccf9681'}}, 'caller': {'address': '0x471aea3d5a2c588a51e74132752c7b15c185db79'}, 'date': {'date': '2020-12-25'}, 'block': {'height': 11524946}}, {'smartContract': {'address': {'address': '0xc86a4279d77dd4788c13a3d72e0e902eb865b1d6'}}, 'caller': {'address': '0x471aea3d5a2c588a51e74132752c7b15c185db79'}, 'date': {'date': '2020-12-18'}, 'block': {'height': 11479339}}, {'smartContract': {'address': {'address': '0x28130426de5b623eb53cda8d514dd64d92354b27'}}, 'caller': {'address': '0x71cd6666064c3a1354a3b4dca5fa1e2d3ee7d303'}, 'date': {'date': '2020-12-13'}, 'block': {'height': 11441320}}, {'smartContract': {'address': {'address': '0xfe937a4d57ac5e47adc50975b7857ec7c61eccd0'}}, 'caller': {'address': '0x210f342802a95be9e8cc371961f23524a3d426e7'}, 'date': {'date': '2020-12-11'}, 'block': {'height': 11434655}}, {'smartContract': {'address': {'address': '0x19b770c8f9d5439c419864d8458255791f7e736c'}}, 'caller': {'address': '0x89822f305922c187d42db1017f9b61135be1c1e8'}, 'date': {'date': '2020-12-11'}, 'block': {'height': 11434655}}, {'smartContract': {'address': {'address': '0x775783924d0519b6bd0f1dde86edc04b1e6c547c'}}, 'caller': {'address': '0x471aea3d5a2c588a51e74132752c7b15c185db79'}, 'date': {'date': '2020-12-11'}, 'block': {'height': 11429791}}, {'smartContract': {'address': {'address': '0xb81b469efeed9d71f7657d40c501b5e0c69c2f98'}}, 'caller': {'address': '0x471aea3d5a2c588a51e74132752c7b15c185db79'}, 'date': {'date': '2020-12-11'}, 'block': {'height': 11429407}}, {'smartContract': {'address': {'address': '0xfb1a056f4aac2f5c60e7a29eb973a6b82e493955'}}, 'caller': {'address': '0x471aea3d5a2c588a51e74132752c7b15c185db79'}, 'date': {'date': '2020-12-11'}, 'block': {'height': 11429372}}, {'smartContract': {'address': {'address': '0x5b7fafcaebc97a9c8332d34bbc61d73b7ee486c6'}}, 'caller': {'address': '0x471aea3d5a2c588a51e74132752c7b15c185db79'}, 'date': {'date': '2020-12-11'}, 'block': {'height': 11428434}}, {'smartContract': {'address': {'address': '0x15ae3846d7183ba27ad5772fec55aeefdd365975'}}, 'caller': {'address': '0x471aea3d5a2c588a51e74132752c7b15c185db79'}, 'date': {'date': '2020-12-11'}, 'block': {'height': 11428423}}, {'smartContract': {'address': {'address': '0x183638da29e30f72ec9d2b82b909331dd0422819'}}, 'caller': {'address': '0x471aea3d5a2c588a51e74132752c7b15c185db79'}, 'date': {'date': '2020-12-11'}, 'block': {'height': 11428422}}, {'smartContract': {'address': {'address': '0xf068e29e04902ce978cc1e7af571099b7f848353'}}, 'caller': {'address': '0x471aea3d5a2c588a51e74132752c7b15c185db79'}, 'date': {'date': '2020-12-10'}, 'block': {'height': 11426777}}, {'smartContract': {'address': {'address': '0x236eb9c0ded9212b6cf45fc175362ce9cc0f1378'}}, 'caller': {'address': '0x471aea3d5a2c588a51e74132752c7b15c185db79'}, 'date': {'date': '2020-12-10'}, 'block': {'height': 11426774}}, {'smartContract': {'address': {'address': '0xed1433a5f355533e42d9f4dbdaa88145862293a9'}}, 'caller': {'address': '0x471aea3d5a2c588a51e74132752c7b15c185db79'}, 'date': {'date': '2020-12-10'}, 'block': {'height': 11426531}}, {'smartContract': {'address': {'address': '0x29f5eb4e6e45718cba91d6054efc8ea09398e112'}}, 'caller': {'address': '0x471aea3d5a2c588a51e74132752c7b15c185db79'}, 'date': {'date': '2020-12-10'}, 'block': {'height': 11423607}}, {'smartContract': {'address': {'address': '0x05fb1a9fd1d841827dd4813c2e67084fcb1e870f'}}, 'caller': {'address': '0x471aea3d5a2c588a51e74132752c7b15c185db79'}, 'date': {'date': '2020-12-10'}, 'block': {'height': 11423605}}, {'smartContract': {'address': {'address': '0xe56bd7e8c8cf571a10c1043875d333b1794f5825'}}, 'caller': {'address': '0x471aea3d5a2c588a51e74132752c7b15c185db79'}, 'date': {'date': '2020-12-05'}, 'block': {'height': 11389542}}, {'smartContract': {'address': {'address': '0x23ab9bb663f6747b188fd1749da884dbee9a8bec'}}, 'caller': {'address': '0x471aea3d5a2c588a51e74132752c7b15c185db79'}, 'date': {'date': '2020-12-04'}, 'block': {'height': 11389163}}, {'smartContract': {'address': {'address': '0xc1a6a5d5e772869c30e96969c01e0a0f0505f08e'}}, 'caller': {'address': '0x471aea3d5a2c588a51e74132752c7b15c185db79'}, 'date': {'date': '2020-12-04'}, 'block': {'height': 11388676}}, {'smartContract': {'address': {'address': '0x3581f107c8fed7b4671624d876a5ce4c1312b7ab'}}, 'caller': {'address': '0x471aea3d5a2c588a51e74132752c7b15c185db79'}, 'date': {'date': '2020-12-04'}, 'block': {'height': 11388615}}, {'smartContract': {'address': {'address': '0x7ca480c0942a12db097894dc706ad5811d408a33'}}, 'caller': {'address': '0x471aea3d5a2c588a51e74132752c7b15c185db79'}, 'date': {'date': '2020-12-03'}, 'block': {'height': 11382097}}, {'smartContract': {'address': {'address': '0x0f9aafa3d2f2d8ddb1f43ade29b59ee0924fe375'}}, 'caller': {'address': '0x471aea3d5a2c588a51e74132752c7b15c185db79'}, 'date': {'date': '2020-12-03'}, 'block': {'height': 11382076}}, {'smartContract': {'address': {'address': '0x730faacc6d6f46f9472c394ad9150a983d493ea8'}}, 'caller': {'address': '0x471aea3d5a2c588a51e74132752c7b15c185db79'}, 'date': {'date': '2020-12-03'}, 'block': {'height': 11381826}}, {'smartContract': {'address': {'address': '0xef975ea5fdb1b5dfb59f3f85d35198be1b50c36e'}}, 'caller': {'address': '0x471aea3d5a2c588a51e74132752c7b15c185db79'}, 'date': {'date': '2020-12-02'}, 'block': {'height': 11375676}}, {'smartContract': {'address': {'address': '0x2a99640788f60cacb6cde6f5ae4d05656c8afbc0'}}, 'caller': {'address': '0x471aea3d5a2c588a51e74132752c7b15c185db79'}, 'date': {'date': '2020-12-02'}, 'block': {'height': 11375661}}, {'smartContract': {'address': {'address': '0x61049f3a51e4450ad5e59cf9fcb20cfca272d674'}}, 'caller': {'address': '0x471aea3d5a2c588a51e74132752c7b15c185db79'}, 'date': {'date': '2020-12-02'}, 'block': {'height': 11375609}}, {'smartContract': {'address': {'address': '0xb25df8bf46d702a50160d59db8d9f8250cd19a77'}}, 'caller': {'address': '0x471aea3d5a2c588a51e74132752c7b15c185db79'}, 'date': {'date': '2020-12-02'}, 'block': {'height': 11375585}}, {'smartContract': {'address': {'address': '0xfdc548575678a3fe6ddf6ef5a5ac4a3486d9ba3d'}}, 'caller': {'address': '0x471aea3d5a2c588a51e74132752c7b15c185db79'}, 'date': {'date': '2020-12-02'}, 'block': {'height': 11375516}}, {'smartContract': {'address': {'address': '0x6888e156e7b52fa52f1d0b6a0142b1e8eda56cb1'}}, 'caller': {'address': '0x471aea3d5a2c588a51e74132752c7b15c185db79'}, 'date': {'date': '2020-12-02'}, 'block': {'height': 11375429}}, {'smartContract': {'address': {'address': '0xe2ef9b819a672a61b801ed1db7c2fe3af5cc4dae'}}, 'caller': {'address': '0x471aea3d5a2c588a51e74132752c7b15c185db79'}, 'date': {'date': '2020-12-02'}, 'block': {'height': 11375383}}, {'smartContract': {'address': {'address': '0x10b32a8117589642e53cefd8527452d68c237173'}}, 'caller': {'address': '0x471aea3d5a2c588a51e74132752c7b15c185db79'}, 'date': {'date': '2020-12-02'}, 'block': {'height': 11375314}}, {'smartContract': {'address': {'address': '0x01f1290cead52303843a17061e2e0b8f415e0a64'}}, 'caller': {'address': '0x471aea3d5a2c588a51e74132752c7b15c185db79'}, 'date': {'date': '2020-12-02'}, 'block': {'height': 11375312}}, {'smartContract': {'address': {'address': '0x552330850ca8ae875e00a5808dfd2f75363fafd0'}}, 'caller': {'address': '0x471aea3d5a2c588a51e74132752c7b15c185db79'}, 'date': {'date': '2020-12-02'}, 'block': {'height': 11375311}}, {'smartContract': {'address': {'address': '0x60a5391c80fdc0258797b121a7aaaa91490b36be'}}, 'caller': {'address': '0x471aea3d5a2c588a51e74132752c7b15c185db79'}, 'date': {'date': '2020-12-02'}, 'block': {'height': 11375304}}, {'smartContract': {'address': {'address': '0xdece20af7a2f0006a7385c7a3f04dab06bf7b2da'}}, 'caller': {'address': '0x471aea3d5a2c588a51e74132752c7b15c185db79'}, 'date': {'date': '2020-12-02'}, 'block': {'height': 11375301}}, {'smartContract': {'address': {'address': '0x8dce9650eb8c1cf0db0dd74a856923568be0073e'}}, 'caller': {'address': '0x471aea3d5a2c588a51e74132752c7b15c185db79'}, 'date': {'date': '2020-12-02'}, 'block': {'height': 11375298}}, {'smartContract': {'address': {'address': '0x48bee5513d7d67cc85e49b20dcd2ec6fc632a157'}}, 'caller': {'address': '0x471aea3d5a2c588a51e74132752c7b15c185db79'}, 'date': {'date': '2020-12-02'}, 'block': {'height': 11375282}}, {'smartContract': {'address': {'address': '0x46e36d3aa7b04472c76714a7accc8ec4c09b9ca4'}}, 'caller': {'address': '0x471aea3d5a2c588a51e74132752c7b15c185db79'}, 'date': {'date': '2020-12-02'}, 'block': {'height': 11375281}}, {'smartContract': {'address': {'address': '0x44d39d157e469fcbc28f980aae1c850a88e185d2'}}, 'caller': {'address': '0x471aea3d5a2c588a51e74132752c7b15c185db79'}, 'date': {'date': '2020-12-02'}, 'block': {'height': 11374950}}, {'smartContract': {'address': {'address': '0xdee163747b64ee511d93323144432fd910f8ae4a'}}, 'caller': {'address': '0x471aea3d5a2c588a51e74132752c7b15c185db79'}, 'date': {'date': '2020-12-01'}, 'block': {'height': 11364000}}, {'smartContract': {'address': {'address': '0xd1562b10299720e809bf659d29128fcb1444bae8'}}, 'caller': {'address': '0x471aea3d5a2c588a51e74132752c7b15c185db79'}, 'date': {'date': '2020-12-01'}, 'block': {'height': 11363884}}, {'smartContract': {'address': {'address': '0xde5b7ff5b10cc5f8c95a2e2b643e3abf5179c987'}}, 'caller': {'address': '0x5c69bee701ef814a2b6a3edd4b1652cb9cc5aa6f'}, 'date': {'date': '2020-12-01'}, 'block': {'height': 11363811}}]",2020-11-30
380,380,0x32C868F6318D6334B2250F323D914Bc2239E4EeE,N3RD.FINANCE,,0xF4a08FDD3D76233b3C181b6F05985f908EDCD505,0.0,"[{'smartContract': {'address': {'address': '0xfe72c5b590abd8bbbbc10bb2a2ff5389f3b36b5f'}}, 'caller': {'address': '0xf4a08fdd3d76233b3c181b6f05985f908edcd505'}, 'date': {'date': '2021-04-14'}, 'block': {'height': 12237302}}, {'smartContract': {'address': {'address': '0x7f40db13d2d73c6f3a87a315cfa1e1fed13c9900'}}, 'caller': {'address': '0xf4a08fdd3d76233b3c181b6f05985f908edcd505'}, 'date': {'date': '2021-02-14'}, 'block': {'height': 11852151}}, {'smartContract': {'address': {'address': '0x259382b3d1fc0171906f2d31e80e3903c6a8434c'}}, 'caller': {'address': '0xf4a08fdd3d76233b3c181b6f05985f908edcd505'}, 'date': {'date': '2021-02-07'}, 'block': {'height': 11809540}}, {'smartContract': {'address': {'address': '0x7ad060bd80e088f0c1adef7aa50f4df58baf58d5'}}, 'caller': {'address': '0x5c69bee701ef814a2b6a3edd4b1652cb9cc5aa6f'}, 'date': {'date': '2020-12-28'}, 'block': {'height': 11544356}}, {'smartContract': {'address': {'address': '0xcb832c66e1d9b701fc39c024dcdc00be7cb9e110'}}, 'caller': {'address': '0xf4a08fdd3d76233b3c181b6f05985f908edcd505'}, 'date': {'date': '2020-12-24'}, 'block': {'height': 11514133}}, {'smartContract': {'address': {'address': '0x501d4a8b875038efa202e7058129e59b889c7f85'}}, 'caller': {'address': '0xf4a08fdd3d76233b3c181b6f05985f908edcd505'}, 'date': {'date': '2020-12-24'}, 'block': {'height': 11514068}}, {'smartContract': {'address': {'address': '0x92b6c3ac026686e2b6ccf299f1eacc60fdcd2684'}}, 'caller': {'address': '0xf4a08fdd3d76233b3c181b6f05985f908edcd505'}, 'date': {'date': '2020-12-23'}, 'block': {'height': 11512875}}, {'smartContract': {'address': {'address': '0x080cf0c375d7cf2b189b37ef9b1d9088c34b40b3'}}, 'caller': {'address': '0xf4a08fdd3d76233b3c181b6f05985f908edcd505'}, 'date': {'date': '2020-12-21'}, 'block': {'height': 11498732}}, {'smartContract': {'address': {'address': '0x357ada6e0da1bb40668bddd3e3af64f472cbd9ff'}}, 'caller': {'address': '0xf4a08fdd3d76233b3c181b6f05985f908edcd505'}, 'date': {'date': '2020-12-21'}, 'block': {'height': 11498731}}, {'smartContract': {'address': {'address': '0x61e3fdf3fb5808acfd8b9cfe942c729c07b0fe21'}}, 'caller': {'address': '0x5c69bee701ef814a2b6a3edd4b1652cb9cc5aa6f'}, 'date': {'date': '2020-12-21'}, 'block': {'height': 11498726}}, {'smartContract': {'address': {'address': '0x551ef9735c3cdda91520436d55761bc75ed40188'}}, 'caller': {'address': '0xf4a08fdd3d76233b3c181b6f05985f908edcd505'}, 'date': {'date': '2020-12-21'}, 'block': {'height': 11498721}}, {'smartContract': {'address': {'address': '0x08e5947dec6fb7f0bcc7b2660bfd855bccc71faf'}}, 'caller': {'address': '0xf4a08fdd3d76233b3c181b6f05985f908edcd505'}, 'date': {'date': '2020-12-06'}, 'block': {'height': 11398762}}, {'smartContract': {'address': {'address': '0x959110287cf3bbf40ad53708e9971715a554ec43'}}, 'caller': {'address': '0xf4a08fdd3d76233b3c181b6f05985f908edcd505'}, 'date': {'date': '2020-12-03'}, 'block': {'height': 11381623}}, {'smartContract': {'address': {'address': '0x52137c9177618d21246f57e2203b4d77ab509033'}}, 'caller': {'address': '0xf4a08fdd3d76233b3c181b6f05985f908edcd505'}, 'date': {'date': '2020-11-26'}, 'block': {'height': 11335660}}, {'smartContract': {'address': {'address': '0x47ce2237d7235ff865e1c74bf3c6d9af88d1bbff'}}, 'caller': {'address': '0xf4a08fdd3d76233b3c181b6f05985f908edcd505'}, 'date': {'date': '2020-11-26'}, 'block': {'height': 11335652}}, {'smartContract': {'address': {'address': '0x88bc5f045b9a910a467e45468dd63c82506a9536'}}, 'caller': {'address': '0xf4a08fdd3d76233b3c181b6f05985f908edcd505'}, 'date': {'date': '2020-11-26'}, 'block': {'height': 11335647}}, {'smartContract': {'address': {'address': '0x3473c92d47a2226b1503dfe7c929b2ae454f6b22'}}, 'caller': {'address': '0x5c69bee701ef814a2b6a3edd4b1652cb9cc5aa6f'}, 'date': {'date': '2020-11-26'}, 'block': {'height': 11335645}}, {'smartContract': {'address': {'address': '0x32c868f6318d6334b2250f323d914bc2239e4eee'}}, 'caller': {'address': '0xf4a08fdd3d76233b3c181b6f05985f908edcd505'}, 'date': {'date': '2020-11-26'}, 'block': {'height': 11335645}}, {'smartContract': {'address': {'address': '0x23d020f3fcc69e83afb1916832358738c2301999'}}, 'caller': {'address': '0x6e95c8e8557abc08b46f3c347ba06f8dc012763f'}, 'date': {'date': '2020-11-26'}, 'block': {'height': 11335434}}]",2020-11-26
381,381,0x3402E15b3EA0f1aEC2679c4Be4c6d051ceF93953,QAO,https://github.com/rarechain/QAO,0x1e620B603216b10ba157eB2b87a4Ce0DCa0570de,0.0,"[{'smartContract': {'address': {'address': '0x23eeca20b72d482e1efdb7ac58710e35df520ff8'}}, 'caller': {'address': '0x1e620b603216b10ba157eb2b87a4ce0dca0570de'}, 'date': {'date': '2022-06-05'}, 'block': {'height': 14909506}}, {'smartContract': {'address': {'address': '0x053b759c880b69075a52e4374efa08e6b5196ad0'}}, 'caller': {'address': '0x1e620b603216b10ba157eb2b87a4ce0dca0570de'}, 'date': {'date': '2021-08-18'}, 'block': {'height': 13047084}}, {'smartContract': {'address': {'address': '0xc8ce328baa09c0b1c7b8fbea27c8eb23c604053b'}}, 'caller': {'address': '0x1e620b603216b10ba157eb2b87a4ce0dca0570de'}, 'date': {'date': '2021-08-11'}, 'block': {'height': 13003110}}, {'smartContract': {'address': {'address': '0x3402e15b3ea0f1aec2679c4be4c6d051cef93953'}}, 'caller': {'address': '0x1e620b603216b10ba157eb2b87a4ce0dca0570de'}, 'date': {'date': '2021-05-07'}, 'block': {'height': 12384462}}]",2021-05-07
382,382,0x3d6F0DEa3AC3C607B3998e6Ce14b6350721752d9,CARD.STARTER,,0xCfd68c54F5632aBa6C79154b1c37E5724f2C360F,0.0,"[{'smartContract': {'address': {'address': '0xbde11d3c00c98079a4335fb280b509821708c867'}}, 'caller': {'address': '0xcfd68c54f5632aba6c79154b1c37e5724f2c360f'}, 'date': {'date': '2022-04-09'}, 'block': {'height': 14550517}}, {'smartContract': {'address': {'address': '0x23e4470a671d4264e76e80c7315ca72cd6942719'}}, 'caller': {'address': '0xcfd68c54f5632aba6c79154b1c37e5724f2c360f'}, 'date': {'date': '2022-01-24'}, 'block': {'height': 14068889}}, {'smartContract': {'address': {'address': '0x80733a018ca7b2f84c7fbf26f925eee73be96f89'}}, 'caller': {'address': '0xcfd68c54f5632aba6c79154b1c37e5724f2c360f'}, 'date': {'date': '2021-11-23'}, 'block': {'height': 13669083}}, {'smartContract': {'address': {'address': '0x1c4bcdd50efc488ddec89912118e8ed5c92dfa37'}}, 'caller': {'address': '0xcfd68c54f5632aba6c79154b1c37e5724f2c360f'}, 'date': {'date': '2021-11-10'}, 'block': {'height': 13586755}}, {'smartContract': {'address': {'address': '0xa3077f1aac7ca9321e2cf2f72e82d14d872b9a2c'}}, 'caller': {'address': '0xcfd68c54f5632aba6c79154b1c37e5724f2c360f'}, 'date': {'date': '2021-10-26'}, 'block': {'height': 13491497}}, {'smartContract': {'address': {'address': '0x7944b4407796014d7d3191960a44478056beed07'}}, 'caller': {'address': '0xcfd68c54f5632aba6c79154b1c37e5724f2c360f'}, 'date': {'date': '2021-10-11'}, 'block': {'height': 13395150}}, {'smartContract': {'address': {'address': '0x9cc7696c0d236a3942577c2f1b305cd374447120'}}, 'caller': {'address': '0x835482fe0532f169024d5e9410199369aad5c77e'}, 'date': {'date': '2021-10-09'}, 'block': {'height': 13382567}}, {'smartContract': {'address': {'address': '0x14d80978e7faa8469beb79d72ee88fbd31ab9c1b'}}, 'caller': {'address': '0x91ce5566dc3170898c5aee4ae4dd314654b47415'}, 'date': {'date': '2021-10-09'}, 'block': {'height': 13382563}}, {'smartContract': {'address': {'address': '0xba4c394eb34eb2392e40c67502b22f2541c920d2'}}, 'caller': {'address': '0xcfd68c54f5632aba6c79154b1c37e5724f2c360f'}, 'date': {'date': '2021-07-24'}, 'block': {'height': 12889740}}, {'smartContract': {'address': {'address': '0x98d0b29e59006959b7f0537352d71b0e8c79d7a8'}}, 'caller': {'address': '0xcfd68c54f5632aba6c79154b1c37e5724f2c360f'}, 'date': {'date': '2021-07-24'}, 'block': {'height': 12889722}}, {'smartContract': {'address': {'address': '0xa45a8e25fb1feffbd9ef019f7be45b823739f221'}}, 'caller': {'address': '0xcfd68c54f5632aba6c79154b1c37e5724f2c360f'}, 'date': {'date': '2021-07-24'}, 'block': {'height': 12888593}}, {'smartContract': {'address': {'address': '0xcc4929ce8ff6b4f3fd4f55e89db33582f932d021'}}, 'caller': {'address': '0xcfd68c54f5632aba6c79154b1c37e5724f2c360f'}, 'date': {'date': '2021-07-24'}, 'block': {'height': 12888583}}, {'smartContract': {'address': {'address': '0x85a6d849c9775a98b0d162cfb7cbe0b105604b76'}}, 'caller': {'address': '0xcfd68c54f5632aba6c79154b1c37e5724f2c360f'}, 'date': {'date': '2021-07-21'}, 'block': {'height': 12869228}}, {'smartContract': {'address': {'address': '0x030bd64a8d2973801e486e3de98bf45b6140fc48'}}, 'caller': {'address': '0xcfd68c54f5632aba6c79154b1c37e5724f2c360f'}, 'date': {'date': '2021-07-21'}, 'block': {'height': 12869215}}, {'smartContract': {'address': {'address': '0x45ef567d82f0fa70b5a4d56dc9c79b2da934f2e2'}}, 'caller': {'address': '0xcfd68c54f5632aba6c79154b1c37e5724f2c360f'}, 'date': {'date': '2021-07-14'}, 'block': {'height': 12825517}}, {'smartContract': {'address': {'address': '0xffe2d785b2565d0146fae2ee18af3bf5aac0dfde'}}, 'caller': {'address': '0xcfd68c54f5632aba6c79154b1c37e5724f2c360f'}, 'date': {'date': '2021-07-14'}, 'block': {'height': 12825511}}, {'smartContract': {'address': {'address': '0x7e872936c87594d3e6b2d2e0f9c77f3d5b2cd263'}}, 'caller': {'address': '0xcfd68c54f5632aba6c79154b1c37e5724f2c360f'}, 'date': {'date': '2021-06-30'}, 'block': {'height': 12736127}}, {'smartContract': {'address': {'address': '0x8006c763fbde70c7f91cf6ff0c6b9a25aebc3ecd'}}, 'caller': {'address': '0xcfd68c54f5632aba6c79154b1c37e5724f2c360f'}, 'date': {'date': '2021-06-30'}, 'block': {'height': 12736116}}, {'smartContract': {'address': {'address': '0xc3d732815ecddd8c7d044eee2e3e428edd7cdd7b'}}, 'caller': {'address': '0xcfd68c54f5632aba6c79154b1c37e5724f2c360f'}, 'date': {'date': '2021-06-01'}, 'block': {'height': 12549585}}, {'smartContract': {'address': {'address': '0x9839b6485815546a886f7e5b9a245218ce452a01'}}, 'caller': {'address': '0xcfd68c54f5632aba6c79154b1c37e5724f2c360f'}, 'date': {'date': '2021-06-01'}, 'block': {'height': 12549579}}, {'smartContract': {'address': {'address': '0xecffd7dcf41f8abb079f97b05d4a3cff9c141eb4'}}, 'caller': {'address': '0xcfd68c54f5632aba6c79154b1c37e5724f2c360f'}, 'date': {'date': '2021-05-30'}, 'block': {'height': 12535279}}, {'smartContract': {'address': {'address': '0x68f0e6ec0d656dad4a4b977b05aef2b8a97a750b'}}, 'caller': {'address': '0xcfd68c54f5632aba6c79154b1c37e5724f2c360f'}, 'date': {'date': '2021-05-30'}, 'block': {'height': 12535250}}, {'smartContract': {'address': {'address': '0x2547c77e781843a9369bdb841fbc20bc4288b670'}}, 'caller': {'address': '0xcfd68c54f5632aba6c79154b1c37e5724f2c360f'}, 'date': {'date': '2021-05-20'}, 'block': {'height': 12470701}}, {'smartContract': {'address': {'address': '0xfd7d947fb9f718b9209fbba9160d4f66fa64eb5b'}}, 'caller': {'address': '0xcfd68c54f5632aba6c79154b1c37e5724f2c360f'}, 'date': {'date': '2021-05-20'}, 'block': {'height': 12470693}}, {'smartContract': {'address': {'address': '0x90630c23dc05e75eb16f635a99fd7bcb26d303e5'}}, 'caller': {'address': '0xcfd68c54f5632aba6c79154b1c37e5724f2c360f'}, 'date': {'date': '2021-05-20'}, 'block': {'height': 12470672}}, {'smartContract': {'address': {'address': '0x7dca3372a0a236a305fdec3d48d52b09dff82e14'}}, 'caller': {'address': '0xcfd68c54f5632aba6c79154b1c37e5724f2c360f'}, 'date': {'date': '2021-05-12'}, 'block': {'height': 12420085}}, {'smartContract': {'address': {'address': '0xf9225086a64f1ea9620af8a8f4dcfe63cb16730f'}}, 'caller': {'address': '0xcfd68c54f5632aba6c79154b1c37e5724f2c360f'}, 'date': {'date': '2021-05-12'}, 'block': {'height': 12420065}}, {'smartContract': {'address': {'address': '0xf926f59c142c758238e52fd605a185102c3874bb'}}, 'caller': {'address': '0x5c69bee701ef814a2b6a3edd4b1652cb9cc5aa6f'}, 'date': {'date': '2021-05-12'}, 'block': {'height': 12419986}}, {'smartContract': {'address': {'address': '0x3b3f95938958a4029fa8b01873e2721b02950883'}}, 'caller': {'address': '0xcfd68c54f5632aba6c79154b1c37e5724f2c360f'}, 'date': {'date': '2021-05-12'}, 'block': {'height': 12419986}}, {'smartContract': {'address': {'address': '0xecc937de88deccf40569fa01fa10630e27624799'}}, 'caller': {'address': '0xcfd68c54f5632aba6c79154b1c37e5724f2c360f'}, 'date': {'date': '2021-05-12'}, 'block': {'height': 12419974}}, {'smartContract': {'address': {'address': '0xcdecbfbb6f0d2f985ffa9c18c7785274f7bae01f'}}, 'caller': {'address': '0x5c69bee701ef814a2b6a3edd4b1652cb9cc5aa6f'}, 'date': {'date': '2021-05-12'}, 'block': {'height': 12419938}}, {'smartContract': {'address': {'address': '0xe33950d21c6e82ecbc15cc74e6be4407815682b8'}}, 'caller': {'address': '0xcfd68c54f5632aba6c79154b1c37e5724f2c360f'}, 'date': {'date': '2021-05-12'}, 'block': {'height': 12419938}}, {'smartContract': {'address': {'address': '0x66bb311e141732e652290fcca635b830c86b7f21'}}, 'caller': {'address': '0xcfd68c54f5632aba6c79154b1c37e5724f2c360f'}, 'date': {'date': '2021-05-12'}, 'block': {'height': 12419930}}, {'smartContract': {'address': {'address': '0xeb976ea5cb02d96443efe01bef5defff48647287'}}, 'caller': {'address': '0xcfd68c54f5632aba6c79154b1c37e5724f2c360f'}, 'date': {'date': '2021-05-11'}, 'block': {'height': 12411737}}, {'smartContract': {'address': {'address': '0x4df473725ce09c8e7659148c66761a738e7d061f'}}, 'caller': {'address': '0xcfd68c54f5632aba6c79154b1c37e5724f2c360f'}, 'date': {'date': '2021-05-11'}, 'block': {'height': 12411726}}, {'smartContract': {'address': {'address': '0xb582905ce73069589ce501a049728b1bce9eed1b'}}, 'caller': {'address': '0xcfd68c54f5632aba6c79154b1c37e5724f2c360f'}, 'date': {'date': '2021-04-23'}, 'block': {'height': 12296962}}, {'smartContract': {'address': {'address': '0x236149d12f553525746aaf674f0526df96b954a4'}}, 'caller': {'address': '0xcfd68c54f5632aba6c79154b1c37e5724f2c360f'}, 'date': {'date': '2021-04-23'}, 'block': {'height': 12296960}}, {'smartContract': {'address': {'address': '0xad2fd18932c39fa5085429853e1f0d39a65a438e'}}, 'caller': {'address': '0xcfd68c54f5632aba6c79154b1c37e5724f2c360f'}, 'date': {'date': '2021-04-13'}, 'block': {'height': 12231654}}, {'smartContract': {'address': {'address': '0x3ae34f84b2787854293410a0449f08b9685bd4cb'}}, 'caller': {'address': '0xcfd68c54f5632aba6c79154b1c37e5724f2c360f'}, 'date': {'date': '2021-04-13'}, 'block': {'height': 12231649}}, {'smartContract': {'address': {'address': '0x3d6f0dea3ac3c607b3998e6ce14b6350721752d9'}}, 'caller': {'address': '0xcfd68c54f5632aba6c79154b1c37e5724f2c360f'}, 'date': {'date': '2021-03-26'}, 'block': {'height': 12113878}}, {'smartContract': {'address': {'address': '0x3a7050701b53c93b64e7399d4b10fa269d27893e'}}, 'caller': {'address': '0xcfd68c54f5632aba6c79154b1c37e5724f2c360f'}, 'date': {'date': '2021-03-26'}, 'block': {'height': 12113873}}]",2021-03-26
383,383,0x579CEa1889991f68aCc35Ff5c3dd0621fF29b0C9,Everipedia IQ,https://github.com/EveripediaNetwork/Everipedia,0xaCa39B187352D9805DECEd6E73A3d72ABf86E7A0,0.0,"[{'smartContract': {'address': {'address': '0x07af6bb51d6ad0cf126e3ed2dee6eac34bf094f8'}}, 'caller': {'address': '0x43ec799eadd63848443e2347c49f5f52e8fe0f6f'}, 'date': {'date': '2022-09-05'}, 'block': {'height': 15478500}}, {'smartContract': {'address': {'address': '0x3b5140d202e6ed6cff4b9de39f1215fca700d72c'}}, 'caller': {'address': '0xa6b71e26c5e0845f74c812102ca7114b6a896ab2'}, 'date': {'date': '2022-08-19'}, 'block': {'height': 15370859}}, {'smartContract': {'address': {'address': '0xcb0bc7c879bb3e9cfeb9d8efef653f33b3d242e9'}}, 'caller': {'address': '0xb076b06f669e682609fb4a8c6646d2619717be4b'}, 'date': {'date': '2022-05-25'}, 'block': {'height': 14842106}}, {'smartContract': {'address': {'address': '0x56398b89d53e8731bca8c1b06886cfb14bd6b654'}}, 'caller': {'address': '0xa6b71e26c5e0845f74c812102ca7114b6a896ab2'}, 'date': {'date': '2021-12-30'}, 'block': {'height': 13907009}}, {'smartContract': {'address': {'address': '0xb6f3f0b4b8e2f9acc42f942cb5064ee60f9a6c1d'}}, 'caller': {'address': '0xa6b71e26c5e0845f74c812102ca7114b6a896ab2'}, 'date': {'date': '2021-12-09'}, 'block': {'height': 13771169}}, {'smartContract': {'address': {'address': '0xb55dcc69d909103b4de773412a22ab8b86e8c602'}}, 'caller': {'address': '0xaca39b187352d9805deced6e73a3d72abf86e7a0'}, 'date': {'date': '2021-09-16'}, 'block': {'height': 13237318}}, {'smartContract': {'address': {'address': '0x6efb84bda519726fa1c65558e520b92b51712101'}}, 'caller': {'address': '0xaca39b187352d9805deced6e73a3d72abf86e7a0'}, 'date': {'date': '2021-09-04'}, 'block': {'height': 13158206}}, {'smartContract': {'address': {'address': '0x27714adb7ac897d08ec6812e908e7c32bad8df0c'}}, 'caller': {'address': '0xaca39b187352d9805deced6e73a3d72abf86e7a0'}, 'date': {'date': '2021-08-11'}, 'block': {'height': 13004495}}, {'smartContract': {'address': {'address': '0x68a613409448e342ce3aad0fc390ca5cc0b45f75'}}, 'caller': {'address': '0xaca39b187352d9805deced6e73a3d72abf86e7a0'}, 'date': {'date': '2021-07-22'}, 'block': {'height': 12876082}}, {'smartContract': {'address': {'address': '0x326486197006db6e6afd6403ac20fdf09f3971ca'}}, 'caller': {'address': '0xaca39b187352d9805deced6e73a3d72abf86e7a0'}, 'date': {'date': '2021-07-21'}, 'block': {'height': 12868863}}, {'smartContract': {'address': {'address': '0x1bf5457ecaa14ff63cc89efd560e251e814e16ba'}}, 'caller': {'address': '0xaca39b187352d9805deced6e73a3d72abf86e7a0'}, 'date': {'date': '2021-06-01'}, 'block': {'height': 12548031}}, {'smartContract': {'address': {'address': '0xef9f994a74cb6ef21c38b13553caa2e3e15f69d0'}}, 'caller': {'address': '0x5c69bee701ef814a2b6a3edd4b1652cb9cc5aa6f'}, 'date': {'date': '2021-05-04'}, 'block': {'height': 12366790}}, {'smartContract': {'address': {'address': '0xc8c79fbad4472ee49654e4db44c11e1cf02356fb'}}, 'caller': {'address': '0x76e2cfc1f5fa8f6a5b3fc4c8f4788f0116861f9b'}, 'date': {'date': '2021-04-26'}, 'block': {'height': 12317950}}, {'smartContract': {'address': {'address': '0x30953aebf5e3f2c139e9e19bf246dd3a575ddaf7'}}, 'caller': {'address': '0xaca39b187352d9805deced6e73a3d72abf86e7a0'}, 'date': {'date': '2021-03-23'}, 'block': {'height': 12094534}}, {'smartContract': {'address': {'address': '0x9d320ebc0f94dbec65253213691607bd94f29100'}}, 'caller': {'address': '0xaca39b187352d9805deced6e73a3d72abf86e7a0'}, 'date': {'date': '2021-03-19'}, 'block': {'height': 12068640}}, {'smartContract': {'address': {'address': '0x579cea1889991f68acc35ff5c3dd0621ff29b0c9'}}, 'caller': {'address': '0xaca39b187352d9805deced6e73a3d72abf86e7a0'}, 'date': {'date': '2021-03-19'}, 'block': {'height': 12068639}}]",2021-03-19
384,384,0xa4bBE66f151B22B167127c770016b15fF97Dd35C,UmbriaToken,https://github.com/umbria-defi/umbria-core,0x24e23ce29510A4Ef1bf1783A7aC8e1de2FaD38F3,0.0,"[{'smartContract': {'address': {'address': '0x5ce999e1f972c11ce2b29a6ad8626fec900ebf5b'}}, 'caller': {'address': '0x24e23ce29510a4ef1bf1783a7ac8e1de2fad38f3'}, 'date': {'date': '2021-03-15'}, 'block': {'height': 12044186}}, {'smartContract': {'address': {'address': '0xa4bbe66f151b22b167127c770016b15ff97dd35c'}}, 'caller': {'address': '0x24e23ce29510a4ef1bf1783a7ac8e1de2fad38f3'}, 'date': {'date': '2021-01-24'}, 'block': {'height': 11719420}}, {'smartContract': {'address': {'address': '0xa4182236fef67302b160f5b27fa2e93acffd6cff'}}, 'caller': {'address': '0x24e23ce29510a4ef1bf1783a7ac8e1de2fad38f3'}, 'date': {'date': '2021-01-24'}, 'block': {'height': 11719416}}]",2021-01-24
385,385,0xB6ff96B8A8d214544Ca0dBc9B33f7AD6503eFD32,SYNC,https://github.com/C-O-F-E/,0x7B18aAe272a34605C4ac5976F71040845028F059,0.0,"[{'smartContract': {'address': {'address': '0xcf9eaa3f2e5bfa56f981fd1cea11c65caa70aafb'}}, 'caller': {'address': '0x7b18aae272a34605c4ac5976f71040845028f059'}, 'date': {'date': '2020-12-01'}, 'block': {'height': 11364462}}, {'smartContract': {'address': {'address': '0xc6c11f32d3ccc3beaac68793bc3bfbe82838ca9f'}}, 'caller': {'address': '0x7b18aae272a34605c4ac5976f71040845028f059'}, 'date': {'date': '2020-12-01'}, 'block': {'height': 11364289}}, {'smartContract': {'address': {'address': '0x8fe07d8f851112eef0683bc3e2df32168bea5a4e'}}, 'caller': {'address': '0x7b18aae272a34605c4ac5976f71040845028f059'}, 'date': {'date': '2020-12-01'}, 'block': {'height': 11364244}}, {'smartContract': {'address': {'address': '0x449962b884d2f818edb5d197e8572b42b6de99ef'}}, 'caller': {'address': '0x7b18aae272a34605c4ac5976f71040845028f059'}, 'date': {'date': '2020-12-01'}, 'block': {'height': 11364155}}, {'smartContract': {'address': {'address': '0x9e1e427644cb490cb3c0a7e3af0e32da1e1a116b'}}, 'caller': {'address': '0x7b18aae272a34605c4ac5976f71040845028f059'}, 'date': {'date': '2020-12-01'}, 'block': {'height': 11364103}}, {'smartContract': {'address': {'address': '0xfb2f545a9ad62f38fe600e24f75ecd790d30a7ba'}}, 'caller': {'address': '0x5c69bee701ef814a2b6a3edd4b1652cb9cc5aa6f'}, 'date': {'date': '2020-09-08'}, 'block': {'height': 10817826}}, {'smartContract': {'address': {'address': '0xb6ff96b8a8d214544ca0dbc9b33f7ad6503efd32'}}, 'caller': {'address': '0x7b18aae272a34605c4ac5976f71040845028f059'}, 'date': {'date': '2020-09-05'}, 'block': {'height': 10803330}}]",2020-09-05
386,386,0xFd09911130e6930Bf87F2B0554c44F400bD80D3e,(Proxy contract) Ethix,https://gitlab.com/EthicHub/geth-config,0x9378A4932aB933fb893192dc1B163A37e807B185,0.0,"[{'smartContract': {'address': {'address': '0xd41e96cb0d1ebfa1ae7e897fc0966fb5579d357e'}}, 'caller': {'address': '0x9378a4932ab933fb893192dc1b163a37e807b185'}, 'date': {'date': '2022-12-08'}, 'block': {'height': 16140311}}, {'smartContract': {'address': {'address': '0xe0324499ede832bd11fa37efefa46077d7d9784e'}}, 'caller': {'address': '0x9378a4932ab933fb893192dc1b163a37e807b185'}, 'date': {'date': '2022-12-05'}, 'block': {'height': 16120095}}, {'smartContract': {'address': {'address': '0x2f19bd0a8b9e10fd921ff18eb8689c491e2de481'}}, 'caller': {'address': '0x9378a4932ab933fb893192dc1b163a37e807b185'}, 'date': {'date': '2022-12-02'}, 'block': {'height': 16097012}}, {'smartContract': {'address': {'address': '0x1e70f45e5e773b7db7358991c9d5fb06ca082c8b'}}, 'caller': {'address': '0x9378a4932ab933fb893192dc1b163a37e807b185'}, 'date': {'date': '2022-12-02'}, 'block': {'height': 16097011}}, {'smartContract': {'address': {'address': '0x8eb87aadb4ae1cff62197a658c1ac9df6269cfa6'}}, 'caller': {'address': '0x9378a4932ab933fb893192dc1b163a37e807b185'}, 'date': {'date': '2022-09-14'}, 'block': {'height': 15532177}}, {'smartContract': {'address': {'address': '0xa1cf210fdc4001ab706f2df8efef26975d444444'}}, 'caller': {'address': '0x9378a4932ab933fb893192dc1b163a37e807b185'}, 'date': {'date': '2022-06-10'}, 'block': {'height': 14937402}}, {'smartContract': {'address': {'address': '0x21320683556bb718c8909080489f598120c554d9'}}, 'caller': {'address': '0x9378a4932ab933fb893192dc1b163a37e807b185'}, 'date': {'date': '2022-04-19'}, 'block': {'height': 14616553}}, {'smartContract': {'address': {'address': '0xa97f2ff6892ae9fb27b727ffabe14feb7580eed9'}}, 'caller': {'address': '0x9378a4932ab933fb893192dc1b163a37e807b185'}, 'date': {'date': '2022-04-19'}, 'block': {'height': 14616552}}, {'smartContract': {'address': {'address': '0xeb69c10e59c1a8638ca0bcf8c7e6e2fa2e9179ad'}}, 'caller': {'address': '0x9378a4932ab933fb893192dc1b163a37e807b185'}, 'date': {'date': '2022-04-19'}, 'block': {'height': 14616550}}, {'smartContract': {'address': {'address': '0x5787b96a595fe7d4f730089607c025efa83627b6'}}, 'caller': {'address': '0x9378a4932ab933fb893192dc1b163a37e807b185'}, 'date': {'date': '2022-04-19'}, 'block': {'height': 14616548}}, {'smartContract': {'address': {'address': '0xd63956610babe22576103e28c96ec61f0e84d361'}}, 'caller': {'address': '0x9378a4932ab933fb893192dc1b163a37e807b185'}, 'date': {'date': '2022-04-19'}, 'block': {'height': 14616471}}, {'smartContract': {'address': {'address': '0xacb56e5485f1f9ed4131f5e837980457f8135c70'}}, 'caller': {'address': '0x9378a4932ab933fb893192dc1b163a37e807b185'}, 'date': {'date': '2022-02-28'}, 'block': {'height': 14294820}}, {'smartContract': {'address': {'address': '0x7435c0232a69270d19f8e4010571175c3f1dd955'}}, 'caller': {'address': '0x9378a4932ab933fb893192dc1b163a37e807b185'}, 'date': {'date': '2021-10-20'}, 'block': {'height': 13453773}}, {'smartContract': {'address': {'address': '0x3b61cd481be3ba62a9a544c49d6c09fcb804d0e3'}}, 'caller': {'address': '0x9378a4932ab933fb893192dc1b163a37e807b185'}, 'date': {'date': '2021-07-19'}, 'block': {'height': 12858054}}, {'smartContract': {'address': {'address': '0x3ef3eefa7236d1a33febb5450adc466c3c852440'}}, 'caller': {'address': '0x9378a4932ab933fb893192dc1b163a37e807b185'}, 'date': {'date': '2021-07-19'}, 'block': {'height': 12858050}}, {'smartContract': {'address': {'address': '0x89cea15f68950df830dfe3630d635a9ed79478f5'}}, 'caller': {'address': '0x9378a4932ab933fb893192dc1b163a37e807b185'}, 'date': {'date': '2021-02-12'}, 'block': {'height': 11840828}}, {'smartContract': {'address': {'address': '0x3f4b71f7b81d9829008504b8bfa09d215c4dd673'}}, 'caller': {'address': '0x9378a4932ab933fb893192dc1b163a37e807b185'}, 'date': {'date': '2021-02-12'}, 'block': {'height': 11840809}}, {'smartContract': {'address': {'address': '0x48c5bf17fafbf7a41436d46503599f96c173517b'}}, 'caller': {'address': '0x9378a4932ab933fb893192dc1b163a37e807b185'}, 'date': {'date': '2021-01-26'}, 'block': {'height': 11731154}}, {'smartContract': {'address': {'address': '0x82e336301248834611b6885cc602c9e91d6211ae'}}, 'caller': {'address': '0x9378a4932ab933fb893192dc1b163a37e807b185'}, 'date': {'date': '2021-01-23'}, 'block': {'height': 11710702}}, {'smartContract': {'address': {'address': '0x713782bed530adcf28604b04980ee8d5fd5bc004'}}, 'caller': {'address': '0x9378a4932ab933fb893192dc1b163a37e807b185'}, 'date': {'date': '2021-01-11'}, 'block': {'height': 11633708}}, {'smartContract': {'address': {'address': '0xcfd8eee23a6ef73fe4f2c08b30e128f05f54fd8e'}}, 'caller': {'address': '0x9378a4932ab933fb893192dc1b163a37e807b185'}, 'date': {'date': '2021-01-08'}, 'block': {'height': 11614127}}, {'smartContract': {'address': {'address': '0x6f58a18b4fcb513fca971f11f42252d68dc0775e'}}, 'caller': {'address': '0x9378a4932ab933fb893192dc1b163a37e807b185'}, 'date': {'date': '2021-01-05'}, 'block': {'height': 11593658}}, {'smartContract': {'address': {'address': '0xbf83fc8f572c19aa9601a5ca26e6be036d3ad51e'}}, 'caller': {'address': '0x9378a4932ab933fb893192dc1b163a37e807b185'}, 'date': {'date': '2021-01-05'}, 'block': {'height': 11593599}}, {'smartContract': {'address': {'address': '0xd5bab213153778b7852082eb1babdb6715559793'}}, 'caller': {'address': '0x9378a4932ab933fb893192dc1b163a37e807b185'}, 'date': {'date': '2021-01-05'}, 'block': {'height': 11593532}}, {'smartContract': {'address': {'address': '0xcb16e29d0b667bad7266e5d0cd59b711b6273c6b'}}, 'caller': {'address': '0x9378a4932ab933fb893192dc1b163a37e807b185'}, 'date': {'date': '2021-01-05'}, 'block': {'height': 11591404}}, {'smartContract': {'address': {'address': '0x1ecc7e3b26dcaee4d63536fe50ea37787a04a5c5'}}, 'caller': {'address': '0x9378a4932ab933fb893192dc1b163a37e807b185'}, 'date': {'date': '2020-12-31'}, 'block': {'height': 11561246}}, {'smartContract': {'address': {'address': '0x2f36b4843129647d840911eaea49db16649b0afd'}}, 'caller': {'address': '0x9378a4932ab933fb893192dc1b163a37e807b185'}, 'date': {'date': '2020-12-24'}, 'block': {'height': 11513829}}, {'smartContract': {'address': {'address': '0x25e7b7149e1067d0664f7646f33b17bc79148d22'}}, 'caller': {'address': '0x9378a4932ab933fb893192dc1b163a37e807b185'}, 'date': {'date': '2020-12-22'}, 'block': {'height': 11506253}}, {'smartContract': {'address': {'address': '0x5b2bbbe7dfd83aa1f1cd0c498690e6ecc939cc2d'}}, 'caller': {'address': '0x9378a4932ab933fb893192dc1b163a37e807b185'}, 'date': {'date': '2020-12-22'}, 'block': {'height': 11504005}}, {'smartContract': {'address': {'address': '0x55231ac3a67f04551c39ea8f6d3322342d4c4090'}}, 'caller': {'address': '0x9378a4932ab933fb893192dc1b163a37e807b185'}, 'date': {'date': '2020-12-22'}, 'block': {'height': 11504003}}, {'smartContract': {'address': {'address': '0xb27132625173f813085e438ee19c011867063073'}}, 'caller': {'address': '0x9378a4932ab933fb893192dc1b163a37e807b185'}, 'date': {'date': '2020-12-22'}, 'block': {'height': 11503990}}, {'smartContract': {'address': {'address': '0xb26f8fbfcd1e0e7acb07f965a29281885bbeb99f'}}, 'caller': {'address': '0x9378a4932ab933fb893192dc1b163a37e807b185'}, 'date': {'date': '2020-12-22'}, 'block': {'height': 11503948}}, {'smartContract': {'address': {'address': '0xb97ef216006d72128576d662cffed2b4406e3518'}}, 'caller': {'address': '0x9378a4932ab933fb893192dc1b163a37e807b185'}, 'date': {'date': '2020-12-22'}, 'block': {'height': 11503944}}, {'smartContract': {'address': {'address': '0x69183d2ce96b6b8962f3013e0af4545f26f00293'}}, 'caller': {'address': '0xed52d8e202401645edad1c0aa21e872498ce47d0'}, 'date': {'date': '2020-12-22'}, 'block': {'height': 11503707}}, {'smartContract': {'address': {'address': '0xb93aa4cdeef1293303f628e16dd06ddd42db19f1'}}, 'caller': {'address': '0x9424b1412450d0f8fc2255faf6046b98213b76bd'}, 'date': {'date': '2020-12-22'}, 'block': {'height': 11503707}}, {'smartContract': {'address': {'address': '0xad726ded0eb3d5979b46f89339044220d9b09660'}}, 'caller': {'address': '0xa26e15c895efc0616177b7c1e7270a4c7d51c997'}, 'date': {'date': '2020-12-22'}, 'block': {'height': 11503647}}, {'smartContract': {'address': {'address': '0xfd09911130e6930bf87f2b0554c44f400bd80d3e'}}, 'caller': {'address': '0x9378a4932ab933fb893192dc1b163a37e807b185'}, 'date': {'date': '2020-12-22'}, 'block': {'height': 11503596}}, {'smartContract': {'address': {'address': '0x0e0f447be0058ba019a59dbffc24563d8fe66029'}}, 'caller': {'address': '0x9378a4932ab933fb893192dc1b163a37e807b185'}, 'date': {'date': '2020-12-22'}, 'block': {'height': 11503595}}, {'smartContract': {'address': {'address': '0xdc0c39780a6f3165f61fb27f3d47668033c898b5'}}, 'caller': {'address': '0x9378a4932ab933fb893192dc1b163a37e807b185'}, 'date': {'date': '2020-12-22'}, 'block': {'height': 11503594}}]",2020-12-22
387,387,0xf4d2888d29D722226FafA5d9B24F9164c092421E,LooksRare Token,https://github.com/looksrare,0xFf6c307226343fCF96AF2f6B5B05f63F717e68cb,0.0,"[{'smartContract': {'address': {'address': '0xcbfeba41c3e69d24b5c8b04ed60c42cc5d883620'}}, 'caller': {'address': '0xff6c307226343fcf96af2f6b5b05f63f717e68cb'}, 'date': {'date': '2022-10-31'}, 'block': {'height': 15865146}}, {'smartContract': {'address': {'address': '0xdc56de26c64b14f1a8e95582a16b6a9aefeed395'}}, 'caller': {'address': '0xff6c307226343fcf96af2f6b5b05f63f717e68cb'}, 'date': {'date': '2022-10-27'}, 'block': {'height': 15838678}}, {'smartContract': {'address': {'address': '0x79a1c123b09f492591a61af642de12b4bb5d0c7a'}}, 'caller': {'address': '0xff6c307226343fcf96af2f6b5b05f63f717e68cb'}, 'date': {'date': '2022-10-26'}, 'block': {'height': 15831318}}, {'smartContract': {'address': {'address': '0x09f93623019049c76209c26517acc2af9d49c69b'}}, 'caller': {'address': '0xff6c307226343fcf96af2f6b5b05f63f717e68cb'}, 'date': {'date': '2022-10-26'}, 'block': {'height': 15831282}}, {'smartContract': {'address': {'address': '0x579af6fd30bf83a5ac0d636bc619f98dbdeb930c'}}, 'caller': {'address': '0xff6c307226343fcf96af2f6b5b05f63f717e68cb'}, 'date': {'date': '2022-10-26'}, 'block': {'height': 15831281}}, {'smartContract': {'address': {'address': '0x69bab1c0f26870751f79a9b73428235e8e9fbcdd'}}, 'caller': {'address': '0xff6c307226343fcf96af2f6b5b05f63f717e68cb'}, 'date': {'date': '2022-10-10'}, 'block': {'height': 15715549}}, {'smartContract': {'address': {'address': '0xb624e4148ef395458d361547c9fdb59b62a84bd2'}}, 'caller': {'address': '0xff6c307226343fcf96af2f6b5b05f63f717e68cb'}, 'date': {'date': '2022-09-14'}, 'block': {'height': 15532016}}, {'smartContract': {'address': {'address': '0xa6a96fa698a6d5afcef6e8efeacaae7ee43f2486'}}, 'caller': {'address': '0xff6c307226343fcf96af2f6b5b05f63f717e68cb'}, 'date': {'date': '2022-06-10'}, 'block': {'height': 14937196}}, {'smartContract': {'address': {'address': '0x76a1216545861a7dfd3e715c51ab7c9e6b39dfa7'}}, 'caller': {'address': '0xa6b71e26c5e0845f74c812102ca7114b6a896ab2'}, 'date': {'date': '2022-05-09'}, 'block': {'height': 14741165}}, {'smartContract': {'address': {'address': '0x91cc8be3ddcb2d4cb27aab987e5b5675af0f9ee3'}}, 'caller': {'address': '0xff6c307226343fcf96af2f6b5b05f63f717e68cb'}, 'date': {'date': '2022-04-21'}, 'block': {'height': 14625154}}, {'smartContract': {'address': {'address': '0x0554f068365ed43dcc98dcd7fd7a8208a5638c72'}}, 'caller': {'address': '0xff6c307226343fcf96af2f6b5b05f63f717e68cb'}, 'date': {'date': '2022-04-20'}, 'block': {'height': 14619105}}, {'smartContract': {'address': {'address': '0x3ab16af1315dc6c95f83cbf522fecf98d00fd9ba'}}, 'caller': {'address': '0xff6c307226343fcf96af2f6b5b05f63f717e68cb'}, 'date': {'date': '2022-03-29'}, 'block': {'height': 14477871}}, {'smartContract': {'address': {'address': '0xc8c3c68ea11aedbe647d123d4868d27c429f1ca6'}}, 'caller': {'address': '0xff6c307226343fcf96af2f6b5b05f63f717e68cb'}, 'date': {'date': '2022-03-29'}, 'block': {'height': 14477863}}, {'smartContract': {'address': {'address': '0xb6c40eb22dbdc87fddf4b70d460934a44b7ebe01'}}, 'caller': {'address': '0xff6c307226343fcf96af2f6b5b05f63f717e68cb'}, 'date': {'date': '2022-01-10'}, 'block': {'height': 13975275}}, {'smartContract': {'address': {'address': '0x2a70e7f51f6cd40c3e9956aa964137668cbfadc5'}}, 'caller': {'address': '0xff6c307226343fcf96af2f6b5b05f63f717e68cb'}, 'date': {'date': '2022-01-10'}, 'block': {'height': 13975059}}, {'smartContract': {'address': {'address': '0x5924a28caaf1cc016617874a2f0c3710d881f3c1'}}, 'caller': {'address': '0xff6c307226343fcf96af2f6b5b05f63f717e68cb'}, 'date': {'date': '2022-01-10'}, 'block': {'height': 13975055}}, {'smartContract': {'address': {'address': '0xbcd7254a1d759efa08ec7c3291b2e85c5dcc12ce'}}, 'caller': {'address': '0xff6c307226343fcf96af2f6b5b05f63f717e68cb'}, 'date': {'date': '2022-01-10'}, 'block': {'height': 13975053}}, {'smartContract': {'address': {'address': '0x465a790b428268196865a3ae2648481ad7e0d3b1'}}, 'caller': {'address': '0xff6c307226343fcf96af2f6b5b05f63f717e68cb'}, 'date': {'date': '2022-01-10'}, 'block': {'height': 13975051}}, {'smartContract': {'address': {'address': '0xfec3069df398faaf689c559151e41fa8036c8203'}}, 'caller': {'address': '0xff6c307226343fcf96af2f6b5b05f63f717e68cb'}, 'date': {'date': '2022-01-10'}, 'block': {'height': 13975050}}, {'smartContract': {'address': {'address': '0x6757f73cddf4c16171281ff869e620c6ce30e12b'}}, 'caller': {'address': '0xff6c307226343fcf96af2f6b5b05f63f717e68cb'}, 'date': {'date': '2022-01-10'}, 'block': {'height': 13975049}}, {'smartContract': {'address': {'address': '0x332580e0da5b5072ff5d5b73a494a65bb99744d8'}}, 'caller': {'address': '0xff6c307226343fcf96af2f6b5b05f63f717e68cb'}, 'date': {'date': '2022-01-10'}, 'block': {'height': 13975048}}, {'smartContract': {'address': {'address': '0x453c1208b400fe47acf275315f14e8f9f9fbc3cd'}}, 'caller': {'address': '0xff6c307226343fcf96af2f6b5b05f63f717e68cb'}, 'date': {'date': '2022-01-10'}, 'block': {'height': 13975045}}, {'smartContract': {'address': {'address': '0xa35dce3e0e6ceb67a30b8d7f4aee721c949b5970'}}, 'caller': {'address': '0xff6c307226343fcf96af2f6b5b05f63f717e68cb'}, 'date': {'date': '2022-01-10'}, 'block': {'height': 13975044}}, {'smartContract': {'address': {'address': '0x9ba628f27aac9b2d78a9f2bf40a8a6df4ccd9e2c'}}, 'caller': {'address': '0xff6c307226343fcf96af2f6b5b05f63f717e68cb'}, 'date': {'date': '2021-12-27'}, 'block': {'height': 13885634}}, {'smartContract': {'address': {'address': '0x3e538190635f51435298ee58a7984961120510a1'}}, 'caller': {'address': '0xff6c307226343fcf96af2f6b5b05f63f717e68cb'}, 'date': {'date': '2021-12-27'}, 'block': {'height': 13885633}}, {'smartContract': {'address': {'address': '0xfed24ec7e22f573c2e08aef55aa6797ca2b3a051'}}, 'caller': {'address': '0xff6c307226343fcf96af2f6b5b05f63f717e68cb'}, 'date': {'date': '2021-12-27'}, 'block': {'height': 13885629}}, {'smartContract': {'address': {'address': '0xf42aa99f011a1fa7cda90e5e98b277e306bca83e'}}, 'caller': {'address': '0xff6c307226343fcf96af2f6b5b05f63f717e68cb'}, 'date': {'date': '2021-12-27'}, 'block': {'height': 13885627}}, {'smartContract': {'address': {'address': '0x59728544b08ab483533076417fbbb2fd0b17ce3a'}}, 'caller': {'address': '0xff6c307226343fcf96af2f6b5b05f63f717e68cb'}, 'date': {'date': '2021-12-27'}, 'block': {'height': 13885625}}, {'smartContract': {'address': {'address': '0x66466107d9cae4da0176a699406419003f3c27a8'}}, 'caller': {'address': '0xff6c307226343fcf96af2f6b5b05f63f717e68cb'}, 'date': {'date': '2021-12-27'}, 'block': {'height': 13885622}}, {'smartContract': {'address': {'address': '0x7358182024c9f1b2e6b0153e60bf6156b7ef4906'}}, 'caller': {'address': '0xff6c307226343fcf96af2f6b5b05f63f717e68cb'}, 'date': {'date': '2021-12-27'}, 'block': {'height': 13885618}}, {'smartContract': {'address': {'address': '0x55010472a93921a117aad9b055c141060c8d8022'}}, 'caller': {'address': '0xff6c307226343fcf96af2f6b5b05f63f717e68cb'}, 'date': {'date': '2021-12-27'}, 'block': {'height': 13885615}}, {'smartContract': {'address': {'address': '0x58d83536d3efedb9f7f2a1ec3bdaad2b1a4dd98c'}}, 'caller': {'address': '0xff6c307226343fcf96af2f6b5b05f63f717e68cb'}, 'date': {'date': '2021-12-27'}, 'block': {'height': 13885606}}, {'smartContract': {'address': {'address': '0x3e80795cae5ee215ebbdf518689467bf4243bae0'}}, 'caller': {'address': '0xff6c307226343fcf96af2f6b5b05f63f717e68cb'}, 'date': {'date': '2021-12-27'}, 'block': {'height': 13885605}}, {'smartContract': {'address': {'address': '0x86f909f70813cdb1bc733f4d97dc6b03b8e7e8f3'}}, 'caller': {'address': '0xff6c307226343fcf96af2f6b5b05f63f717e68cb'}, 'date': {'date': '2021-12-27'}, 'block': {'height': 13885603}}, {'smartContract': {'address': {'address': '0x56244bb70cbd3ea9dc8007399f61dfc065190031'}}, 'caller': {'address': '0xff6c307226343fcf96af2f6b5b05f63f717e68cb'}, 'date': {'date': '2021-12-27'}, 'block': {'height': 13885600}}, {'smartContract': {'address': {'address': '0x9cc58bf22a173c0fa8791c13df396d18185d62b2'}}, 'caller': {'address': '0xff6c307226343fcf96af2f6b5b05f63f717e68cb'}, 'date': {'date': '2021-12-27'}, 'block': {'height': 13885599}}, {'smartContract': {'address': {'address': '0xc881addf409ee2c4b6bbc8b607c2c5cafab93d25'}}, 'caller': {'address': '0xff6c307226343fcf96af2f6b5b05f63f717e68cb'}, 'date': {'date': '2021-12-27'}, 'block': {'height': 13885596}}, {'smartContract': {'address': {'address': '0x9571cdd8acb71c83393290f0d63a46173ddde65b'}}, 'caller': {'address': '0xff6c307226343fcf96af2f6b5b05f63f717e68cb'}, 'date': {'date': '2021-12-21'}, 'block': {'height': 13847598}}, {'smartContract': {'address': {'address': '0xf4d2888d29d722226fafa5d9b24f9164c092421e'}}, 'caller': {'address': '0xff6c307226343fcf96af2f6b5b05f63f717e68cb'}, 'date': {'date': '2021-12-21'}, 'block': {'height': 13847597}}]",2021-12-21
388,388,0x5cAf454Ba92e6F2c929DF14667Ee360eD9fD5b26,Dev,https://github.com/dev-protocol/protocol,0x1dCb85efEa6A3FB528d19B9174E88ee35BfF540a,0.0,"[{'smartContract': {'address': {'address': '0x6ec667d1effc831ad4928ec7848b6ffa900a6359'}}, 'caller': {'address': '0x1dcb85efea6a3fb528d19b9174e88ee35bff540a'}, 'date': {'date': '2022-08-11'}, 'block': {'height': 15319302}}, {'smartContract': {'address': {'address': '0x497b7ba43cef2839d2941d3281dde1b5c5d7977c'}}, 'caller': {'address': '0x1dcb85efea6a3fb528d19b9174e88ee35bff540a'}, 'date': {'date': '2022-08-10'}, 'block': {'height': 15313999}}, {'smartContract': {'address': {'address': '0x6400264f991de614048838a7d4b536733bce3069'}}, 'caller': {'address': '0x1dcb85efea6a3fb528d19b9174e88ee35bff540a'}, 'date': {'date': '2022-07-29'}, 'block': {'height': 15237680}}, {'smartContract': {'address': {'address': '0x2a2273dc6857be5043b328eb3c1dc87680e830bb'}}, 'caller': {'address': '0x1dcb85efea6a3fb528d19b9174e88ee35bff540a'}, 'date': {'date': '2022-07-26'}, 'block': {'height': 15215641}}, {'smartContract': {'address': {'address': '0x24f114cd3aca5564b69e8725c4943d7d771942ad'}}, 'caller': {'address': '0x1dcb85efea6a3fb528d19b9174e88ee35bff540a'}, 'date': {'date': '2022-07-26'}, 'block': {'height': 15215489}}, {'smartContract': {'address': {'address': '0xfa0d42cb9a091efa2bc9b590b84dadff9fed2adf'}}, 'caller': {'address': '0x1dcb85efea6a3fb528d19b9174e88ee35bff540a'}, 'date': {'date': '2022-07-12'}, 'block': {'height': 15125613}}, {'smartContract': {'address': {'address': '0x65b2b8fe3b232bebdd08599722a32b822e7b35cb'}}, 'caller': {'address': '0x1dcb85efea6a3fb528d19b9174e88ee35bff540a'}, 'date': {'date': '2022-07-12'}, 'block': {'height': 15125573}}, {'smartContract': {'address': {'address': '0x093ec4e2f80f8860a635ca6b4768a9d81911805e'}}, 'caller': {'address': '0x1dcb85efea6a3fb528d19b9174e88ee35bff540a'}, 'date': {'date': '2022-07-12'}, 'block': {'height': 15125490}}, {'smartContract': {'address': {'address': '0xe245ebf45a77348b2558ed86a6757f3639fff16a'}}, 'caller': {'address': '0x1dcb85efea6a3fb528d19b9174e88ee35bff540a'}, 'date': {'date': '2022-07-12'}, 'block': {'height': 15125470}}, {'smartContract': {'address': {'address': '0xf755e99c605c89dce74c49d08e464f78829f1ba3'}}, 'caller': {'address': '0x1dcb85efea6a3fb528d19b9174e88ee35bff540a'}, 'date': {'date': '2022-07-12'}, 'block': {'height': 15125421}}, {'smartContract': {'address': {'address': '0x55ee17a2a3ab33b8dc1a41653c2feda943490e6a'}}, 'caller': {'address': '0x1dcb85efea6a3fb528d19b9174e88ee35bff540a'}, 'date': {'date': '2022-07-12'}, 'block': {'height': 15125389}}, {'smartContract': {'address': {'address': '0x947d41ca1b7240724fa21268c7e602d9e68a8fe1'}}, 'caller': {'address': '0x1dcb85efea6a3fb528d19b9174e88ee35bff540a'}, 'date': {'date': '2022-06-05'}, 'block': {'height': 14906767}}, {'smartContract': {'address': {'address': '0xc2b299cf668974939b2ccca4eb99f0749f64a2e4'}}, 'caller': {'address': '0x1dcb85efea6a3fb528d19b9174e88ee35bff540a'}, 'date': {'date': '2022-06-04'}, 'block': {'height': 14902245}}, {'smartContract': {'address': {'address': '0x2ad380927f509a1d6338b89a7286cfac52a896dd'}}, 'caller': {'address': '0xcd82603e66f30162cfc1ae3770510480464f5275'}, 'date': {'date': '2022-06-04'}, 'block': {'height': 14902103}}, {'smartContract': {'address': {'address': '0xf38c9627ec61c18977dfe7e53d78acf56dde753f'}}, 'caller': {'address': '0x1dcb85efea6a3fb528d19b9174e88ee35bff540a'}, 'date': {'date': '2022-06-04'}, 'block': {'height': 14902060}}, {'smartContract': {'address': {'address': '0xbb830cb43f9899f28b7eae6d66f79d0fb01f12a8'}}, 'caller': {'address': '0x1dcb85efea6a3fb528d19b9174e88ee35bff540a'}, 'date': {'date': '2022-06-04'}, 'block': {'height': 14902020}}, {'smartContract': {'address': {'address': '0x682632458cbe98531b726c586f7b298ceaa2f68b'}}, 'caller': {'address': '0x1dcb85efea6a3fb528d19b9174e88ee35bff540a'}, 'date': {'date': '2022-06-04'}, 'block': {'height': 14901993}}, {'smartContract': {'address': {'address': '0x07c1a91ef20734c093d70dff90e838e433cd62b8'}}, 'caller': {'address': '0x1dcb85efea6a3fb528d19b9174e88ee35bff540a'}, 'date': {'date': '2022-06-04'}, 'block': {'height': 14901839}}, {'smartContract': {'address': {'address': '0xd2bc67ad0d1fee4f4222496d2a554e0f0b8056ae'}}, 'caller': {'address': '0x1dcb85efea6a3fb528d19b9174e88ee35bff540a'}, 'date': {'date': '2022-06-04'}, 'block': {'height': 14901742}}, {'smartContract': {'address': {'address': '0x4a5df63b0c37b38515e4ee51baf40edd420bf7d5'}}, 'caller': {'address': '0x1dcb85efea6a3fb528d19b9174e88ee35bff540a'}, 'date': {'date': '2022-01-09'}, 'block': {'height': 13973119}}, {'smartContract': {'address': {'address': '0x7d63f2de19bbc0a17bbd917aa6d671b2bb21a1ed'}}, 'caller': {'address': '0x1dcb85efea6a3fb528d19b9174e88ee35bff540a'}, 'date': {'date': '2022-01-09'}, 'block': {'height': 13973008}}, {'smartContract': {'address': {'address': '0x0c7d344771b84298d2aa73af95682b483ea53389'}}, 'caller': {'address': '0x1dcb85efea6a3fb528d19b9174e88ee35bff540a'}, 'date': {'date': '2021-12-27'}, 'block': {'height': 13884681}}, {'smartContract': {'address': {'address': '0x1f10895ea66eb478d0ea512c32183f820e2f4503'}}, 'caller': {'address': '0x1dcb85efea6a3fb528d19b9174e88ee35bff540a'}, 'date': {'date': '2021-12-27'}, 'block': {'height': 13884658}}, {'smartContract': {'address': {'address': '0x54eeff7ad1e35f7395b1b4f4c86ec113eb66f242'}}, 'caller': {'address': '0x1dcb85efea6a3fb528d19b9174e88ee35bff540a'}, 'date': {'date': '2021-11-30'}, 'block': {'height': 13712170}}, {'smartContract': {'address': {'address': '0xcd82603e66f30162cfc1ae3770510480464f5275'}}, 'caller': {'address': '0x1dcb85efea6a3fb528d19b9174e88ee35bff540a'}, 'date': {'date': '2021-11-30'}, 'block': {'height': 13712140}}, {'smartContract': {'address': {'address': '0x9310c8d6694eeaae2e59809fc0f32caa8a0effb7'}}, 'caller': {'address': '0x1dcb85efea6a3fb528d19b9174e88ee35bff540a'}, 'date': {'date': '2021-11-01'}, 'block': {'height': 13531189}}, {'smartContract': {'address': {'address': '0xcc069f8323858537158dc47f6c208c8174038af9'}}, 'caller': {'address': '0x1dcb85efea6a3fb528d19b9174e88ee35bff540a'}, 'date': {'date': '2021-11-01'}, 'block': {'height': 13530239}}, {'smartContract': {'address': {'address': '0x4db1b633bbe493db35f217d68cdb3a327d56b7ab'}}, 'caller': {'address': '0x1dcb85efea6a3fb528d19b9174e88ee35bff540a'}, 'date': {'date': '2021-11-01'}, 'block': {'height': 13530206}}, {'smartContract': {'address': {'address': '0xbcb853962dd31ce6d21a4a86ebd9d50f363028e1'}}, 'caller': {'address': '0x1dcb85efea6a3fb528d19b9174e88ee35bff540a'}, 'date': {'date': '2021-11-01'}, 'block': {'height': 13529878}}, {'smartContract': {'address': {'address': '0xee7a1b88030030ad853adb5a0d70eea36149c2e1'}}, 'caller': {'address': '0x1dcb85efea6a3fb528d19b9174e88ee35bff540a'}, 'date': {'date': '2021-11-01'}, 'block': {'height': 13529877}}, {'smartContract': {'address': {'address': '0x4abba8099c3781fdeeab1bf95a223cac84f5d212'}}, 'caller': {'address': '0x1dcb85efea6a3fb528d19b9174e88ee35bff540a'}, 'date': {'date': '2021-11-01'}, 'block': {'height': 13529870}}, {'smartContract': {'address': {'address': '0x4d34215d514d8682fc5af3652000d1ea2a325315'}}, 'caller': {'address': '0x1dcb85efea6a3fb528d19b9174e88ee35bff540a'}, 'date': {'date': '2021-10-04'}, 'block': {'height': 13351962}}, {'smartContract': {'address': {'address': '0xbd2a75e11de78af8d58595fb16181d505777804f'}}, 'caller': {'address': '0x1dcb85efea6a3fb528d19b9174e88ee35bff540a'}, 'date': {'date': '2021-10-04'}, 'block': {'height': 13350418}}, {'smartContract': {'address': {'address': '0x50489ff5f879a44c87bba85287729d663b18ced5'}}, 'caller': {'address': '0x1dcb85efea6a3fb528d19b9174e88ee35bff540a'}, 'date': {'date': '2021-10-04'}, 'block': {'height': 13349972}}, {'smartContract': {'address': {'address': '0x8786d9635d3cbe2d07e2b74917548aee77d99cd2'}}, 'caller': {'address': '0x1dcb85efea6a3fb528d19b9174e88ee35bff540a'}, 'date': {'date': '2021-10-04'}, 'block': {'height': 13349938}}, {'smartContract': {'address': {'address': '0x52cb3c4c69bca70bc2b12e590cfdc185d70fc7d1'}}, 'caller': {'address': '0x1dcb85efea6a3fb528d19b9174e88ee35bff540a'}, 'date': {'date': '2021-10-04'}, 'block': {'height': 13349932}}, {'smartContract': {'address': {'address': '0x3c02f9eb0bf494850c17063d1c3d822fd82ef5b0'}}, 'caller': {'address': '0x1dcb85efea6a3fb528d19b9174e88ee35bff540a'}, 'date': {'date': '2021-07-30'}, 'block': {'height': 12924857}}, {'smartContract': {'address': {'address': '0x9ffaa863bb53f69e35c38bc7eccc2063fe587bd0'}}, 'caller': {'address': '0x1dcb85efea6a3fb528d19b9174e88ee35bff540a'}, 'date': {'date': '2021-07-30'}, 'block': {'height': 12924846}}, {'smartContract': {'address': {'address': '0xdb442ee2159b7289d94098ef72c774578103e72a'}}, 'caller': {'address': '0x1dcb85efea6a3fb528d19b9174e88ee35bff540a'}, 'date': {'date': '2021-07-30'}, 'block': {'height': 12924818}}, {'smartContract': {'address': {'address': '0x1fd4cc54564f880d267d8cb75f60b04f4777843b'}}, 'caller': {'address': '0x1dcb85efea6a3fb528d19b9174e88ee35bff540a'}, 'date': {'date': '2021-05-25'}, 'block': {'height': 12501249}}, {'smartContract': {'address': {'address': '0x54cb6a94d7191df4e4b6f9c6ce225427c0038593'}}, 'caller': {'address': '0x1dcb85efea6a3fb528d19b9174e88ee35bff540a'}, 'date': {'date': '2021-05-25'}, 'block': {'height': 12501248}}, {'smartContract': {'address': {'address': '0x0cc97a935445b194b3f1091a15c2d0cf15e1dd8b'}}, 'caller': {'address': '0x1dcb85efea6a3fb528d19b9174e88ee35bff540a'}, 'date': {'date': '2021-05-25'}, 'block': {'height': 12501246}}, {'smartContract': {'address': {'address': '0x1199b3e21ca4b0fb4074adfa770acb58681c8afc'}}, 'caller': {'address': '0x1dcb85efea6a3fb528d19b9174e88ee35bff540a'}, 'date': {'date': '2021-05-25'}, 'block': {'height': 12501231}}, {'smartContract': {'address': {'address': '0x5f99f77ef4d976f946099741a860bb136f8bde19'}}, 'caller': {'address': '0x1dcb85efea6a3fb528d19b9174e88ee35bff540a'}, 'date': {'date': '2021-05-06'}, 'block': {'height': 12377660}}, {'smartContract': {'address': {'address': '0x70d1ed0d0546f99f3d220e9f5cf29940f2a80837'}}, 'caller': {'address': '0x1dcb85efea6a3fb528d19b9174e88ee35bff540a'}, 'date': {'date': '2021-05-06'}, 'block': {'height': 12377652}}, {'smartContract': {'address': {'address': '0x4596dae6955693c50522f1b06bdbf7b93ceb5479'}}, 'caller': {'address': '0x1dcb85efea6a3fb528d19b9174e88ee35bff540a'}, 'date': {'date': '2021-05-06'}, 'block': {'height': 12377617}}, {'smartContract': {'address': {'address': '0xb78c2f61501c858d6eef78afce3f11a0a31dcecc'}}, 'caller': {'address': '0x1dcb85efea6a3fb528d19b9174e88ee35bff540a'}, 'date': {'date': '2021-04-23'}, 'block': {'height': 12294942}}, {'smartContract': {'address': {'address': '0x9b7fd965312eabd4ad4fd352c3376f987022e6e6'}}, 'caller': {'address': '0x1dcb85efea6a3fb528d19b9174e88ee35bff540a'}, 'date': {'date': '2021-04-23'}, 'block': {'height': 12294876}}, {'smartContract': {'address': {'address': '0x308eb5cbd80b502d74c20544cd32ad6b099c5a2e'}}, 'caller': {'address': '0x1dcb85efea6a3fb528d19b9174e88ee35bff540a'}, 'date': {'date': '2021-03-20'}, 'block': {'height': 12076523}}, {'smartContract': {'address': {'address': '0x9dfd67bf97dc48acdfbf75ad814e158816f98b0b'}}, 'caller': {'address': '0x1dcb85efea6a3fb528d19b9174e88ee35bff540a'}, 'date': {'date': '2021-02-26'}, 'block': {'height': 11929864}}, {'smartContract': {'address': {'address': '0x8a2c73f4d243f35ad62fc651302b742e0b3fa96c'}}, 'caller': {'address': '0x1dcb85efea6a3fb528d19b9174e88ee35bff540a'}, 'date': {'date': '2020-12-17'}, 'block': {'height': 11467800}}, {'smartContract': {'address': {'address': '0x024b70a301178f4522494b67fc1bcce57d4366df'}}, 'caller': {'address': '0x1dcb85efea6a3fb528d19b9174e88ee35bff540a'}, 'date': {'date': '2020-12-17'}, 'block': {'height': 11467793}}, {'smartContract': {'address': {'address': '0xa220a9f9ed7c434f0bf2a45d86188fe22026f1d4'}}, 'caller': {'address': '0x1dcb85efea6a3fb528d19b9174e88ee35bff540a'}, 'date': {'date': '2020-12-17'}, 'block': {'height': 11467790}}, {'smartContract': {'address': {'address': '0x1440ac02e0f8a8bbe1451d98a2a6b14b6f0179b7'}}, 'caller': {'address': '0x1dcb85efea6a3fb528d19b9174e88ee35bff540a'}, 'date': {'date': '2020-11-11'}, 'block': {'height': 11234471}}, {'smartContract': {'address': {'address': '0x9c2dd9fc235346c67b01abefe12d8b2e0eded8d8'}}, 'caller': {'address': '0x1440ac02e0f8a8bbe1451d98a2a6b14b6f0179b7'}, 'date': {'date': '2020-11-11'}, 'block': {'height': 11234471}}, {'smartContract': {'address': {'address': '0x02a7cabab14124fb9d6b56934c8f4b7697d6d482'}}, 'caller': {'address': '0x1dcb85efea6a3fb528d19b9174e88ee35bff540a'}, 'date': {'date': '2020-11-10'}, 'block': {'height': 11226752}}, {'smartContract': {'address': {'address': '0x97731a6fb622b97df16208f84d2dacbae2767da6'}}, 'caller': {'address': '0x02a7cabab14124fb9d6b56934c8f4b7697d6d482'}, 'date': {'date': '2020-11-10'}, 'block': {'height': 11226752}}, {'smartContract': {'address': {'address': '0x1dad207fc727a5d907ac39d5cc60d36e06a1dfcc'}}, 'caller': {'address': '0xe1653f19cf36dc7dd315f5ec2cb39d722e92fe86'}, 'date': {'date': '2020-11-10'}, 'block': {'height': 11226739}}, {'smartContract': {'address': {'address': '0xe1653f19cf36dc7dd315f5ec2cb39d722e92fe86'}}, 'caller': {'address': '0x1dcb85efea6a3fb528d19b9174e88ee35bff540a'}, 'date': {'date': '2020-11-10'}, 'block': {'height': 11226739}}, {'smartContract': {'address': {'address': '0xe209a01e25771e5ece6bb40874638a36d4c57650'}}, 'caller': {'address': '0x1dcb85efea6a3fb528d19b9174e88ee35bff540a'}, 'date': {'date': '2020-10-26'}, 'block': {'height': 11130296}}, {'smartContract': {'address': {'address': '0x1d20f80c1eb8ccfa81a765fa5fe4bbbc8fd65d80'}}, 'caller': {'address': '0xe209a01e25771e5ece6bb40874638a36d4c57650'}, 'date': {'date': '2020-10-26'}, 'block': {'height': 11130296}}, {'smartContract': {'address': {'address': '0x9144628b26c0f8c1055fd61155984596b6f796c6'}}, 'caller': {'address': '0x3d222830d9ad5fc76e7e63a3ed822f6d8980342d'}, 'date': {'date': '2020-10-19'}, 'block': {'height': 11084848}}, {'smartContract': {'address': {'address': '0x3d222830d9ad5fc76e7e63a3ed822f6d8980342d'}}, 'caller': {'address': '0x1dcb85efea6a3fb528d19b9174e88ee35bff540a'}, 'date': {'date': '2020-10-19'}, 'block': {'height': 11084848}}, {'smartContract': {'address': {'address': '0x95de81483d58e4ff90752ae7d8b55806f15fcc24'}}, 'caller': {'address': '0x7cb133e236ec124cb9118126c675cde3cee04c8b'}, 'date': {'date': '2020-10-19'}, 'block': {'height': 11084843}}, {'smartContract': {'address': {'address': '0x7cb133e236ec124cb9118126c675cde3cee04c8b'}}, 'caller': {'address': '0x1dcb85efea6a3fb528d19b9174e88ee35bff540a'}, 'date': {'date': '2020-10-19'}, 'block': {'height': 11084843}}, {'smartContract': {'address': {'address': '0xa56a0fd757c063a6d5d643a41f7bc74be96ba4ed'}}, 'caller': {'address': '0x1dcb85efea6a3fb528d19b9174e88ee35bff540a'}, 'date': {'date': '2020-10-19'}, 'block': {'height': 11084833}}, {'smartContract': {'address': {'address': '0x2952fb7766b4a42d7d9fe83cca63a23ec5fc9877'}}, 'caller': {'address': '0xa56a0fd757c063a6d5d643a41f7bc74be96ba4ed'}, 'date': {'date': '2020-10-19'}, 'block': {'height': 11084833}}, {'smartContract': {'address': {'address': '0x02c703aad3ba47bfc185c03082f942d34d645efc'}}, 'caller': {'address': '0x1dcb85efea6a3fb528d19b9174e88ee35bff540a'}, 'date': {'date': '2020-10-19'}, 'block': {'height': 11084809}}, {'smartContract': {'address': {'address': '0x2a3631d4407bead0375f0901ce252c53ef99c719'}}, 'caller': {'address': '0x09e989a431321fa953bf9167c215b50e3a90937f'}, 'date': {'date': '2020-10-14'}, 'block': {'height': 11051991}}, {'smartContract': {'address': {'address': '0x09e989a431321fa953bf9167c215b50e3a90937f'}}, 'caller': {'address': '0x1dcb85efea6a3fb528d19b9174e88ee35bff540a'}, 'date': {'date': '2020-10-14'}, 'block': {'height': 11051991}}, {'smartContract': {'address': {'address': '0xeaabdb7db40eb720ae199875e13756a640d984bb'}}, 'caller': {'address': '0x1dcb85efea6a3fb528d19b9174e88ee35bff540a'}, 'date': {'date': '2020-10-14'}, 'block': {'height': 11051896}}, {'smartContract': {'address': {'address': '0x94454237ce2891fd82a99c2ca21750ecb6ad3925'}}, 'caller': {'address': '0xeaabdb7db40eb720ae199875e13756a640d984bb'}, 'date': {'date': '2020-10-14'}, 'block': {'height': 11051896}}, {'smartContract': {'address': {'address': '0xe43d4734f7dc7184e6d4afe0ec54c73b0ed922c6'}}, 'caller': {'address': '0x1dcb85efea6a3fb528d19b9174e88ee35bff540a'}, 'date': {'date': '2020-10-14'}, 'block': {'height': 11051890}}, {'smartContract': {'address': {'address': '0x04a4948218c9ed36cec1fd78d3880145f7849b4c'}}, 'caller': {'address': '0xe43d4734f7dc7184e6d4afe0ec54c73b0ed922c6'}, 'date': {'date': '2020-10-14'}, 'block': {'height': 11051890}}, {'smartContract': {'address': {'address': '0xb10d7154d6f4d48414738d2294e4855b9d22a68d'}}, 'caller': {'address': '0x2c4f839f0be5728756c67b9ea86e46d844cb1b0d'}, 'date': {'date': '2020-10-14'}, 'block': {'height': 11051796}}, {'smartContract': {'address': {'address': '0x2c4f839f0be5728756c67b9ea86e46d844cb1b0d'}}, 'caller': {'address': '0x1dcb85efea6a3fb528d19b9174e88ee35bff540a'}, 'date': {'date': '2020-10-14'}, 'block': {'height': 11051796}}, {'smartContract': {'address': {'address': '0x20619b191e655ca29b4b97a012d0fa3f6d8ab0b4'}}, 'caller': {'address': '0x1dcb85efea6a3fb528d19b9174e88ee35bff540a'}, 'date': {'date': '2020-09-10'}, 'block': {'height': 10832003}}, {'smartContract': {'address': {'address': '0x280330b5d97567c7ae05c15928d51614b3ca1202'}}, 'caller': {'address': '0x20619b191e655ca29b4b97a012d0fa3f6d8ab0b4'}, 'date': {'date': '2020-09-10'}, 'block': {'height': 10832003}}, {'smartContract': {'address': {'address': '0xf66145a19f2661a3e627c7dacf3c58898e946150'}}, 'caller': {'address': '0x1dcb85efea6a3fb528d19b9174e88ee35bff540a'}, 'date': {'date': '2020-09-10'}, 'block': {'height': 10831257}}, {'smartContract': {'address': {'address': '0xf69f471d3374f0b9bbd9a36a113164024f86016f'}}, 'caller': {'address': '0xf66145a19f2661a3e627c7dacf3c58898e946150'}, 'date': {'date': '2020-09-10'}, 'block': {'height': 10831257}}, {'smartContract': {'address': {'address': '0x958654483323abdd8bfccdcc7a906c43e988359b'}}, 'caller': {'address': '0xfe11597d2b26f1aa63fb8ac33ee86915cb466e5d'}, 'date': {'date': '2020-09-10'}, 'block': {'height': 10831254}}, {'smartContract': {'address': {'address': '0xfe11597d2b26f1aa63fb8ac33ee86915cb466e5d'}}, 'caller': {'address': '0x1dcb85efea6a3fb528d19b9174e88ee35bff540a'}, 'date': {'date': '2020-09-10'}, 'block': {'height': 10831254}}, {'smartContract': {'address': {'address': '0x3cb902625a2b38929f807f9c841f7aecbbce7702'}}, 'caller': {'address': '0x1dcb85efea6a3fb528d19b9174e88ee35bff540a'}, 'date': {'date': '2020-09-02'}, 'block': {'height': 10778977}}, {'smartContract': {'address': {'address': '0xc66e0b98a55ec4087522759ac3b04326c36ba99c'}}, 'caller': {'address': '0x1dcb85efea6a3fb528d19b9174e88ee35bff540a'}, 'date': {'date': '2020-09-02'}, 'block': {'height': 10778782}}, {'smartContract': {'address': {'address': '0xe91fbfd66136e693e8d4c9d58be827e798e68605'}}, 'caller': {'address': '0x1dcb85efea6a3fb528d19b9174e88ee35bff540a'}, 'date': {'date': '2020-09-02'}, 'block': {'height': 10778780}}, {'smartContract': {'address': {'address': '0x8b60b8f8b38fa4bf11590bb2c4527c21fe4947cc'}}, 'caller': {'address': '0xe91fbfd66136e693e8d4c9d58be827e798e68605'}, 'date': {'date': '2020-09-02'}, 'block': {'height': 10778780}}, {'smartContract': {'address': {'address': '0xe47e6e0330538f0cca6b42dfee8d489c6a3100df'}}, 'caller': {'address': '0x1dcb85efea6a3fb528d19b9174e88ee35bff540a'}, 'date': {'date': '2020-08-31'}, 'block': {'height': 10767124}}, {'smartContract': {'address': {'address': '0xfa7d60b8166a83ce2f5cc6ab95ffc54b1e377d3a'}}, 'caller': {'address': '0xe47e6e0330538f0cca6b42dfee8d489c6a3100df'}, 'date': {'date': '2020-08-31'}, 'block': {'height': 10767124}}, {'smartContract': {'address': {'address': '0x6f221880efbda39fca030e2a2749bb4f339b1c15'}}, 'caller': {'address': '0x1dcb85efea6a3fb528d19b9174e88ee35bff540a'}, 'date': {'date': '2020-08-31'}, 'block': {'height': 10766651}}, {'smartContract': {'address': {'address': '0x746e418abf3b3c30eab9b331acea3123cba4f69e'}}, 'caller': {'address': '0x1dcb85efea6a3fb528d19b9174e88ee35bff540a'}, 'date': {'date': '2020-08-31'}, 'block': {'height': 10766514}}, {'smartContract': {'address': {'address': '0xaaaf40aecb4dd88a77fc9f6dae1de34da5f18c94'}}, 'caller': {'address': '0x1dcb85efea6a3fb528d19b9174e88ee35bff540a'}, 'date': {'date': '2020-08-20'}, 'block': {'height': 10696441}}, {'smartContract': {'address': {'address': '0x3f0241a3f67977a922cd4924490950283eeab215'}}, 'caller': {'address': '0xaaaf40aecb4dd88a77fc9f6dae1de34da5f18c94'}, 'date': {'date': '2020-08-20'}, 'block': {'height': 10696441}}, {'smartContract': {'address': {'address': '0x8c4be76300f7ec2fee90ff6924d14e565097bed1'}}, 'caller': {'address': '0x44a19177a4837cab0178747279bcecbebd6330f2'}, 'date': {'date': '2020-08-20'}, 'block': {'height': 10695091}}, {'smartContract': {'address': {'address': '0x44a19177a4837cab0178747279bcecbebd6330f2'}}, 'caller': {'address': '0x1dcb85efea6a3fb528d19b9174e88ee35bff540a'}, 'date': {'date': '2020-08-20'}, 'block': {'height': 10695091}}, {'smartContract': {'address': {'address': '0xb6eb37095ae1a28aa320b9a9730f8cde8000f6d2'}}, 'caller': {'address': '0x1dcb85efea6a3fb528d19b9174e88ee35bff540a'}, 'date': {'date': '2020-08-20'}, 'block': {'height': 10695090}}, {'smartContract': {'address': {'address': '0x4b1713bdeac9d72da5d119e7989881ffe0de4e7d'}}, 'caller': {'address': '0xb6eb37095ae1a28aa320b9a9730f8cde8000f6d2'}, 'date': {'date': '2020-08-20'}, 'block': {'height': 10695090}}, {'smartContract': {'address': {'address': '0xbc410bf3c32fdb9f97a97f2848b498f999db542a'}}, 'caller': {'address': '0x1dcb85efea6a3fb528d19b9174e88ee35bff540a'}, 'date': {'date': '2020-08-20'}, 'block': {'height': 10695088}}, {'smartContract': {'address': {'address': '0x5b1b9935ff27282f5aceeba0ab2be7b3e777507e'}}, 'caller': {'address': '0xbc410bf3c32fdb9f97a97f2848b498f999db542a'}, 'date': {'date': '2020-08-20'}, 'block': {'height': 10695088}}, {'smartContract': {'address': {'address': '0x3b06e6e1a61a8ea455ec93c6431d994acc1c2b04'}}, 'caller': {'address': '0x474956cf9fab3f5792d4ab86ad6d59db27748ec2'}, 'date': {'date': '2020-08-20'}, 'block': {'height': 10695087}}, {'smartContract': {'address': {'address': '0x474956cf9fab3f5792d4ab86ad6d59db27748ec2'}}, 'caller': {'address': '0x1dcb85efea6a3fb528d19b9174e88ee35bff540a'}, 'date': {'date': '2020-08-20'}, 'block': {'height': 10695087}}]",2020-01-31
389,389,0xA68Dd8cB83097765263AdAD881Af6eeD479c4a33,fees.wtf,,0x575446Aa9E9647C40edB7a467e45C5916add1538,0.0,"[{'smartContract': {'address': {'address': '0xab293dce330b92aa52bc2a7cd3816edaa75f890b'}}, 'caller': {'address': '0x5c69bee701ef814a2b6a3edd4b1652cb9cc5aa6f'}, 'date': {'date': '2022-01-13'}, 'block': {'height': 13995722}}, {'smartContract': {'address': {'address': '0x0bf0e1678eaa36cd2d705cab3ce8020de443056c'}}, 'caller': {'address': '0xa68dd8cb83097765263adad881af6eed479c4a33'}, 'date': {'date': '2022-01-13'}, 'block': {'height': 13995722}}, {'smartContract': {'address': {'address': '0xf0c51dc9a85d00c1c1bebfbb2d1465a39f4702d8'}}, 'caller': {'address': '0xa68dd8cb83097765263adad881af6eed479c4a33'}, 'date': {'date': '2022-01-13'}, 'block': {'height': 13995722}}, {'smartContract': {'address': {'address': '0x9d90308d16b94c38048c782bdd8104a964758a23'}}, 'caller': {'address': '0xa68dd8cb83097765263adad881af6eed479c4a33'}, 'date': {'date': '2022-01-13'}, 'block': {'height': 13995722}}, {'smartContract': {'address': {'address': '0xa68dd8cb83097765263adad881af6eed479c4a33'}}, 'caller': {'address': '0x575446aa9e9647c40edb7a467e45c5916add1538'}, 'date': {'date': '2022-01-13'}, 'block': {'height': 13995722}}, {'smartContract': {'address': {'address': '0x5cb7880035bd592a66aad803ce1cdf6aa385e2a1'}}, 'caller': {'address': '0xa68dd8cb83097765263adad881af6eed479c4a33'}, 'date': {'date': '2022-01-13'}, 'block': {'height': 13995722}}, {'smartContract': {'address': {'address': '0xe6fe52ff6a05e6875c686c8dab4f42cb19454198'}}, 'caller': {'address': '0xa68dd8cb83097765263adad881af6eed479c4a33'}, 'date': {'date': '2022-01-13'}, 'block': {'height': 13995722}}, {'smartContract': {'address': {'address': '0x1b1eec83b31830177153c7c778549730a90515b0'}}, 'caller': {'address': '0xa68dd8cb83097765263adad881af6eed479c4a33'}, 'date': {'date': '2022-01-13'}, 'block': {'height': 13995722}}, {'smartContract': {'address': {'address': '0x9a9ded9c7deb088f49aaab70748bd26fa2506301'}}, 'caller': {'address': '0x9d90308d16b94c38048c782bdd8104a964758a23'}, 'date': {'date': '2022-01-13'}, 'block': {'height': 13995722}}, {'smartContract': {'address': {'address': '0xe89b5b2770aa1a6bcfac6f3517510ab8e9146651'}}, 'caller': {'address': '0x575446aa9e9647c40edb7a467e45c5916add1538'}, 'date': {'date': '2022-01-13'}, 'block': {'height': 13994772}}, {'smartContract': {'address': {'address': '0x7fc0dd90ed9a471f387680f6dd38b5c518dbd0fc'}}, 'caller': {'address': '0x575446aa9e9647c40edb7a467e45c5916add1538'}, 'date': {'date': '2022-01-13'}, 'block': {'height': 13994737}}, {'smartContract': {'address': {'address': '0xc626327647b1048fa7717b1310478b36b40eab5f'}}, 'caller': {'address': '0x909d05f384d0663ed4be59863815ab43b4f347ec'}, 'date': {'date': '2022-01-13'}, 'block': {'height': 13994569}}, {'smartContract': {'address': {'address': '0xd17ba3059bc09798716adf802a49acb27fb2bf7f'}}, 'caller': {'address': '0x028cb87e29460bbab70b78a92e061305f2adf2b9'}, 'date': {'date': '2022-01-13'}, 'block': {'height': 13994569}}, {'smartContract': {'address': {'address': '0x7fb5b2a15d4ceffdf9962a3c60e15a66730b5df1'}}, 'caller': {'address': '0x028cb87e29460bbab70b78a92e061305f2adf2b9'}, 'date': {'date': '2022-01-13'}, 'block': {'height': 13994569}}, {'smartContract': {'address': {'address': '0xbcf6042d15ce852c0fb63b042569b06207453ca4'}}, 'caller': {'address': '0x028cb87e29460bbab70b78a92e061305f2adf2b9'}, 'date': {'date': '2022-01-13'}, 'block': {'height': 13994569}}, {'smartContract': {'address': {'address': '0x65dd4990719be9b20322e4e8d3bd77a4401a0357'}}, 'caller': {'address': '0x028cb87e29460bbab70b78a92e061305f2adf2b9'}, 'date': {'date': '2022-01-13'}, 'block': {'height': 13994569}}, {'smartContract': {'address': {'address': '0x028cb87e29460bbab70b78a92e061305f2adf2b9'}}, 'caller': {'address': '0xb9da44c051c6cc9e04b7e0f95e95d69c6a6d8031'}, 'date': {'date': '2022-01-13'}, 'block': {'height': 13994569}}, {'smartContract': {'address': {'address': '0xb61684b907e475a4dc92a1ab30aa0002e9b3e6c5'}}, 'caller': {'address': '0x028cb87e29460bbab70b78a92e061305f2adf2b9'}, 'date': {'date': '2022-01-13'}, 'block': {'height': 13994569}}, {'smartContract': {'address': {'address': '0x6706a702c2da223f4eb93b2700c7c3d6c4bee96d'}}, 'caller': {'address': '0x028cb87e29460bbab70b78a92e061305f2adf2b9'}, 'date': {'date': '2022-01-13'}, 'block': {'height': 13994569}}]",2022-01-13
390,390,0xDEc41Db0c33F3F6f3cb615449C311ba22D418A8d,Lobi,https://github.com/LobisHQWorkspace,0xBa9ebdC5054A206b3D54D7cb7E7a5ABd2810F6fe,0.0,"[{'smartContract': {'address': {'address': '0x889dfe07caa0baf3814ddcd1b933d208d9913b5e'}}, 'caller': {'address': '0xba9ebdc5054a206b3d54d7cb7e7a5abd2810f6fe'}, 'date': {'date': '2022-04-21'}, 'block': {'height': 14629227}}, {'smartContract': {'address': {'address': '0xbf34ef833eb166c4f9a998d1c40df38de17f73c6'}}, 'caller': {'address': '0xba9ebdc5054a206b3d54d7cb7e7a5abd2810f6fe'}, 'date': {'date': '2022-02-08'}, 'block': {'height': 14166138}}, {'smartContract': {'address': {'address': '0x93b36c39a89242b57638fd2b3704e4a2e43b894f'}}, 'caller': {'address': '0xba9ebdc5054a206b3d54d7cb7e7a5abd2810f6fe'}, 'date': {'date': '2022-01-13'}, 'block': {'height': 13998229}}, {'smartContract': {'address': {'address': '0xab23a792d0de61943609277b42d57bcc1f1a7eed'}}, 'caller': {'address': '0xba9ebdc5054a206b3d54d7cb7e7a5abd2810f6fe'}, 'date': {'date': '2022-01-13'}, 'block': {'height': 13998012}}, {'smartContract': {'address': {'address': '0x5277669c29bc5ab5ab1ccb8a12f64893d080a3e5'}}, 'caller': {'address': '0xba9ebdc5054a206b3d54d7cb7e7a5abd2810f6fe'}, 'date': {'date': '2022-01-11'}, 'block': {'height': 13985372}}, {'smartContract': {'address': {'address': '0xf8a5b15e7c96ed29c1cc4a594fdab5f0c60c8266'}}, 'caller': {'address': '0xba9ebdc5054a206b3d54d7cb7e7a5abd2810f6fe'}, 'date': {'date': '2021-12-20'}, 'block': {'height': 13843502}}, {'smartContract': {'address': {'address': '0x193008eaade86658df8237a436261e23e3bcbbaa'}}, 'caller': {'address': '0xc0aee478e3658e2610c5f7a4a2e1777ce9e4f2ac'}, 'date': {'date': '2021-12-20'}, 'block': {'height': 13843335}}, {'smartContract': {'address': {'address': '0x2298f3960369fe07355c9750ab6813ead5fe1fdb'}}, 'caller': {'address': '0xba9ebdc5054a206b3d54d7cb7e7a5abd2810f6fe'}, 'date': {'date': '2021-12-20'}, 'block': {'height': 13843144}}, {'smartContract': {'address': {'address': '0x1b9d88a4e0f6194715a052180bf89d43f82be5dd'}}, 'caller': {'address': '0xba9ebdc5054a206b3d54d7cb7e7a5abd2810f6fe'}, 'date': {'date': '2021-12-17'}, 'block': {'height': 13823275}}, {'smartContract': {'address': {'address': '0x9fe77f1e0ced9c0b245363c019850b2e79821bba'}}, 'caller': {'address': '0xba9ebdc5054a206b3d54d7cb7e7a5abd2810f6fe'}, 'date': {'date': '2021-12-07'}, 'block': {'height': 13758897}}, {'smartContract': {'address': {'address': '0x64d590b0b1f22602eb0a92b41e97856dd0543772'}}, 'caller': {'address': '0xba9ebdc5054a206b3d54d7cb7e7a5abd2810f6fe'}, 'date': {'date': '2021-12-03'}, 'block': {'height': 13734336}}, {'smartContract': {'address': {'address': '0x563068babea85e8192b45b402557f47755e1bbf3'}}, 'caller': {'address': '0xba9ebdc5054a206b3d54d7cb7e7a5abd2810f6fe'}, 'date': {'date': '2021-11-23'}, 'block': {'height': 13673365}}, {'smartContract': {'address': {'address': '0xac0d4c05797f25efd51b8062a6cec0f9171f22cb'}}, 'caller': {'address': '0xba9ebdc5054a206b3d54d7cb7e7a5abd2810f6fe'}, 'date': {'date': '2021-11-23'}, 'block': {'height': 13672815}}, {'smartContract': {'address': {'address': '0x885d782b58fa757a3634415132b7f499c306da65'}}, 'caller': {'address': '0xba9ebdc5054a206b3d54d7cb7e7a5abd2810f6fe'}, 'date': {'date': '2021-11-23'}, 'block': {'height': 13672813}}, {'smartContract': {'address': {'address': '0x644d94da13af3ac88a9a0dcaaa108e474b9a9b5f'}}, 'caller': {'address': '0xba9ebdc5054a206b3d54d7cb7e7a5abd2810f6fe'}, 'date': {'date': '2021-11-23'}, 'block': {'height': 13672564}}, {'smartContract': {'address': {'address': '0x0458b93396fa2632ddbc6ab1046d2d87d1359e9f'}}, 'caller': {'address': '0xba9ebdc5054a206b3d54d7cb7e7a5abd2810f6fe'}, 'date': {'date': '2021-11-23'}, 'block': {'height': 13672561}}, {'smartContract': {'address': {'address': '0x3818eff63418e0a0ba3980aba5ff388b029b6d90'}}, 'caller': {'address': '0xba9ebdc5054a206b3d54d7cb7e7a5abd2810f6fe'}, 'date': {'date': '2021-11-23'}, 'block': {'height': 13672558}}, {'smartContract': {'address': {'address': '0x8ab17e2cd4f894f8641a31f99f673a5762f53c8e'}}, 'caller': {'address': '0xba9ebdc5054a206b3d54d7cb7e7a5abd2810f6fe'}, 'date': {'date': '2021-11-23'}, 'block': {'height': 13672554}}, {'smartContract': {'address': {'address': '0xb72e4f2d0efbf8c8b7b1d3a0b42146d77e11a822'}}, 'caller': {'address': '0xba9ebdc5054a206b3d54d7cb7e7a5abd2810f6fe'}, 'date': {'date': '2021-11-23'}, 'block': {'height': 13672549}}, {'smartContract': {'address': {'address': '0x873ad91fa4f2aa0d557c0919ec3f6c9d240cdd05'}}, 'caller': {'address': '0xba9ebdc5054a206b3d54d7cb7e7a5abd2810f6fe'}, 'date': {'date': '2021-11-23'}, 'block': {'height': 13672548}}, {'smartContract': {'address': {'address': '0xdec41db0c33f3f6f3cb615449c311ba22d418a8d'}}, 'caller': {'address': '0xba9ebdc5054a206b3d54d7cb7e7a5abd2810f6fe'}, 'date': {'date': '2021-11-23'}, 'block': {'height': 13672545}}, {'smartContract': {'address': {'address': '0xde50fb295549eda934d222e7a24d5a8dd132444f'}}, 'caller': {'address': '0xa6b71e26c5e0845f74c812102ca7114b6a896ab2'}, 'date': {'date': '2021-11-22'}, 'block': {'height': 13667438}}]",2021-11-23
391,391,0xfFED56a180f23fD32Bc6A1d8d3c09c283aB594A8,Freeliquid,,0xeF6F7Bcd86e1B3fA52f80eE079b0eBd4BceA8EdB,0.0,"[{'smartContract': {'address': {'address': '0x6815f3eb003574272b52fdaff9c0c9d42f31c378'}}, 'caller': {'address': '0x161bb31f0e8f4736c604a50a451ef15e557a1aed'}, 'date': {'date': '2022-01-27'}, 'block': {'height': 14089549}}, {'smartContract': {'address': {'address': '0x161bb31f0e8f4736c604a50a451ef15e557a1aed'}}, 'caller': {'address': '0xef6f7bcd86e1b3fa52f80ee079b0ebd4bcea8edb'}, 'date': {'date': '2022-01-27'}, 'block': {'height': 14089549}}, {'smartContract': {'address': {'address': '0xfda1c64fb1f6803936f13c5fd0fc566628de7c47'}}, 'caller': {'address': '0x34d2fefcba07ceddd4829c23cc358db880163610'}, 'date': {'date': '2022-01-26'}, 'block': {'height': 14078452}}, {'smartContract': {'address': {'address': '0x34d2fefcba07ceddd4829c23cc358db880163610'}}, 'caller': {'address': '0xef6f7bcd86e1b3fa52f80ee079b0ebd4bcea8edb'}, 'date': {'date': '2022-01-26'}, 'block': {'height': 14078452}}, {'smartContract': {'address': {'address': '0xb22d2c230a71aae13dab931f7b84b598f1156d85'}}, 'caller': {'address': '0xef6f7bcd86e1b3fa52f80ee079b0ebd4bcea8edb'}, 'date': {'date': '2021-12-11'}, 'block': {'height': 13781951}}, {'smartContract': {'address': {'address': '0x7a2456a6f59852660f8e155bda42e8c783dcd12d'}}, 'caller': {'address': '0xb22d2c230a71aae13dab931f7b84b598f1156d85'}, 'date': {'date': '2021-12-11'}, 'block': {'height': 13781951}}, {'smartContract': {'address': {'address': '0xf0edd0991501ba73780a6bc22b661a3c37a9128e'}}, 'caller': {'address': '0xf5bce5077908a1b7370b9ae04adc565ebd643966'}, 'date': {'date': '2021-09-14'}, 'block': {'height': 13226615}}, {'smartContract': {'address': {'address': '0x5ac24fff064d7b00f6eb2ec82a74335041abfcc0'}}, 'caller': {'address': '0xef6f7bcd86e1b3fa52f80ee079b0ebd4bcea8edb'}, 'date': {'date': '2021-06-05'}, 'block': {'height': 12576684}}, {'smartContract': {'address': {'address': '0x9f7f739b97026818dffb2412d06f5d3f50c490dd'}}, 'caller': {'address': '0xaaba1f5d440c0324179f9d6897a66c564e596c74'}, 'date': {'date': '2021-04-24'}, 'block': {'height': 12303997}}, {'smartContract': {'address': {'address': '0xaaba1f5d440c0324179f9d6897a66c564e596c74'}}, 'caller': {'address': '0xef6f7bcd86e1b3fa52f80ee079b0ebd4bcea8edb'}, 'date': {'date': '2021-04-24'}, 'block': {'height': 12303997}}, {'smartContract': {'address': {'address': '0x7e1f85f2b9c3a7057c265720163f1cdae9e4e198'}}, 'caller': {'address': '0xef6f7bcd86e1b3fa52f80ee079b0ebd4bcea8edb'}, 'date': {'date': '2021-04-15'}, 'block': {'height': 12245787}}, {'smartContract': {'address': {'address': '0x4a7becb7a78f65799b99e31ade57225747393c1f'}}, 'caller': {'address': '0x7e1f85f2b9c3a7057c265720163f1cdae9e4e198'}, 'date': {'date': '2021-04-15'}, 'block': {'height': 12245787}}, {'smartContract': {'address': {'address': '0x730a21fd99e057f119197d06746f694d89aa5f86'}}, 'caller': {'address': '0x6bd28e472eb7e4f751b0cc0b897fe91f7e13461d'}, 'date': {'date': '2021-03-29'}, 'block': {'height': 12131946}}, {'smartContract': {'address': {'address': '0xbf1e9e1069796154a2f177937e8af2dd2f66c04a'}}, 'caller': {'address': '0xb6bee379cceb482160f83e0e5018c81bb3807ede'}, 'date': {'date': '2021-03-29'}, 'block': {'height': 12131946}}, {'smartContract': {'address': {'address': '0x94394a16da52a1512afa791f870979eb5f5a0702'}}, 'caller': {'address': '0xf471603a3647381215ae4141dcb4ba399ec3d6a2'}, 'date': {'date': '2021-03-24'}, 'block': {'height': 12101640}}, {'smartContract': {'address': {'address': '0xf471603a3647381215ae4141dcb4ba399ec3d6a2'}}, 'caller': {'address': '0xef6f7bcd86e1b3fa52f80ee079b0ebd4bcea8edb'}, 'date': {'date': '2021-03-24'}, 'block': {'height': 12101640}}, {'smartContract': {'address': {'address': '0x6bd28e472eb7e4f751b0cc0b897fe91f7e13461d'}}, 'caller': {'address': '0xef6f7bcd86e1b3fa52f80ee079b0ebd4bcea8edb'}, 'date': {'date': '2021-03-24'}, 'block': {'height': 12101346}}, {'smartContract': {'address': {'address': '0x02cf9d6de480d1d152e997a27d3b825c9ffa24c0'}}, 'caller': {'address': '0x9de9698b2a56342d50bf67a40c7e3a5099892fdc'}, 'date': {'date': '2021-03-24'}, 'block': {'height': 12101341}}, {'smartContract': {'address': {'address': '0xf8a3f56ca8b62c7bfc967fb476e738f03dfc8825'}}, 'caller': {'address': '0xef6f7bcd86e1b3fa52f80ee079b0ebd4bcea8edb'}, 'date': {'date': '2021-03-24'}, 'block': {'height': 12101315}}, {'smartContract': {'address': {'address': '0xf6b3c483c10939b4960dad5c919c6f6b923e7061'}}, 'caller': {'address': '0x9de9698b2a56342d50bf67a40c7e3a5099892fdc'}, 'date': {'date': '2021-03-24'}, 'block': {'height': 12101309}}, {'smartContract': {'address': {'address': '0x798f6b91feea495a416675d0ee0041b6bdb7b6f4'}}, 'caller': {'address': '0xdcd8cad273373dd52b23194ec9b4a207efec99cd'}, 'date': {'date': '2021-03-16'}, 'block': {'height': 12050616}}, {'smartContract': {'address': {'address': '0xa4fb222f9f8c52076fcaa8468017bf6e754d3359'}}, 'caller': {'address': '0xb6bee379cceb482160f83e0e5018c81bb3807ede'}, 'date': {'date': '2021-03-16'}, 'block': {'height': 12050616}}, {'smartContract': {'address': {'address': '0xfc2f4f0fe82aca1db2edb41e82c0e4ab63c0b5a0'}}, 'caller': {'address': '0x24f3cba5f2518018966accb3a7766412c73d3eb7'}, 'date': {'date': '2021-03-11'}, 'block': {'height': 12017953}}, {'smartContract': {'address': {'address': '0x24f3cba5f2518018966accb3a7766412c73d3eb7'}}, 'caller': {'address': '0xef6f7bcd86e1b3fa52f80ee079b0ebd4bcea8edb'}, 'date': {'date': '2021-03-11'}, 'block': {'height': 12017953}}, {'smartContract': {'address': {'address': '0xe0fb0a1b0f1db37d803bad3f6d55158291bb7bac'}}, 'caller': {'address': '0xef6f7bcd86e1b3fa52f80ee079b0ebd4bcea8edb'}, 'date': {'date': '2021-03-09'}, 'block': {'height': 12005496}}, {'smartContract': {'address': {'address': '0x350cdef5dd685dfad096ee6a2032f0ecf0c5c3a2'}}, 'caller': {'address': '0xef6f7bcd86e1b3fa52f80ee079b0ebd4bcea8edb'}, 'date': {'date': '2021-03-09'}, 'block': {'height': 12005488}}, {'smartContract': {'address': {'address': '0x6dd3fb43e2a75414c8c1aa8b3f807ca67769fa5a'}}, 'caller': {'address': '0xef6f7bcd86e1b3fa52f80ee079b0ebd4bcea8edb'}, 'date': {'date': '2021-03-09'}, 'block': {'height': 12005330}}, {'smartContract': {'address': {'address': '0xdcd8cad273373dd52b23194ec9b4a207efec99cd'}}, 'caller': {'address': '0xef6f7bcd86e1b3fa52f80ee079b0ebd4bcea8edb'}, 'date': {'date': '2021-03-09'}, 'block': {'height': 12005320}}, {'smartContract': {'address': {'address': '0x7bba7664baaec1db10b16e6cf712007bea644dc0'}}, 'caller': {'address': '0xef6f7bcd86e1b3fa52f80ee079b0ebd4bcea8edb'}, 'date': {'date': '2021-03-09'}, 'block': {'height': 12004594}}, {'smartContract': {'address': {'address': '0x667ebe575e489858f855e23b7c2cdae7b523e412'}}, 'caller': {'address': '0xef6f7bcd86e1b3fa52f80ee079b0ebd4bcea8edb'}, 'date': {'date': '2021-03-09'}, 'block': {'height': 12004582}}, {'smartContract': {'address': {'address': '0xda03dad7d4b012214f353e15f5656c4dff35abc2'}}, 'caller': {'address': '0x9de9698b2a56342d50bf67a40c7e3a5099892fdc'}, 'date': {'date': '2021-03-09'}, 'block': {'height': 12004576}}, {'smartContract': {'address': {'address': '0xc9166d77092e11ed02e866dd5cb8cf9d3aeb0650'}}, 'caller': {'address': '0xef6f7bcd86e1b3fa52f80ee079b0ebd4bcea8edb'}, 'date': {'date': '2021-01-23'}, 'block': {'height': 11710851}}, {'smartContract': {'address': {'address': '0x43e155e24804f6cf551a7c5c73551de08696d0eb'}}, 'caller': {'address': '0xd413caafd86c3f9ae76cf1e19d95240d3f7176d9'}, 'date': {'date': '2021-01-18'}, 'block': {'height': 11681169}}, {'smartContract': {'address': {'address': '0x793ca2a624203c9b69407db9a61f7c6443078228'}}, 'caller': {'address': '0xd413caafd86c3f9ae76cf1e19d95240d3f7176d9'}, 'date': {'date': '2021-01-18'}, 'block': {'height': 11681169}}, {'smartContract': {'address': {'address': '0xf0b644ccdd546b56610791b86db09906c9911ee0'}}, 'caller': {'address': '0xd413caafd86c3f9ae76cf1e19d95240d3f7176d9'}, 'date': {'date': '2021-01-18'}, 'block': {'height': 11681169}}, {'smartContract': {'address': {'address': '0xc4a96aade7f68f85a60fb3fde8a97b9381f77a9b'}}, 'caller': {'address': '0xd413caafd86c3f9ae76cf1e19d95240d3f7176d9'}, 'date': {'date': '2021-01-18'}, 'block': {'height': 11681169}}, {'smartContract': {'address': {'address': '0x50c7f4d977c4173ad35e3bef13ff282c3495c9f4'}}, 'caller': {'address': '0xe16fe6be6d9d312226330d37d17c13135d0735e4'}, 'date': {'date': '2021-01-15'}, 'block': {'height': 11661366}}, {'smartContract': {'address': {'address': '0xe16fe6be6d9d312226330d37d17c13135d0735e4'}}, 'caller': {'address': '0xef6f7bcd86e1b3fa52f80ee079b0ebd4bcea8edb'}, 'date': {'date': '2021-01-15'}, 'block': {'height': 11661366}}, {'smartContract': {'address': {'address': '0x8d371fe42606ebbdee8845f3fa5d7e25cfc70aa5'}}, 'caller': {'address': '0x27e131a51ef64c2ef523ea92b9a5143b212163cc'}, 'date': {'date': '2021-01-15'}, 'block': {'height': 11661364}}, {'smartContract': {'address': {'address': '0x27e131a51ef64c2ef523ea92b9a5143b212163cc'}}, 'caller': {'address': '0xef6f7bcd86e1b3fa52f80ee079b0ebd4bcea8edb'}, 'date': {'date': '2021-01-15'}, 'block': {'height': 11661364}}, {'smartContract': {'address': {'address': '0xc28da1cdf64353b8bacd700a8d1a024ef44d63fc'}}, 'caller': {'address': '0xef6f7bcd86e1b3fa52f80ee079b0ebd4bcea8edb'}, 'date': {'date': '2021-01-15'}, 'block': {'height': 11661326}}, {'smartContract': {'address': {'address': '0x6f6c6430697a07e18d08926d48cc1514d47e09b3'}}, 'caller': {'address': '0xc28da1cdf64353b8bacd700a8d1a024ef44d63fc'}, 'date': {'date': '2021-01-15'}, 'block': {'height': 11661326}}, {'smartContract': {'address': {'address': '0xa76139024487e86b4d1ddde7e90a5bcefcb530b7'}}, 'caller': {'address': '0xef6f7bcd86e1b3fa52f80ee079b0ebd4bcea8edb'}, 'date': {'date': '2021-01-15'}, 'block': {'height': 11661321}}, {'smartContract': {'address': {'address': '0x8a917658d780503a51876463aa37093ecf8f10f2'}}, 'caller': {'address': '0xa76139024487e86b4d1ddde7e90a5bcefcb530b7'}, 'date': {'date': '2021-01-15'}, 'block': {'height': 11661321}}, {'smartContract': {'address': {'address': '0x39bba1179bdc414bccd5002046bea9bb07d1c524'}}, 'caller': {'address': '0xef6f7bcd86e1b3fa52f80ee079b0ebd4bcea8edb'}, 'date': {'date': '2021-01-07'}, 'block': {'height': 11608297}}, {'smartContract': {'address': {'address': '0xdb21dee1215af8d954d6ffa7cf0b74064d596871'}}, 'caller': {'address': '0xef6f7bcd86e1b3fa52f80ee079b0ebd4bcea8edb'}, 'date': {'date': '2020-12-23'}, 'block': {'height': 11511019}}, {'smartContract': {'address': {'address': '0x10f6e0c092e63acb0e70c2f09b176c808b26fcb2'}}, 'caller': {'address': '0xdb21dee1215af8d954d6ffa7cf0b74064d596871'}, 'date': {'date': '2020-12-23'}, 'block': {'height': 11511019}}, {'smartContract': {'address': {'address': '0x248fed766b4953b6847a397b291a9df97b3c2a39'}}, 'caller': {'address': '0xef6f7bcd86e1b3fa52f80ee079b0ebd4bcea8edb'}, 'date': {'date': '2020-12-16'}, 'block': {'height': 11461372}}, {'smartContract': {'address': {'address': '0x72fad6fff363ec7f39136331416491aba01eaf4a'}}, 'caller': {'address': '0xef6f7bcd86e1b3fa52f80ee079b0ebd4bcea8edb'}, 'date': {'date': '2020-12-16'}, 'block': {'height': 11461329}}, {'smartContract': {'address': {'address': '0xe167b66d5f8692f6ff9de36137b9155345384c3c'}}, 'caller': {'address': '0xef6f7bcd86e1b3fa52f80ee079b0ebd4bcea8edb'}, 'date': {'date': '2020-12-16'}, 'block': {'height': 11461316}}, {'smartContract': {'address': {'address': '0x499accc4c56758d2a3ef889da4c975d30dcfa44a'}}, 'caller': {'address': '0x93b0cb6ba869b7a90f05e3c233e970df0ce29557'}, 'date': {'date': '2020-12-16'}, 'block': {'height': 11461288}}, {'smartContract': {'address': {'address': '0x2db6a8e83b9ebb01699012c3c7dda4aa85e97289'}}, 'caller': {'address': '0xef6f7bcd86e1b3fa52f80ee079b0ebd4bcea8edb'}, 'date': {'date': '2020-12-16'}, 'block': {'height': 11461280}}, {'smartContract': {'address': {'address': '0x45d6a1d01e37aedc0e1af6ff6a87d25754ca8ecb'}}, 'caller': {'address': '0xef6f7bcd86e1b3fa52f80ee079b0ebd4bcea8edb'}, 'date': {'date': '2020-12-16'}, 'block': {'height': 11461267}}, {'smartContract': {'address': {'address': '0x88c2c56a55ae64cae81248b34c21c03f1a2b0329'}}, 'caller': {'address': '0xef6f7bcd86e1b3fa52f80ee079b0ebd4bcea8edb'}, 'date': {'date': '2020-12-16'}, 'block': {'height': 11461254}}, {'smartContract': {'address': {'address': '0x4061c702f63a1ca79f3348e44208257228718f0d'}}, 'caller': {'address': '0xef6f7bcd86e1b3fa52f80ee079b0ebd4bcea8edb'}, 'date': {'date': '2020-12-16'}, 'block': {'height': 11461029}}, {'smartContract': {'address': {'address': '0x9273927b1527b7b8fd21296b27b0ab77ddc00d63'}}, 'caller': {'address': '0xef6f7bcd86e1b3fa52f80ee079b0ebd4bcea8edb'}, 'date': {'date': '2020-12-16'}, 'block': {'height': 11461013}}, {'smartContract': {'address': {'address': '0x0dc36745db6f36a7be26b56530c3d62740c5a0cf'}}, 'caller': {'address': '0xef6f7bcd86e1b3fa52f80ee079b0ebd4bcea8edb'}, 'date': {'date': '2020-12-16'}, 'block': {'height': 11461000}}, {'smartContract': {'address': {'address': '0xfb3e3929f12120c0ba1ba243ff8af7afbefb4943'}}, 'caller': {'address': '0xef6f7bcd86e1b3fa52f80ee079b0ebd4bcea8edb'}, 'date': {'date': '2020-12-16'}, 'block': {'height': 11460980}}, {'smartContract': {'address': {'address': '0xb6bee379cceb482160f83e0e5018c81bb3807ede'}}, 'caller': {'address': '0xef6f7bcd86e1b3fa52f80ee079b0ebd4bcea8edb'}, 'date': {'date': '2020-12-16'}, 'block': {'height': 11460971}}, {'smartContract': {'address': {'address': '0xcee014de7992d0c5c8a10c6769a12c81b69d0063'}}, 'caller': {'address': '0xef6f7bcd86e1b3fa52f80ee079b0ebd4bcea8edb'}, 'date': {'date': '2020-12-16'}, 'block': {'height': 11460954}}, {'smartContract': {'address': {'address': '0xb60bcd1a9dffa777ef2cbb7bacbda9fcdd4b6dd6'}}, 'caller': {'address': '0xef6f7bcd86e1b3fa52f80ee079b0ebd4bcea8edb'}, 'date': {'date': '2020-12-16'}, 'block': {'height': 11460942}}, {'smartContract': {'address': {'address': '0x00dbbae3e1a5aad68c4ad74483c238a517a37964'}}, 'caller': {'address': '0xef6f7bcd86e1b3fa52f80ee079b0ebd4bcea8edb'}, 'date': {'date': '2020-12-16'}, 'block': {'height': 11460860}}, {'smartContract': {'address': {'address': '0x66883acddcdff2dddecbcbc623b9c40f664c8f1d'}}, 'caller': {'address': '0xef6f7bcd86e1b3fa52f80ee079b0ebd4bcea8edb'}, 'date': {'date': '2020-12-16'}, 'block': {'height': 11460847}}, {'smartContract': {'address': {'address': '0x07c5f5eb34019eb36cdae8cbb625991c1202cbda'}}, 'caller': {'address': '0x9de9698b2a56342d50bf67a40c7e3a5099892fdc'}, 'date': {'date': '2020-12-15'}, 'block': {'height': 11460734}}, {'smartContract': {'address': {'address': '0x18c480a97c5f36d6bb185741ad5df9ab9361050a'}}, 'caller': {'address': '0xef6f7bcd86e1b3fa52f80ee079b0ebd4bcea8edb'}, 'date': {'date': '2020-12-15'}, 'block': {'height': 11460685}}, {'smartContract': {'address': {'address': '0x792560e6fed8887a7b7b22e179d3a3fc43933acb'}}, 'caller': {'address': '0x9de9698b2a56342d50bf67a40c7e3a5099892fdc'}, 'date': {'date': '2020-12-15'}, 'block': {'height': 11460636}}, {'smartContract': {'address': {'address': '0x1b9c400e36239c2649391c0179d9c3799c94fa6f'}}, 'caller': {'address': '0xef6f7bcd86e1b3fa52f80ee079b0ebd4bcea8edb'}, 'date': {'date': '2020-12-15'}, 'block': {'height': 11460617}}, {'smartContract': {'address': {'address': '0x2d8b461e9d43c65a7c7e2afefa5bd1372281ba63'}}, 'caller': {'address': '0x9de9698b2a56342d50bf67a40c7e3a5099892fdc'}, 'date': {'date': '2020-12-15'}, 'block': {'height': 11460596}}, {'smartContract': {'address': {'address': '0x8c0929691a458f454cf3438cf2ef8bc901a72cca'}}, 'caller': {'address': '0xef6f7bcd86e1b3fa52f80ee079b0ebd4bcea8edb'}, 'date': {'date': '2020-12-15'}, 'block': {'height': 11460556}}, {'smartContract': {'address': {'address': '0x835317c1d587971c03940b16d306df8f4d19bf62'}}, 'caller': {'address': '0x9de9698b2a56342d50bf67a40c7e3a5099892fdc'}, 'date': {'date': '2020-12-15'}, 'block': {'height': 11460536}}, {'smartContract': {'address': {'address': '0xef9564d9ed617173e0c257d08b1eeb90e0e1cf28'}}, 'caller': {'address': '0xef6f7bcd86e1b3fa52f80ee079b0ebd4bcea8edb'}, 'date': {'date': '2020-12-15'}, 'block': {'height': 11460511}}, {'smartContract': {'address': {'address': '0x9cd19fdf40621739620f7ba4ad47cb111a7b76b1'}}, 'caller': {'address': '0xef6f7bcd86e1b3fa52f80ee079b0ebd4bcea8edb'}, 'date': {'date': '2020-12-15'}, 'block': {'height': 11460458}}, {'smartContract': {'address': {'address': '0x8177e21b333c7488993d89c11f889d78f1eadae5'}}, 'caller': {'address': '0xef6f7bcd86e1b3fa52f80ee079b0ebd4bcea8edb'}, 'date': {'date': '2020-12-15'}, 'block': {'height': 11460426}}, {'smartContract': {'address': {'address': '0x0c35421eeef452804e04734f416d834b0596fea2'}}, 'caller': {'address': '0xef6f7bcd86e1b3fa52f80ee079b0ebd4bcea8edb'}, 'date': {'date': '2020-12-15'}, 'block': {'height': 11460416}}, {'smartContract': {'address': {'address': '0xa6735398a7e5e656e6b9fa1481d45d95dd1d67e7'}}, 'caller': {'address': '0x0c35421eeef452804e04734f416d834b0596fea2'}, 'date': {'date': '2020-12-15'}, 'block': {'height': 11460416}}, {'smartContract': {'address': {'address': '0x51db1da6635578b9186b26871038f18351cdd527'}}, 'caller': {'address': '0xef6f7bcd86e1b3fa52f80ee079b0ebd4bcea8edb'}, 'date': {'date': '2020-12-15'}, 'block': {'height': 11460265}}, {'smartContract': {'address': {'address': '0x001f7c987996dbd4f1dba243b0d8891d0bf693a2'}}, 'caller': {'address': '0x5e4935fe0f1f622bfc9521c0e098898e7b8b573c'}, 'date': {'date': '2020-12-15'}, 'block': {'height': 11460225}}, {'smartContract': {'address': {'address': '0x5e4935fe0f1f622bfc9521c0e098898e7b8b573c'}}, 'caller': {'address': '0xef6f7bcd86e1b3fa52f80ee079b0ebd4bcea8edb'}, 'date': {'date': '2020-12-15'}, 'block': {'height': 11460203}}, {'smartContract': {'address': {'address': '0x34e2b546d1819fe428c072080829028af36540dd'}}, 'caller': {'address': '0x975aa6606f1e5179814baef22811441c5060e815'}, 'date': {'date': '2020-12-15'}, 'block': {'height': 11460180}}, {'smartContract': {'address': {'address': '0x975aa6606f1e5179814baef22811441c5060e815'}}, 'caller': {'address': '0xef6f7bcd86e1b3fa52f80ee079b0ebd4bcea8edb'}, 'date': {'date': '2020-12-15'}, 'block': {'height': 11460151}}, {'smartContract': {'address': {'address': '0xc3dc053e111ca40f148c6e278b180c6f29742569'}}, 'caller': {'address': '0xef6f7bcd86e1b3fa52f80ee079b0ebd4bcea8edb'}, 'date': {'date': '2020-12-15'}, 'block': {'height': 11460131}}, {'smartContract': {'address': {'address': '0x81f6e65493f430d520669e2139f96036102c5331'}}, 'caller': {'address': '0xef6f7bcd86e1b3fa52f80ee079b0ebd4bcea8edb'}, 'date': {'date': '2020-12-15'}, 'block': {'height': 11460105}}, {'smartContract': {'address': {'address': '0x933b0d1c324f6703536e888ce8c42175e8474283'}}, 'caller': {'address': '0xef6f7bcd86e1b3fa52f80ee079b0ebd4bcea8edb'}, 'date': {'date': '2020-12-15'}, 'block': {'height': 11460043}}, {'smartContract': {'address': {'address': '0x096835f967d22ec35b78f887c3e9b936b84a3af7'}}, 'caller': {'address': '0xef6f7bcd86e1b3fa52f80ee079b0ebd4bcea8edb'}, 'date': {'date': '2020-12-15'}, 'block': {'height': 11460033}}, {'smartContract': {'address': {'address': '0x1a48b6151012a27a4ab2a8c1b8ec108bab9ef49c'}}, 'caller': {'address': '0xef6f7bcd86e1b3fa52f80ee079b0ebd4bcea8edb'}, 'date': {'date': '2020-12-15'}, 'block': {'height': 11460021}}, {'smartContract': {'address': {'address': '0xd413caafd86c3f9ae76cf1e19d95240d3f7176d9'}}, 'caller': {'address': '0x146921ef7a94c50b96cb53eb9c2ca4eb25d4bfa8'}, 'date': {'date': '2020-12-15'}, 'block': {'height': 11460008}}, {'smartContract': {'address': {'address': '0x146921ef7a94c50b96cb53eb9c2ca4eb25d4bfa8'}}, 'caller': {'address': '0xe5e616cc2fcf1b6085cf7002812f26919c093f33'}, 'date': {'date': '2020-12-15'}, 'block': {'height': 11460008}}, {'smartContract': {'address': {'address': '0x6e24943a974a610a0d017e1649eb1ecbdee16eef'}}, 'caller': {'address': '0x11cfdfbc386a5f461c21a4caab399dba00f6b85d'}, 'date': {'date': '2020-12-15'}, 'block': {'height': 11459992}}, {'smartContract': {'address': {'address': '0x3e12272152125184e9f631864929fca1ca7c7252'}}, 'caller': {'address': '0xe00094dbef4464523afe2021be9c4c2b32c3f30d'}, 'date': {'date': '2020-12-15'}, 'block': {'height': 11459992}}, {'smartContract': {'address': {'address': '0x8508fce4d1cc42e753673eccfa7a7d6f131327e1'}}, 'caller': {'address': '0x89212aab97e4fb3f989fa0b1f99f84125d0374eb'}, 'date': {'date': '2020-12-15'}, 'block': {'height': 11459970}}, {'smartContract': {'address': {'address': '0x882ea50e923414d9036c6f344c01350ec0170c52'}}, 'caller': {'address': '0x1bd0e4d9a61f03fa7dd4a7f01111def8c38be087'}, 'date': {'date': '2020-12-15'}, 'block': {'height': 11459963}}, {'smartContract': {'address': {'address': '0x4a7c5b572792f3d14b2ce51b8d948044b6dec07f'}}, 'caller': {'address': '0x0baf65c0786c7c538d34aa373168a1603f187e16'}, 'date': {'date': '2020-12-15'}, 'block': {'height': 11459963}}, {'smartContract': {'address': {'address': '0xc15a781d649895628284d2a07212e1a7b2e17c14'}}, 'caller': {'address': '0xb475dc4196a704433e82931e5d48f42bd3e8c0ea'}, 'date': {'date': '2020-12-15'}, 'block': {'height': 11459963}}, {'smartContract': {'address': {'address': '0xe85993ad2da1ffd357190f5bceaaf4233c0f441a'}}, 'caller': {'address': '0x0f1453d40423bc655da084214806384c26028144'}, 'date': {'date': '2020-12-15'}, 'block': {'height': 11459954}}, {'smartContract': {'address': {'address': '0x34fadfaabc6db2ddf7d262d999e561c8f310b6d1'}}, 'caller': {'address': '0x8a951b458001350c643b2ecef9c1d8e94970fb18'}, 'date': {'date': '2020-12-15'}, 'block': {'height': 11459954}}, {'smartContract': {'address': {'address': '0x1856298fad423f63158a3ed1c7d98490840e6c14'}}, 'caller': {'address': '0x1e220fdd71b755a34e32c2995c787ea6b9713041'}, 'date': {'date': '2020-12-15'}, 'block': {'height': 11459947}}, {'smartContract': {'address': {'address': '0x2b4200a8d373d484993c37d63ee14aee0096cd12'}}, 'caller': {'address': '0xb3c6e4bb5ab820fc6ed0513973e4addedccc0e6d'}, 'date': {'date': '2020-12-15'}, 'block': {'height': 11459947}}, {'smartContract': {'address': {'address': '0x12767ed038a80895e45ee3dff1b7494d49400bec'}}, 'caller': {'address': '0xc3f14e16d1674328d9f8bfcbfb2710523a2c7b1d'}, 'date': {'date': '2020-12-15'}, 'block': {'height': 11459934}}, {'smartContract': {'address': {'address': '0x694532928af9288f83aacba5b932caf51fec22d5'}}, 'caller': {'address': '0x2e18633c838aadcf997a2bab3e7ee4b8a7d49e2f'}, 'date': {'date': '2020-12-15'}, 'block': {'height': 11459934}}, {'smartContract': {'address': {'address': '0x157a064ecb0cbd8111284fbdf9bf8a18bdab8ee4'}}, 'caller': {'address': '0xef6f7bcd86e1b3fa52f80ee079b0ebd4bcea8edb'}, 'date': {'date': '2020-12-15'}, 'block': {'height': 11459915}}]",2020-12-15
392,392,0x7A3D5d49D64E57DBd6FBB21dF7202bD3EE7A2253,TornadoCORE,,0xfeed25Fc6Eae234c5eEfB3891cA18Bd4312a746f,0.0,"[{'smartContract': {'address': {'address': '0xda522be7bdff2207b8c3afb3786cae165b19cb4d'}}, 'caller': {'address': '0x9424b1412450d0f8fc2255faf6046b98213b76bd'}, 'date': {'date': '2021-01-07'}, 'block': {'height': 11607981}}, {'smartContract': {'address': {'address': '0x0b138f706b41574ef16ad40afe09bfc85a20926c'}}, 'caller': {'address': '0xa26e15c895efc0616177b7c1e7270a4c7d51c997'}, 'date': {'date': '2021-01-07'}, 'block': {'height': 11607739}}, {'smartContract': {'address': {'address': '0x463f248cf962517ac99d84d862250274b549c2e3'}}, 'caller': {'address': '0x76e2cfc1f5fa8f6a5b3fc4c8f4788f0116861f9b'}, 'date': {'date': '2021-01-05'}, 'block': {'height': 11596767}}, {'smartContract': {'address': {'address': '0xb12a30b72ab4a7f00d1e5e66a6d74d621b35c8bc'}}, 'caller': {'address': '0xfeed25fc6eae234c5eefb3891ca18bd4312a746f'}, 'date': {'date': '2020-12-14'}, 'block': {'height': 11453832}}, {'smartContract': {'address': {'address': '0xb003252bd1bdb7f5eaed2dc6da0fa94dc078c1bf'}}, 'caller': {'address': '0xfeed25fc6eae234c5eefb3891ca18bd4312a746f'}, 'date': {'date': '2020-12-14'}, 'block': {'height': 11453763}}, {'smartContract': {'address': {'address': '0x575ad0e9d6debb4199168ca042e40810a477be37'}}, 'caller': {'address': '0xfeed25fc6eae234c5eefb3891ca18bd4312a746f'}, 'date': {'date': '2020-12-14'}, 'block': {'height': 11453639}}, {'smartContract': {'address': {'address': '0x275ad41c2b7eeb350bc5f9f2f2f24aac8fac7139'}}, 'caller': {'address': '0xfeed25fc6eae234c5eefb3891ca18bd4312a746f'}, 'date': {'date': '2020-12-06'}, 'block': {'height': 11401170}}, {'smartContract': {'address': {'address': '0xaf89fa1ab9e30af4068bcc18c131132b836cae40'}}, 'caller': {'address': '0xfeed25fc6eae234c5eefb3891ca18bd4312a746f'}, 'date': {'date': '2020-12-05'}, 'block': {'height': 11394623}}, {'smartContract': {'address': {'address': '0x9c5ad35c0adc42e996e5f7c3d6681b9e2807c700'}}, 'caller': {'address': '0xfeed25fc6eae234c5eefb3891ca18bd4312a746f'}, 'date': {'date': '2020-12-05'}, 'block': {'height': 11393502}}, {'smartContract': {'address': {'address': '0xd4519f1f00e977f72ea74bc2755dd2596fe678da'}}, 'caller': {'address': '0xfeed25fc6eae234c5eefb3891ca18bd4312a746f'}, 'date': {'date': '2020-11-19'}, 'block': {'height': 11290018}}, {'smartContract': {'address': {'address': '0x318b47c570b136bfdaec6cedb83caf73389f3be2'}}, 'caller': {'address': '0xfeed25fc6eae234c5eefb3891ca18bd4312a746f'}, 'date': {'date': '2020-11-19'}, 'block': {'height': 11288603}}, {'smartContract': {'address': {'address': '0x42a43cd4a19eabe7775ea261e4ecac4cbc2acc3a'}}, 'caller': {'address': '0xfeed25fc6eae234c5eefb3891ca18bd4312a746f'}, 'date': {'date': '2020-11-19'}, 'block': {'height': 11288440}}, {'smartContract': {'address': {'address': '0x7f1390f3727fbca6232920a96026cf10c04223b0'}}, 'caller': {'address': '0xfeed25fc6eae234c5eefb3891ca18bd4312a746f'}, 'date': {'date': '2020-11-19'}, 'block': {'height': 11288401}}, {'smartContract': {'address': {'address': '0x7a3d5d49d64e57dbd6fbb21df7202bd3ee7a2253'}}, 'caller': {'address': '0xfeed25fc6eae234c5eefb3891ca18bd4312a746f'}, 'date': {'date': '2020-11-19'}, 'block': {'height': 11288365}}, {'smartContract': {'address': {'address': '0x39c0edef530d284b8f7820061114157c5bd78093'}}, 'caller': {'address': '0x5c69bee701ef814a2b6a3edd4b1652cb9cc5aa6f'}, 'date': {'date': '2020-11-19'}, 'block': {'height': 11288365}}]",2020-11-19
393,393,0xb4FBed161bEbcb37afB1Cb4a6F7cA18b977cCB25,DOGEswap,,0x92E18018EF9aF7A683Ab1Bd5f23b0D94f3E0870D,0.0,"[{'smartContract': {'address': {'address': '0xc72e926e0921800ea66e89400c4c64de250038ba'}}, 'caller': {'address': '0x5c69bee701ef814a2b6a3edd4b1652cb9cc5aa6f'}, 'date': {'date': '2021-01-02'}, 'block': {'height': 11577022}}, {'smartContract': {'address': {'address': '0xf61dda5ae0b7f3220c93ba04e86bd31a3174e0df'}}, 'caller': {'address': '0xa26e15c895efc0616177b7c1e7270a4c7d51c997'}, 'date': {'date': '2020-10-04'}, 'block': {'height': 10989970}}, {'smartContract': {'address': {'address': '0xb6916bc20cae34de64af39b8534d1459d8bb4128'}}, 'caller': {'address': '0x5c69bee701ef814a2b6a3edd4b1652cb9cc5aa6f'}, 'date': {'date': '2020-09-23'}, 'block': {'height': 10918162}}, {'smartContract': {'address': {'address': '0xb4fbed161bebcb37afb1cb4a6f7ca18b977ccb25'}}, 'caller': {'address': '0x92e18018ef9af7a683ab1bd5f23b0d94f3e0870d'}, 'date': {'date': '2020-09-23'}, 'block': {'height': 10917683}}]",2020-09-23
394,394,0x6fC13EACE26590B80cCCAB1ba5d51890577D83B2,Umbrella,https://github.com/umbrella-network/overture,0xA6e4fFa19B213AbeA258ae72e8e1a209B9E543e7,0.0,"[{'smartContract': {'address': {'address': '0xa800863644ce2f0e6c7bb3226e40fda8ec649881'}}, 'caller': {'address': '0xa6b71e26c5e0845f74c812102ca7114b6a896ab2'}, 'date': {'date': '2022-12-14'}, 'block': {'height': 16183713}}, {'smartContract': {'address': {'address': '0x125716950dfccd6ded1b98d14c29f3f94ddfa6e4'}}, 'caller': {'address': '0xa6e4ffa19b213abea258ae72e8e1a209b9e543e7'}, 'date': {'date': '2022-11-17'}, 'block': {'height': 15988179}}, {'smartContract': {'address': {'address': '0x2ff1c56ba5de00078e4279b793ae4a595dd6bbc0'}}, 'caller': {'address': '0xa6e4ffa19b213abea258ae72e8e1a209b9e543e7'}, 'date': {'date': '2022-11-17'}, 'block': {'height': 15988169}}, {'smartContract': {'address': {'address': '0xdf8cd51d225946a2ba1d597c51aa74536611aa71'}}, 'caller': {'address': '0x2ff1c56ba5de00078e4279b793ae4a595dd6bbc0'}, 'date': {'date': '2022-11-17'}, 'block': {'height': 15988169}}, {'smartContract': {'address': {'address': '0xddd48e4e2dbb6d33d09be4f9d2cd2c071b283aac'}}, 'caller': {'address': '0xa6e4ffa19b213abea258ae72e8e1a209b9e543e7'}, 'date': {'date': '2022-11-02'}, 'block': {'height': 15881808}}, {'smartContract': {'address': {'address': '0x8d72dc814d95d6781cc466e34971f79add188e3b'}}, 'caller': {'address': '0xa6e4ffa19b213abea258ae72e8e1a209b9e543e7'}, 'date': {'date': '2022-11-02'}, 'block': {'height': 15881793}}, {'smartContract': {'address': {'address': '0x2e2acfc12c7bd21ea65c50392f08a229ac26058c'}}, 'caller': {'address': '0xa6e4ffa19b213abea258ae72e8e1a209b9e543e7'}, 'date': {'date': '2022-10-10'}, 'block': {'height': 15718885}}, {'smartContract': {'address': {'address': '0x967822a278dffe2752d607d9e937c9e484892c41'}}, 'caller': {'address': '0xa6e4ffa19b213abea258ae72e8e1a209b9e543e7'}, 'date': {'date': '2022-10-05'}, 'block': {'height': 15681419}}, {'smartContract': {'address': {'address': '0x1c6262c252731d17e5b3cb5c569216d59d37d70d'}}, 'caller': {'address': '0xa6b71e26c5e0845f74c812102ca7114b6a896ab2'}, 'date': {'date': '2022-08-08'}, 'block': {'height': 15300262}}, {'smartContract': {'address': {'address': '0xadf2f4227deb428a55a7bc9cb3dc8d905b92402d'}}, 'caller': {'address': '0xa6e4ffa19b213abea258ae72e8e1a209b9e543e7'}, 'date': {'date': '2022-06-08'}, 'block': {'height': 14928023}}, {'smartContract': {'address': {'address': '0x8f849554ca33dc797cf1510f2a07825daae07f22'}}, 'caller': {'address': '0xa6e4ffa19b213abea258ae72e8e1a209b9e543e7'}, 'date': {'date': '2022-06-08'}, 'block': {'height': 14927985}}, {'smartContract': {'address': {'address': '0xe44e31361af51d8980f394867e81c7857a188de8'}}, 'caller': {'address': '0xa6e4ffa19b213abea258ae72e8e1a209b9e543e7'}, 'date': {'date': '2022-05-23'}, 'block': {'height': 14830276}}, {'smartContract': {'address': {'address': '0xd4f8635c0318c88b083c00d226a488bbb85b8398'}}, 'caller': {'address': '0xa6e4ffa19b213abea258ae72e8e1a209b9e543e7'}, 'date': {'date': '2022-05-09'}, 'block': {'height': 14742756}}, {'smartContract': {'address': {'address': '0xe8bd21db0be11f3fcfb16bdd9bf9109064ec812f'}}, 'caller': {'address': '0xa6e4ffa19b213abea258ae72e8e1a209b9e543e7'}, 'date': {'date': '2022-05-05'}, 'block': {'height': 14717578}}, {'smartContract': {'address': {'address': '0xa67cbdad80c34e50f5de96730f658910f52b2f8c'}}, 'caller': {'address': '0xa6e4ffa19b213abea258ae72e8e1a209b9e543e7'}, 'date': {'date': '2022-04-19'}, 'block': {'height': 14615575}}, {'smartContract': {'address': {'address': '0xd41435b641544695b11dc735b6264db0ba63b350'}}, 'caller': {'address': '0xa6e4ffa19b213abea258ae72e8e1a209b9e543e7'}, 'date': {'date': '2022-03-14'}, 'block': {'height': 14386008}}, {'smartContract': {'address': {'address': '0xb3fb1d01b07a706736ca175f827e4f56021b85de'}}, 'caller': {'address': '0xa6e4ffa19b213abea258ae72e8e1a209b9e543e7'}, 'date': {'date': '2022-03-14'}, 'block': {'height': 14385979}}, {'smartContract': {'address': {'address': '0x5a2697c772d6062eb2005e84547ec4a36ccb3b52'}}, 'caller': {'address': '0xa6e4ffa19b213abea258ae72e8e1a209b9e543e7'}, 'date': {'date': '2022-03-14'}, 'block': {'height': 14385756}}, {'smartContract': {'address': {'address': '0xae9aca5d20f5b139931935378c4489308394ca2c'}}, 'caller': {'address': '0xa6e4ffa19b213abea258ae72e8e1a209b9e543e7'}, 'date': {'date': '2022-03-14'}, 'block': {'height': 14385546}}, {'smartContract': {'address': {'address': '0x0a6280c0d41ab8822c805c041ba30b8b0032ca92'}}, 'caller': {'address': '0xa6e4ffa19b213abea258ae72e8e1a209b9e543e7'}, 'date': {'date': '2021-12-20'}, 'block': {'height': 13845113}}, {'smartContract': {'address': {'address': '0x8690666153b101201a104719c3424179730ac2bc'}}, 'caller': {'address': '0xa6e4ffa19b213abea258ae72e8e1a209b9e543e7'}, 'date': {'date': '2021-12-16'}, 'block': {'height': 13815366}}, {'smartContract': {'address': {'address': '0xfeb0fd13ecc6b2e95135d2964d1f0c9a1d89e3d7'}}, 'caller': {'address': '0xa6e4ffa19b213abea258ae72e8e1a209b9e543e7'}, 'date': {'date': '2021-12-07'}, 'block': {'height': 13760554}}, {'smartContract': {'address': {'address': '0x0e3fd75cd718531173f11d40eddbf801f05095f7'}}, 'caller': {'address': '0xa6e4ffa19b213abea258ae72e8e1a209b9e543e7'}, 'date': {'date': '2021-12-02'}, 'block': {'height': 13726733}}, {'smartContract': {'address': {'address': '0x01e7f40adb183fa09849243a237a920c5ce509d4'}}, 'caller': {'address': '0xa6e4ffa19b213abea258ae72e8e1a209b9e543e7'}, 'date': {'date': '2021-10-11'}, 'block': {'height': 13396921}}, {'smartContract': {'address': {'address': '0x4e70cefb96a9d0f0dc674ec21cf8e42f82773dd4'}}, 'caller': {'address': '0xa6e4ffa19b213abea258ae72e8e1a209b9e543e7'}, 'date': {'date': '2021-09-23'}, 'block': {'height': 13280420}}, {'smartContract': {'address': {'address': '0x41a75b8504fdac22b2152b5cfcdaae01ff50947e'}}, 'caller': {'address': '0xa6e4ffa19b213abea258ae72e8e1a209b9e543e7'}, 'date': {'date': '2021-09-23'}, 'block': {'height': 13280367}}, {'smartContract': {'address': {'address': '0x885ebcf6c2918bee4a2591dce76da70e724f9a8e'}}, 'caller': {'address': '0xa6e4ffa19b213abea258ae72e8e1a209b9e543e7'}, 'date': {'date': '2021-03-22'}, 'block': {'height': 12088635}}, {'smartContract': {'address': {'address': '0xa7e6c1a84ba8ae2353f15e439366d8774aad63f8'}}, 'caller': {'address': '0xa6e4ffa19b213abea258ae72e8e1a209b9e543e7'}, 'date': {'date': '2021-02-25'}, 'block': {'height': 11925762}}, {'smartContract': {'address': {'address': '0x0a8c66dd24b25871b2551599d6eca859819787aa'}}, 'caller': {'address': '0xa6e4ffa19b213abea258ae72e8e1a209b9e543e7'}, 'date': {'date': '2021-02-16'}, 'block': {'height': 11870724}}, {'smartContract': {'address': {'address': '0xd459852e273ee8bce1ea9fefa1ddc85ca8e169c3'}}, 'caller': {'address': '0xa6e4ffa19b213abea258ae72e8e1a209b9e543e7'}, 'date': {'date': '2021-02-12'}, 'block': {'height': 11844378}}, {'smartContract': {'address': {'address': '0xda9a63d77406faa09d265413f4e128b54b5057e0'}}, 'caller': {'address': '0xa6e4ffa19b213abea258ae72e8e1a209b9e543e7'}, 'date': {'date': '2021-02-08'}, 'block': {'height': 11816534}}, {'smartContract': {'address': {'address': '0x1b17dbb40fbed8735e7fe8c9eb02c20984fadfd6'}}, 'caller': {'address': '0xa6e4ffa19b213abea258ae72e8e1a209b9e543e7'}, 'date': {'date': '2021-02-08'}, 'block': {'height': 11816532}}, {'smartContract': {'address': {'address': '0x6fc13eace26590b80cccab1ba5d51890577d83b2'}}, 'caller': {'address': '0xa6e4ffa19b213abea258ae72e8e1a209b9e543e7'}, 'date': {'date': '2021-02-08'}, 'block': {'height': 11816531}}, {'smartContract': {'address': {'address': '0x4a28406ece8ffd7a91789738a5ac15dac44bfa1b'}}, 'caller': {'address': '0xa6e4ffa19b213abea258ae72e8e1a209b9e543e7'}, 'date': {'date': '2021-02-08'}, 'block': {'height': 11816526}}]",2021-02-08
395,395,0x21ad647b8F4Fe333212e735bfC1F36B4941E6Ad2,Squid,,0x85277BD3D3273994Ce65FA1Bb9D0bf7Da0b1980b,0.0,"[{'smartContract': {'address': {'address': '0x27f1f393b5b8bd4b44e84b69128973dcfe2de399'}}, 'caller': {'address': '0x85277bd3d3273994ce65fa1bb9d0bf7da0b1980b'}, 'date': {'date': '2022-02-08'}, 'block': {'height': 14163493}}, {'smartContract': {'address': {'address': '0xbe70f39a3769104d4c753170661cde46647092d0'}}, 'caller': {'address': '0x85277bd3d3273994ce65fa1bb9d0bf7da0b1980b'}, 'date': {'date': '2022-01-19'}, 'block': {'height': 14033346}}, {'smartContract': {'address': {'address': '0xef933ed40f7895dd428cfc5a74fd4c7567e2ffe2'}}, 'caller': {'address': '0xa731585ab05fc9f83555cf9bff8f58ee94e18f85'}, 'date': {'date': '2022-01-10'}, 'block': {'height': 13978686}}, {'smartContract': {'address': {'address': '0xe95afb33abda3258ffd89f96dcb6703335544e8d'}}, 'caller': {'address': '0xa731585ab05fc9f83555cf9bff8f58ee94e18f85'}, 'date': {'date': '2022-01-10'}, 'block': {'height': 13978665}}, {'smartContract': {'address': {'address': '0x23b0e05a353c6728076d73ce807883ae49c5856b'}}, 'caller': {'address': '0xa731585ab05fc9f83555cf9bff8f58ee94e18f85'}, 'date': {'date': '2022-01-10'}, 'block': {'height': 13978653}}, {'smartContract': {'address': {'address': '0x0addd2828f0d403a4d808dcd4f68e9fb353336b7'}}, 'caller': {'address': '0xa731585ab05fc9f83555cf9bff8f58ee94e18f85'}, 'date': {'date': '2022-01-10'}, 'block': {'height': 13978611}}, {'smartContract': {'address': {'address': '0x0da89304f43b0ca425f2b78a2a8b2be301f33d7e'}}, 'caller': {'address': '0x835482fe0532f169024d5e9410199369aad5c77e'}, 'date': {'date': '2022-01-10'}, 'block': {'height': 13977496}}, {'smartContract': {'address': {'address': '0x9ec6b608c4846fc07ae042cbe94b5e9a702b55e8'}}, 'caller': {'address': '0x91ce5566dc3170898c5aee4ae4dd314654b47415'}, 'date': {'date': '2022-01-10'}, 'block': {'height': 13977494}}, {'smartContract': {'address': {'address': '0xa0ce3f88bb6cd303931202bec5e5358bce9773f8'}}, 'caller': {'address': '0x85277bd3d3273994ce65fa1bb9d0bf7da0b1980b'}, 'date': {'date': '2022-01-06'}, 'block': {'height': 13949491}}, {'smartContract': {'address': {'address': '0x008eb46cdc6651eee592ee23fe4b121daebfbb18'}}, 'caller': {'address': '0x85277bd3d3273994ce65fa1bb9d0bf7da0b1980b'}, 'date': {'date': '2022-01-05'}, 'block': {'height': 13944880}}, {'smartContract': {'address': {'address': '0xd657686a1ce41720c4b29e13ea1d6cee1b4025b5'}}, 'caller': {'address': '0x85277bd3d3273994ce65fa1bb9d0bf7da0b1980b'}, 'date': {'date': '2021-12-08'}, 'block': {'height': 13763259}}, {'smartContract': {'address': {'address': '0x885a7f35e9b6df1c3a3ccc94dcb50a9d8fb5f062'}}, 'caller': {'address': '0x85277bd3d3273994ce65fa1bb9d0bf7da0b1980b'}, 'date': {'date': '2021-12-08'}, 'block': {'height': 13763253}}, {'smartContract': {'address': {'address': '0xabd414b8b7c2eb3c91c45afb6842facf092ae7f9'}}, 'caller': {'address': '0x85277bd3d3273994ce65fa1bb9d0bf7da0b1980b'}, 'date': {'date': '2021-12-07'}, 'block': {'height': 13757061}}, {'smartContract': {'address': {'address': '0xf3bc8fabcfc368b52ec18016d6ca8ab8967c550a'}}, 'caller': {'address': '0x85277bd3d3273994ce65fa1bb9d0bf7da0b1980b'}, 'date': {'date': '2021-12-07'}, 'block': {'height': 13757060}}, {'smartContract': {'address': {'address': '0x58807e624b9953c2279e0efae5edcf9c7da08c7b'}}, 'caller': {'address': '0x85277bd3d3273994ce65fa1bb9d0bf7da0b1980b'}, 'date': {'date': '2021-12-07'}, 'block': {'height': 13757058}}, {'smartContract': {'address': {'address': '0x469cc36c736f41810b96633a66b887307fcdae03'}}, 'caller': {'address': '0x85277bd3d3273994ce65fa1bb9d0bf7da0b1980b'}, 'date': {'date': '2021-12-07'}, 'block': {'height': 13757039}}, {'smartContract': {'address': {'address': '0x2914d9865b517cc0ce33c15167daffdb33be46d5'}}, 'caller': {'address': '0x85277bd3d3273994ce65fa1bb9d0bf7da0b1980b'}, 'date': {'date': '2021-12-07'}, 'block': {'height': 13757020}}, {'smartContract': {'address': {'address': '0x0d84b44c4af7142a8c9da489dc2a8a2d5813492a'}}, 'caller': {'address': '0x85277bd3d3273994ce65fa1bb9d0bf7da0b1980b'}, 'date': {'date': '2021-12-07'}, 'block': {'height': 13757019}}, {'smartContract': {'address': {'address': '0x20c691306cb04ce655cbb2ea0de8dfe5f79a6477'}}, 'caller': {'address': '0x85277bd3d3273994ce65fa1bb9d0bf7da0b1980b'}, 'date': {'date': '2021-12-07'}, 'block': {'height': 13757016}}, {'smartContract': {'address': {'address': '0x175bd66937e60de3cbf972d4f53a63861ca0be37'}}, 'caller': {'address': '0x85277bd3d3273994ce65fa1bb9d0bf7da0b1980b'}, 'date': {'date': '2021-12-07'}, 'block': {'height': 13757013}}, {'smartContract': {'address': {'address': '0x7dd8c6f62667ed01c176130622416a141cd4732a'}}, 'caller': {'address': '0x85277bd3d3273994ce65fa1bb9d0bf7da0b1980b'}, 'date': {'date': '2021-11-26'}, 'block': {'height': 13688382}}, {'smartContract': {'address': {'address': '0xcd544d3a9e1fdcc46b4b3831dddaeef8d334b208'}}, 'caller': {'address': '0x85277bd3d3273994ce65fa1bb9d0bf7da0b1980b'}, 'date': {'date': '2021-11-23'}, 'block': {'height': 13670394}}, {'smartContract': {'address': {'address': '0xef68aecd2ca660c5a20679d1daf064869168abd6'}}, 'caller': {'address': '0x85277bd3d3273994ce65fa1bb9d0bf7da0b1980b'}, 'date': {'date': '2021-11-23'}, 'block': {'height': 13669899}}, {'smartContract': {'address': {'address': '0xcc8badba566a6ad2d77e46a62015da341d36bf58'}}, 'caller': {'address': '0x85277bd3d3273994ce65fa1bb9d0bf7da0b1980b'}, 'date': {'date': '2021-11-23'}, 'block': {'height': 13669878}}, {'smartContract': {'address': {'address': '0x3ad554514a3ef2f2e373d0732ca723e3793ea101'}}, 'caller': {'address': '0x85277bd3d3273994ce65fa1bb9d0bf7da0b1980b'}, 'date': {'date': '2021-11-23'}, 'block': {'height': 13669868}}, {'smartContract': {'address': {'address': '0x3d1e546df52d7af8adcfda1610c5fd0f23dcba9e'}}, 'caller': {'address': '0x85277bd3d3273994ce65fa1bb9d0bf7da0b1980b'}, 'date': {'date': '2021-11-23'}, 'block': {'height': 13669855}}, {'smartContract': {'address': {'address': '0xa7cbd803440c7c315dc08114afe50dac8fbb74e2'}}, 'caller': {'address': '0x85277bd3d3273994ce65fa1bb9d0bf7da0b1980b'}, 'date': {'date': '2021-11-22'}, 'block': {'height': 13664014}}, {'smartContract': {'address': {'address': '0xaff7f762946c8afae07a4a2c3321509c9323d3da'}}, 'caller': {'address': '0x85277bd3d3273994ce65fa1bb9d0bf7da0b1980b'}, 'date': {'date': '2021-11-22'}, 'block': {'height': 13664012}}, {'smartContract': {'address': {'address': '0xd09a8524e15f36fedd8145b134b763d2cded8634'}}, 'caller': {'address': '0x85277bd3d3273994ce65fa1bb9d0bf7da0b1980b'}, 'date': {'date': '2021-11-22'}, 'block': {'height': 13664004}}, {'smartContract': {'address': {'address': '0x7597c90c98b611e5d5db0671180d92189b90c6c6'}}, 'caller': {'address': '0x85277bd3d3273994ce65fa1bb9d0bf7da0b1980b'}, 'date': {'date': '2021-11-22'}, 'block': {'height': 13663997}}, {'smartContract': {'address': {'address': '0x5aa076ce2c74b49fb600241d26f12213daa60412'}}, 'caller': {'address': '0x85277bd3d3273994ce65fa1bb9d0bf7da0b1980b'}, 'date': {'date': '2021-11-22'}, 'block': {'height': 13663989}}, {'smartContract': {'address': {'address': '0x3a61dd70a05f6cffde20e22593932123da180052'}}, 'caller': {'address': '0xc0aee478e3658e2610c5f7a4a2e1777ce9e4f2ac'}, 'date': {'date': '2021-11-22'}, 'block': {'height': 13662556}}, {'smartContract': {'address': {'address': '0xbd13281d5f22b2e6d4c89a43c8d729af2083e1e9'}}, 'caller': {'address': '0x85277bd3d3273994ce65fa1bb9d0bf7da0b1980b'}, 'date': {'date': '2021-11-22'}, 'block': {'height': 13662405}}, {'smartContract': {'address': {'address': '0x0d0e8dd8159ea4b3fb98b9157d9f83aed339afdf'}}, 'caller': {'address': '0x85277bd3d3273994ce65fa1bb9d0bf7da0b1980b'}, 'date': {'date': '2021-11-22'}, 'block': {'height': 13662405}}, {'smartContract': {'address': {'address': '0xc96569c5b2c5ad6115180fa3c97f763bd13898b3'}}, 'caller': {'address': '0x85277bd3d3273994ce65fa1bb9d0bf7da0b1980b'}, 'date': {'date': '2021-11-22'}, 'block': {'height': 13662403}}, {'smartContract': {'address': {'address': '0xc187197e43e2175247982a7051fdc342936d922e'}}, 'caller': {'address': '0x85277bd3d3273994ce65fa1bb9d0bf7da0b1980b'}, 'date': {'date': '2021-11-22'}, 'block': {'height': 13662403}}, {'smartContract': {'address': {'address': '0x269deaee3076d313113fef0da1b1d434fb77e628'}}, 'caller': {'address': '0x85277bd3d3273994ce65fa1bb9d0bf7da0b1980b'}, 'date': {'date': '2021-11-22'}, 'block': {'height': 13662398}}, {'smartContract': {'address': {'address': '0xf36cb80fb7a184d3243fcf931d7c89f84034a9fa'}}, 'caller': {'address': '0x85277bd3d3273994ce65fa1bb9d0bf7da0b1980b'}, 'date': {'date': '2021-11-22'}, 'block': {'height': 13662390}}, {'smartContract': {'address': {'address': '0x18ba6ebf4255bdb259425ec1ebbbf2e8d84b5402'}}, 'caller': {'address': '0x85277bd3d3273994ce65fa1bb9d0bf7da0b1980b'}, 'date': {'date': '2021-11-22'}, 'block': {'height': 13662390}}, {'smartContract': {'address': {'address': '0x8715ca97c5b464c1957cefbd18015b5567e52060'}}, 'caller': {'address': '0x85277bd3d3273994ce65fa1bb9d0bf7da0b1980b'}, 'date': {'date': '2021-11-22'}, 'block': {'height': 13662380}}, {'smartContract': {'address': {'address': '0x8ed5059b445d85811330343f9dca8d6ea0e2be58'}}, 'caller': {'address': '0x85277bd3d3273994ce65fa1bb9d0bf7da0b1980b'}, 'date': {'date': '2021-11-22'}, 'block': {'height': 13662342}}, {'smartContract': {'address': {'address': '0x93896fb628c332b857600e8dcf0b5f501f6c506d'}}, 'caller': {'address': '0x85277bd3d3273994ce65fa1bb9d0bf7da0b1980b'}, 'date': {'date': '2021-11-22'}, 'block': {'height': 13662342}}, {'smartContract': {'address': {'address': '0x2bae4c110e5c97a58d1b0beacca730259efb63cf'}}, 'caller': {'address': '0x85277bd3d3273994ce65fa1bb9d0bf7da0b1980b'}, 'date': {'date': '2021-11-22'}, 'block': {'height': 13662339}}, {'smartContract': {'address': {'address': '0xebf468b8dd921a69c9c23dc79a8e46f4026f7837'}}, 'caller': {'address': '0x85277bd3d3273994ce65fa1bb9d0bf7da0b1980b'}, 'date': {'date': '2021-11-22'}, 'block': {'height': 13662332}}, {'smartContract': {'address': {'address': '0xb01edadcb8a0b1cdd0f20d539c7823d94bd9be1d'}}, 'caller': {'address': '0x85277bd3d3273994ce65fa1bb9d0bf7da0b1980b'}, 'date': {'date': '2021-11-22'}, 'block': {'height': 13662327}}, {'smartContract': {'address': {'address': '0xa817d002fd82dcfea48de3e1af4f5a748d9b1f9a'}}, 'caller': {'address': '0x85277bd3d3273994ce65fa1bb9d0bf7da0b1980b'}, 'date': {'date': '2021-11-22'}, 'block': {'height': 13662321}}, {'smartContract': {'address': {'address': '0x08282315bef50c31b6823437af01e606e40393f5'}}, 'caller': {'address': '0x85277bd3d3273994ce65fa1bb9d0bf7da0b1980b'}, 'date': {'date': '2021-11-22'}, 'block': {'height': 13662320}}, {'smartContract': {'address': {'address': '0x2fb7bfa850dda4782c210ed215c28eb8bf9f30cd'}}, 'caller': {'address': '0x85277bd3d3273994ce65fa1bb9d0bf7da0b1980b'}, 'date': {'date': '2021-11-22'}, 'block': {'height': 13662311}}, {'smartContract': {'address': {'address': '0xcdcf7bd4bfdf4a021f7013660188ead743237b1a'}}, 'caller': {'address': '0x85277bd3d3273994ce65fa1bb9d0bf7da0b1980b'}, 'date': {'date': '2021-11-22'}, 'block': {'height': 13662310}}, {'smartContract': {'address': {'address': '0xd9cf92f1e3758ede8bb47e37cac7927dfbd54c12'}}, 'caller': {'address': '0x85277bd3d3273994ce65fa1bb9d0bf7da0b1980b'}, 'date': {'date': '2021-11-19'}, 'block': {'height': 13644776}}, {'smartContract': {'address': {'address': '0x67ea2ad6e15b6d9abf163abecda31b215bb22068'}}, 'caller': {'address': '0x85277bd3d3273994ce65fa1bb9d0bf7da0b1980b'}, 'date': {'date': '2021-11-18'}, 'block': {'height': 13638384}}, {'smartContract': {'address': {'address': '0x9a28f9c0097a700d0621a69ea4f84a084b5d0fe5'}}, 'caller': {'address': '0x85277bd3d3273994ce65fa1bb9d0bf7da0b1980b'}, 'date': {'date': '2021-11-18'}, 'block': {'height': 13638032}}, {'smartContract': {'address': {'address': '0x950cd0fb5d95c973a8699f64dec575cd7c32c17b'}}, 'caller': {'address': '0xa6b71e26c5e0845f74c812102ca7114b6a896ab2'}, 'date': {'date': '2021-11-17'}, 'block': {'height': 13629840}}, {'smartContract': {'address': {'address': '0xe238586a137cdb7d5981b29b7d793515b2ff80bb'}}, 'caller': {'address': '0x85277bd3d3273994ce65fa1bb9d0bf7da0b1980b'}, 'date': {'date': '2021-11-16'}, 'block': {'height': 13626075}}, {'smartContract': {'address': {'address': '0xe03b1f81d1c3b730272442a16eac84226a989041'}}, 'caller': {'address': '0x85277bd3d3273994ce65fa1bb9d0bf7da0b1980b'}, 'date': {'date': '2021-11-16'}, 'block': {'height': 13626073}}, {'smartContract': {'address': {'address': '0x5601230a85bcfe4a13c209aa6617ca2c16ac3e99'}}, 'caller': {'address': '0x85277bd3d3273994ce65fa1bb9d0bf7da0b1980b'}, 'date': {'date': '2021-11-16'}, 'block': {'height': 13626059}}, {'smartContract': {'address': {'address': '0xe20adf86c9e2462956a11012915d66c19f79ef52'}}, 'caller': {'address': '0x85277bd3d3273994ce65fa1bb9d0bf7da0b1980b'}, 'date': {'date': '2021-11-16'}, 'block': {'height': 13625311}}, {'smartContract': {'address': {'address': '0x3b1388eb39c72d2145f092c01067c02bb627d4be'}}, 'caller': {'address': '0x85277bd3d3273994ce65fa1bb9d0bf7da0b1980b'}, 'date': {'date': '2021-11-12'}, 'block': {'height': 13600360}}, {'smartContract': {'address': {'address': '0x776068d0932f600b55092bf3b0685ddb3fcced82'}}, 'caller': {'address': '0x85277bd3d3273994ce65fa1bb9d0bf7da0b1980b'}, 'date': {'date': '2021-11-11'}, 'block': {'height': 13595824}}, {'smartContract': {'address': {'address': '0xade272bad710f844235f023a92748bc04665434d'}}, 'caller': {'address': '0x85277bd3d3273994ce65fa1bb9d0bf7da0b1980b'}, 'date': {'date': '2021-11-10'}, 'block': {'height': 13586593}}, {'smartContract': {'address': {'address': '0xb74ddf6894ca6b62d57d4cb76fc1cff03f414482'}}, 'caller': {'address': '0x85277bd3d3273994ce65fa1bb9d0bf7da0b1980b'}, 'date': {'date': '2021-11-09'}, 'block': {'height': 13582829}}, {'smartContract': {'address': {'address': '0x8cfc7e4afc370a159fc84157fcad82a766c774be'}}, 'caller': {'address': '0x85277bd3d3273994ce65fa1bb9d0bf7da0b1980b'}, 'date': {'date': '2021-11-08'}, 'block': {'height': 13574671}}, {'smartContract': {'address': {'address': '0x85a40fe07b3eb07e3d77a416482d37b39225fbac'}}, 'caller': {'address': '0x85277bd3d3273994ce65fa1bb9d0bf7da0b1980b'}, 'date': {'date': '2021-11-05'}, 'block': {'height': 13555635}}, {'smartContract': {'address': {'address': '0xab192edc9d0c2d38f7320dff222384764759a60c'}}, 'caller': {'address': '0x85277bd3d3273994ce65fa1bb9d0bf7da0b1980b'}, 'date': {'date': '2021-11-05'}, 'block': {'height': 13555272}}, {'smartContract': {'address': {'address': '0x8f9b609ea2179262a7a672553d6f78ec83215ee9'}}, 'caller': {'address': '0x85277bd3d3273994ce65fa1bb9d0bf7da0b1980b'}, 'date': {'date': '2021-11-04'}, 'block': {'height': 13549353}}, {'smartContract': {'address': {'address': '0xb0614eb51025a98fb13ef498a041b9ff3251b351'}}, 'caller': {'address': '0x85277bd3d3273994ce65fa1bb9d0bf7da0b1980b'}, 'date': {'date': '2021-10-30'}, 'block': {'height': 13521509}}, {'smartContract': {'address': {'address': '0xb84f707b3d713ff40b61e960fd8c1a7b23e834b7'}}, 'caller': {'address': '0x85277bd3d3273994ce65fa1bb9d0bf7da0b1980b'}, 'date': {'date': '2021-10-30'}, 'block': {'height': 13519559}}, {'smartContract': {'address': {'address': '0x6acd1accafb832c502e9949d80f3d751cc6e1c30'}}, 'caller': {'address': '0x85277bd3d3273994ce65fa1bb9d0bf7da0b1980b'}, 'date': {'date': '2021-10-30'}, 'block': {'height': 13519531}}, {'smartContract': {'address': {'address': '0x2375c70dfa5806632e0f8de35650f3e95b922ba0'}}, 'caller': {'address': '0x85277bd3d3273994ce65fa1bb9d0bf7da0b1980b'}, 'date': {'date': '2021-10-30'}, 'block': {'height': 13519521}}, {'smartContract': {'address': {'address': '0x5ab2493d75cbccd0762417839c83ab6b567d2f71'}}, 'caller': {'address': '0x85277bd3d3273994ce65fa1bb9d0bf7da0b1980b'}, 'date': {'date': '2021-10-29'}, 'block': {'height': 13513049}}, {'smartContract': {'address': {'address': '0x9c7a74a78880b1dd9793edbe62fd409eef2062d1'}}, 'caller': {'address': '0x85277bd3d3273994ce65fa1bb9d0bf7da0b1980b'}, 'date': {'date': '2021-10-29'}, 'block': {'height': 13513046}}, {'smartContract': {'address': {'address': '0xfad704847967d9067df7a60910399155fca43fe8'}}, 'caller': {'address': '0xc0aee478e3658e2610c5f7a4a2e1777ce9e4f2ac'}, 'date': {'date': '2021-10-29'}, 'block': {'height': 13512488}}, {'smartContract': {'address': {'address': '0xb98eda9382e67e390cf2a6b42cb6dfd2b5503d51'}}, 'caller': {'address': '0x85277bd3d3273994ce65fa1bb9d0bf7da0b1980b'}, 'date': {'date': '2021-10-29'}, 'block': {'height': 13511960}}, {'smartContract': {'address': {'address': '0x3ec8d9c851552b8917182f39f6014e14e6ee0bfc'}}, 'caller': {'address': '0x85277bd3d3273994ce65fa1bb9d0bf7da0b1980b'}, 'date': {'date': '2021-10-29'}, 'block': {'height': 13511960}}, {'smartContract': {'address': {'address': '0x5895b13da9beb11e36136817cdcf3c4fcb16aaea'}}, 'caller': {'address': '0x85277bd3d3273994ce65fa1bb9d0bf7da0b1980b'}, 'date': {'date': '2021-10-29'}, 'block': {'height': 13511950}}, {'smartContract': {'address': {'address': '0x2d99d0b76168e315f2dc699bff8d47be30b3f9d7'}}, 'caller': {'address': '0x85277bd3d3273994ce65fa1bb9d0bf7da0b1980b'}, 'date': {'date': '2021-10-29'}, 'block': {'height': 13511944}}, {'smartContract': {'address': {'address': '0x9d49bfc921f36448234b0efa67b5f91b3c691515'}}, 'caller': {'address': '0x85277bd3d3273994ce65fa1bb9d0bf7da0b1980b'}, 'date': {'date': '2021-10-29'}, 'block': {'height': 13511944}}, {'smartContract': {'address': {'address': '0x61d8a57b3919e9f4777c80b6cf1138962855d2ca'}}, 'caller': {'address': '0x85277bd3d3273994ce65fa1bb9d0bf7da0b1980b'}, 'date': {'date': '2021-10-29'}, 'block': {'height': 13511944}}, {'smartContract': {'address': {'address': '0xe6d9ba8b1da379a1b3b57033d87717c0db88f0d6'}}, 'caller': {'address': '0x85277bd3d3273994ce65fa1bb9d0bf7da0b1980b'}, 'date': {'date': '2021-10-29'}, 'block': {'height': 13511936}}, {'smartContract': {'address': {'address': '0x21ad647b8f4fe333212e735bfc1f36b4941e6ad2'}}, 'caller': {'address': '0x85277bd3d3273994ce65fa1bb9d0bf7da0b1980b'}, 'date': {'date': '2021-10-29'}, 'block': {'height': 13511929}}, {'smartContract': {'address': {'address': '0x64e20b6eed66c6d70a234596f0194e56d3ee9e42'}}, 'caller': {'address': '0x85277bd3d3273994ce65fa1bb9d0bf7da0b1980b'}, 'date': {'date': '2021-10-28'}, 'block': {'height': 13503512}}, {'smartContract': {'address': {'address': '0x7136ca86129e178399b703932464df8872f9a57a'}}, 'caller': {'address': '0x85277bd3d3273994ce65fa1bb9d0bf7da0b1980b'}, 'date': {'date': '2021-10-28'}, 'block': {'height': 13503509}}, {'smartContract': {'address': {'address': '0x42e61987a5cba002880b3cc5c800952a5804a1c5'}}, 'caller': {'address': '0xa6b71e26c5e0845f74c812102ca7114b6a896ab2'}, 'date': {'date': '2021-10-27'}, 'block': {'height': 13498021}}, {'smartContract': {'address': {'address': '0xbd789beddb50f9231ea3e2ec76afeb80c3e43fc8'}}, 'caller': {'address': '0x85277bd3d3273994ce65fa1bb9d0bf7da0b1980b'}, 'date': {'date': '2021-10-26'}, 'block': {'height': 13493241}}, {'smartContract': {'address': {'address': '0x2839e536c214b64760c4ba5ca2155d603ff696f2'}}, 'caller': {'address': '0x85277bd3d3273994ce65fa1bb9d0bf7da0b1980b'}, 'date': {'date': '2021-10-26'}, 'block': {'height': 13493234}}, {'smartContract': {'address': {'address': '0x31cae977e1cf721fc6b6f791deae2a37a6db6dba'}}, 'caller': {'address': '0x85277bd3d3273994ce65fa1bb9d0bf7da0b1980b'}, 'date': {'date': '2021-10-26'}, 'block': {'height': 13493231}}]",2021-10-29
396,396,0xA2cd3D43c775978A96BdBf12d733D5A1ED94fb18,Chain,https://github.com/chain,0xe864C9439eb042e969c59Dd13D38cFdb28e16d73,0.0,"[{'smartContract': {'address': {'address': '0x76d54bfa3f58ee8c1abece935ee110a19696a701'}}, 'caller': {'address': '0x1f98431c8ad98523631ae4a59f267346ea31f984'}, 'date': {'date': '2022-03-08'}, 'block': {'height': 14342926}}, {'smartContract': {'address': {'address': '0xa2cd3d43c775978a96bdbf12d733d5a1ed94fb18'}}, 'caller': {'address': '0xe864c9439eb042e969c59dd13d38cfdb28e16d73'}, 'date': {'date': '2022-03-07'}, 'block': {'height': 14342018}}, {'smartContract': {'address': {'address': '0x861f818d51dc407d7c28f88b016bf3fdde03daf8'}}, 'caller': {'address': '0xe864c9439eb042e969c59dd13d38cfdb28e16d73'}, 'date': {'date': '2022-03-07'}, 'block': {'height': 14340969}}, {'smartContract': {'address': {'address': '0x00613c3fa6fb4448a4746385c331c17ee23e9cec'}}, 'caller': {'address': '0xe864c9439eb042e969c59dd13d38cfdb28e16d73'}, 'date': {'date': '2022-03-07'}, 'block': {'height': 14339806}}, {'smartContract': {'address': {'address': '0xde9e7df88a1c7ae46cd4e3f72dfdc79bea0e754b'}}, 'caller': {'address': '0xe864c9439eb042e969c59dd13d38cfdb28e16d73'}, 'date': {'date': '2022-03-07'}, 'block': {'height': 14339772}}]",2022-03-07
397,397,0x2eDf094dB69d6Dcd487f1B3dB9febE2eeC0dd4c5,ZeroSwapToken,,0x9cA198C3560100CffB30764665aF88E468851393,0.0,"[{'smartContract': {'address': {'address': '0x5b93271939b416e2959c3f4dc2a6662ffbdcd839'}}, 'caller': {'address': '0x9ca198c3560100cffb30764665af88e468851393'}, 'date': {'date': '2022-12-26'}, 'block': {'height': 16268411}}, {'smartContract': {'address': {'address': '0x9b915a7c715190ac327625ad0beb418599870483'}}, 'caller': {'address': '0x9ca198c3560100cffb30764665af88e468851393'}, 'date': {'date': '2022-11-02'}, 'block': {'height': 15880945}}, {'smartContract': {'address': {'address': '0x2b09ceef80c3203bbdb60692396d8b4b06fa8acb'}}, 'caller': {'address': '0x9ca198c3560100cffb30764665af88e468851393'}, 'date': {'date': '2022-09-05'}, 'block': {'height': 15476059}}, {'smartContract': {'address': {'address': '0xa8e5b4320606a0eadd26c970eed0bfe3d4b1ad6c'}}, 'caller': {'address': '0x9ca198c3560100cffb30764665af88e468851393'}, 'date': {'date': '2022-09-05'}, 'block': {'height': 15476057}}, {'smartContract': {'address': {'address': '0x3fde81332fbb94aecd9675c2ff38c443f75e60d9'}}, 'caller': {'address': '0x9ca198c3560100cffb30764665af88e468851393'}, 'date': {'date': '2022-09-05'}, 'block': {'height': 15476053}}, {'smartContract': {'address': {'address': '0xcb6a588caf01985d176c8d3fe66e5bf956900abb'}}, 'caller': {'address': '0x9ca198c3560100cffb30764665af88e468851393'}, 'date': {'date': '2022-07-26'}, 'block': {'height': 15217761}}, {'smartContract': {'address': {'address': '0x94343d7d76cc0eb41a64f7b052daa4b3feb0e820'}}, 'caller': {'address': '0x9ca198c3560100cffb30764665af88e468851393'}, 'date': {'date': '2022-07-26'}, 'block': {'height': 15217758}}, {'smartContract': {'address': {'address': '0x515684f824475cfe1a7205e1f318b1988f149d61'}}, 'caller': {'address': '0x9ca198c3560100cffb30764665af88e468851393'}, 'date': {'date': '2022-07-26'}, 'block': {'height': 15217757}}, {'smartContract': {'address': {'address': '0x0f7fc13d4b6288426b6b942a48155ccac41e7ae7'}}, 'caller': {'address': '0x9ca198c3560100cffb30764665af88e468851393'}, 'date': {'date': '2022-03-29'}, 'block': {'height': 14479658}}, {'smartContract': {'address': {'address': '0x814aad913429c42602c066e4752c16c03e21eeb2'}}, 'caller': {'address': '0x9ca198c3560100cffb30764665af88e468851393'}, 'date': {'date': '2022-03-29'}, 'block': {'height': 14479656}}, {'smartContract': {'address': {'address': '0x932fd49fdec67ebba886d1150757b67f1638f293'}}, 'caller': {'address': '0x9ca198c3560100cffb30764665af88e468851393'}, 'date': {'date': '2022-03-29'}, 'block': {'height': 14479654}}, {'smartContract': {'address': {'address': '0x5d94894ca59457b83532ca0e916863716fb369ae'}}, 'caller': {'address': '0x9ca198c3560100cffb30764665af88e468851393'}, 'date': {'date': '2022-03-29'}, 'block': {'height': 14479641}}, {'smartContract': {'address': {'address': '0xa6947c0fa24499eea25c77f994de753d44676ee6'}}, 'caller': {'address': '0x9ca198c3560100cffb30764665af88e468851393'}, 'date': {'date': '2022-03-21'}, 'block': {'height': 14428054}}, {'smartContract': {'address': {'address': '0xe5ff6a8010d949b63f8c1af7d4c8f3e0e9d50a5f'}}, 'caller': {'address': '0x9ca198c3560100cffb30764665af88e468851393'}, 'date': {'date': '2022-03-21'}, 'block': {'height': 14428053}}, {'smartContract': {'address': {'address': '0x9584e802adc2c338cd501492f2fdca99bd58db5a'}}, 'caller': {'address': '0x9ca198c3560100cffb30764665af88e468851393'}, 'date': {'date': '2022-03-21'}, 'block': {'height': 14428052}}, {'smartContract': {'address': {'address': '0x4632aa5cc194682beeebd986a89870bb5031d00a'}}, 'caller': {'address': '0x9ca198c3560100cffb30764665af88e468851393'}, 'date': {'date': '2022-03-14'}, 'block': {'height': 14383074}}, {'smartContract': {'address': {'address': '0xda1a4bbf9839732d1ee9ddfbe56b59ac41ba7368'}}, 'caller': {'address': '0x9ca198c3560100cffb30764665af88e468851393'}, 'date': {'date': '2022-03-14'}, 'block': {'height': 14383072}}, {'smartContract': {'address': {'address': '0xa8fa65bbd9c273d81bfc7cf6147c1e30e8109957'}}, 'caller': {'address': '0x9ca198c3560100cffb30764665af88e468851393'}, 'date': {'date': '2022-03-14'}, 'block': {'height': 14383071}}, {'smartContract': {'address': {'address': '0x0ef0f3aa9dece3a95d9af8e67a6e6fa88d30ab48'}}, 'caller': {'address': '0x9ca198c3560100cffb30764665af88e468851393'}, 'date': {'date': '2022-03-02'}, 'block': {'height': 14306049}}, {'smartContract': {'address': {'address': '0x1536cc753d2ae45fcaf3a6a6e6b891073682c64b'}}, 'caller': {'address': '0x9ca198c3560100cffb30764665af88e468851393'}, 'date': {'date': '2022-02-11'}, 'block': {'height': 14184247}}, {'smartContract': {'address': {'address': '0x962372d1682aab9bf59f59af4ecbd3f896067dee'}}, 'caller': {'address': '0x9ca198c3560100cffb30764665af88e468851393'}, 'date': {'date': '2022-02-11'}, 'block': {'height': 14184246}}, {'smartContract': {'address': {'address': '0x79b81acc8a2802eb01ddae7d7c66a1a81a450ee6'}}, 'caller': {'address': '0x9ca198c3560100cffb30764665af88e468851393'}, 'date': {'date': '2022-02-11'}, 'block': {'height': 14184232}}, {'smartContract': {'address': {'address': '0x1ef8baf2dfb0ac6936f101fa3257f7aa14cae132'}}, 'caller': {'address': '0x9ca198c3560100cffb30764665af88e468851393'}, 'date': {'date': '2022-02-11'}, 'block': {'height': 14184231}}, {'smartContract': {'address': {'address': '0x7cc810f68bc0d40bc9e2ef9372d4eb8074b2a55b'}}, 'caller': {'address': '0x9ca198c3560100cffb30764665af88e468851393'}, 'date': {'date': '2022-02-11'}, 'block': {'height': 14184230}}, {'smartContract': {'address': {'address': '0xf1bf5a0af786558e43c328b265f3f2d56a1829c3'}}, 'caller': {'address': '0x9ca198c3560100cffb30764665af88e468851393'}, 'date': {'date': '2022-02-11'}, 'block': {'height': 14184229}}, {'smartContract': {'address': {'address': '0x71a2c38bfe22d437c75a4b09f354b6719c94d756'}}, 'caller': {'address': '0x9ca198c3560100cffb30764665af88e468851393'}, 'date': {'date': '2022-02-11'}, 'block': {'height': 14184227}}, {'smartContract': {'address': {'address': '0xe084a6bb51897e20cad02f74592847fab64bae7c'}}, 'caller': {'address': '0x9ca198c3560100cffb30764665af88e468851393'}, 'date': {'date': '2021-12-21'}, 'block': {'height': 13846961}}, {'smartContract': {'address': {'address': '0x8735534f47b76153d8a721555a6ce1145c583e75'}}, 'caller': {'address': '0x9ca198c3560100cffb30764665af88e468851393'}, 'date': {'date': '2021-12-21'}, 'block': {'height': 13846960}}, {'smartContract': {'address': {'address': '0x6e7357880190c8097773a5b7e987cd4032bb415f'}}, 'caller': {'address': '0x9ca198c3560100cffb30764665af88e468851393'}, 'date': {'date': '2021-12-21'}, 'block': {'height': 13846958}}, {'smartContract': {'address': {'address': '0xc17f8aa9a48c72f81ca8c1d485f968dd88718ed0'}}, 'caller': {'address': '0x9ca198c3560100cffb30764665af88e468851393'}, 'date': {'date': '2021-12-06'}, 'block': {'height': 13752110}}, {'smartContract': {'address': {'address': '0xc1e9ce3f8099bc77245378280917a6e7616f725b'}}, 'caller': {'address': '0x9ca198c3560100cffb30764665af88e468851393'}, 'date': {'date': '2021-12-06'}, 'block': {'height': 13752108}}, {'smartContract': {'address': {'address': '0x3f7c5afe78a12c298064fe9774e6affb7f2fbe26'}}, 'caller': {'address': '0x9ca198c3560100cffb30764665af88e468851393'}, 'date': {'date': '2021-12-06'}, 'block': {'height': 13752107}}, {'smartContract': {'address': {'address': '0xf07fed52b8d22f3fbc131871a84f37af601ecaa4'}}, 'caller': {'address': '0x9ca198c3560100cffb30764665af88e468851393'}, 'date': {'date': '2021-11-11'}, 'block': {'height': 13593490}}, {'smartContract': {'address': {'address': '0xa3aaf8b2fc560086765e3014d39ceb8aeda106f4'}}, 'caller': {'address': '0x9ca198c3560100cffb30764665af88e468851393'}, 'date': {'date': '2021-10-31'}, 'block': {'height': 13524770}}, {'smartContract': {'address': {'address': '0x6d2dc8be771bb09a60b8210debe0b789df61d9c3'}}, 'caller': {'address': '0x9ca198c3560100cffb30764665af88e468851393'}, 'date': {'date': '2021-10-31'}, 'block': {'height': 13523217}}, {'smartContract': {'address': {'address': '0x9b87d451373b1d12268d5cf28a324f837ddfae1f'}}, 'caller': {'address': '0x9ca198c3560100cffb30764665af88e468851393'}, 'date': {'date': '2021-10-31'}, 'block': {'height': 13523210}}, {'smartContract': {'address': {'address': '0x0d83dea1f7dfe1fb71c293b830bf1dcb2e124d5d'}}, 'caller': {'address': '0x9ca198c3560100cffb30764665af88e468851393'}, 'date': {'date': '2021-10-31'}, 'block': {'height': 13523209}}, {'smartContract': {'address': {'address': '0xd38f3ce960b1dfd4cce8fa714bcc585c344412dd'}}, 'caller': {'address': '0x9ca198c3560100cffb30764665af88e468851393'}, 'date': {'date': '2021-10-29'}, 'block': {'height': 13512126}}, {'smartContract': {'address': {'address': '0x9dd357c6da01e033bb865f29c1c47f4c8e71f3bb'}}, 'caller': {'address': '0x9ca198c3560100cffb30764665af88e468851393'}, 'date': {'date': '2021-10-29'}, 'block': {'height': 13512115}}, {'smartContract': {'address': {'address': '0x9699477524359d562306d6531000b2788bbc3019'}}, 'caller': {'address': '0x9ca198c3560100cffb30764665af88e468851393'}, 'date': {'date': '2021-10-29'}, 'block': {'height': 13512109}}, {'smartContract': {'address': {'address': '0x3ed410b075774babff6fc93e3ee14a8f8eba5c2d'}}, 'caller': {'address': '0x9ca198c3560100cffb30764665af88e468851393'}, 'date': {'date': '2021-10-10'}, 'block': {'height': 13391066}}, {'smartContract': {'address': {'address': '0x2bdc08a8747861b3826666c756a8ea81f47afc23'}}, 'caller': {'address': '0x9ca198c3560100cffb30764665af88e468851393'}, 'date': {'date': '2021-10-10'}, 'block': {'height': 13391061}}, {'smartContract': {'address': {'address': '0x496218220d79b9ccdef5ffa03a36d3e9774f6536'}}, 'caller': {'address': '0x9ca198c3560100cffb30764665af88e468851393'}, 'date': {'date': '2021-10-10'}, 'block': {'height': 13391055}}, {'smartContract': {'address': {'address': '0xe424c58ffca62e011bef17d95cfbf96335416ae5'}}, 'caller': {'address': '0x9ca198c3560100cffb30764665af88e468851393'}, 'date': {'date': '2021-10-10'}, 'block': {'height': 13391003}}, {'smartContract': {'address': {'address': '0x2cf462b68fb95f5d6bf04053f0f9ea52df9d418b'}}, 'caller': {'address': '0x9ca198c3560100cffb30764665af88e468851393'}, 'date': {'date': '2021-10-10'}, 'block': {'height': 13389297}}, {'smartContract': {'address': {'address': '0x63e2070949ff85fca06ed23239e5b5b4b75ff1ad'}}, 'caller': {'address': '0x9ca198c3560100cffb30764665af88e468851393'}, 'date': {'date': '2021-10-10'}, 'block': {'height': 13389296}}, {'smartContract': {'address': {'address': '0x9a1bd268df90da6375524d9b95639be9a7796d52'}}, 'caller': {'address': '0x9ca198c3560100cffb30764665af88e468851393'}, 'date': {'date': '2021-10-10'}, 'block': {'height': 13389290}}, {'smartContract': {'address': {'address': '0x32860fca0da34cad7cff0bdfce3fdcfccd10d5a6'}}, 'caller': {'address': '0x9ca198c3560100cffb30764665af88e468851393'}, 'date': {'date': '2021-10-03'}, 'block': {'height': 13346320}}, {'smartContract': {'address': {'address': '0x0d2daa37bec24dff7abf7dcdd6f319c16506c31f'}}, 'caller': {'address': '0x9ca198c3560100cffb30764665af88e468851393'}, 'date': {'date': '2021-10-03'}, 'block': {'height': 13346312}}, {'smartContract': {'address': {'address': '0x58d316c68717468b485ad54223613035ce970244'}}, 'caller': {'address': '0x9ca198c3560100cffb30764665af88e468851393'}, 'date': {'date': '2021-10-03'}, 'block': {'height': 13346305}}, {'smartContract': {'address': {'address': '0xb6bcf15933c90d979fa962a91825f9f45177abc9'}}, 'caller': {'address': '0x9ca198c3560100cffb30764665af88e468851393'}, 'date': {'date': '2021-10-03'}, 'block': {'height': 13345046}}, {'smartContract': {'address': {'address': '0x1369642a6588af67deafb1d8490cff095d98cae1'}}, 'caller': {'address': '0x9ca198c3560100cffb30764665af88e468851393'}, 'date': {'date': '2021-10-03'}, 'block': {'height': 13344946}}, {'smartContract': {'address': {'address': '0x1ba9a4627d86507ae8411c997a50d8322f381d07'}}, 'caller': {'address': '0x9ca198c3560100cffb30764665af88e468851393'}, 'date': {'date': '2021-10-03'}, 'block': {'height': 13344945}}, {'smartContract': {'address': {'address': '0x2bf61d85d17eaa3c1534a87e0cd1dee99b4deac7'}}, 'caller': {'address': '0x9ca198c3560100cffb30764665af88e468851393'}, 'date': {'date': '2021-10-03'}, 'block': {'height': 13344767}}, {'smartContract': {'address': {'address': '0x93049601f87f8c4ea26ef70fed6d76acfe130ed2'}}, 'caller': {'address': '0x9ca198c3560100cffb30764665af88e468851393'}, 'date': {'date': '2021-10-03'}, 'block': {'height': 13344765}}, {'smartContract': {'address': {'address': '0xfda24cdfb7efa5fa479d5e100885362c4d0d88b0'}}, 'caller': {'address': '0x9ca198c3560100cffb30764665af88e468851393'}, 'date': {'date': '2021-10-03'}, 'block': {'height': 13344551}}, {'smartContract': {'address': {'address': '0xedf822c90d62ac0557f8c4925725a2d6d6f17769'}}, 'caller': {'address': '0x9ca198c3560100cffb30764665af88e468851393'}, 'date': {'date': '2021-10-01'}, 'block': {'height': 13333078}}, {'smartContract': {'address': {'address': '0xc8f6d7aa75ac9b4cad8452fbd547348be504ac63'}}, 'caller': {'address': '0x9ca198c3560100cffb30764665af88e468851393'}, 'date': {'date': '2021-10-01'}, 'block': {'height': 13333075}}, {'smartContract': {'address': {'address': '0x6ce9f9e6b011a088ed5bb5b28a97560654bca196'}}, 'caller': {'address': '0x9ca198c3560100cffb30764665af88e468851393'}, 'date': {'date': '2021-09-18'}, 'block': {'height': 13247389}}, {'smartContract': {'address': {'address': '0xaac2fe6db0ed42f5728012543a647cdbbad0afbd'}}, 'caller': {'address': '0x9ca198c3560100cffb30764665af88e468851393'}, 'date': {'date': '2021-09-14'}, 'block': {'height': 13221570}}, {'smartContract': {'address': {'address': '0x48fe9ba16cd0f02ee7dfd19937befd0ed94a9d5e'}}, 'caller': {'address': '0x9ca198c3560100cffb30764665af88e468851393'}, 'date': {'date': '2021-09-13'}, 'block': {'height': 13215673}}, {'smartContract': {'address': {'address': '0xaaa513233a12c33008ad3a33d4ed261eb9c20e38'}}, 'caller': {'address': '0x9ca198c3560100cffb30764665af88e468851393'}, 'date': {'date': '2021-09-13'}, 'block': {'height': 13215672}}, {'smartContract': {'address': {'address': '0x1a0b1d639c950acd9e7da1139532788abd68b3fb'}}, 'caller': {'address': '0x9ca198c3560100cffb30764665af88e468851393'}, 'date': {'date': '2021-09-13'}, 'block': {'height': 13215668}}, {'smartContract': {'address': {'address': '0x950ff797d1c6643a58b2a06c39b9a9fa11338fa7'}}, 'caller': {'address': '0x9ca198c3560100cffb30764665af88e468851393'}, 'date': {'date': '2021-09-13'}, 'block': {'height': 13215663}}, {'smartContract': {'address': {'address': '0x8eead57c603fb37b9558c91e2238d33109cc2660'}}, 'caller': {'address': '0x9ca198c3560100cffb30764665af88e468851393'}, 'date': {'date': '2021-08-06'}, 'block': {'height': 12972861}}, {'smartContract': {'address': {'address': '0xb4c57e66d0748da9c0d84c1e70ff0a6cce64eb1a'}}, 'caller': {'address': '0x9ca198c3560100cffb30764665af88e468851393'}, 'date': {'date': '2021-08-06'}, 'block': {'height': 12970106}}, {'smartContract': {'address': {'address': '0xa18382ad91586f96646cd832bdd6ca842c9f8724'}}, 'caller': {'address': '0x9ca198c3560100cffb30764665af88e468851393'}, 'date': {'date': '2021-08-05'}, 'block': {'height': 12966264}}, {'smartContract': {'address': {'address': '0xf8e3f500d97e2c9cf54d39d9ac96d8db46908f79'}}, 'caller': {'address': '0x9ca198c3560100cffb30764665af88e468851393'}, 'date': {'date': '2021-08-03'}, 'block': {'height': 12952722}}, {'smartContract': {'address': {'address': '0xdd9ea031bfd5d513c2aaa749d042f6a19fb3a823'}}, 'caller': {'address': '0x9ca198c3560100cffb30764665af88e468851393'}, 'date': {'date': '2021-08-03'}, 'block': {'height': 12950668}}, {'smartContract': {'address': {'address': '0xcc7854f851e67684c6c55eaa7b2dd0d6be252ef0'}}, 'caller': {'address': '0x9ca198c3560100cffb30764665af88e468851393'}, 'date': {'date': '2021-08-03'}, 'block': {'height': 12950667}}, {'smartContract': {'address': {'address': '0x1f40ed5d3102a912d313391a69877672c7bdc3d5'}}, 'caller': {'address': '0x9ca198c3560100cffb30764665af88e468851393'}, 'date': {'date': '2021-08-03'}, 'block': {'height': 12950665}}, {'smartContract': {'address': {'address': '0xc63e3657e7c30dc5a8e221b3c3d3d23bf42beb5d'}}, 'caller': {'address': '0x9ca198c3560100cffb30764665af88e468851393'}, 'date': {'date': '2021-08-03'}, 'block': {'height': 12950664}}, {'smartContract': {'address': {'address': '0x9a6dea75345b4ff1b6876048770abdb40efb2035'}}, 'caller': {'address': '0x9ca198c3560100cffb30764665af88e468851393'}, 'date': {'date': '2021-08-03'}, 'block': {'height': 12950646}}, {'smartContract': {'address': {'address': '0x6f28c05b288a129780435db79daa5ffe69f474e2'}}, 'caller': {'address': '0x9ca198c3560100cffb30764665af88e468851393'}, 'date': {'date': '2021-08-03'}, 'block': {'height': 12950641}}, {'smartContract': {'address': {'address': '0x5c2653d87a7a0f7951aa7dfdec7cbac8cb28f35b'}}, 'caller': {'address': '0x9ca198c3560100cffb30764665af88e468851393'}, 'date': {'date': '2021-08-01'}, 'block': {'height': 12937906}}, {'smartContract': {'address': {'address': '0xaa76538b9ba491d71ab5ea2e20c026a16fa79216'}}, 'caller': {'address': '0x9ca198c3560100cffb30764665af88e468851393'}, 'date': {'date': '2021-08-01'}, 'block': {'height': 12937905}}, {'smartContract': {'address': {'address': '0x48f7b754a8bcd244dd4928e51b9c6e446042f076'}}, 'caller': {'address': '0x9ca198c3560100cffb30764665af88e468851393'}, 'date': {'date': '2021-08-01'}, 'block': {'height': 12937902}}, {'smartContract': {'address': {'address': '0x8cbae24a384c5a31dba3f439135efd5fe1da682c'}}, 'caller': {'address': '0x9ca198c3560100cffb30764665af88e468851393'}, 'date': {'date': '2021-08-01'}, 'block': {'height': 12937901}}, {'smartContract': {'address': {'address': '0x5a71255065d77d40823765c55930ec80137a5659'}}, 'caller': {'address': '0x9ca198c3560100cffb30764665af88e468851393'}, 'date': {'date': '2021-07-12'}, 'block': {'height': 12810793}}, {'smartContract': {'address': {'address': '0xa3fae40bc38d44c26af576b4a3ee9e903e1dbc4a'}}, 'caller': {'address': '0x9ca198c3560100cffb30764665af88e468851393'}, 'date': {'date': '2021-07-12'}, 'block': {'height': 12810791}}, {'smartContract': {'address': {'address': '0x64188b7aac92227aad73cfecf8d79952a6db5558'}}, 'caller': {'address': '0x9ca198c3560100cffb30764665af88e468851393'}, 'date': {'date': '2021-07-12'}, 'block': {'height': 12810790}}, {'smartContract': {'address': {'address': '0x6048c7cd60c7200d7039a02c23c994ece3a45c12'}}, 'caller': {'address': '0x9ca198c3560100cffb30764665af88e468851393'}, 'date': {'date': '2021-07-12'}, 'block': {'height': 12810789}}, {'smartContract': {'address': {'address': '0x9d312d786aa42eed86e13c3689c96d0e11d383c5'}}, 'caller': {'address': '0x9ca198c3560100cffb30764665af88e468851393'}, 'date': {'date': '2021-06-23'}, 'block': {'height': 12688726}}, {'smartContract': {'address': {'address': '0x471fe8263c9c5261151e5a628ea286ae66a2250b'}}, 'caller': {'address': '0x9ca198c3560100cffb30764665af88e468851393'}, 'date': {'date': '2021-06-23'}, 'block': {'height': 12688724}}, {'smartContract': {'address': {'address': '0x12ca64fb2735b127466aa1d78cba9749ca90d013'}}, 'caller': {'address': '0x9ca198c3560100cffb30764665af88e468851393'}, 'date': {'date': '2021-06-23'}, 'block': {'height': 12688722}}, {'smartContract': {'address': {'address': '0x417229eac55d93a9063ed00f132d5367edbd0943'}}, 'caller': {'address': '0x9ca198c3560100cffb30764665af88e468851393'}, 'date': {'date': '2021-06-23'}, 'block': {'height': 12688721}}, {'smartContract': {'address': {'address': '0xdc0b3222b515be0ee90daba8d6be256c12fabcbc'}}, 'caller': {'address': '0x9ca198c3560100cffb30764665af88e468851393'}, 'date': {'date': '2021-06-14'}, 'block': {'height': 12630833}}, {'smartContract': {'address': {'address': '0x28fc3f7efd8c61100338a7d4d382b01628f4fcc2'}}, 'caller': {'address': '0x9ca198c3560100cffb30764665af88e468851393'}, 'date': {'date': '2021-06-14'}, 'block': {'height': 12630830}}, {'smartContract': {'address': {'address': '0xa9d57265097ccf300b61be607b9bf40fe6ac3e1a'}}, 'caller': {'address': '0x9ca198c3560100cffb30764665af88e468851393'}, 'date': {'date': '2021-06-14'}, 'block': {'height': 12630822}}, {'smartContract': {'address': {'address': '0xb6ccaf39d9b4d9ac1a9434fa526e8ef42ec8632a'}}, 'caller': {'address': '0x9ca198c3560100cffb30764665af88e468851393'}, 'date': {'date': '2021-06-14'}, 'block': {'height': 12630817}}, {'smartContract': {'address': {'address': '0xa508c66bfa266b3e0b1971d8a2cb84c51c904f02'}}, 'caller': {'address': '0x9ca198c3560100cffb30764665af88e468851393'}, 'date': {'date': '2021-06-02'}, 'block': {'height': 12553217}}, {'smartContract': {'address': {'address': '0xbe985cc8f6956b4be47ab6ec2c47f31ac5de2e10'}}, 'caller': {'address': '0x9ca198c3560100cffb30764665af88e468851393'}, 'date': {'date': '2021-06-02'}, 'block': {'height': 12553216}}, {'smartContract': {'address': {'address': '0x593b0d7bc548251a03dec4ff21535a94f18a9ca8'}}, 'caller': {'address': '0x9ca198c3560100cffb30764665af88e468851393'}, 'date': {'date': '2021-06-02'}, 'block': {'height': 12553215}}, {'smartContract': {'address': {'address': '0x545224c89abf593f546f6fd9e30fff7566b8c354'}}, 'caller': {'address': '0x9ca198c3560100cffb30764665af88e468851393'}, 'date': {'date': '2021-06-02'}, 'block': {'height': 12553210}}, {'smartContract': {'address': {'address': '0x284c5934055635f067e7e553c740c3216850c88e'}}, 'caller': {'address': '0x9ca198c3560100cffb30764665af88e468851393'}, 'date': {'date': '2021-05-31'}, 'block': {'height': 12544694}}, {'smartContract': {'address': {'address': '0xb92e40c7d49255acc8febb24e210a07765563fa4'}}, 'caller': {'address': '0x9ca198c3560100cffb30764665af88e468851393'}, 'date': {'date': '2021-05-29'}, 'block': {'height': 12527374}}, {'smartContract': {'address': {'address': '0xf1d14cac9db4fd5461b63cfda97606f5b51bb12a'}}, 'caller': {'address': '0x9ca198c3560100cffb30764665af88e468851393'}, 'date': {'date': '2021-05-29'}, 'block': {'height': 12527373}}, {'smartContract': {'address': {'address': '0x4f60134b7b0bb2a414ba8fc7d8e2d8ee7170450a'}}, 'caller': {'address': '0x9ca198c3560100cffb30764665af88e468851393'}, 'date': {'date': '2021-05-29'}, 'block': {'height': 12527370}}, {'smartContract': {'address': {'address': '0x9aec329c4dbe05a561d34ec1a6602f876baa80a6'}}, 'caller': {'address': '0x9ca198c3560100cffb30764665af88e468851393'}, 'date': {'date': '2021-05-29'}, 'block': {'height': 12527356}}, {'smartContract': {'address': {'address': '0x38a5d07543d79e35b4b083064f31e4a0d5ba6b10'}}, 'caller': {'address': '0x9ca198c3560100cffb30764665af88e468851393'}, 'date': {'date': '2021-05-25'}, 'block': {'height': 12504269}}]",2020-10-10
398,398,0xB0c7a3Ba49C7a6EaBa6cD4a96C55a1391070Ac9A,(Proxy contract) MAGIC,https://github.com/TreasureForLoot,0x2940108780B870Ae8f1509Be95Fdf2b6fb066E41,0.0,"[{'smartContract': {'address': {'address': '0x90de9c93f48acb24d15b345755d2ed4ca7ebe2a1'}}, 'caller': {'address': '0x2940108780b870ae8f1509be95fdf2b6fb066e41'}, 'date': {'date': '2021-10-18'}, 'block': {'height': 13439320}}, {'smartContract': {'address': {'address': '0xa1950c26b8a49372fe6973b45f89025fd51704e4'}}, 'caller': {'address': '0x2940108780b870ae8f1509be95fdf2b6fb066e41'}, 'date': {'date': '2021-10-14'}, 'block': {'height': 13418455}}, {'smartContract': {'address': {'address': '0x31dba5404304c465c198aa7b8092280516d07624'}}, 'caller': {'address': '0x2940108780b870ae8f1509be95fdf2b6fb066e41'}, 'date': {'date': '2021-09-19'}, 'block': {'height': 13257131}}, {'smartContract': {'address': {'address': '0xced2601f3cfb60e2b06080ba8ad7da3140b1b1d4'}}, 'caller': {'address': '0x2940108780b870ae8f1509be95fdf2b6fb066e41'}, 'date': {'date': '2021-09-14'}, 'block': {'height': 13225952}}, {'smartContract': {'address': {'address': '0xc5bf5cd9977612a2ea04224e162d4c644bbd1e98'}}, 'caller': {'address': '0x2940108780b870ae8f1509be95fdf2b6fb066e41'}, 'date': {'date': '2021-09-07'}, 'block': {'height': 13176902}}, {'smartContract': {'address': {'address': '0x08543f4c79f7e5d585a2622ca485e8201efd9ada'}}, 'caller': {'address': '0x2940108780b870ae8f1509be95fdf2b6fb066e41'}, 'date': {'date': '2021-09-07'}, 'block': {'height': 13176614}}, {'smartContract': {'address': {'address': '0xe83c0200e93cb1496054e387bddae590c07f0194'}}, 'caller': {'address': '0x2940108780b870ae8f1509be95fdf2b6fb066e41'}, 'date': {'date': '2021-09-07'}, 'block': {'height': 13176610}}, {'smartContract': {'address': {'address': '0xdcf809bba1d9ee75c6991f1e2974163cf2555418'}}, 'caller': {'address': '0x2940108780b870ae8f1509be95fdf2b6fb066e41'}, 'date': {'date': '2021-09-07'}, 'block': {'height': 13176604}}, {'smartContract': {'address': {'address': '0x658365026d06f00965b5bb570727100e821e6508'}}, 'caller': {'address': '0x2940108780b870ae8f1509be95fdf2b6fb066e41'}, 'date': {'date': '2021-09-07'}, 'block': {'height': 13176594}}, {'smartContract': {'address': {'address': '0x3956c81a51feaed98d7a678d53f44b9166c8ed66'}}, 'caller': {'address': '0x2940108780b870ae8f1509be95fdf2b6fb066e41'}, 'date': {'date': '2021-09-07'}, 'block': {'height': 13176581}}, {'smartContract': {'address': {'address': '0xb0c7a3ba49c7a6eaba6cd4a96c55a1391070ac9a'}}, 'caller': {'address': '0x2940108780b870ae8f1509be95fdf2b6fb066e41'}, 'date': {'date': '2021-09-07'}, 'block': {'height': 13176578}}, {'smartContract': {'address': {'address': '0xd0ed73b33789111807bd64ae2a6e1e6f92f986f5'}}, 'caller': {'address': '0x2940108780b870ae8f1509be95fdf2b6fb066e41'}, 'date': {'date': '2021-09-07'}, 'block': {'height': 13176485}}, {'smartContract': {'address': {'address': '0xec834bd1f492a8bd5aa71023550c44d4fb14632a'}}, 'caller': {'address': '0xa6b71e26c5e0845f74c812102ca7114b6a896ab2'}, 'date': {'date': '2021-09-07'}, 'block': {'height': 13176330}}, {'smartContract': {'address': {'address': '0xf3dfbe887d81c442557f7a59e3a0aecf5e39f6aa'}}, 'caller': {'address': '0x2940108780b870ae8f1509be95fdf2b6fb066e41'}, 'date': {'date': '2021-09-02'}, 'block': {'height': 13144686}}]",2021-09-07
399,399,0x93b743Fb12a2677adB13093f8eA8464A436DA008,Sudo Snacks,,0x21c025A4E5B47bE192B1ccEcc3c6FE4128ce94A6,0.0,"[{'smartContract': {'address': {'address': '0x041b2202931a65b0cd5edd04379e09e367ae0d70'}}, 'caller': {'address': '0xb16c1342e617a5b6e4b631eb114483fdb289c0a4'}, 'date': {'date': '2022-09-25'}, 'block': {'height': 15609004}}, {'smartContract': {'address': {'address': '0x84defa4ca71a4e94898da0dfdacca6910d13676c'}}, 'caller': {'address': '0xb16c1342e617a5b6e4b631eb114483fdb289c0a4'}, 'date': {'date': '2022-09-12'}, 'block': {'height': 15518221}}, {'smartContract': {'address': {'address': '0xa3a3358240e5c321a1f4deaab9bfa98ff4e3e71c'}}, 'caller': {'address': '0xb16c1342e617a5b6e4b631eb114483fdb289c0a4'}, 'date': {'date': '2022-09-06'}, 'block': {'height': 15481789}}, {'smartContract': {'address': {'address': '0x2f2c63579e85694d7b4acce0ba03054d75a84bb0'}}, 'caller': {'address': '0xb16c1342e617a5b6e4b631eb114483fdb289c0a4'}, 'date': {'date': '2022-09-02'}, 'block': {'height': 15461806}}, {'smartContract': {'address': {'address': '0xe9e3803b70037ba6606f91b1be3065665d58e57e'}}, 'caller': {'address': '0x5c69bee701ef814a2b6a3edd4b1652cb9cc5aa6f'}, 'date': {'date': '2022-08-24'}, 'block': {'height': 15405904}}, {'smartContract': {'address': {'address': '0x9734059e17dfba0bf071d26d063960c977e21565'}}, 'caller': {'address': '0x21c025a4e5b47be192b1ccecc3c6fe4128ce94a6'}, 'date': {'date': '2022-08-23'}, 'block': {'height': 15395410}}, {'smartContract': {'address': {'address': '0x623752930a9982b81a7839f62df9086f08556f6f'}}, 'caller': {'address': '0x21c025a4e5b47be192b1ccecc3c6fe4128ce94a6'}, 'date': {'date': '2022-08-23'}, 'block': {'height': 15395408}}, {'smartContract': {'address': {'address': '0xa838b721610e6067974a2b6d05ae71a8895310e4'}}, 'caller': {'address': '0x21c025a4e5b47be192b1ccecc3c6fe4128ce94a6'}, 'date': {'date': '2022-08-23'}, 'block': {'height': 15395407}}, {'smartContract': {'address': {'address': '0x32e9bb1e0e03fdac8131de202be2f55acedb349f'}}, 'caller': {'address': '0x21c025a4e5b47be192b1ccecc3c6fe4128ce94a6'}, 'date': {'date': '2022-08-23'}, 'block': {'height': 15395406}}, {'smartContract': {'address': {'address': '0x53e7b36b26a2e2b0451f0ea02be1f89d752b4190'}}, 'caller': {'address': '0x21c025a4e5b47be192b1ccecc3c6fe4128ce94a6'}, 'date': {'date': '2022-08-23'}, 'block': {'height': 15395403}}, {'smartContract': {'address': {'address': '0x8b6c5715a7c97e7adf6a605351ddbd299f4eada9'}}, 'caller': {'address': '0x21c025a4e5b47be192b1ccecc3c6fe4128ce94a6'}, 'date': {'date': '2022-08-23'}, 'block': {'height': 15395402}}, {'smartContract': {'address': {'address': '0xdfe8ca9fccf1e0b4ddcdbce6b31bf526024525ca'}}, 'caller': {'address': '0x21c025a4e5b47be192b1ccecc3c6fe4128ce94a6'}, 'date': {'date': '2022-08-23'}, 'block': {'height': 15395400}}, {'smartContract': {'address': {'address': '0xcf644e927d6f74dbcdf1167ecfaf2d04a2fbc62b'}}, 'caller': {'address': '0x21c025a4e5b47be192b1ccecc3c6fe4128ce94a6'}, 'date': {'date': '2022-08-23'}, 'block': {'height': 15395398}}, {'smartContract': {'address': {'address': '0x6cca892667b10eebce01e9302348efadef51326c'}}, 'caller': {'address': '0x5c69bee701ef814a2b6a3edd4b1652cb9cc5aa6f'}, 'date': {'date': '2022-08-23'}, 'block': {'height': 15395393}}, {'smartContract': {'address': {'address': '0x93b743fb12a2677adb13093f8ea8464a436da008'}}, 'caller': {'address': '0x21c025a4e5b47be192b1ccecc3c6fe4128ce94a6'}, 'date': {'date': '2022-08-23'}, 'block': {'height': 15395382}}, {'smartContract': {'address': {'address': '0x8986f94a68d76740ce577efb502317a8301b0ed8'}}, 'caller': {'address': '0x21c025a4e5b47be192b1ccecc3c6fe4128ce94a6'}, 'date': {'date': '2022-08-23'}, 'block': {'height': 15395350}}, {'smartContract': {'address': {'address': '0x1c0aef31ebc136c2ce4f269f5d49a2948fd36ac8'}}, 'caller': {'address': '0x21c025a4e5b47be192b1ccecc3c6fe4128ce94a6'}, 'date': {'date': '2022-08-23'}, 'block': {'height': 15395348}}, {'smartContract': {'address': {'address': '0xbb1464f977fff2db9772101523e79b6f3d95634c'}}, 'caller': {'address': '0x21c025a4e5b47be192b1ccecc3c6fe4128ce94a6'}, 'date': {'date': '2022-08-23'}, 'block': {'height': 15395344}}, {'smartContract': {'address': {'address': '0xf9674f9d23d8cf823756b518f63af0752d895794'}}, 'caller': {'address': '0x21c025a4e5b47be192b1ccecc3c6fe4128ce94a6'}, 'date': {'date': '2022-08-23'}, 'block': {'height': 15395343}}, {'smartContract': {'address': {'address': '0x641bf453c4679c4240eb624fd7c156b64feeae68'}}, 'caller': {'address': '0x21c025a4e5b47be192b1ccecc3c6fe4128ce94a6'}, 'date': {'date': '2022-08-23'}, 'block': {'height': 15395341}}, {'smartContract': {'address': {'address': '0xf47c174a3ba17eebba18be4018568bf3b4a34ed5'}}, 'caller': {'address': '0x21c025a4e5b47be192b1ccecc3c6fe4128ce94a6'}, 'date': {'date': '2022-08-23'}, 'block': {'height': 15395337}}, {'smartContract': {'address': {'address': '0xfb941470e54338c8f8569cf07cba2b353dcd8f30'}}, 'caller': {'address': '0x21c025a4e5b47be192b1ccecc3c6fe4128ce94a6'}, 'date': {'date': '2022-08-23'}, 'block': {'height': 15395336}}, {'smartContract': {'address': {'address': '0xfe79e83b40698ee6a2cd768372248f7fc3147254'}}, 'caller': {'address': '0x21c025a4e5b47be192b1ccecc3c6fe4128ce94a6'}, 'date': {'date': '2022-08-23'}, 'block': {'height': 15395334}}, {'smartContract': {'address': {'address': '0xdfb26f58a75afeef89622cf8f3a10fbec65f9995'}}, 'caller': {'address': '0x21c025a4e5b47be192b1ccecc3c6fe4128ce94a6'}, 'date': {'date': '2022-08-23'}, 'block': {'height': 15395321}}, {'smartContract': {'address': {'address': '0x43a5e7053b08ad96e6703aa1fb00b7fba38b0e28'}}, 'caller': {'address': '0x21c025a4e5b47be192b1ccecc3c6fe4128ce94a6'}, 'date': {'date': '2022-08-23'}, 'block': {'height': 15395319}}, {'smartContract': {'address': {'address': '0x84f33df58897f3711d98f83c1ae13cd8ddf0ff4d'}}, 'caller': {'address': '0x21c025a4e5b47be192b1ccecc3c6fe4128ce94a6'}, 'date': {'date': '2022-08-23'}, 'block': {'height': 15395315}}, {'smartContract': {'address': {'address': '0x314248a3f80de5925cfbf5eae786ee7f742d4ddb'}}, 'caller': {'address': '0x21c025a4e5b47be192b1ccecc3c6fe4128ce94a6'}, 'date': {'date': '2022-08-23'}, 'block': {'height': 15395313}}, {'smartContract': {'address': {'address': '0xace2e7c30e0d32ef757db15b81667215b0ea8828'}}, 'caller': {'address': '0x21c025a4e5b47be192b1ccecc3c6fe4128ce94a6'}, 'date': {'date': '2022-08-23'}, 'block': {'height': 15395312}}, {'smartContract': {'address': {'address': '0x2aa468ecaf3c0fcb9693c39ebe2b647ec2daaabc'}}, 'caller': {'address': '0x21c025a4e5b47be192b1ccecc3c6fe4128ce94a6'}, 'date': {'date': '2022-08-23'}, 'block': {'height': 15395310}}, {'smartContract': {'address': {'address': '0x444db7810bba4ca9a3dddcf7eddcc3fc9e9f4858'}}, 'caller': {'address': '0x21c025a4e5b47be192b1ccecc3c6fe4128ce94a6'}, 'date': {'date': '2022-08-23'}, 'block': {'height': 15395265}}, {'smartContract': {'address': {'address': '0x8a55cec04fafafa95322d3a5971c4ff050769f1d'}}, 'caller': {'address': '0x21c025a4e5b47be192b1ccecc3c6fe4128ce94a6'}, 'date': {'date': '2022-08-23'}, 'block': {'height': 15395247}}, {'smartContract': {'address': {'address': '0xe4cc83a6d18b7e4e8a07ac4803fd76862f799d60'}}, 'caller': {'address': '0x21c025a4e5b47be192b1ccecc3c6fe4128ce94a6'}, 'date': {'date': '2022-08-23'}, 'block': {'height': 15395205}}, {'smartContract': {'address': {'address': '0xe9e1f04a6faa0ff765b1b855e42874c833edf737'}}, 'caller': {'address': '0x21c025a4e5b47be192b1ccecc3c6fe4128ce94a6'}, 'date': {'date': '2022-08-23'}, 'block': {'height': 15395203}}, {'smartContract': {'address': {'address': '0x15872d8f94d62205e557c91ade9e6b44c81c0e8b'}}, 'caller': {'address': '0x21c025a4e5b47be192b1ccecc3c6fe4128ce94a6'}, 'date': {'date': '2022-08-23'}, 'block': {'height': 15395202}}, {'smartContract': {'address': {'address': '0xd57667e0ae1c16a28106de8953e5637d5a6dab36'}}, 'caller': {'address': '0x21c025a4e5b47be192b1ccecc3c6fe4128ce94a6'}, 'date': {'date': '2022-08-23'}, 'block': {'height': 15395200}}, {'smartContract': {'address': {'address': '0xc4e506fb07c55f7f397507c26387bf496950af30'}}, 'caller': {'address': '0x21c025a4e5b47be192b1ccecc3c6fe4128ce94a6'}, 'date': {'date': '2022-08-23'}, 'block': {'height': 15395199}}, {'smartContract': {'address': {'address': '0x4c10b4b8faeb9d0ffbc3ce284e3addc993888321'}}, 'caller': {'address': '0x21c025a4e5b47be192b1ccecc3c6fe4128ce94a6'}, 'date': {'date': '2022-08-23'}, 'block': {'height': 15395171}}, {'smartContract': {'address': {'address': '0x90b83338e0a76749a1fd47ee7f810b763d5efe3c'}}, 'caller': {'address': '0x21c025a4e5b47be192b1ccecc3c6fe4128ce94a6'}, 'date': {'date': '2022-08-23'}, 'block': {'height': 15395166}}, {'smartContract': {'address': {'address': '0x46a2f74751e5d0d0d64d06b8b41f937bd8305250'}}, 'caller': {'address': '0x21c025a4e5b47be192b1ccecc3c6fe4128ce94a6'}, 'date': {'date': '2022-08-23'}, 'block': {'height': 15395086}}, {'smartContract': {'address': {'address': '0x7363b8bcfa77313fe3babc048a3d4313838d4b82'}}, 'caller': {'address': '0x21c025a4e5b47be192b1ccecc3c6fe4128ce94a6'}, 'date': {'date': '2022-08-23'}, 'block': {'height': 15395074}}, {'smartContract': {'address': {'address': '0xc2d679ec1fb0fff552c42c5f559b986d22717448'}}, 'caller': {'address': '0x21c025a4e5b47be192b1ccecc3c6fe4128ce94a6'}, 'date': {'date': '2022-08-23'}, 'block': {'height': 15395072}}, {'smartContract': {'address': {'address': '0x669666350db05a338a2aa1c37a61761f205ab29b'}}, 'caller': {'address': '0x21c025a4e5b47be192b1ccecc3c6fe4128ce94a6'}, 'date': {'date': '2022-08-23'}, 'block': {'height': 15395070}}, {'smartContract': {'address': {'address': '0xebde884edf357ef4849f220f43647814e02460dd'}}, 'caller': {'address': '0x21c025a4e5b47be192b1ccecc3c6fe4128ce94a6'}, 'date': {'date': '2022-08-23'}, 'block': {'height': 15395069}}, {'smartContract': {'address': {'address': '0x043eae1deb7f1bc476f5fa541203a450542e0359'}}, 'caller': {'address': '0x21c025a4e5b47be192b1ccecc3c6fe4128ce94a6'}, 'date': {'date': '2022-08-23'}, 'block': {'height': 15395067}}, {'smartContract': {'address': {'address': '0xb71626c26aacce8d613b184359acc66684595079'}}, 'caller': {'address': '0x21c025a4e5b47be192b1ccecc3c6fe4128ce94a6'}, 'date': {'date': '2022-08-23'}, 'block': {'height': 15395065}}, {'smartContract': {'address': {'address': '0x9f23853f09363de5e825360cb3597fb1727f98ce'}}, 'caller': {'address': '0x21c025a4e5b47be192b1ccecc3c6fe4128ce94a6'}, 'date': {'date': '2022-08-23'}, 'block': {'height': 15395061}}, {'smartContract': {'address': {'address': '0x096c24c5bc54a2714d5db90ea46d8c4140aebe5d'}}, 'caller': {'address': '0x5c69bee701ef814a2b6a3edd4b1652cb9cc5aa6f'}, 'date': {'date': '2022-08-23'}, 'block': {'height': 15395038}}, {'smartContract': {'address': {'address': '0xd08b0f6a27c6d928229563d8db15b7bb1384ef72'}}, 'caller': {'address': '0x5c69bee701ef814a2b6a3edd4b1652cb9cc5aa6f'}, 'date': {'date': '2022-08-23'}, 'block': {'height': 15395005}}, {'smartContract': {'address': {'address': '0x2b8a8845b9bbb8b5beef1d95ef6a60701d867142'}}, 'caller': {'address': '0x21c025a4e5b47be192b1ccecc3c6fe4128ce94a6'}, 'date': {'date': '2022-08-23'}, 'block': {'height': 15394979}}, {'smartContract': {'address': {'address': '0xb0a603f40a74ce54e88ed1c0a73aad3195a828b5'}}, 'caller': {'address': '0xb16c1342e617a5b6e4b631eb114483fdb289c0a4'}, 'date': {'date': '2022-08-12'}, 'block': {'height': 15324811}}, {'smartContract': {'address': {'address': '0x7c9dba5627a36c22ffff5dda4f80307d12101d41'}}, 'caller': {'address': '0xb16c1342e617a5b6e4b631eb114483fdb289c0a4'}, 'date': {'date': '2022-08-12'}, 'block': {'height': 15324590}}, {'smartContract': {'address': {'address': '0xd251b55e6f06d1aa85dbe9608c275c11022aa236'}}, 'caller': {'address': '0xb16c1342e617a5b6e4b631eb114483fdb289c0a4'}, 'date': {'date': '2022-08-12'}, 'block': {'height': 15324454}}, {'smartContract': {'address': {'address': '0x18752c86d24dea3226d5df832b2a09f0b1aae0b0'}}, 'caller': {'address': '0xb16c1342e617a5b6e4b631eb114483fdb289c0a4'}, 'date': {'date': '2022-08-12'}, 'block': {'height': 15324332}}, {'smartContract': {'address': {'address': '0x86c64d410909996373f9230c72e091fb845dad12'}}, 'caller': {'address': '0xb16c1342e617a5b6e4b631eb114483fdb289c0a4'}, 'date': {'date': '2022-08-12'}, 'block': {'height': 15324217}}, {'smartContract': {'address': {'address': '0xb9d1cfacc3401a48dcce22663afc424a144e3b13'}}, 'caller': {'address': '0xb16c1342e617a5b6e4b631eb114483fdb289c0a4'}, 'date': {'date': '2022-08-12'}, 'block': {'height': 15324191}}, {'smartContract': {'address': {'address': '0x2bfe3f627ce5235885225bae97f6dc91a9e8f332'}}, 'caller': {'address': '0xb16c1342e617a5b6e4b631eb114483fdb289c0a4'}, 'date': {'date': '2022-08-12'}, 'block': {'height': 15323934}}, {'smartContract': {'address': {'address': '0xa78c124b4f7368adde6a74d32ed9c369fe016f20'}}, 'caller': {'address': '0x21c025a4e5b47be192b1ccecc3c6fe4128ce94a6'}, 'date': {'date': '2022-08-11'}, 'block': {'height': 15323682}}, {'smartContract': {'address': {'address': '0xb7d177b6f4b3f16f9591437f03c4e2a5fb56ac42'}}, 'caller': {'address': '0xb16c1342e617a5b6e4b631eb114483fdb289c0a4'}, 'date': {'date': '2022-08-10'}, 'block': {'height': 15317229}}, {'smartContract': {'address': {'address': '0xd235f7500c7b2dde1da8303c869157b7258f5067'}}, 'caller': {'address': '0xb16c1342e617a5b6e4b631eb114483fdb289c0a4'}, 'date': {'date': '2022-08-10'}, 'block': {'height': 15317215}}, {'smartContract': {'address': {'address': '0xa28f7538dfc12ba2188a96c35aa7b01b7307bc34'}}, 'caller': {'address': '0xb16c1342e617a5b6e4b631eb114483fdb289c0a4'}, 'date': {'date': '2022-08-10'}, 'block': {'height': 15317005}}, {'smartContract': {'address': {'address': '0x3f1b449e7ba51a2fffb63f31c121865a519a0086'}}, 'caller': {'address': '0x21c025a4e5b47be192b1ccecc3c6fe4128ce94a6'}, 'date': {'date': '2022-04-02'}, 'block': {'height': 14509005}}]",2022-08-23
400,400,0x25b24B3c47918b7962B3e49C4F468367F73CC0E0,AXL INU,https://github.com/aevapay-code/AXl-Codes,0x2a588Bf6754E23eD315AAaBDcfd3beCE75D0a2B3,0.0,"[{'smartContract': {'address': {'address': '0x448781811b915fd9a32d93244ee80a7a457eed61'}}, 'caller': {'address': '0x2a588bf6754e23ed315aaabdcfd3bece75d0a2b3'}, 'date': {'date': '2021-12-18'}, 'block': {'height': 13829400}}, {'smartContract': {'address': {'address': '0xadaa7f0ef7178f0e3eaa4694543cf997bbd539ed'}}, 'caller': {'address': '0x2a588bf6754e23ed315aaabdcfd3bece75d0a2b3'}, 'date': {'date': '2021-12-18'}, 'block': {'height': 13829345}}, {'smartContract': {'address': {'address': '0x66938285b15da67a93d80d08f8f2da665449f08d'}}, 'caller': {'address': '0x2a588bf6754e23ed315aaabdcfd3bece75d0a2b3'}, 'date': {'date': '2021-12-18'}, 'block': {'height': 13829334}}, {'smartContract': {'address': {'address': '0xcceaeb37ff60d83041b7c9f7e4f11f17ca3f4e95'}}, 'caller': {'address': '0x2a588bf6754e23ed315aaabdcfd3bece75d0a2b3'}, 'date': {'date': '2021-12-18'}, 'block': {'height': 13826613}}, {'smartContract': {'address': {'address': '0x79e38bff18593a413219f920f2c7b64e417ea4d7'}}, 'caller': {'address': '0x2a588bf6754e23ed315aaabdcfd3bece75d0a2b3'}, 'date': {'date': '2021-12-15'}, 'block': {'height': 13811983}}, {'smartContract': {'address': {'address': '0x76213468e8bc8a8a87d0250dcd2df270f61589a1'}}, 'caller': {'address': '0x2a588bf6754e23ed315aaabdcfd3bece75d0a2b3'}, 'date': {'date': '2021-11-25'}, 'block': {'height': 13681005}}, {'smartContract': {'address': {'address': '0x9a47f7193b87610fe57315266f96febb44b38813'}}, 'caller': {'address': '0x2a588bf6754e23ed315aaabdcfd3bece75d0a2b3'}, 'date': {'date': '2021-11-25'}, 'block': {'height': 13680796}}, {'smartContract': {'address': {'address': '0x25b24b3c47918b7962b3e49c4f468367f73cc0e0'}}, 'caller': {'address': '0x2a588bf6754e23ed315aaabdcfd3bece75d0a2b3'}, 'date': {'date': '2021-11-17'}, 'block': {'height': 13634968}}]",2021-11-17
401,401,0x0b38210ea11411557c13457D4dA7dC6ea731B88a,API3,https://github.com/api3dao/airnode,0x24dd2870B2A1986F58B495848606Ed93270eC6FB,0.0,"[{'smartContract': {'address': {'address': '0xfaef86994a37f1c8b2a5c73648f07dd4eff02baa'}}, 'caller': {'address': '0x24dd2870b2a1986f58b495848606ed93270ec6fb'}, 'date': {'date': '2020-11-08'}, 'block': {'height': 11215133}}, {'smartContract': {'address': {'address': '0x41ab01244c3f466294dbc36916a8b62d56ba1f03'}}, 'caller': {'address': '0x24dd2870b2a1986f58b495848606ed93270ec6fb'}, 'date': {'date': '2020-11-06'}, 'block': {'height': 11203857}}, {'smartContract': {'address': {'address': '0x0b38210ea11411557c13457d4da7dc6ea731b88a'}}, 'caller': {'address': '0x24dd2870b2a1986f58b495848606ed93270ec6fb'}, 'date': {'date': '2020-11-06'}, 'block': {'height': 11203771}}, {'smartContract': {'address': {'address': '0x9b64177757a0bd2a042446c8d910526476b7bf57'}}, 'caller': {'address': '0xb9da44c051c6cc9e04b7e0f95e95d69c6a6d8031'}, 'date': {'date': '2020-11-06'}, 'block': {'height': 11203727}}, {'smartContract': {'address': {'address': '0xd5b0d520878745f4a8e0d1966b2196c2c6544772'}}, 'caller': {'address': '0x9b64177757a0bd2a042446c8d910526476b7bf57'}, 'date': {'date': '2020-11-06'}, 'block': {'height': 11203727}}, {'smartContract': {'address': {'address': '0xe7af7c5982e073ac6525a34821fe1b3e8e432099'}}, 'caller': {'address': '0x9b64177757a0bd2a042446c8d910526476b7bf57'}, 'date': {'date': '2020-11-06'}, 'block': {'height': 11203727}}, {'smartContract': {'address': {'address': '0x62acca1d6be4e01b226af41a68ddc38f4f1e3500'}}, 'caller': {'address': '0x9b64177757a0bd2a042446c8d910526476b7bf57'}, 'date': {'date': '2020-11-06'}, 'block': {'height': 11203727}}, {'smartContract': {'address': {'address': '0x05811ad31cbd5905e4e1427482713e3fb04a4c05'}}, 'caller': {'address': '0x9b64177757a0bd2a042446c8d910526476b7bf57'}, 'date': {'date': '2020-11-06'}, 'block': {'height': 11203727}}, {'smartContract': {'address': {'address': '0xd05364d94f5d3ddac7d566aa5a703e6dde95c94d'}}, 'caller': {'address': '0x9b64177757a0bd2a042446c8d910526476b7bf57'}, 'date': {'date': '2020-11-06'}, 'block': {'height': 11203727}}, {'smartContract': {'address': {'address': '0x57f8056ad9521c3e37009a415464cf944b79c1a3'}}, 'caller': {'address': '0x909d05f384d0663ed4be59863815ab43b4f347ec'}, 'date': {'date': '2020-11-06'}, 'block': {'height': 11203727}}, {'smartContract': {'address': {'address': '0x4c3e7412f4928066b1f426278c5f0dc471e9e069'}}, 'caller': {'address': '0x9b64177757a0bd2a042446c8d910526476b7bf57'}, 'date': {'date': '2020-11-06'}, 'block': {'height': 11203727}}, {'smartContract': {'address': {'address': '0xa20f2a3acc8b8efaa2c19c51dffabe6a2f66dca6'}}, 'caller': {'address': '0x24dd2870b2a1986f58b495848606ed93270ec6fb'}, 'date': {'date': '2020-11-06'}, 'block': {'height': 11203707}}, {'smartContract': {'address': {'address': '0xc1dba98fe6befcbd9398c36a5cf286ab534cdacd'}}, 'caller': {'address': '0x24dd2870b2a1986f58b495848606ed93270ec6fb'}, 'date': {'date': '2020-11-06'}, 'block': {'height': 11203571}}, {'smartContract': {'address': {'address': '0xef2abc065ff0f34233c9c795ff1800eb7e9a4af9'}}, 'caller': {'address': '0x24dd2870b2a1986f58b495848606ed93270ec6fb'}, 'date': {'date': '2020-11-06'}, 'block': {'height': 11203571}}]",2020-11-06
402,402,0xbc138bD20C98186CC0342C8e380953aF0cb48BA8,Candle,,0x546D090bbcEC3d96903d41e38C3436c1C601AF9c,0.0,"[{'smartContract': {'address': {'address': '0xa7f75b22384ff06b1228ef82e075e30f047455c7'}}, 'caller': {'address': '0x546d090bbcec3d96903d41e38c3436c1c601af9c'}, 'date': {'date': '2022-09-03'}, 'block': {'height': 15462335}}, {'smartContract': {'address': {'address': '0xccd80e2373da4348f235875352577e73522e0a2e'}}, 'caller': {'address': '0x546d090bbcec3d96903d41e38c3436c1c601af9c'}, 'date': {'date': '2022-09-03'}, 'block': {'height': 15462333}}, {'smartContract': {'address': {'address': '0x38df1b603a515f15ffe13f17ed988f8585102e87'}}, 'caller': {'address': '0x91fae1bc94a9793708fbc66adcb59087c46dee10'}, 'date': {'date': '2022-08-25'}, 'block': {'height': 15409025}}, {'smartContract': {'address': {'address': '0x13df307ab41869a98acc32d076da1b28c0eeae11'}}, 'caller': {'address': '0xc0aee478e3658e2610c5f7a4a2e1777ce9e4f2ac'}, 'date': {'date': '2022-07-31'}, 'block': {'height': 15247320}}, {'smartContract': {'address': {'address': '0xd8d93b062f0fd770a05363098b2c4eecd846ebe3'}}, 'caller': {'address': '0x1f98431c8ad98523631ae4a59f267346ea31f984'}, 'date': {'date': '2022-07-31'}, 'block': {'height': 15247248}}, {'smartContract': {'address': {'address': '0xe030be5a28fb113777e31cb7ee0b16b9326cb723'}}, 'caller': {'address': '0x1f98431c8ad98523631ae4a59f267346ea31f984'}, 'date': {'date': '2022-07-02'}, 'block': {'height': 15065960}}, {'smartContract': {'address': {'address': '0x0a0aeddb7e906a897e07ab35b468346a2cd81b4b'}}, 'caller': {'address': '0x8e9aa87e45e92bad84d5f8dd1bff34fb92637de9'}, 'date': {'date': '2022-06-16'}, 'block': {'height': 14971417}}, {'smartContract': {'address': {'address': '0x31aecd83f765f7f21a3bd4541ee3bbe343af618e'}}, 'caller': {'address': '0x5e5a7b76462e4bdf83aa98795644281bdba80b88'}, 'date': {'date': '2022-05-27'}, 'block': {'height': 14851234}}, {'smartContract': {'address': {'address': '0xd408734ab5941d3676c0017621552c7e40fbf261'}}, 'caller': {'address': '0x546d090bbcec3d96903d41e38c3436c1c601af9c'}, 'date': {'date': '2022-05-08'}, 'block': {'height': 14739035}}, {'smartContract': {'address': {'address': '0x662e08371aa21eae6fbf4bbcd597d4c82644e930'}}, 'caller': {'address': '0x546d090bbcec3d96903d41e38c3436c1c601af9c'}, 'date': {'date': '2022-05-08'}, 'block': {'height': 14739016}}, {'smartContract': {'address': {'address': '0x3d97edb1c1d87c0cbf098a0d2230d7380d4b1432'}}, 'caller': {'address': '0x546d090bbcec3d96903d41e38c3436c1c601af9c'}, 'date': {'date': '2022-05-05'}, 'block': {'height': 14717045}}, {'smartContract': {'address': {'address': '0x79f42f9412b185079f3269d73cf03f41537589a8'}}, 'caller': {'address': '0x546d090bbcec3d96903d41e38c3436c1c601af9c'}, 'date': {'date': '2022-05-05'}, 'block': {'height': 14716574}}, {'smartContract': {'address': {'address': '0x60be1b10fc2171e400303fe8e7bdb77b470b507f'}}, 'caller': {'address': '0x546d090bbcec3d96903d41e38c3436c1c601af9c'}, 'date': {'date': '2022-03-15'}, 'block': {'height': 14390839}}, {'smartContract': {'address': {'address': '0xa6dc0436ef48563734acc10ce9b327688b165587'}}, 'caller': {'address': '0x833e4083b7ae46cea85695c4f7ed25cdad8886de'}, 'date': {'date': '2022-03-12'}, 'block': {'height': 14370843}}, {'smartContract': {'address': {'address': '0xb60733479afd0b79858fd68d4db88827d9554e0d'}}, 'caller': {'address': '0x5e5a7b76462e4bdf83aa98795644281bdba80b88'}, 'date': {'date': '2022-03-12'}, 'block': {'height': 14370174}}, {'smartContract': {'address': {'address': '0xc90206ab21bdbf5e92aff4e6b5f097b65b0ecc06'}}, 'caller': {'address': '0x546d090bbcec3d96903d41e38c3436c1c601af9c'}, 'date': {'date': '2022-03-08'}, 'block': {'height': 14345854}}, {'smartContract': {'address': {'address': '0xb6e5e78d1f9ead58964222d5751a0105694b27ab'}}, 'caller': {'address': '0x5e5a7b76462e4bdf83aa98795644281bdba80b88'}, 'date': {'date': '2022-03-05'}, 'block': {'height': 14326613}}, {'smartContract': {'address': {'address': '0x5836a08adfea67d9a2fba59e2072b5e91ebfd868'}}, 'caller': {'address': '0x5e5a7b76462e4bdf83aa98795644281bdba80b88'}, 'date': {'date': '2022-03-05'}, 'block': {'height': 14326596}}, {'smartContract': {'address': {'address': '0xd64deea5f24934e3a1aa752912aee8ffd8300c3f'}}, 'caller': {'address': '0xef72d3278dc3eba6dc2614965308d1435ffd748a'}, 'date': {'date': '2022-03-05'}, 'block': {'height': 14326416}}, {'smartContract': {'address': {'address': '0xb363c7d148897c455becc2aa44b5e3d09e11928a'}}, 'caller': {'address': '0xa6b71e26c5e0845f74c812102ca7114b6a896ab2'}, 'date': {'date': '2022-02-19'}, 'block': {'height': 14235191}}, {'smartContract': {'address': {'address': '0x798396357a8ee66498e9898db1bc1e09fa119c9f'}}, 'caller': {'address': '0x15312b97389a1dc3bcaba7ae58ebbd552e606ed2'}, 'date': {'date': '2022-01-20'}, 'block': {'height': 14039366}}, {'smartContract': {'address': {'address': '0xde6d8c4b6ee674eb8d9c4652ee7456e70d9d24b9'}}, 'caller': {'address': '0x15ca0d1f7700b512988816894acb1370c0dcd480'}, 'date': {'date': '2022-01-08'}, 'block': {'height': 13963972}}, {'smartContract': {'address': {'address': '0x65a364c98aa6554932b551471e7873d9617047d4'}}, 'caller': {'address': '0x5c69bee701ef814a2b6a3edd4b1652cb9cc5aa6f'}, 'date': {'date': '2022-01-08'}, 'block': {'height': 13963570}}, {'smartContract': {'address': {'address': '0x15ca0d1f7700b512988816894acb1370c0dcd480'}}, 'caller': {'address': '0x546d090bbcec3d96903d41e38c3436c1c601af9c'}, 'date': {'date': '2022-01-07'}, 'block': {'height': 13956197}}, {'smartContract': {'address': {'address': '0xe4a1da65e688016c792f44b12a3baf0d5a02aa86'}}, 'caller': {'address': '0x546d090bbcec3d96903d41e38c3436c1c601af9c'}, 'date': {'date': '2022-01-06'}, 'block': {'height': 13951799}}, {'smartContract': {'address': {'address': '0xc8fd832e87699442093739a682d6b479064254fc'}}, 'caller': {'address': '0x546d090bbcec3d96903d41e38c3436c1c601af9c'}, 'date': {'date': '2022-01-06'}, 'block': {'height': 13951731}}, {'smartContract': {'address': {'address': '0x083fcedb2449c118b0e886a2fcdac0b34c44680b'}}, 'caller': {'address': '0x546d090bbcec3d96903d41e38c3436c1c601af9c'}, 'date': {'date': '2022-01-06'}, 'block': {'height': 13951041}}, {'smartContract': {'address': {'address': '0xbfcf73fbcf9b7b6b5eec12aa995b099d0e0cfda4'}}, 'caller': {'address': '0x546d090bbcec3d96903d41e38c3436c1c601af9c'}, 'date': {'date': '2022-01-06'}, 'block': {'height': 13950616}}, {'smartContract': {'address': {'address': '0x2feac2752f8124f1edda2cda4a8756a39e4da110'}}, 'caller': {'address': '0x1f98431c8ad98523631ae4a59f267346ea31f984'}, 'date': {'date': '2022-01-01'}, 'block': {'height': 13919494}}, {'smartContract': {'address': {'address': '0x07c3178d7f009f6af31fb4449824d20613098384'}}, 'caller': {'address': '0x5e5a7b76462e4bdf83aa98795644281bdba80b88'}, 'date': {'date': '2022-01-01'}, 'block': {'height': 13919034}}, {'smartContract': {'address': {'address': '0x5d6c583a86c6a0c40f455d260a67ff77e8267913'}}, 'caller': {'address': '0x5e5a7b76462e4bdf83aa98795644281bdba80b88'}, 'date': {'date': '2021-12-31'}, 'block': {'height': 13910644}}, {'smartContract': {'address': {'address': '0xb80be29667021ae0b617ac9efe0a3a1a58033681'}}, 'caller': {'address': '0x546d090bbcec3d96903d41e38c3436c1c601af9c'}, 'date': {'date': '2021-12-30'}, 'block': {'height': 13904644}}, {'smartContract': {'address': {'address': '0xbc138bd20c98186cc0342c8e380953af0cb48ba8'}}, 'caller': {'address': '0x546d090bbcec3d96903d41e38c3436c1c601af9c'}, 'date': {'date': '2021-12-30'}, 'block': {'height': 13904404}}]",2021-12-30
403,403,0x1337DEF16F9B486fAEd0293eb623Dc8395dFE46a,Armor (ARMOR),,0xc25774Eff42C93d2FE9f97Fe8BF2A819C2D48c92,0.0,"[{'smartContract': {'address': {'address': '0x1337def16f9b486faed0293eb623dc8395dfe46a'}}, 'caller': {'address': '0xc25774eff42c93d2fe9f97fe8bf2a819c2d48c92'}, 'date': {'date': '2021-01-22'}, 'block': {'height': 11707709}}]",2021-01-22
404,404,0x21BfBDa47A0B4B5b1248c767Ee49F7caA9B23697,OVR (OVR),https://github.com/OVR-Platform,0x5885f2329b7a4AB71d0418629f16D76F8ab65677,0.0,"[{'smartContract': {'address': {'address': '0xa31312141e0e0762b93af20ec011fcdce1cf5c52'}}, 'caller': {'address': '0xa6b71e26c5e0845f74c812102ca7114b6a896ab2'}, 'date': {'date': '2022-11-23'}, 'block': {'height': 16031727}}, {'smartContract': {'address': {'address': '0x768372ad7c81c3f25aa831799fefeeaa7521afa1'}}, 'caller': {'address': '0xa6b71e26c5e0845f74c812102ca7114b6a896ab2'}, 'date': {'date': '2022-11-23'}, 'block': {'height': 16031633}}, {'smartContract': {'address': {'address': '0x5c0d928a3d86766e6c2ca7378abe76e7b2ff1028'}}, 'caller': {'address': '0x5885f2329b7a4ab71d0418629f16d76f8ab65677'}, 'date': {'date': '2020-11-29'}, 'block': {'height': 11356495}}, {'smartContract': {'address': {'address': '0x62e1a2e112ff4215b510f7eea04b75e161c57c00'}}, 'caller': {'address': '0x5885f2329b7a4ab71d0418629f16d76f8ab65677'}, 'date': {'date': '2020-11-29'}, 'block': {'height': 11356486}}, {'smartContract': {'address': {'address': '0x8c19cf0135852ba688643f57d56be72bb898c411'}}, 'caller': {'address': '0x5885f2329b7a4ab71d0418629f16d76f8ab65677'}, 'date': {'date': '2020-11-29'}, 'block': {'height': 11356477}}, {'smartContract': {'address': {'address': '0x6b2d3b366c3417c46240ab62c2878ffda9861e73'}}, 'caller': {'address': '0x5885f2329b7a4ab71d0418629f16d76f8ab65677'}, 'date': {'date': '2020-11-29'}, 'block': {'height': 11356466}}, {'smartContract': {'address': {'address': '0xe06748876bf92340d56c536388568cbcf679bc11'}}, 'caller': {'address': '0x30491f7427c554ed637fa349e2ce39f98336fdaf'}, 'date': {'date': '2020-11-29'}, 'block': {'height': 11356346}}, {'smartContract': {'address': {'address': '0x96ec9ccb9f45ab9856e66477b726809324f25ee6'}}, 'caller': {'address': '0x30491f7427c554ed637fa349e2ce39f98336fdaf'}, 'date': {'date': '2020-11-29'}, 'block': {'height': 11356310}}, {'smartContract': {'address': {'address': '0xae7d06ec996fe7bf11cc5f32848bc6a51144d75b'}}, 'caller': {'address': '0x30491f7427c554ed637fa349e2ce39f98336fdaf'}, 'date': {'date': '2020-11-29'}, 'block': {'height': 11356283}}, {'smartContract': {'address': {'address': '0x9a4507d7bab1345bb03f965277c36e1d1dbcfafa'}}, 'caller': {'address': '0x30491f7427c554ed637fa349e2ce39f98336fdaf'}, 'date': {'date': '2020-11-29'}, 'block': {'height': 11356248}}, {'smartContract': {'address': {'address': '0x4f8793b2d95b8ab543f3449b76a33368cfa88ee8'}}, 'caller': {'address': '0x5885f2329b7a4ab71d0418629f16d76f8ab65677'}, 'date': {'date': '2020-11-29'}, 'block': {'height': 11356236}}, {'smartContract': {'address': {'address': '0x30491f7427c554ed637fa349e2ce39f98336fdaf'}}, 'caller': {'address': '0xb9da44c051c6cc9e04b7e0f95e95d69c6a6d8031'}, 'date': {'date': '2020-11-29'}, 'block': {'height': 11356223}}, {'smartContract': {'address': {'address': '0x93e2c42eb52bfa0261b501496bb717d2ff7ad3c9'}}, 'caller': {'address': '0x30491f7427c554ed637fa349e2ce39f98336fdaf'}, 'date': {'date': '2020-11-29'}, 'block': {'height': 11356223}}, {'smartContract': {'address': {'address': '0x748fe05d915d983c62cacd7ed5cb44cdc74de248'}}, 'caller': {'address': '0x30491f7427c554ed637fa349e2ce39f98336fdaf'}, 'date': {'date': '2020-11-29'}, 'block': {'height': 11356223}}, {'smartContract': {'address': {'address': '0x21bfbda47a0b4b5b1248c767ee49f7caa9b23697'}}, 'caller': {'address': '0x5885f2329b7a4ab71d0418629f16d76f8ab65677'}, 'date': {'date': '2020-11-29'}, 'block': {'height': 11356183}}, {'smartContract': {'address': {'address': '0x57bf3e2f3fabb4580dc66af03b96d032774593ff'}}, 'caller': {'address': '0x5885f2329b7a4ab71d0418629f16d76f8ab65677'}, 'date': {'date': '2020-11-29'}, 'block': {'height': 11356178}}, {'smartContract': {'address': {'address': '0xb9d3bfc047d7c23d9afeee5e70eaa968f5aa41a5'}}, 'caller': {'address': '0x5885f2329b7a4ab71d0418629f16d76f8ab65677'}, 'date': {'date': '2020-11-29'}, 'block': {'height': 11356115}}, {'smartContract': {'address': {'address': '0x774f684d4e07603a8b1b78efd2108672208cef51'}}, 'caller': {'address': '0x5885f2329b7a4ab71d0418629f16d76f8ab65677'}, 'date': {'date': '2020-11-29'}, 'block': {'height': 11356108}}]",2020-11-30
405,405,0x232FB065D9d24c34708eeDbF03724f2e95ABE768,Sheesha Finance,,0x467A383d5561C933A0f9C13D441828c49d323B00,0.0,"[{'smartContract': {'address': {'address': '0x602414a63c90801dc4337ee440b3454a6d2c275b'}}, 'caller': {'address': '0x5c69bee701ef814a2b6a3edd4b1652cb9cc5aa6f'}, 'date': {'date': '2021-03-25'}, 'block': {'height': 12107922}}, {'smartContract': {'address': {'address': '0x232fb065d9d24c34708eedbf03724f2e95abe768'}}, 'caller': {'address': '0x467a383d5561c933a0f9c13d441828c49d323b00'}, 'date': {'date': '2021-03-25'}, 'block': {'height': 12107922}}, {'smartContract': {'address': {'address': '0x4ce0f83f94c90cda1f99ed8b349619eb4d8ee803'}}, 'caller': {'address': '0x467a383d5561c933a0f9c13d441828c49d323b00'}, 'date': {'date': '2021-03-25'}, 'block': {'height': 12107749}}]",2021-03-25
406,406,0xBEA0000029AD1c77D3d5D23Ba2D8893dB9d1Efab,Bean,https://github.com/BeanstalkFarms/Beanstalk,0xC1E088fC1323b20BCBee9bd1B9fC9546db5624C5,0.0,[],2022-08-04
407,407,0x2aECCB42482cc64E087b6D2e5Da39f5A7A7001f8,Ruler Protocol (RULER),https://github.com/Ruler-Protocol/ruler-core-public,0xDd79dc5B781B14FF091686961ADc5d47e434f4B0,0.0,"[{'smartContract': {'address': {'address': '0x6759d286c4ec4febe35233385fd3eb950de5a030'}}, 'caller': {'address': '0xdd79dc5b781b14ff091686961adc5d47e434f4b0'}, 'date': {'date': '2021-08-18'}, 'block': {'height': 13052042}}, {'smartContract': {'address': {'address': '0x7c0e033b8feb3d4795f08812aded7c0f6c5ee385'}}, 'caller': {'address': '0xdd79dc5b781b14ff091686961adc5d47e434f4b0'}, 'date': {'date': '2021-08-18'}, 'block': {'height': 13051922}}, {'smartContract': {'address': {'address': '0x658f89326691b14bdcddbeaa893c6032e8c7ad7e'}}, 'caller': {'address': '0xf19f4490a7fccfef2dab8199acdb2dc1b9027c18'}, 'date': {'date': '2021-08-10'}, 'block': {'height': 12999985}}, {'smartContract': {'address': {'address': '0x8341c03f454aa4d756b83f262d1911f79c75e242'}}, 'caller': {'address': '0xf19f4490a7fccfef2dab8199acdb2dc1b9027c18'}, 'date': {'date': '2021-08-10'}, 'block': {'height': 12999985}}, {'smartContract': {'address': {'address': '0x57ac47b594a6c5341c908649103ed240472320d9'}}, 'caller': {'address': '0xf19f4490a7fccfef2dab8199acdb2dc1b9027c18'}, 'date': {'date': '2021-07-31'}, 'block': {'height': 12935466}}, {'smartContract': {'address': {'address': '0xbeaeab7634d0bba8b76eb9321a515f385dba5fa7'}}, 'caller': {'address': '0xf19f4490a7fccfef2dab8199acdb2dc1b9027c18'}, 'date': {'date': '2021-07-31'}, 'block': {'height': 12935466}}, {'smartContract': {'address': {'address': '0xd124fa50064b7613bb3090360973903d5350837f'}}, 'caller': {'address': '0xf19f4490a7fccfef2dab8199acdb2dc1b9027c18'}, 'date': {'date': '2021-07-31'}, 'block': {'height': 12935466}}, {'smartContract': {'address': {'address': '0xd6f207d1c9dc693b729dc93cada0a3c921d93024'}}, 'caller': {'address': '0xf19f4490a7fccfef2dab8199acdb2dc1b9027c18'}, 'date': {'date': '2021-07-31'}, 'block': {'height': 12935466}}, {'smartContract': {'address': {'address': '0xc83eb679dbcdaf69ce0c78a6a9f7cebf72d7afc1'}}, 'caller': {'address': '0xf19f4490a7fccfef2dab8199acdb2dc1b9027c18'}, 'date': {'date': '2021-07-31'}, 'block': {'height': 12935466}}, {'smartContract': {'address': {'address': '0x3238efef52f1141734b17cdefcf70539c01ea7a9'}}, 'caller': {'address': '0xf19f4490a7fccfef2dab8199acdb2dc1b9027c18'}, 'date': {'date': '2021-07-31'}, 'block': {'height': 12935466}}, {'smartContract': {'address': {'address': '0xe9704bf488809935fb502487f5193f62e148f4cc'}}, 'caller': {'address': '0xf19f4490a7fccfef2dab8199acdb2dc1b9027c18'}, 'date': {'date': '2021-07-31'}, 'block': {'height': 12935466}}, {'smartContract': {'address': {'address': '0x5922a5f93d55aa25b162d407b938be9beacb7585'}}, 'caller': {'address': '0xf19f4490a7fccfef2dab8199acdb2dc1b9027c18'}, 'date': {'date': '2021-07-31'}, 'block': {'height': 12935466}}, {'smartContract': {'address': {'address': '0x36258b62096126cd5e97610745e1faba0293dbd1'}}, 'caller': {'address': '0xf19f4490a7fccfef2dab8199acdb2dc1b9027c18'}, 'date': {'date': '2021-07-31'}, 'block': {'height': 12935466}}, {'smartContract': {'address': {'address': '0x4ef32658a6a2a63e42e31b342bd2aebf11a1be09'}}, 'caller': {'address': '0xf19f4490a7fccfef2dab8199acdb2dc1b9027c18'}, 'date': {'date': '2021-07-31'}, 'block': {'height': 12935466}}, {'smartContract': {'address': {'address': '0x31c1dcf1a63c52418f20b8df4d95411cb76df433'}}, 'caller': {'address': '0xf19f4490a7fccfef2dab8199acdb2dc1b9027c18'}, 'date': {'date': '2021-07-28'}, 'block': {'height': 12917157}}, {'smartContract': {'address': {'address': '0x5a60d9cdf0e38e42526f3e53f1dc2db99734d4cb'}}, 'caller': {'address': '0xf19f4490a7fccfef2dab8199acdb2dc1b9027c18'}, 'date': {'date': '2021-07-28'}, 'block': {'height': 12917157}}, {'smartContract': {'address': {'address': '0x9dc379f80ee50d0af48636c468de508f509ff95c'}}, 'caller': {'address': '0xf19f4490a7fccfef2dab8199acdb2dc1b9027c18'}, 'date': {'date': '2021-07-28'}, 'block': {'height': 12917157}}, {'smartContract': {'address': {'address': '0xa06716feb1173976ff2fb86e565f0305aabb6e85'}}, 'caller': {'address': '0xf19f4490a7fccfef2dab8199acdb2dc1b9027c18'}, 'date': {'date': '2021-07-28'}, 'block': {'height': 12917157}}, {'smartContract': {'address': {'address': '0x4edb72a79bb45eba718163ac790231b2d152f0d0'}}, 'caller': {'address': '0xf19f4490a7fccfef2dab8199acdb2dc1b9027c18'}, 'date': {'date': '2021-07-28'}, 'block': {'height': 12917147}}, {'smartContract': {'address': {'address': '0x7e57f752940a47f6666a45722935f66a5a62b1d2'}}, 'caller': {'address': '0xf19f4490a7fccfef2dab8199acdb2dc1b9027c18'}, 'date': {'date': '2021-07-28'}, 'block': {'height': 12917147}}, {'smartContract': {'address': {'address': '0xfce8204c8b0e1320a086ff3b227a04e64b13503a'}}, 'caller': {'address': '0xf19f4490a7fccfef2dab8199acdb2dc1b9027c18'}, 'date': {'date': '2021-07-28'}, 'block': {'height': 12917147}}, {'smartContract': {'address': {'address': '0xff44d68b85adebc6e4613dd00e33fc775610c17b'}}, 'caller': {'address': '0xf19f4490a7fccfef2dab8199acdb2dc1b9027c18'}, 'date': {'date': '2021-07-28'}, 'block': {'height': 12917147}}, {'smartContract': {'address': {'address': '0x250960b4ace3faacd9724bde66a4af290499c92c'}}, 'caller': {'address': '0xf19f4490a7fccfef2dab8199acdb2dc1b9027c18'}, 'date': {'date': '2021-07-28'}, 'block': {'height': 12917147}}, {'smartContract': {'address': {'address': '0x078257279c897583879fed84fae2c313f4653d57'}}, 'caller': {'address': '0xf19f4490a7fccfef2dab8199acdb2dc1b9027c18'}, 'date': {'date': '2021-07-28'}, 'block': {'height': 12917147}}, {'smartContract': {'address': {'address': '0x493fc11fddbae0465ce08aacbf536abdcf2f35c5'}}, 'caller': {'address': '0xf19f4490a7fccfef2dab8199acdb2dc1b9027c18'}, 'date': {'date': '2021-07-28'}, 'block': {'height': 12917147}}, {'smartContract': {'address': {'address': '0x3368f2b9a0758556de65186eb7dce977543a30ae'}}, 'caller': {'address': '0xf19f4490a7fccfef2dab8199acdb2dc1b9027c18'}, 'date': {'date': '2021-07-28'}, 'block': {'height': 12917147}}, {'smartContract': {'address': {'address': '0x16972961f0ed017e28a2e2b70eda4a64ae44b1df'}}, 'caller': {'address': '0x237d01ece6d4799f62504ee85b413e3c13ffba6c'}, 'date': {'date': '2021-07-14'}, 'block': {'height': 12827898}}, {'smartContract': {'address': {'address': '0x237d01ece6d4799f62504ee85b413e3c13ffba6c'}}, 'caller': {'address': '0x3fcdb4c569707ba8ae932427329f8e2b8d24795f'}, 'date': {'date': '2021-07-14'}, 'block': {'height': 12827898}}, {'smartContract': {'address': {'address': '0x742a4a320c2104cf70b10820736a277b1eeb7725'}}, 'caller': {'address': '0x237d01ece6d4799f62504ee85b413e3c13ffba6c'}, 'date': {'date': '2021-07-14'}, 'block': {'height': 12827898}}, {'smartContract': {'address': {'address': '0xffe584a6a712df94a1248c72eed33e0dd921c6f0'}}, 'caller': {'address': '0x237d01ece6d4799f62504ee85b413e3c13ffba6c'}, 'date': {'date': '2021-07-14'}, 'block': {'height': 12827898}}, {'smartContract': {'address': {'address': '0x2420b871a2a4c4b7740300ef35dad1cbf13e2b63'}}, 'caller': {'address': '0x237d01ece6d4799f62504ee85b413e3c13ffba6c'}, 'date': {'date': '2021-07-14'}, 'block': {'height': 12827898}}, {'smartContract': {'address': {'address': '0x88de0e02835489a94b2066ed779b3af8ee26a4fd'}}, 'caller': {'address': '0x237d01ece6d4799f62504ee85b413e3c13ffba6c'}, 'date': {'date': '2021-07-14'}, 'block': {'height': 12827898}}, {'smartContract': {'address': {'address': '0x3fcdb4c569707ba8ae932427329f8e2b8d24795f'}}, 'caller': {'address': '0x1cb3391feff3806a6f7fa11b372cb70659304791'}, 'date': {'date': '2021-07-14'}, 'block': {'height': 12827898}}, {'smartContract': {'address': {'address': '0x0f03629284145f5fc5f29f4d6baa0e54fd3df2e2'}}, 'caller': {'address': '0x237d01ece6d4799f62504ee85b413e3c13ffba6c'}, 'date': {'date': '2021-07-14'}, 'block': {'height': 12827898}}, {'smartContract': {'address': {'address': '0xfef48d9b35fb58ba2f8245a0712fd9e96ce6cc6d'}}, 'caller': {'address': '0x237d01ece6d4799f62504ee85b413e3c13ffba6c'}, 'date': {'date': '2021-07-14'}, 'block': {'height': 12827898}}, {'smartContract': {'address': {'address': '0x341de2d1995bc34ed2cd117ef7924f6bf8388d8a'}}, 'caller': {'address': '0x237d01ece6d4799f62504ee85b413e3c13ffba6c'}, 'date': {'date': '2021-07-14'}, 'block': {'height': 12827898}}, {'smartContract': {'address': {'address': '0x0bdb905dbe4978e610912d2d212c48f1d80a2f72'}}, 'caller': {'address': '0xd79a002d506c8f52af4bdfae5f513e4b8bee6c92'}, 'date': {'date': '2021-07-13'}, 'block': {'height': 12820362}}, {'smartContract': {'address': {'address': '0x055d767569f49a92daef3422f9c8b5daf540fd93'}}, 'caller': {'address': '0xd79a002d506c8f52af4bdfae5f513e4b8bee6c92'}, 'date': {'date': '2021-07-13'}, 'block': {'height': 12820362}}, {'smartContract': {'address': {'address': '0x47593e71b2f75ae0ea059e6d01cdd3f2bbd937be'}}, 'caller': {'address': '0xd79a002d506c8f52af4bdfae5f513e4b8bee6c92'}, 'date': {'date': '2021-07-13'}, 'block': {'height': 12820362}}, {'smartContract': {'address': {'address': '0xb6a54c66e25ca43c16ec589e8f8f34686436fced'}}, 'caller': {'address': '0xdd79dc5b781b14ff091686961adc5d47e434f4b0'}, 'date': {'date': '2021-07-12'}, 'block': {'height': 12814759}}, {'smartContract': {'address': {'address': '0xfa1f8518d3e6d69a04b88e96a9e3e7588d19ca0c'}}, 'caller': {'address': '0xdd79dc5b781b14ff091686961adc5d47e434f4b0'}, 'date': {'date': '2021-07-02'}, 'block': {'height': 12750079}}, {'smartContract': {'address': {'address': '0x0013e17039566da4757edcb565d7d331e362ad12'}}, 'caller': {'address': '0xdd79dc5b781b14ff091686961adc5d47e434f4b0'}, 'date': {'date': '2021-07-02'}, 'block': {'height': 12749919}}, {'smartContract': {'address': {'address': '0x06d5473154aff659468fcf2320b03ccf5f6064be'}}, 'caller': {'address': '0xf19f4490a7fccfef2dab8199acdb2dc1b9027c18'}, 'date': {'date': '2021-06-30'}, 'block': {'height': 12736807}}, {'smartContract': {'address': {'address': '0xe77d7bdf8bc762674c20cd61c0edd10561b1c8bb'}}, 'caller': {'address': '0xf19f4490a7fccfef2dab8199acdb2dc1b9027c18'}, 'date': {'date': '2021-06-30'}, 'block': {'height': 12736807}}, {'smartContract': {'address': {'address': '0xa5b9c77d8f639765d0af7d7d1514e9555b15a564'}}, 'caller': {'address': '0xf19f4490a7fccfef2dab8199acdb2dc1b9027c18'}, 'date': {'date': '2021-06-30'}, 'block': {'height': 12736725}}, {'smartContract': {'address': {'address': '0x4b635dc76ada639816bad88d2faf044c5627acdd'}}, 'caller': {'address': '0xf19f4490a7fccfef2dab8199acdb2dc1b9027c18'}, 'date': {'date': '2021-06-30'}, 'block': {'height': 12736725}}, {'smartContract': {'address': {'address': '0xefa022c7036f9d2979ea9663ce0dc63b5d8af979'}}, 'caller': {'address': '0xf19f4490a7fccfef2dab8199acdb2dc1b9027c18'}, 'date': {'date': '2021-06-29'}, 'block': {'height': 12730357}}, {'smartContract': {'address': {'address': '0x07028f0eb368195e5bd7c621f25a08e2e4e63d54'}}, 'caller': {'address': '0xf19f4490a7fccfef2dab8199acdb2dc1b9027c18'}, 'date': {'date': '2021-06-29'}, 'block': {'height': 12730357}}, {'smartContract': {'address': {'address': '0x203f6666028af5520d0364a1fcfe576be2747b5f'}}, 'caller': {'address': '0xf19f4490a7fccfef2dab8199acdb2dc1b9027c18'}, 'date': {'date': '2021-06-29'}, 'block': {'height': 12730357}}, {'smartContract': {'address': {'address': '0xedf937c2f4386f09762c2a1629b0cce03cbe7937'}}, 'caller': {'address': '0xf19f4490a7fccfef2dab8199acdb2dc1b9027c18'}, 'date': {'date': '2021-06-29'}, 'block': {'height': 12730357}}, {'smartContract': {'address': {'address': '0x00098574aa384177e78a95ff08093717258d7c70'}}, 'caller': {'address': '0xf19f4490a7fccfef2dab8199acdb2dc1b9027c18'}, 'date': {'date': '2021-06-27'}, 'block': {'height': 12719087}}, {'smartContract': {'address': {'address': '0xe7361a6bb57dcb0e86bcfebea2b0c934ddae4dca'}}, 'caller': {'address': '0xf19f4490a7fccfef2dab8199acdb2dc1b9027c18'}, 'date': {'date': '2021-06-27'}, 'block': {'height': 12719087}}, {'smartContract': {'address': {'address': '0xe011dada250729e953209ba1e2d3fabb2ee9af13'}}, 'caller': {'address': '0xf19f4490a7fccfef2dab8199acdb2dc1b9027c18'}, 'date': {'date': '2021-06-27'}, 'block': {'height': 12719087}}, {'smartContract': {'address': {'address': '0xd0f3063fbd4ce76bbc942f15b80be8026ea8facf'}}, 'caller': {'address': '0xf19f4490a7fccfef2dab8199acdb2dc1b9027c18'}, 'date': {'date': '2021-06-27'}, 'block': {'height': 12719087}}, {'smartContract': {'address': {'address': '0xd56bc68ef6fce282d54fcd67daa94f284829813b'}}, 'caller': {'address': '0xf19f4490a7fccfef2dab8199acdb2dc1b9027c18'}, 'date': {'date': '2021-06-27'}, 'block': {'height': 12719087}}, {'smartContract': {'address': {'address': '0x4289c84aa79953c103fe0767c3aff26ab28cd723'}}, 'caller': {'address': '0xf19f4490a7fccfef2dab8199acdb2dc1b9027c18'}, 'date': {'date': '2021-06-27'}, 'block': {'height': 12719087}}, {'smartContract': {'address': {'address': '0xefdf1f05f7aa54f42d2ccf959652407fcb5bccf1'}}, 'caller': {'address': '0xf19f4490a7fccfef2dab8199acdb2dc1b9027c18'}, 'date': {'date': '2021-05-31'}, 'block': {'height': 12545067}}, {'smartContract': {'address': {'address': '0xb0b806a39d838d6854dcf9927420830f7ee53259'}}, 'caller': {'address': '0xf19f4490a7fccfef2dab8199acdb2dc1b9027c18'}, 'date': {'date': '2021-05-31'}, 'block': {'height': 12545067}}, {'smartContract': {'address': {'address': '0x6748926958a63a5f167d92b7be74237cd4426bf8'}}, 'caller': {'address': '0xf19f4490a7fccfef2dab8199acdb2dc1b9027c18'}, 'date': {'date': '2021-05-30'}, 'block': {'height': 12533377}}, {'smartContract': {'address': {'address': '0x738ea1263e70dbbae98a6093113cb441e65eda10'}}, 'caller': {'address': '0xf19f4490a7fccfef2dab8199acdb2dc1b9027c18'}, 'date': {'date': '2021-05-30'}, 'block': {'height': 12533377}}, {'smartContract': {'address': {'address': '0xa713cc74ee148414bcab46ac2c41c93d84a56b0f'}}, 'caller': {'address': '0xf19f4490a7fccfef2dab8199acdb2dc1b9027c18'}, 'date': {'date': '2021-05-28'}, 'block': {'height': 12525136}}, {'smartContract': {'address': {'address': '0x34023d107d4ea71bedbfb9b20c4e181b6a2ec3f7'}}, 'caller': {'address': '0xf19f4490a7fccfef2dab8199acdb2dc1b9027c18'}, 'date': {'date': '2021-05-28'}, 'block': {'height': 12525136}}, {'smartContract': {'address': {'address': '0xc2d0deb48d30d196db9867f5c263396d46a3a48e'}}, 'caller': {'address': '0xf19f4490a7fccfef2dab8199acdb2dc1b9027c18'}, 'date': {'date': '2021-05-28'}, 'block': {'height': 12525136}}, {'smartContract': {'address': {'address': '0x496b33a6e22d2193360f462e326312260cbdef08'}}, 'caller': {'address': '0xf19f4490a7fccfef2dab8199acdb2dc1b9027c18'}, 'date': {'date': '2021-05-28'}, 'block': {'height': 12525136}}, {'smartContract': {'address': {'address': '0xf80f7813aeba9c4ae82a9d8da6a634469da228da'}}, 'caller': {'address': '0xf19f4490a7fccfef2dab8199acdb2dc1b9027c18'}, 'date': {'date': '2021-05-28'}, 'block': {'height': 12525136}}, {'smartContract': {'address': {'address': '0xa414b17cbaa24195547369d6affe7fe1f642714a'}}, 'caller': {'address': '0xf19f4490a7fccfef2dab8199acdb2dc1b9027c18'}, 'date': {'date': '2021-05-28'}, 'block': {'height': 12525136}}, {'smartContract': {'address': {'address': '0x38a534c6552e5b02524685a90f374a6ff8ce8fc7'}}, 'caller': {'address': '0xf19f4490a7fccfef2dab8199acdb2dc1b9027c18'}, 'date': {'date': '2021-05-28'}, 'block': {'height': 12525136}}, {'smartContract': {'address': {'address': '0x09c7a3ac261a45be1a6b8d8502035f4491f644ae'}}, 'caller': {'address': '0xf19f4490a7fccfef2dab8199acdb2dc1b9027c18'}, 'date': {'date': '2021-05-28'}, 'block': {'height': 12525136}}, {'smartContract': {'address': {'address': '0x361123f59023d7be948b6b9d585b88b672899738'}}, 'caller': {'address': '0xf19f4490a7fccfef2dab8199acdb2dc1b9027c18'}, 'date': {'date': '2021-05-28'}, 'block': {'height': 12525136}}, {'smartContract': {'address': {'address': '0x1e80c834f12002095be82a9e9cd9d0afd59942f0'}}, 'caller': {'address': '0xf19f4490a7fccfef2dab8199acdb2dc1b9027c18'}, 'date': {'date': '2021-05-28'}, 'block': {'height': 12525136}}, {'smartContract': {'address': {'address': '0x977523981a47e8e82e7e12c78abd4de325006340'}}, 'caller': {'address': '0xf19f4490a7fccfef2dab8199acdb2dc1b9027c18'}, 'date': {'date': '2021-05-28'}, 'block': {'height': 12525136}}, {'smartContract': {'address': {'address': '0x3143c25447a589e7bb0dbec4ba8fcfeb9fc11150'}}, 'caller': {'address': '0xf19f4490a7fccfef2dab8199acdb2dc1b9027c18'}, 'date': {'date': '2021-05-28'}, 'block': {'height': 12525136}}, {'smartContract': {'address': {'address': '0x01880e5a97d827a2e77b3f2ca436a0a42fe2dc19'}}, 'caller': {'address': '0xf19f4490a7fccfef2dab8199acdb2dc1b9027c18'}, 'date': {'date': '2021-05-28'}, 'block': {'height': 12525136}}, {'smartContract': {'address': {'address': '0x2da36a502ed49cf2d550edac6f6257252764fe04'}}, 'caller': {'address': '0xf19f4490a7fccfef2dab8199acdb2dc1b9027c18'}, 'date': {'date': '2021-05-28'}, 'block': {'height': 12525136}}, {'smartContract': {'address': {'address': '0xa57cebc78f9ebc0836777a33ff4c508bfa68e292'}}, 'caller': {'address': '0xf19f4490a7fccfef2dab8199acdb2dc1b9027c18'}, 'date': {'date': '2021-05-28'}, 'block': {'height': 12525136}}, {'smartContract': {'address': {'address': '0x57beda97a7c44612eb57cc4d3ba334bcf7c8be9c'}}, 'caller': {'address': '0xf19f4490a7fccfef2dab8199acdb2dc1b9027c18'}, 'date': {'date': '2021-05-28'}, 'block': {'height': 12525136}}, {'smartContract': {'address': {'address': '0x79519ae4bda45252e23ea84f48f2447b768f5193'}}, 'caller': {'address': '0xf19f4490a7fccfef2dab8199acdb2dc1b9027c18'}, 'date': {'date': '2021-05-28'}, 'block': {'height': 12525048}}, {'smartContract': {'address': {'address': '0x468491b373d51bc507bea6a2c4be0724ba7eeff7'}}, 'caller': {'address': '0xf19f4490a7fccfef2dab8199acdb2dc1b9027c18'}, 'date': {'date': '2021-05-28'}, 'block': {'height': 12525048}}, {'smartContract': {'address': {'address': '0xe7d18f2507869280111025f4938376846e8ad11a'}}, 'caller': {'address': '0xf19f4490a7fccfef2dab8199acdb2dc1b9027c18'}, 'date': {'date': '2021-05-28'}, 'block': {'height': 12525048}}, {'smartContract': {'address': {'address': '0xb556bb40e40f4af34d9eea04d2ff7db2674939bb'}}, 'caller': {'address': '0xf19f4490a7fccfef2dab8199acdb2dc1b9027c18'}, 'date': {'date': '2021-05-28'}, 'block': {'height': 12525048}}, {'smartContract': {'address': {'address': '0xf3d948cea0fadd9bfc63745f8469922184910a5e'}}, 'caller': {'address': '0xf19f4490a7fccfef2dab8199acdb2dc1b9027c18'}, 'date': {'date': '2021-05-28'}, 'block': {'height': 12525048}}, {'smartContract': {'address': {'address': '0xf006f6898a814d498927524e7a9745ec05fee18a'}}, 'caller': {'address': '0xf19f4490a7fccfef2dab8199acdb2dc1b9027c18'}, 'date': {'date': '2021-05-28'}, 'block': {'height': 12525048}}, {'smartContract': {'address': {'address': '0xc7fec78f7a0f461971a222d11e5937fed9f98eb7'}}, 'caller': {'address': '0xf19f4490a7fccfef2dab8199acdb2dc1b9027c18'}, 'date': {'date': '2021-05-28'}, 'block': {'height': 12525048}}, {'smartContract': {'address': {'address': '0x8c8d7a488a083db7112fecfe700fce2fcb91e2f1'}}, 'caller': {'address': '0xf19f4490a7fccfef2dab8199acdb2dc1b9027c18'}, 'date': {'date': '2021-05-28'}, 'block': {'height': 12525048}}, {'smartContract': {'address': {'address': '0xa87b14d911978d0be9a49efae09325ba29e1bfbb'}}, 'caller': {'address': '0xf19f4490a7fccfef2dab8199acdb2dc1b9027c18'}, 'date': {'date': '2021-05-28'}, 'block': {'height': 12525048}}, {'smartContract': {'address': {'address': '0xc89217c795b631043e2411c2dbfa6d19c2e0ec59'}}, 'caller': {'address': '0xf19f4490a7fccfef2dab8199acdb2dc1b9027c18'}, 'date': {'date': '2021-05-28'}, 'block': {'height': 12525048}}, {'smartContract': {'address': {'address': '0x90b420d936f9a768565bac7a085558aeff786f9e'}}, 'caller': {'address': '0xaaffc0f6916b6cdfd0d56fe9c3b155475c22c38b'}, 'date': {'date': '2021-05-14'}, 'block': {'height': 12434472}}, {'smartContract': {'address': {'address': '0x138e6d9a0a6925c38c23429742699dfa6d8d685f'}}, 'caller': {'address': '0x90b420d936f9a768565bac7a085558aeff786f9e'}, 'date': {'date': '2021-05-14'}, 'block': {'height': 12434472}}, {'smartContract': {'address': {'address': '0xb04bdeddc3222199aeabdf2aaa3ee82d620ec714'}}, 'caller': {'address': '0x90b420d936f9a768565bac7a085558aeff786f9e'}, 'date': {'date': '2021-05-14'}, 'block': {'height': 12434472}}, {'smartContract': {'address': {'address': '0x7f7b7df714f47ffe5c77eb9364cf19793a511181'}}, 'caller': {'address': '0x90b420d936f9a768565bac7a085558aeff786f9e'}, 'date': {'date': '2021-05-14'}, 'block': {'height': 12434472}}, {'smartContract': {'address': {'address': '0x7ef70d4f1327368c4fea439594ae6804766778d8'}}, 'caller': {'address': '0x90b420d936f9a768565bac7a085558aeff786f9e'}, 'date': {'date': '2021-05-14'}, 'block': {'height': 12434472}}, {'smartContract': {'address': {'address': '0xaaffc0f6916b6cdfd0d56fe9c3b155475c22c38b'}}, 'caller': {'address': '0x1cb3391feff3806a6f7fa11b372cb70659304791'}, 'date': {'date': '2021-05-14'}, 'block': {'height': 12434472}}, {'smartContract': {'address': {'address': '0x949ea92c8531fc466f857460595b5d7670c5f8f8'}}, 'caller': {'address': '0x90b420d936f9a768565bac7a085558aeff786f9e'}, 'date': {'date': '2021-05-14'}, 'block': {'height': 12434472}}, {'smartContract': {'address': {'address': '0x0efc65869aeed3b84dbcc4bbb375b06b8924ea1f'}}, 'caller': {'address': '0x90b420d936f9a768565bac7a085558aeff786f9e'}, 'date': {'date': '2021-05-14'}, 'block': {'height': 12434472}}, {'smartContract': {'address': {'address': '0x7ebd98caec9caf2d760e26fe721883443cc25021'}}, 'caller': {'address': '0xd79a002d506c8f52af4bdfae5f513e4b8bee6c92'}, 'date': {'date': '2021-05-14'}, 'block': {'height': 12434413}}, {'smartContract': {'address': {'address': '0x275629e7acc41f1f8ffca948c9ae44187a9f4a7e'}}, 'caller': {'address': '0xd79a002d506c8f52af4bdfae5f513e4b8bee6c92'}, 'date': {'date': '2021-05-14'}, 'block': {'height': 12434413}}, {'smartContract': {'address': {'address': '0x040c1d0c53817ad17c87db2f3d633bf37a5a3b94'}}, 'caller': {'address': '0x1cb3391feff3806a6f7fa11b372cb70659304791'}, 'date': {'date': '2021-05-14'}, 'block': {'height': 12434413}}, {'smartContract': {'address': {'address': '0x836d3f8f60f755d9283b36cf4881ed427861d270'}}, 'caller': {'address': '0xd79a002d506c8f52af4bdfae5f513e4b8bee6c92'}, 'date': {'date': '2021-05-14'}, 'block': {'height': 12434413}}, {'smartContract': {'address': {'address': '0x65ce35e6e40cd84737a1c4186cba3b3c8869da0d'}}, 'caller': {'address': '0xd79a002d506c8f52af4bdfae5f513e4b8bee6c92'}, 'date': {'date': '2021-05-14'}, 'block': {'height': 12434413}}, {'smartContract': {'address': {'address': '0xf37660a2ff826690073552ed347bba6c47c065d5'}}, 'caller': {'address': '0xd79a002d506c8f52af4bdfae5f513e4b8bee6c92'}, 'date': {'date': '2021-05-14'}, 'block': {'height': 12434413}}]",2021-03-03
408,408,0x2b591e99afE9f32eAA6214f7B7629768c40Eeb39,HEX (HEX),https://github.com/HexCommunity,0x896f23373667274e8647b99033c2a8461ddD98CC,0.0,[],2019-12-03
409,409,0x3496B523e5C00a4b4150D6721320CdDb234c3079,(Proxy contract) NUM Token (NUM),https://github.com/numbersprotocol,0xaF02f78971b48Ed6dc4B21D19AB91c55ee2fbCa8,0.0,"[{'smartContract': {'address': {'address': '0x3496b523e5c00a4b4150d6721320cddb234c3079'}}, 'caller': {'address': '0xaf02f78971b48ed6dc4b21d19ab91c55ee2fbca8'}, 'date': {'date': '2021-11-05'}, 'block': {'height': 13555419}}, {'smartContract': {'address': {'address': '0xd39015041518064743d955cf550c611b0b68888c'}}, 'caller': {'address': '0xaf02f78971b48ed6dc4b21d19ab91c55ee2fbca8'}, 'date': {'date': '2021-11-05'}, 'block': {'height': 13555415}}, {'smartContract': {'address': {'address': '0x2776b574baa29ae87b47741c174add582aeb8ad6'}}, 'caller': {'address': '0xaf02f78971b48ed6dc4b21d19ab91c55ee2fbca8'}, 'date': {'date': '2021-11-05'}, 'block': {'height': 13555400}}, {'smartContract': {'address': {'address': '0xdb4b8f08975a2cb4b1ffb6183c32bb0623ef7e85'}}, 'caller': {'address': '0xaf02f78971b48ed6dc4b21d19ab91c55ee2fbca8'}, 'date': {'date': '2021-11-05'}, 'block': {'height': 13555395}}, {'smartContract': {'address': {'address': '0x30306d33665a1db7de14a76b2cf7d32b7af13f9e'}}, 'caller': {'address': '0xaf02f78971b48ed6dc4b21d19ab91c55ee2fbca8'}, 'date': {'date': '2021-11-05'}, 'block': {'height': 13555385}}, {'smartContract': {'address': {'address': '0xfcfdabf41aa4b020fa6f6ff016e1acd60c10caba'}}, 'caller': {'address': '0xaf02f78971b48ed6dc4b21d19ab91c55ee2fbca8'}, 'date': {'date': '2021-11-05'}, 'block': {'height': 13555382}}, {'smartContract': {'address': {'address': '0x4b1a0a67274baae9aa4f8fe2866ff701dcd1a92c'}}, 'caller': {'address': '0xaf02f78971b48ed6dc4b21d19ab91c55ee2fbca8'}, 'date': {'date': '2021-11-05'}, 'block': {'height': 13555332}}, {'smartContract': {'address': {'address': '0x1ca7c025279e770ac8241ea07f413a45b9b37cfe'}}, 'caller': {'address': '0xaf02f78971b48ed6dc4b21d19ab91c55ee2fbca8'}, 'date': {'date': '2021-11-05'}, 'block': {'height': 13555325}}, {'smartContract': {'address': {'address': '0x6866ede3e2aad59540a40d5bf59726d2043de878'}}, 'caller': {'address': '0xaf02f78971b48ed6dc4b21d19ab91c55ee2fbca8'}, 'date': {'date': '2021-11-05'}, 'block': {'height': 13555323}}, {'smartContract': {'address': {'address': '0x9bafb0da04147276711721627bf37b026dbfe10f'}}, 'caller': {'address': '0xaf02f78971b48ed6dc4b21d19ab91c55ee2fbca8'}, 'date': {'date': '2021-11-05'}, 'block': {'height': 13555300}}, {'smartContract': {'address': {'address': '0x9deba6b6b275994a6b86bd06a5158b66339c907f'}}, 'caller': {'address': '0xaf02f78971b48ed6dc4b21d19ab91c55ee2fbca8'}, 'date': {'date': '2021-11-05'}, 'block': {'height': 13555299}}]",2021-11-05
410,410,0x6FF1BFa14A57594a5874B37ff6AC5efbD9F9599A,Totem Token,,0x563c28105c246453d38f1FF25C98F32514024D9e,0.0,"[{'smartContract': {'address': {'address': '0x30e851c5d4ecc35451a04b3af91bef5c49b10c12'}}, 'caller': {'address': '0x5c69bee701ef814a2b6a3edd4b1652cb9cc5aa6f'}, 'date': {'date': '2021-04-06'}, 'block': {'height': 12183183}}, {'smartContract': {'address': {'address': '0xc5cfde51c9f7cf94126940be5d3fff2d068d3f50'}}, 'caller': {'address': '0x563c28105c246453d38f1ff25c98f32514024d9e'}, 'date': {'date': '2021-04-06'}, 'block': {'height': 12183167}}, {'smartContract': {'address': {'address': '0x9bf326f927574dabc74178418590395c5e784524'}}, 'caller': {'address': '0x563c28105c246453d38f1ff25c98f32514024d9e'}, 'date': {'date': '2021-04-06'}, 'block': {'height': 12183080}}, {'smartContract': {'address': {'address': '0x12d54f2bd3e399769b18993cc02313665b52c5f1'}}, 'caller': {'address': '0x563c28105c246453d38f1ff25c98f32514024d9e'}, 'date': {'date': '2021-04-05'}, 'block': {'height': 12182118}}, {'smartContract': {'address': {'address': '0x92f5f7e84f0daffaec4d371446b22a63eba6261d'}}, 'caller': {'address': '0x563c28105c246453d38f1ff25c98f32514024d9e'}, 'date': {'date': '2021-04-05'}, 'block': {'height': 12182101}}, {'smartContract': {'address': {'address': '0x106243d7c78999c793f84e30ab4c392fdf2caa3d'}}, 'caller': {'address': '0x563c28105c246453d38f1ff25c98f32514024d9e'}, 'date': {'date': '2021-04-05'}, 'block': {'height': 12181690}}, {'smartContract': {'address': {'address': '0x00546bf75124b04122dbb685e3020d683bb0973f'}}, 'caller': {'address': '0x563c28105c246453d38f1ff25c98f32514024d9e'}, 'date': {'date': '2021-04-05'}, 'block': {'height': 12181688}}, {'smartContract': {'address': {'address': '0x9ce622ed9b170cdb4a8b0b98490eb6f774923819'}}, 'caller': {'address': '0x563c28105c246453d38f1ff25c98f32514024d9e'}, 'date': {'date': '2021-04-05'}, 'block': {'height': 12181684}}, {'smartContract': {'address': {'address': '0x772ac09bd0f43d192d536f23ae2717a67682bec4'}}, 'caller': {'address': '0x563c28105c246453d38f1ff25c98f32514024d9e'}, 'date': {'date': '2021-04-05'}, 'block': {'height': 12181679}}, {'smartContract': {'address': {'address': '0xf88a7a0e77df786f76c707a8be6afe608f1e8e16'}}, 'caller': {'address': '0x563c28105c246453d38f1ff25c98f32514024d9e'}, 'date': {'date': '2021-04-05'}, 'block': {'height': 12181654}}, {'smartContract': {'address': {'address': '0x6ff1bfa14a57594a5874b37ff6ac5efbd9f9599a'}}, 'caller': {'address': '0x563c28105c246453d38f1ff25c98f32514024d9e'}, 'date': {'date': '2021-04-05'}, 'block': {'height': 12181651}}]",2021-04-05
411,411,0x37fE0f067FA808fFBDd12891C0858532CFE7361d,Civilization (CIV),https://github.com/sator-settler/civ-token,0x3303D3460F8C57282fBCc3e83dD7c2B936D5d515,0.0,"[{'smartContract': {'address': {'address': '0xed247449a7ca06db5b27b44b2c092f0b48bbdb77'}}, 'caller': {'address': '0x5c69bee701ef814a2b6a3edd4b1652cb9cc5aa6f'}, 'date': {'date': '2021-07-31'}, 'block': {'height': 12934533}}, {'smartContract': {'address': {'address': '0x37fe0f067fa808ffbdd12891c0858532cfe7361d'}}, 'caller': {'address': '0x3303d3460f8c57282fbcc3e83dd7c2b936d5d515'}, 'date': {'date': '2021-07-31'}, 'block': {'height': 12934511}}, {'smartContract': {'address': {'address': '0x8c6fef13586043b11a52889a8f5abc4e18ef5932'}}, 'caller': {'address': '0x3303d3460f8c57282fbcc3e83dd7c2b936d5d515'}, 'date': {'date': '2021-07-31'}, 'block': {'height': 12934494}}]",2021-07-31
412,412,0x3845badAde8e6dFF049820680d1F14bD3903a5d0,SAND (SAND),,0x18dd4e0eb8699eA4FeE238dE41ECfb95e32272f8,0.0,"[{'smartContract': {'address': {'address': '0xd66e157aa2f4e34c66c4f915c72b8c3dc9e15d39'}}, 'caller': {'address': '0x18dd4e0eb8699ea4fee238de41ecfb95e32272f8'}, 'date': {'date': '2021-04-22'}, 'block': {'height': 12289786}}, {'smartContract': {'address': {'address': '0xd6e2d32196ee8f3019ea25bdc9e42d28decb35fd'}}, 'caller': {'address': '0x18dd4e0eb8699ea4fee238de41ecfb95e32272f8'}, 'date': {'date': '2021-04-22'}, 'block': {'height': 12289642}}, {'smartContract': {'address': {'address': '0xb9beca40f6e28d27b1b49fd98ad5b2a3bc1d9a6b'}}, 'caller': {'address': '0x18dd4e0eb8699ea4fee238de41ecfb95e32272f8'}, 'date': {'date': '2021-04-13'}, 'block': {'height': 12232991}}, {'smartContract': {'address': {'address': '0xa4e177abead6758567ef78ffc150741187838cac'}}, 'caller': {'address': '0x18dd4e0eb8699ea4fee238de41ecfb95e32272f8'}, 'date': {'date': '2021-03-12'}, 'block': {'height': 12022982}}, {'smartContract': {'address': {'address': '0xa5d562c1f5dc561db10796f42b7f6933c5045152'}}, 'caller': {'address': '0x18dd4e0eb8699ea4fee238de41ecfb95e32272f8'}, 'date': {'date': '2021-03-12'}, 'block': {'height': 12022964}}, {'smartContract': {'address': {'address': '0x38f9e648383f2b28ca5afe45be2e8838e96941ff'}}, 'caller': {'address': '0x18dd4e0eb8699ea4fee238de41ecfb95e32272f8'}, 'date': {'date': '2021-03-01'}, 'block': {'height': 11952059}}, {'smartContract': {'address': {'address': '0x59898541cc8b454e22f81ad21dfa3f51c8a6ec66'}}, 'caller': {'address': '0x18dd4e0eb8699ea4fee238de41ecfb95e32272f8'}, 'date': {'date': '2021-02-25'}, 'block': {'height': 11926119}}, {'smartContract': {'address': {'address': '0xf54d26853de36ce772c04a4090e235ec71fb1e9b'}}, 'caller': {'address': '0x18dd4e0eb8699ea4fee238de41ecfb95e32272f8'}, 'date': {'date': '2021-02-22'}, 'block': {'height': 11907742}}, {'smartContract': {'address': {'address': '0x089a55baf7052321cbce4bdbf3be568955648d9d'}}, 'caller': {'address': '0x18dd4e0eb8699ea4fee238de41ecfb95e32272f8'}, 'date': {'date': '2021-02-22'}, 'block': {'height': 11906339}}, {'smartContract': {'address': {'address': '0xaf93fe4b2da55a723a1bf91ab67f9a09ea1bced2'}}, 'caller': {'address': '0x18dd4e0eb8699ea4fee238de41ecfb95e32272f8'}, 'date': {'date': '2021-02-10'}, 'block': {'height': 11828739}}, {'smartContract': {'address': {'address': '0xf3297c5892d21956184d41b4edd90cb13ade1e3d'}}, 'caller': {'address': '0x18dd4e0eb8699ea4fee238de41ecfb95e32272f8'}, 'date': {'date': '2021-01-27'}, 'block': {'height': 11740817}}, {'smartContract': {'address': {'address': '0x4d103f2a660114f7fa0e3d78f13acbcd13672e57'}}, 'caller': {'address': '0x18dd4e0eb8699ea4fee238de41ecfb95e32272f8'}, 'date': {'date': '2021-01-21'}, 'block': {'height': 11698442}}, {'smartContract': {'address': {'address': '0x921fd42f147b26b51aa3c7fa3f2e2ce7704c2858'}}, 'caller': {'address': '0x18dd4e0eb8699ea4fee238de41ecfb95e32272f8'}, 'date': {'date': '2021-01-21'}, 'block': {'height': 11698360}}, {'smartContract': {'address': {'address': '0xcd18fba2d6b12aa1ece197428b2de14804e74db0'}}, 'caller': {'address': '0x18dd4e0eb8699ea4fee238de41ecfb95e32272f8'}, 'date': {'date': '2021-01-16'}, 'block': {'height': 11667648}}, {'smartContract': {'address': {'address': '0x145cc61921c65edb92fdf291ba437690b10dd6c4'}}, 'caller': {'address': '0x4e59b44847b379578588920ca78fbf26c0b4956c'}, 'date': {'date': '2021-01-16'}, 'block': {'height': 11664920}}, {'smartContract': {'address': {'address': '0xa342f5d851e866e18ff98f351f2c6637f4478db5'}}, 'caller': {'address': '0x18dd4e0eb8699ea4fee238de41ecfb95e32272f8'}, 'date': {'date': '2021-01-16'}, 'block': {'height': 11664919}}, {'smartContract': {'address': {'address': '0x46ac83d74091dd54b503d89fa92b5c788bcd3886'}}, 'caller': {'address': '0x18dd4e0eb8699ea4fee238de41ecfb95e32272f8'}, 'date': {'date': '2021-01-15'}, 'block': {'height': 11660852}}, {'smartContract': {'address': {'address': '0x7fbf5c9af42a6d146dcc18762f515692cd5f853b'}}, 'caller': {'address': '0x18dd4e0eb8699ea4fee238de41ecfb95e32272f8'}, 'date': {'date': '2021-01-15'}, 'block': {'height': 11660851}}, {'smartContract': {'address': {'address': '0x05831537ff42ac82ddf89790f81cb5c4664be9c1'}}, 'caller': {'address': '0x18dd4e0eb8699ea4fee238de41ecfb95e32272f8'}, 'date': {'date': '2020-12-23'}, 'block': {'height': 11508962}}, {'smartContract': {'address': {'address': '0x656acfd86be535353f0a08a327368ccf7304e819'}}, 'caller': {'address': '0x18dd4e0eb8699ea4fee238de41ecfb95e32272f8'}, 'date': {'date': '2020-12-10'}, 'block': {'height': 11426599}}, {'smartContract': {'address': {'address': '0x55b7b8f50e1d45d34981c2f251606e484a3f97fe'}}, 'caller': {'address': '0x18dd4e0eb8699ea4fee238de41ecfb95e32272f8'}, 'date': {'date': '2020-11-12'}, 'block': {'height': 11242072}}, {'smartContract': {'address': {'address': '0xc0558036701dc5cb01656e05dbc3bb0e85a39ca7'}}, 'caller': {'address': '0x18dd4e0eb8699ea4fee238de41ecfb95e32272f8'}, 'date': {'date': '2020-11-05'}, 'block': {'height': 11197468}}, {'smartContract': {'address': {'address': '0x7c7cd62a9ab6ae50d21b9cad6dae15824bf9a86a'}}, 'caller': {'address': '0x18dd4e0eb8699ea4fee238de41ecfb95e32272f8'}, 'date': {'date': '2020-11-05'}, 'block': {'height': 11197451}}, {'smartContract': {'address': {'address': '0xeae6fd7d8c1740f3f1b03e9a5c35793cd260b9a6'}}, 'caller': {'address': '0x18dd4e0eb8699ea4fee238de41ecfb95e32272f8'}, 'date': {'date': '2020-10-27'}, 'block': {'height': 11138762}}, {'smartContract': {'address': {'address': '0x628f645a5a6d36fde852b906ef18d38a128ed7d1'}}, 'caller': {'address': '0x18dd4e0eb8699ea4fee238de41ecfb95e32272f8'}, 'date': {'date': '2020-10-12'}, 'block': {'height': 11040394}}, {'smartContract': {'address': {'address': '0xc82d6f13d96511977b21bcd9d60b7fc46191daf2'}}, 'caller': {'address': '0x18dd4e0eb8699ea4fee238de41ecfb95e32272f8'}, 'date': {'date': '2020-09-28'}, 'block': {'height': 10950548}}, {'smartContract': {'address': {'address': '0x9afeb4122240b58e67a55e11d55555b4ad73f4d5'}}, 'caller': {'address': '0x18dd4e0eb8699ea4fee238de41ecfb95e32272f8'}, 'date': {'date': '2020-09-28'}, 'block': {'height': 10950546}}, {'smartContract': {'address': {'address': '0xce7467531f0fa949e6cd09a3b8f39e287eec33b8'}}, 'caller': {'address': '0x18dd4e0eb8699ea4fee238de41ecfb95e32272f8'}, 'date': {'date': '2020-09-23'}, 'block': {'height': 10920194}}, {'smartContract': {'address': {'address': '0x157372f9d3c94609adfb967741a0afc0c1db1bbf'}}, 'caller': {'address': '0x18dd4e0eb8699ea4fee238de41ecfb95e32272f8'}, 'date': {'date': '2020-09-11'}, 'block': {'height': 10842900}}, {'smartContract': {'address': {'address': '0x6ee6b3524353739191ec12d573bd6c429a23632d'}}, 'caller': {'address': '0x18dd4e0eb8699ea4fee238de41ecfb95e32272f8'}, 'date': {'date': '2020-09-11'}, 'block': {'height': 10842899}}, {'smartContract': {'address': {'address': '0x2e95319eb7c9051225f1c23f4c8f211b3be91b68'}}, 'caller': {'address': '0x18dd4e0eb8699ea4fee238de41ecfb95e32272f8'}, 'date': {'date': '2020-09-11'}, 'block': {'height': 10842883}}, {'smartContract': {'address': {'address': '0xc3ab64924e552646a0fa119dc4ff1b2cd8ab2d84'}}, 'caller': {'address': '0x18dd4e0eb8699ea4fee238de41ecfb95e32272f8'}, 'date': {'date': '2020-09-11'}, 'block': {'height': 10842851}}, {'smartContract': {'address': {'address': '0xb11822c35a5ffda4b569e93173cb1fa865d6a666'}}, 'caller': {'address': '0x18dd4e0eb8699ea4fee238de41ecfb95e32272f8'}, 'date': {'date': '2020-09-11'}, 'block': {'height': 10842845}}, {'smartContract': {'address': {'address': '0xe372ed8d188517ef4d4bc464c0c068d2002e2903'}}, 'caller': {'address': '0x18dd4e0eb8699ea4fee238de41ecfb95e32272f8'}, 'date': {'date': '2020-07-31'}, 'block': {'height': 10569911}}, {'smartContract': {'address': {'address': '0xc107a1cbc0aacb89ed195b715e85e14d7060d824'}}, 'caller': {'address': '0x18dd4e0eb8699ea4fee238de41ecfb95e32272f8'}, 'date': {'date': '2020-07-31'}, 'block': {'height': 10568237}}, {'smartContract': {'address': {'address': '0xefa52f2f24a82fa27faae3c1ec3cca52806d1aa7'}}, 'caller': {'address': '0x18dd4e0eb8699ea4fee238de41ecfb95e32272f8'}, 'date': {'date': '2020-07-31'}, 'block': {'height': 10568234}}, {'smartContract': {'address': {'address': '0x53b5f276a4b5a842b162b204f13c286a5c16c8b6'}}, 'caller': {'address': '0x18dd4e0eb8699ea4fee238de41ecfb95e32272f8'}, 'date': {'date': '2020-07-31'}, 'block': {'height': 10568228}}, {'smartContract': {'address': {'address': '0x3d0e263ec34fdb9a0be2c437cc2bdb1b30db539b'}}, 'caller': {'address': '0x18dd4e0eb8699ea4fee238de41ecfb95e32272f8'}, 'date': {'date': '2020-07-31'}, 'block': {'height': 10568226}}, {'smartContract': {'address': {'address': '0x4833051511f34d32d3432857df2cd62e864f0a78'}}, 'caller': {'address': '0x18dd4e0eb8699ea4fee238de41ecfb95e32272f8'}, 'date': {'date': '2020-07-31'}, 'block': {'height': 10568224}}, {'smartContract': {'address': {'address': '0x939d2ab1c406d400c63bfe86d11033dddd226070'}}, 'caller': {'address': '0x18dd4e0eb8699ea4fee238de41ecfb95e32272f8'}, 'date': {'date': '2020-07-31'}, 'block': {'height': 10568220}}, {'smartContract': {'address': {'address': '0x3d0c1626fa8f406459163cd31368afdcf3442cbb'}}, 'caller': {'address': '0x18dd4e0eb8699ea4fee238de41ecfb95e32272f8'}, 'date': {'date': '2020-07-31'}, 'block': {'height': 10568219}}, {'smartContract': {'address': {'address': '0x8ff2611da386de427fc96a8073963619c5851ba5'}}, 'caller': {'address': '0x18dd4e0eb8699ea4fee238de41ecfb95e32272f8'}, 'date': {'date': '2020-07-31'}, 'block': {'height': 10568214}}, {'smartContract': {'address': {'address': '0x3b8af23aadabe31fdd079d1720bf357cb3ec67fe'}}, 'caller': {'address': '0x18dd4e0eb8699ea4fee238de41ecfb95e32272f8'}, 'date': {'date': '2020-07-31'}, 'block': {'height': 10568211}}, {'smartContract': {'address': {'address': '0x68fa887a758be6ee48fb2a8224f557752f4012ea'}}, 'caller': {'address': '0x18dd4e0eb8699ea4fee238de41ecfb95e32272f8'}, 'date': {'date': '2020-07-31'}, 'block': {'height': 10568209}}, {'smartContract': {'address': {'address': '0xe4315c1bfe09a9266ef75d3cb521600061865e95'}}, 'caller': {'address': '0x18dd4e0eb8699ea4fee238de41ecfb95e32272f8'}, 'date': {'date': '2020-07-31'}, 'block': {'height': 10568207}}, {'smartContract': {'address': {'address': '0x72507949f40eb230bac7a12c9484f0c21b919b18'}}, 'caller': {'address': '0x18dd4e0eb8699ea4fee238de41ecfb95e32272f8'}, 'date': {'date': '2020-07-31'}, 'block': {'height': 10568205}}, {'smartContract': {'address': {'address': '0x2fc246149b4b8d7bcef6188a10af1791380227f1'}}, 'caller': {'address': '0x18dd4e0eb8699ea4fee238de41ecfb95e32272f8'}, 'date': {'date': '2020-07-31'}, 'block': {'height': 10568201}}, {'smartContract': {'address': {'address': '0x1a802826f12d5b0128aa2e21689fca84e8f57132'}}, 'caller': {'address': '0x18dd4e0eb8699ea4fee238de41ecfb95e32272f8'}, 'date': {'date': '2020-06-12'}, 'block': {'height': 10249662}}, {'smartContract': {'address': {'address': '0x3364a8e0ce0c05cf333531fae764f06b98902718'}}, 'caller': {'address': '0x18dd4e0eb8699ea4fee238de41ecfb95e32272f8'}, 'date': {'date': '2020-06-12'}, 'block': {'height': 10249588}}, {'smartContract': {'address': {'address': '0xb6c9494621cf6fb1da3f78eaf1b53e756ee40bc4'}}, 'caller': {'address': '0x18dd4e0eb8699ea4fee238de41ecfb95e32272f8'}, 'date': {'date': '2020-06-12'}, 'block': {'height': 10249574}}, {'smartContract': {'address': {'address': '0x3eee9c3de463a518c528fd8cf22d2f8222dddca3'}}, 'caller': {'address': '0x18dd4e0eb8699ea4fee238de41ecfb95e32272f8'}, 'date': {'date': '2020-06-12'}, 'block': {'height': 10249572}}, {'smartContract': {'address': {'address': '0x772c34049d8417eef82b546d0e42a45f356bdd2a'}}, 'caller': {'address': '0x18dd4e0eb8699ea4fee238de41ecfb95e32272f8'}, 'date': {'date': '2020-06-11'}, 'block': {'height': 10244477}}, {'smartContract': {'address': {'address': '0x3a6d6ea6014da52561bbe889a683bd86d1413ba3'}}, 'caller': {'address': '0x18dd4e0eb8699ea4fee238de41ecfb95e32272f8'}, 'date': {'date': '2020-06-02'}, 'block': {'height': 10186880}}, {'smartContract': {'address': {'address': '0x36c8dd8328bfd5c6e8544f11b652c2dd5f5c95fd'}}, 'caller': {'address': '0x18dd4e0eb8699ea4fee238de41ecfb95e32272f8'}, 'date': {'date': '2020-06-02'}, 'block': {'height': 10186879}}, {'smartContract': {'address': {'address': '0x1b67d81902608b9765b1b068b52ea46380c4ddfc'}}, 'caller': {'address': '0x18dd4e0eb8699ea4fee238de41ecfb95e32272f8'}, 'date': {'date': '2020-06-02'}, 'block': {'height': 10186878}}, {'smartContract': {'address': {'address': '0xe0c07d040da3ce59c445026a9fc677bd12ab1be1'}}, 'caller': {'address': '0x18dd4e0eb8699ea4fee238de41ecfb95e32272f8'}, 'date': {'date': '2020-06-02'}, 'block': {'height': 10186875}}, {'smartContract': {'address': {'address': '0x717e67692908f4002915eb5e40e0503d333059f3'}}, 'caller': {'address': '0x18dd4e0eb8699ea4fee238de41ecfb95e32272f8'}, 'date': {'date': '2020-06-02'}, 'block': {'height': 10186850}}, {'smartContract': {'address': {'address': '0x1cc7657c4d8d300544acc7f519cec11fd484dbee'}}, 'caller': {'address': '0x18dd4e0eb8699ea4fee238de41ecfb95e32272f8'}, 'date': {'date': '2020-06-02'}, 'block': {'height': 10186836}}]",2019-10-29
413,413,0x389999216860AB8E0175387A0c90E5c52522C945,FEGtoken (FEG),,0x3B30Bac3c331168e40FC6338BA2295A2F3adDe52,0.0,"[{'smartContract': {'address': {'address': '0xccbbe5b65df9cbc6537f1efa6086b2a8bf948d81'}}, 'caller': {'address': '0x3b30bac3c331168e40fc6338ba2295a2f3adde52'}, 'date': {'date': '2021-10-19'}, 'block': {'height': 13447664}}, {'smartContract': {'address': {'address': '0x87d7adda3fb7d6c34ccc3e57c11874c04318a9cc'}}, 'caller': {'address': '0x3b30bac3c331168e40fc6338ba2295a2f3adde52'}, 'date': {'date': '2021-10-19'}, 'block': {'height': 13447640}}, {'smartContract': {'address': {'address': '0x64dff3471c48e34f1298559847f69a2e0e97fa61'}}, 'caller': {'address': '0x3b30bac3c331168e40fc6338ba2295a2f3adde52'}, 'date': {'date': '2021-09-20'}, 'block': {'height': 13262348}}, {'smartContract': {'address': {'address': '0x37ee78e65eced6433ce8e55b1764ad37011c2c3a'}}, 'caller': {'address': '0xb53b0e3478844096a50de70e77c7b0f9b8868a0a'}, 'date': {'date': '2021-09-20'}, 'block': {'height': 13261755}}, {'smartContract': {'address': {'address': '0xb53b0e3478844096a50de70e77c7b0f9b8868a0a'}}, 'caller': {'address': '0x3b30bac3c331168e40fc6338ba2295a2f3adde52'}, 'date': {'date': '2021-09-20'}, 'block': {'height': 13261731}}, {'smartContract': {'address': {'address': '0x48e7117f29e8a82b2b3c07b926a1f9d69f0117ef'}}, 'caller': {'address': '0x3b30bac3c331168e40fc6338ba2295a2f3adde52'}, 'date': {'date': '2021-09-20'}, 'block': {'height': 13261262}}, {'smartContract': {'address': {'address': '0xf2bda964ec2d2fcb1610c886ed4831bf58f64948'}}, 'caller': {'address': '0x3b30bac3c331168e40fc6338ba2295a2f3adde52'}, 'date': {'date': '2021-09-20'}, 'block': {'height': 13261193}}, {'smartContract': {'address': {'address': '0x19b5ac4b7702e7b7b06b5a3ff8e8ed377fa06d65'}}, 'caller': {'address': '0x3b30bac3c331168e40fc6338ba2295a2f3adde52'}, 'date': {'date': '2021-09-05'}, 'block': {'height': 13164071}}, {'smartContract': {'address': {'address': '0x0a2755b4cfc70820b35f045addd3090f0f913557'}}, 'caller': {'address': '0x3b30bac3c331168e40fc6338ba2295a2f3adde52'}, 'date': {'date': '2021-09-01'}, 'block': {'height': 13138089}}, {'smartContract': {'address': {'address': '0xb53e8ffc91052eebf6cdf90eef0c42f9cf0a06e8'}}, 'caller': {'address': '0x3b30bac3c331168e40fc6338ba2295a2f3adde52'}, 'date': {'date': '2021-09-01'}, 'block': {'height': 13137686}}, {'smartContract': {'address': {'address': '0x195c0c68da9a832d01891aea5fe9e27df5e4b717'}}, 'caller': {'address': '0xa816b6561ec4af24d5f4d53e533ae9f4410dfc6d'}, 'date': {'date': '2021-09-01'}, 'block': {'height': 13137306}}, {'smartContract': {'address': {'address': '0x6687c90911e8c8a63c790141dbdc08e15ea8904f'}}, 'caller': {'address': '0x3b30bac3c331168e40fc6338ba2295a2f3adde52'}, 'date': {'date': '2021-09-01'}, 'block': {'height': 13137239}}, {'smartContract': {'address': {'address': '0xee04206f584771e5d5d04401d7a496293d282444'}}, 'caller': {'address': '0x3b30bac3c331168e40fc6338ba2295a2f3adde52'}, 'date': {'date': '2021-09-01'}, 'block': {'height': 13137226}}, {'smartContract': {'address': {'address': '0x2de03557ecc3fef96c5ed537e045e907d0e48fb4'}}, 'caller': {'address': '0xa816b6561ec4af24d5f4d53e533ae9f4410dfc6d'}, 'date': {'date': '2021-09-01'}, 'block': {'height': 13137056}}, {'smartContract': {'address': {'address': '0xa816b6561ec4af24d5f4d53e533ae9f4410dfc6d'}}, 'caller': {'address': '0x3b30bac3c331168e40fc6338ba2295a2f3adde52'}, 'date': {'date': '2021-09-01'}, 'block': {'height': 13137015}}, {'smartContract': {'address': {'address': '0xedf66b669976a17db6b246077a18ecd51c973738'}}, 'caller': {'address': '0x3b30bac3c331168e40fc6338ba2295a2f3adde52'}, 'date': {'date': '2021-08-31'}, 'block': {'height': 13134693}}, {'smartContract': {'address': {'address': '0x8dd4d8203a84104300221d402db229b12e0fc0ac'}}, 'caller': {'address': '0x3b30bac3c331168e40fc6338ba2295a2f3adde52'}, 'date': {'date': '2021-08-31'}, 'block': {'height': 13134669}}, {'smartContract': {'address': {'address': '0xfc3f34c28e2af600e5232b692057f88e44d914cf'}}, 'caller': {'address': '0x3b30bac3c331168e40fc6338ba2295a2f3adde52'}, 'date': {'date': '2021-08-31'}, 'block': {'height': 13134645}}, {'smartContract': {'address': {'address': '0xf977cbde7077393e3ce627a76db80f1b4e257e54'}}, 'caller': {'address': '0x3b30bac3c331168e40fc6338ba2295a2f3adde52'}, 'date': {'date': '2021-08-31'}, 'block': {'height': 13134620}}, {'smartContract': {'address': {'address': '0x0f8baa9bf4e0ebaa9111f07f8125df66166a1d9e'}}, 'caller': {'address': '0x3b30bac3c331168e40fc6338ba2295a2f3adde52'}, 'date': {'date': '2021-08-19'}, 'block': {'height': 13056094}}, {'smartContract': {'address': {'address': '0x68d28fb4f9f936bbbdf487c31015d2802b8ace30'}}, 'caller': {'address': '0x3b30bac3c331168e40fc6338ba2295a2f3adde52'}, 'date': {'date': '2021-08-06'}, 'block': {'height': 12972925}}, {'smartContract': {'address': {'address': '0xdd502473908bf5b76a14f831298cff1017e0862c'}}, 'caller': {'address': '0x3b30bac3c331168e40fc6338ba2295a2f3adde52'}, 'date': {'date': '2021-08-06'}, 'block': {'height': 12969086}}, {'smartContract': {'address': {'address': '0xe7f6d714cbeebf9729fce9d718f325a956fb06de'}}, 'caller': {'address': '0x3b30bac3c331168e40fc6338ba2295a2f3adde52'}, 'date': {'date': '2021-07-31'}, 'block': {'height': 12932085}}, {'smartContract': {'address': {'address': '0x8cb2f169b647ac2cc75ba65eaed603c8837eaa26'}}, 'caller': {'address': '0x3b30bac3c331168e40fc6338ba2295a2f3adde52'}, 'date': {'date': '2021-07-31'}, 'block': {'height': 12931800}}, {'smartContract': {'address': {'address': '0x4a9d6b95459eb9532b7e4d82ca214a3b20fa2358'}}, 'caller': {'address': '0x3b30bac3c331168e40fc6338ba2295a2f3adde52'}, 'date': {'date': '2021-07-31'}, 'block': {'height': 12931771}}, {'smartContract': {'address': {'address': '0x42fdd09fca12359f32e3d36f1700e480ff6ebb49'}}, 'caller': {'address': '0x3b30bac3c331168e40fc6338ba2295a2f3adde52'}, 'date': {'date': '2021-07-06'}, 'block': {'height': 12771875}}, {'smartContract': {'address': {'address': '0xa40462266dc28db1d570fc8f8a0f4b72b8618f7a'}}, 'caller': {'address': '0x3b30bac3c331168e40fc6338ba2295a2f3adde52'}, 'date': {'date': '2021-07-01'}, 'block': {'height': 12742665}}, {'smartContract': {'address': {'address': '0xf1e4712c44b24d5633972a6b0edca99b967d989e'}}, 'caller': {'address': '0x3b30bac3c331168e40fc6338ba2295a2f3adde52'}, 'date': {'date': '2021-07-01'}, 'block': {'height': 12742525}}, {'smartContract': {'address': {'address': '0xdc802873cf9f1ce3a5921224cd0a2c3daee0acff'}}, 'caller': {'address': '0x3b30bac3c331168e40fc6338ba2295a2f3adde52'}, 'date': {'date': '2021-07-01'}, 'block': {'height': 12740393}}, {'smartContract': {'address': {'address': '0x504a42fb78da7f603fbd439c0c4c788c01fa9823'}}, 'caller': {'address': '0x3b30bac3c331168e40fc6338ba2295a2f3adde52'}, 'date': {'date': '2021-05-07'}, 'block': {'height': 12384515}}, {'smartContract': {'address': {'address': '0x8e4b1e38c082c7ceb638c084c102352421fe607f'}}, 'caller': {'address': '0x3b30bac3c331168e40fc6338ba2295a2f3adde52'}, 'date': {'date': '2021-05-05'}, 'block': {'height': 12375707}}, {'smartContract': {'address': {'address': '0xbc84f95f089b9291c552eba09d30fd56a932afc9'}}, 'caller': {'address': '0x3b30bac3c331168e40fc6338ba2295a2f3adde52'}, 'date': {'date': '2021-05-05'}, 'block': {'height': 12374524}}, {'smartContract': {'address': {'address': '0x86b9aa0472ff7a8fc4cd4d6d3bbf62783dce7f8d'}}, 'caller': {'address': '0x3b30bac3c331168e40fc6338ba2295a2f3adde52'}, 'date': {'date': '2021-05-03'}, 'block': {'height': 12360994}}, {'smartContract': {'address': {'address': '0x42ddf00e5f03c3f8309c5be1c8baca10032aa3e3'}}, 'caller': {'address': '0x3b30bac3c331168e40fc6338ba2295a2f3adde52'}, 'date': {'date': '2021-04-30'}, 'block': {'height': 12339291}}, {'smartContract': {'address': {'address': '0x52b65ce1391c49eae108017c4442077b3c2bd17a'}}, 'caller': {'address': '0x3b30bac3c331168e40fc6338ba2295a2f3adde52'}, 'date': {'date': '2021-04-27'}, 'block': {'height': 12322010}}, {'smartContract': {'address': {'address': '0x979838c9c16fd365c9fe028b0bea49b1750d86e9'}}, 'caller': {'address': '0x3b30bac3c331168e40fc6338ba2295a2f3adde52'}, 'date': {'date': '2021-04-27'}, 'block': {'height': 12321898}}, {'smartContract': {'address': {'address': '0x7aa28f21d300cc2eb3d2a02926839a0f13a8f4e9'}}, 'caller': {'address': '0x3b30bac3c331168e40fc6338ba2295a2f3adde52'}, 'date': {'date': '2021-04-27'}, 'block': {'height': 12321661}}, {'smartContract': {'address': {'address': '0xe3cdb92b094a3bef3f16103b53becfb17a3558ad'}}, 'caller': {'address': '0x3b30bac3c331168e40fc6338ba2295a2f3adde52'}, 'date': {'date': '2021-04-27'}, 'block': {'height': 12321626}}, {'smartContract': {'address': {'address': '0x6ce5afd6578e7a1cbafac4f5124ac8f4434f7eb7'}}, 'caller': {'address': '0x3b30bac3c331168e40fc6338ba2295a2f3adde52'}, 'date': {'date': '2021-04-27'}, 'block': {'height': 12321537}}, {'smartContract': {'address': {'address': '0x04788562ab11ea3a5201d579e2b3ee7a3f74f1fa'}}, 'caller': {'address': '0x3b30bac3c331168e40fc6338ba2295a2f3adde52'}, 'date': {'date': '2021-04-08'}, 'block': {'height': 12198879}}, {'smartContract': {'address': {'address': '0xd315e769c95a79563acf4f2cff620d76aa02e030'}}, 'caller': {'address': '0x3b30bac3c331168e40fc6338ba2295a2f3adde52'}, 'date': {'date': '2021-04-08'}, 'block': {'height': 12198817}}, {'smartContract': {'address': {'address': '0x5bcf1f407c0fc922074283b4e11daaf539f6644d'}}, 'caller': {'address': '0x3b30bac3c331168e40fc6338ba2295a2f3adde52'}, 'date': {'date': '2021-04-08'}, 'block': {'height': 12198769}}, {'smartContract': {'address': {'address': '0x7cbfa36d57e5fb9723d715787049d2101c323347'}}, 'caller': {'address': '0x3b30bac3c331168e40fc6338ba2295a2f3adde52'}, 'date': {'date': '2021-04-01'}, 'block': {'height': 12151425}}, {'smartContract': {'address': {'address': '0xf786c34106762ab4eeb45a51b42a62470e9d5332'}}, 'caller': {'address': '0x3b30bac3c331168e40fc6338ba2295a2f3adde52'}, 'date': {'date': '2021-04-01'}, 'block': {'height': 12151372}}, {'smartContract': {'address': {'address': '0xdb71cd7e86d13b10686ba71d44f31d05e7151fba'}}, 'caller': {'address': '0xa5409ec958c83c3f309868babaca7c86dcb077c1'}, 'date': {'date': '2021-02-07'}, 'block': {'height': 11812264}}, {'smartContract': {'address': {'address': '0x854373387e41371ac6e307a1f29603c6fa10d872'}}, 'caller': {'address': '0x5c69bee701ef814a2b6a3edd4b1652cb9cc5aa6f'}, 'date': {'date': '2021-01-31'}, 'block': {'height': 11766909}}, {'smartContract': {'address': {'address': '0x389999216860ab8e0175387a0c90e5c52522c945'}}, 'caller': {'address': '0x3b30bac3c331168e40fc6338ba2295a2f3adde52'}, 'date': {'date': '2021-01-31'}, 'block': {'height': 11762222}}]",2021-01-31
414,414,0x3C4B6E6e1eA3D4863700D7F76b36B7f3D3f13E3d,Voyager Token,,0x2751912ce2CD636B9924B9a9Ff84714a2e16943d,0.0,"[{'smartContract': {'address': {'address': '0x8692e782ea478623f3342e0fb3936f6530c5d54f'}}, 'caller': {'address': '0x2751912ce2cd636b9924b9a9ff84714a2e16943d'}, 'date': {'date': '2021-07-28'}, 'block': {'height': 12916788}}, {'smartContract': {'address': {'address': '0xd6a32053a58a33b05bad9b388c82bccf203ee714'}}, 'caller': {'address': '0x2751912ce2cd636b9924b9a9ff84714a2e16943d'}, 'date': {'date': '2021-07-28'}, 'block': {'height': 12916717}}, {'smartContract': {'address': {'address': '0x93afd571f4bce3f599f95ee714fef6b284c36ff9'}}, 'caller': {'address': '0xd6a32053a58a33b05bad9b388c82bccf203ee714'}, 'date': {'date': '2021-07-28'}, 'block': {'height': 12916717}}, {'smartContract': {'address': {'address': '0x933bb73de8fcfb74415fbc99561623c593bf3b61'}}, 'caller': {'address': '0x7d69168bc5a4120d3e3d7462b363730014001e0d'}, 'date': {'date': '2021-07-28'}, 'block': {'height': 12916707}}, {'smartContract': {'address': {'address': '0x7d69168bc5a4120d3e3d7462b363730014001e0d'}}, 'caller': {'address': '0x2751912ce2cd636b9924b9a9ff84714a2e16943d'}, 'date': {'date': '2021-07-28'}, 'block': {'height': 12916707}}, {'smartContract': {'address': {'address': '0x3c4b6e6e1ea3d4863700d7f76b36b7f3d3f13e3d'}}, 'caller': {'address': '0x2751912ce2cd636b9924b9a9ff84714a2e16943d'}, 'date': {'date': '2021-07-28'}, 'block': {'height': 12916697}}, {'smartContract': {'address': {'address': '0xcf6b13fd98c6df357da232091b99d22395e5ed14'}}, 'caller': {'address': '0x2751912ce2cd636b9924b9a9ff84714a2e16943d'}, 'date': {'date': '2021-07-28'}, 'block': {'height': 12916691}}, {'smartContract': {'address': {'address': '0xcac2139089582db61a64513b4b66f99d2ed181ac'}}, 'caller': {'address': '0x2751912ce2cd636b9924b9a9ff84714a2e16943d'}, 'date': {'date': '2021-07-28'}, 'block': {'height': 12916691}}, {'smartContract': {'address': {'address': '0xdabdd22de0f32e9071da08728f18fe2a88d45977'}}, 'caller': {'address': '0x2751912ce2cd636b9924b9a9ff84714a2e16943d'}, 'date': {'date': '2021-07-28'}, 'block': {'height': 12916664}}]",2021-07-29
415,415,0x3b484b82567a09e2588A13D54D032153f0c0aEe0,SOS,,0x20f1Da6B7913F62e09C9c03B5F9fefFC82C8Bc18,0.0,"[{'smartContract': {'address': {'address': '0xa525c126ea633221c3958525fab7aa73c217f03c'}}, 'caller': {'address': '0x20f1da6b7913f62e09c9c03b5f9feffc82c8bc18'}, 'date': {'date': '2022-07-01'}, 'block': {'height': 15057224}}, {'smartContract': {'address': {'address': '0x8ccd45af7e8cd2c7a9f7d33df225cd15603f3f27'}}, 'caller': {'address': '0x20f1da6b7913f62e09c9c03b5f9feffc82c8bc18'}, 'date': {'date': '2022-07-01'}, 'block': {'height': 15057172}}, {'smartContract': {'address': {'address': '0x7e351934bb84bbc4d8c483335f83991cb6241eb8'}}, 'caller': {'address': '0x20f1da6b7913f62e09c9c03b5f9feffc82c8bc18'}, 'date': {'date': '2022-06-30'}, 'block': {'height': 15048970}}, {'smartContract': {'address': {'address': '0xd3814346f232ac7493b8e266276920455aa7e413'}}, 'caller': {'address': '0x20f1da6b7913f62e09c9c03b5f9feffc82c8bc18'}, 'date': {'date': '2022-06-30'}, 'block': {'height': 15047787}}, {'smartContract': {'address': {'address': '0x729c53408210b729805bf1ae4a6991c5828ed9a0'}}, 'caller': {'address': '0x20f1da6b7913f62e09c9c03b5f9feffc82c8bc18'}, 'date': {'date': '2022-05-21'}, 'block': {'height': 14817996}}, {'smartContract': {'address': {'address': '0x1291b04064f14392090c15b228514f510a568e35'}}, 'caller': {'address': '0x20f1da6b7913f62e09c9c03b5f9feffc82c8bc18'}, 'date': {'date': '2022-05-21'}, 'block': {'height': 14817996}}, {'smartContract': {'address': {'address': '0x27064f51f0e7f7e6a787d53af0da936c507e9719'}}, 'caller': {'address': '0x729c53408210b729805bf1ae4a6991c5828ed9a0'}, 'date': {'date': '2022-05-21'}, 'block': {'height': 14817996}}, {'smartContract': {'address': {'address': '0xbc033d0946c2950e67476878b6bb46079da78233'}}, 'caller': {'address': '0x20f1da6b7913f62e09c9c03b5f9feffc82c8bc18'}, 'date': {'date': '2022-05-21'}, 'block': {'height': 14817899}}, {'smartContract': {'address': {'address': '0x30a2db8e7dbc4aa0dc8a098e04a5e07a5162ecf4'}}, 'caller': {'address': '0x20f1da6b7913f62e09c9c03b5f9feffc82c8bc18'}, 'date': {'date': '2022-05-21'}, 'block': {'height': 14817883}}, {'smartContract': {'address': {'address': '0x2121e4d93e3352b812a5b3fd7fbd194c4bb662b1'}}, 'caller': {'address': '0x20f1da6b7913f62e09c9c03b5f9feffc82c8bc18'}, 'date': {'date': '2022-03-04'}, 'block': {'height': 14321897}}, {'smartContract': {'address': {'address': '0xd22f83e8a1502b1d41c0b40cf64b291a6eabc44d'}}, 'caller': {'address': '0x20f1da6b7913f62e09c9c03b5f9feffc82c8bc18'}, 'date': {'date': '2022-01-22'}, 'block': {'height': 14055991}}, {'smartContract': {'address': {'address': '0x41cbac56ea5ec878135082f0f8d9a232a854447e'}}, 'caller': {'address': '0x20f1da6b7913f62e09c9c03b5f9feffc82c8bc18'}, 'date': {'date': '2022-01-08'}, 'block': {'height': 13965912}}, {'smartContract': {'address': {'address': '0xedd27c961ce6f79afc16fd287d934ee31a90d7d1'}}, 'caller': {'address': '0x20f1da6b7913f62e09c9c03b5f9feffc82c8bc18'}, 'date': {'date': '2022-01-04'}, 'block': {'height': 13938731}}, {'smartContract': {'address': {'address': '0x8744cd468a3d309ac8589bbb24f8ef79d2d723eb'}}, 'caller': {'address': '0x20f1da6b7913f62e09c9c03b5f9feffc82c8bc18'}, 'date': {'date': '2021-12-29'}, 'block': {'height': 13900613}}, {'smartContract': {'address': {'address': '0x3b484b82567a09e2588a13d54d032153f0c0aee0'}}, 'caller': {'address': '0x20f1da6b7913f62e09c9c03b5f9feffc82c8bc18'}, 'date': {'date': '2021-12-23'}, 'block': {'height': 13860522}}]",2021-12-23
416,416,0x3c48Ca59bf2699E51d4974d4B6D284AE52076e5e,Capital DAO Starter Token,,0x56348e77b02B7d0f4e5114ee2594C06F8C684692,0.0,"[{'smartContract': {'address': {'address': '0x04b870c7e3b1bb22171cb3ce0239bc12cf7152ef'}}, 'caller': {'address': '0x56348e77b02b7d0f4e5114ee2594c06f8c684692'}, 'date': {'date': '2021-11-29'}, 'block': {'height': 13709155}}, {'smartContract': {'address': {'address': '0xa1ac4b6f6e2579c3cba05c4b1907381c5e7f25a9'}}, 'caller': {'address': '0x56348e77b02b7d0f4e5114ee2594c06f8c684692'}, 'date': {'date': '2021-11-23'}, 'block': {'height': 13671985}}, {'smartContract': {'address': {'address': '0x944c2f13ce8fe48c10fd855b8c9fca473f18dd34'}}, 'caller': {'address': '0x56348e77b02b7d0f4e5114ee2594c06f8c684692'}, 'date': {'date': '2021-11-23'}, 'block': {'height': 13671948}}, {'smartContract': {'address': {'address': '0x3153cd6bb81da13ae121f9ab29146ad928838e72'}}, 'caller': {'address': '0x56348e77b02b7d0f4e5114ee2594c06f8c684692'}, 'date': {'date': '2021-11-23'}, 'block': {'height': 13671894}}, {'smartContract': {'address': {'address': '0x3b434b4b2b3f5a83afae6d66a61a59442db8e545'}}, 'caller': {'address': '0x56348e77b02b7d0f4e5114ee2594c06f8c684692'}, 'date': {'date': '2021-11-23'}, 'block': {'height': 13671780}}, {'smartContract': {'address': {'address': '0x0a6bfa6aaaef29cbb6c9e25961cc01849b5c97eb'}}, 'caller': {'address': '0x56348e77b02b7d0f4e5114ee2594c06f8c684692'}, 'date': {'date': '2021-10-30'}, 'block': {'height': 13517236}}, {'smartContract': {'address': {'address': '0x4753659d2e431304eff2a95a16bae4e768acb72b'}}, 'caller': {'address': '0x56348e77b02b7d0f4e5114ee2594c06f8c684692'}, 'date': {'date': '2021-10-30'}, 'block': {'height': 13517073}}, {'smartContract': {'address': {'address': '0xb74c385cbf463aa5ba5686e06fa582852bf1dd32'}}, 'caller': {'address': '0x56348e77b02b7d0f4e5114ee2594c06f8c684692'}, 'date': {'date': '2021-10-30'}, 'block': {'height': 13517042}}, {'smartContract': {'address': {'address': '0x3c48ca59bf2699e51d4974d4b6d284ae52076e5e'}}, 'caller': {'address': '0x56348e77b02b7d0f4e5114ee2594c06f8c684692'}, 'date': {'date': '2021-10-30'}, 'block': {'height': 13517040}}]",2021-10-30
417,417,0x4c11249814f11b9346808179Cf06e71ac328c1b5,Oraichain Token (ORAI),https://github.com/oraichain,0x8ae1874f2F9f26Eeecf1855aDEC19F530e3CdEaa,0.0,"[{'smartContract': {'address': {'address': '0xc187c9782364e3db55802f3a51ac887ca8d1b43a'}}, 'caller': {'address': '0x8ae1874f2f9f26eeecf1855adec19f530e3cdeaa'}, 'date': {'date': '2021-04-04'}, 'block': {'height': 12171800}}, {'smartContract': {'address': {'address': '0xd7419f02a2633b1d0fbe0d2fe65e526218fefc92'}}, 'caller': {'address': '0x8ae1874f2f9f26eeecf1855adec19f530e3cdeaa'}, 'date': {'date': '2021-04-04'}, 'block': {'height': 12171775}}, {'smartContract': {'address': {'address': '0xab6bc3cdf2c0687fd698e798369c08e4256f001c'}}, 'caller': {'address': '0x8ae1874f2f9f26eeecf1855adec19f530e3cdeaa'}, 'date': {'date': '2021-03-30'}, 'block': {'height': 12138150}}, {'smartContract': {'address': {'address': '0xb4d6bafed9c6451aeb15665982b55af5913f22cf'}}, 'caller': {'address': '0x8ae1874f2f9f26eeecf1855adec19f530e3cdeaa'}, 'date': {'date': '2021-03-17'}, 'block': {'height': 12055614}}, {'smartContract': {'address': {'address': '0x289268e0b5f05e514834ea37aa9777ce077696a0'}}, 'caller': {'address': '0x8ae1874f2f9f26eeecf1855adec19f530e3cdeaa'}, 'date': {'date': '2021-03-16'}, 'block': {'height': 12047634}}, {'smartContract': {'address': {'address': '0xa3fb6dadc973e43188492037aab279a8e36f1320'}}, 'caller': {'address': '0x8ae1874f2f9f26eeecf1855adec19f530e3cdeaa'}, 'date': {'date': '2021-03-15'}, 'block': {'height': 12040783}}, {'smartContract': {'address': {'address': '0xe5f2624521db6cdeb4147b429754dfbc05abe0a0'}}, 'caller': {'address': '0x8ae1874f2f9f26eeecf1855adec19f530e3cdeaa'}, 'date': {'date': '2021-03-14'}, 'block': {'height': 12036002}}, {'smartContract': {'address': {'address': '0x3a32406ea448c67af05105e18bbc267c5692fd7a'}}, 'caller': {'address': '0x8ae1874f2f9f26eeecf1855adec19f530e3cdeaa'}, 'date': {'date': '2021-02-17'}, 'block': {'height': 11871515}}, {'smartContract': {'address': {'address': '0x5f82c5d72a64379529f2ab731b447b8760ff418a'}}, 'caller': {'address': '0x8ae1874f2f9f26eeecf1855adec19f530e3cdeaa'}, 'date': {'date': '2021-02-16'}, 'block': {'height': 11866258}}, {'smartContract': {'address': {'address': '0xec59e173a4af31ebe657573e9e3ac73d24e32f6e'}}, 'caller': {'address': '0x8ae1874f2f9f26eeecf1855adec19f530e3cdeaa'}, 'date': {'date': '2021-02-15'}, 'block': {'height': 11862993}}, {'smartContract': {'address': {'address': '0x8dca5685067e5df9d6efbf9657496e682c16b893'}}, 'caller': {'address': '0x8ae1874f2f9f26eeecf1855adec19f530e3cdeaa'}, 'date': {'date': '2021-02-10'}, 'block': {'height': 11829805}}, {'smartContract': {'address': {'address': '0xe5eb74f2e4e17080effd35556cf860f34fdb1e28'}}, 'caller': {'address': '0x8ae1874f2f9f26eeecf1855adec19f530e3cdeaa'}, 'date': {'date': '2021-02-08'}, 'block': {'height': 11814547}}, {'smartContract': {'address': {'address': '0x3088661b3c3f5b40ccecc6135da7d292cc1ebf47'}}, 'caller': {'address': '0x8ae1874f2f9f26eeecf1855adec19f530e3cdeaa'}, 'date': {'date': '2021-02-07'}, 'block': {'height': 11808277}}, {'smartContract': {'address': {'address': '0x081b3bad625835d57bba294f25054bac19246947'}}, 'caller': {'address': '0x8ae1874f2f9f26eeecf1855adec19f530e3cdeaa'}, 'date': {'date': '2021-01-29'}, 'block': {'height': 11751114}}, {'smartContract': {'address': {'address': '0x78850f0822c8da6a9d06031360f2b7ed1694105e'}}, 'caller': {'address': '0x8ae1874f2f9f26eeecf1855adec19f530e3cdeaa'}, 'date': {'date': '2021-01-18'}, 'block': {'height': 11678616}}, {'smartContract': {'address': {'address': '0x07e2e3619a69727a420d368d571d457e137403d3'}}, 'caller': {'address': '0x8ae1874f2f9f26eeecf1855adec19f530e3cdeaa'}, 'date': {'date': '2021-01-18'}, 'block': {'height': 11678058}}, {'smartContract': {'address': {'address': '0x3d5c50f93c6b307de88b4c63212cca746673278f'}}, 'caller': {'address': '0x8ae1874f2f9f26eeecf1855adec19f530e3cdeaa'}, 'date': {'date': '2021-01-09'}, 'block': {'height': 11619305}}, {'smartContract': {'address': {'address': '0x33ecc0c02fa468fcbb9556e6f44a65bf2560cc92'}}, 'caller': {'address': '0x8ae1874f2f9f26eeecf1855adec19f530e3cdeaa'}, 'date': {'date': '2021-01-08'}, 'block': {'height': 11615417}}, {'smartContract': {'address': {'address': '0x7bc16c60f46a252b0341a9cc9a6e00d759d25b56'}}, 'caller': {'address': '0x8ae1874f2f9f26eeecf1855adec19f530e3cdeaa'}, 'date': {'date': '2020-12-30'}, 'block': {'height': 11556760}}, {'smartContract': {'address': {'address': '0x4d03d74d3a89064ef5b294852e8ae499774b7068'}}, 'caller': {'address': '0x8ae1874f2f9f26eeecf1855adec19f530e3cdeaa'}, 'date': {'date': '2020-12-26'}, 'block': {'height': 11526040}}, {'smartContract': {'address': {'address': '0x29dbb73e3c7a43fb1f4b647b022ef0158f3153a1'}}, 'caller': {'address': '0x8ae1874f2f9f26eeecf1855adec19f530e3cdeaa'}, 'date': {'date': '2020-12-25'}, 'block': {'height': 11523623}}, {'smartContract': {'address': {'address': '0x71b460b26ecf17d0b02cac595c86b6279375cb5c'}}, 'caller': {'address': '0x8ae1874f2f9f26eeecf1855adec19f530e3cdeaa'}, 'date': {'date': '2020-12-25'}, 'block': {'height': 11522102}}, {'smartContract': {'address': {'address': '0x8f38e2fb45c7efa8af6981be0bb46a4b61c2b8f0'}}, 'caller': {'address': '0x8ae1874f2f9f26eeecf1855adec19f530e3cdeaa'}, 'date': {'date': '2020-11-12'}, 'block': {'height': 11241925}}, {'smartContract': {'address': {'address': '0x79481133237e468c326bb7a8e54dc249d231eb7d'}}, 'caller': {'address': '0x8ae1874f2f9f26eeecf1855adec19f530e3cdeaa'}, 'date': {'date': '2020-11-11'}, 'block': {'height': 11234766}}, {'smartContract': {'address': {'address': '0xaf9136559026fa9a8e216c34c94c86fc42cd6373'}}, 'caller': {'address': '0x8ae1874f2f9f26eeecf1855adec19f530e3cdeaa'}, 'date': {'date': '2020-10-15'}, 'block': {'height': 11058954}}, {'smartContract': {'address': {'address': '0x8dcff4f1653f45cf418b0b3a5080a0fdcac577c8'}}, 'caller': {'address': '0x8ae1874f2f9f26eeecf1855adec19f530e3cdeaa'}, 'date': {'date': '2020-10-14'}, 'block': {'height': 11052662}}, {'smartContract': {'address': {'address': '0x35e05ea793eb20fe9b75c55bc0c51d8a7017100d'}}, 'caller': {'address': '0x8ae1874f2f9f26eeecf1855adec19f530e3cdeaa'}, 'date': {'date': '2020-10-09'}, 'block': {'height': 11020987}}, {'smartContract': {'address': {'address': '0x0bf729b3ed116501cb0912ece261ad9e1bfce791'}}, 'caller': {'address': '0x8ae1874f2f9f26eeecf1855adec19f530e3cdeaa'}, 'date': {'date': '2020-10-09'}, 'block': {'height': 11020900}}, {'smartContract': {'address': {'address': '0x50410884462a075f27fd1c9030b955f2abe798d7'}}, 'caller': {'address': '0x8ae1874f2f9f26eeecf1855adec19f530e3cdeaa'}, 'date': {'date': '2020-10-09'}, 'block': {'height': 11020441}}, {'smartContract': {'address': {'address': '0xe48b40b3003d6ef728f42d7fc1e7e3ce8e2dfd0a'}}, 'caller': {'address': '0x8ae1874f2f9f26eeecf1855adec19f530e3cdeaa'}, 'date': {'date': '2020-10-09'}, 'block': {'height': 11020300}}, {'smartContract': {'address': {'address': '0x52746b187f6544b0d590dcd34f3ababf5ffee128'}}, 'caller': {'address': '0x8ae1874f2f9f26eeecf1855adec19f530e3cdeaa'}, 'date': {'date': '2020-09-24'}, 'block': {'height': 10928084}}, {'smartContract': {'address': {'address': '0xa325ad6d9c92b55a3fc5ad7e412b1518f96441c0'}}, 'caller': {'address': '0x8ae1874f2f9f26eeecf1855adec19f530e3cdeaa'}, 'date': {'date': '2020-09-24'}, 'block': {'height': 10924703}}, {'smartContract': {'address': {'address': '0x4c11249814f11b9346808179cf06e71ac328c1b5'}}, 'caller': {'address': '0x8ae1874f2f9f26eeecf1855adec19f530e3cdeaa'}, 'date': {'date': '2020-09-24'}, 'block': {'height': 10922614}}]",2020-09-24
418,418,0xb8919522331C59f5C16bDfAA6A121a6E03A91F62,(Proxy contract) Home,,0x67368f4c89DDa2a82D12D3a703c32C35ff343bF6,0.0,"[{'smartContract': {'address': {'address': '0x91b66b64896a3ffba7294be0cbcdbecfe5007b32'}}, 'caller': {'address': '0x67368f4c89dda2a82d12d3a703c32c35ff343bf6'}, 'date': {'date': '2022-12-15'}, 'block': {'height': 16186494}}, {'smartContract': {'address': {'address': '0x6e10a28948153a39b06d483273efd5a0513f537c'}}, 'caller': {'address': '0x67368f4c89dda2a82d12d3a703c32c35ff343bf6'}, 'date': {'date': '2022-12-14'}, 'block': {'height': 16185974}}, {'smartContract': {'address': {'address': '0xbd9e10ab2d848b0309dc6edfaa22e7b1a838a1d6'}}, 'caller': {'address': '0x67368f4c89dda2a82d12d3a703c32c35ff343bf6'}, 'date': {'date': '2022-12-03'}, 'block': {'height': 16100805}}, {'smartContract': {'address': {'address': '0xcf730d0d63238ad8e23dbf512b24f5dd23da5c32'}}, 'caller': {'address': '0x67368f4c89dda2a82d12d3a703c32c35ff343bf6'}, 'date': {'date': '2022-12-02'}, 'block': {'height': 16094280}}, {'smartContract': {'address': {'address': '0x8306e9b3e923107219d28aae076be259dae4428b'}}, 'caller': {'address': '0x67368f4c89dda2a82d12d3a703c32c35ff343bf6'}, 'date': {'date': '2022-11-16'}, 'block': {'height': 15979625}}, {'smartContract': {'address': {'address': '0x6da4dfd8bc7530112b78e3429de8c998b533ac50'}}, 'caller': {'address': '0x67368f4c89dda2a82d12d3a703c32c35ff343bf6'}, 'date': {'date': '2022-11-15'}, 'block': {'height': 15977173}}, {'smartContract': {'address': {'address': '0x9aaa33e74c2247eb20a0cf8916c60ad885789f4d'}}, 'caller': {'address': '0x67368f4c89dda2a82d12d3a703c32c35ff343bf6'}, 'date': {'date': '2022-11-14'}, 'block': {'height': 15971346}}, {'smartContract': {'address': {'address': '0xa5125298ac50152fa7588c697737a7a4238fe27a'}}, 'caller': {'address': '0x67368f4c89dda2a82d12d3a703c32c35ff343bf6'}, 'date': {'date': '2022-11-14'}, 'block': {'height': 15971340}}, {'smartContract': {'address': {'address': '0xbd09c768032e740bac61708d51bd3f1c347ee29c'}}, 'caller': {'address': '0x67368f4c89dda2a82d12d3a703c32c35ff343bf6'}, 'date': {'date': '2022-11-08'}, 'block': {'height': 15921732}}, {'smartContract': {'address': {'address': '0xafd08b7c4759a13d9860e84352d8575b7b58efd0'}}, 'caller': {'address': '0x67368f4c89dda2a82d12d3a703c32c35ff343bf6'}, 'date': {'date': '2022-10-16'}, 'block': {'height': 15763898}}, {'smartContract': {'address': {'address': '0x30f173c098f67211310bb3b76a902c531eda5ef7'}}, 'caller': {'address': '0x67368f4c89dda2a82d12d3a703c32c35ff343bf6'}, 'date': {'date': '2022-10-04'}, 'block': {'height': 15678009}}, {'smartContract': {'address': {'address': '0x3784a5e946c8050a2a535540b67d4b72e6c7f108'}}, 'caller': {'address': '0x67368f4c89dda2a82d12d3a703c32c35ff343bf6'}, 'date': {'date': '2022-10-04'}, 'block': {'height': 15677999}}, {'smartContract': {'address': {'address': '0xd76d68a2873feda54c6cedbb178bf2e5c2b47c07'}}, 'caller': {'address': '0x67368f4c89dda2a82d12d3a703c32c35ff343bf6'}, 'date': {'date': '2022-10-04'}, 'block': {'height': 15677993}}, {'smartContract': {'address': {'address': '0xadf8b1ed51349991a7d5f4b6ec4d04f8d562870c'}}, 'caller': {'address': '0x67368f4c89dda2a82d12d3a703c32c35ff343bf6'}, 'date': {'date': '2022-10-04'}, 'block': {'height': 15677987}}, {'smartContract': {'address': {'address': '0xc067fa5bf1aa350651761badb164bcac981290ec'}}, 'caller': {'address': '0x67368f4c89dda2a82d12d3a703c32c35ff343bf6'}, 'date': {'date': '2022-10-04'}, 'block': {'height': 15677902}}, {'smartContract': {'address': {'address': '0x5c221daab5cca46a2e8f99b3595882b9e51905fe'}}, 'caller': {'address': '0x67368f4c89dda2a82d12d3a703c32c35ff343bf6'}, 'date': {'date': '2022-10-04'}, 'block': {'height': 15677899}}, {'smartContract': {'address': {'address': '0xc0aa8722eb6cc3319ef9e6bde858c95b97a315dc'}}, 'caller': {'address': '0x67368f4c89dda2a82d12d3a703c32c35ff343bf6'}, 'date': {'date': '2022-10-04'}, 'block': {'height': 15677894}}, {'smartContract': {'address': {'address': '0x67f195d9053fec94759cf9ec44c52848255303a3'}}, 'caller': {'address': '0x67368f4c89dda2a82d12d3a703c32c35ff343bf6'}, 'date': {'date': '2022-09-20'}, 'block': {'height': 15577980}}, {'smartContract': {'address': {'address': '0x34e5e2e571ea4c54a2106c7d8f4df9a6366ef5d4'}}, 'caller': {'address': '0x67368f4c89dda2a82d12d3a703c32c35ff343bf6'}, 'date': {'date': '2022-08-27'}, 'block': {'height': 15422708}}, {'smartContract': {'address': {'address': '0xb808106186b6cfafc3b71af83f985f48c10730e6'}}, 'caller': {'address': '0x67368f4c89dda2a82d12d3a703c32c35ff343bf6'}, 'date': {'date': '2022-08-27'}, 'block': {'height': 15422705}}, {'smartContract': {'address': {'address': '0x0ded611897dc91f292f0a1d87a6b1c609f86b3e0'}}, 'caller': {'address': '0x67368f4c89dda2a82d12d3a703c32c35ff343bf6'}, 'date': {'date': '2022-08-27'}, 'block': {'height': 15422701}}, {'smartContract': {'address': {'address': '0x7e35cb5e09af462d210036b18d7101ef09f8cef0'}}, 'caller': {'address': '0x67368f4c89dda2a82d12d3a703c32c35ff343bf6'}, 'date': {'date': '2022-08-23'}, 'block': {'height': 15393975}}, {'smartContract': {'address': {'address': '0xc88898a5f103abc8ab50fd2b727fe34fa3b5b2f7'}}, 'caller': {'address': '0x67368f4c89dda2a82d12d3a703c32c35ff343bf6'}, 'date': {'date': '2022-08-11'}, 'block': {'height': 15322551}}, {'smartContract': {'address': {'address': '0x751477aa4a23f102fc66e00a5b10781d02ce2e2e'}}, 'caller': {'address': '0x67368f4c89dda2a82d12d3a703c32c35ff343bf6'}, 'date': {'date': '2022-08-11'}, 'block': {'height': 15322544}}, {'smartContract': {'address': {'address': '0x7b864a39958948403dd36b5d8bb6c3101f877f93'}}, 'caller': {'address': '0x67368f4c89dda2a82d12d3a703c32c35ff343bf6'}, 'date': {'date': '2022-08-11'}, 'block': {'height': 15322539}}, {'smartContract': {'address': {'address': '0x53615ff3858ff9283ff9355c585da49a64b1bacf'}}, 'caller': {'address': '0x67368f4c89dda2a82d12d3a703c32c35ff343bf6'}, 'date': {'date': '2022-08-11'}, 'block': {'height': 15322536}}, {'smartContract': {'address': {'address': '0xb827b209b388856f23845a56d8b34cf26fda171f'}}, 'caller': {'address': '0x67368f4c89dda2a82d12d3a703c32c35ff343bf6'}, 'date': {'date': '2022-08-11'}, 'block': {'height': 15322531}}, {'smartContract': {'address': {'address': '0x454277396e4325e8d28d05ba700dc077f5e6162c'}}, 'caller': {'address': '0x67368f4c89dda2a82d12d3a703c32c35ff343bf6'}, 'date': {'date': '2022-08-11'}, 'block': {'height': 15322519}}, {'smartContract': {'address': {'address': '0x738bbf9a1b578528f05df1d9fbe812ee50e49682'}}, 'caller': {'address': '0x67368f4c89dda2a82d12d3a703c32c35ff343bf6'}, 'date': {'date': '2022-06-07'}, 'block': {'height': 14919502}}, {'smartContract': {'address': {'address': '0x123b8efb9d8d474e7b4b72b614c5e104e4209429'}}, 'caller': {'address': '0x67368f4c89dda2a82d12d3a703c32c35ff343bf6'}, 'date': {'date': '2022-06-07'}, 'block': {'height': 14919497}}, {'smartContract': {'address': {'address': '0xd8681517f4e499da03d69fa884ca014f67fca326'}}, 'caller': {'address': '0x67368f4c89dda2a82d12d3a703c32c35ff343bf6'}, 'date': {'date': '2022-06-07'}, 'block': {'height': 14919494}}, {'smartContract': {'address': {'address': '0xcf8ec438477657d6be472d42f3f0e1f39c52f1f6'}}, 'caller': {'address': '0x67368f4c89dda2a82d12d3a703c32c35ff343bf6'}, 'date': {'date': '2022-06-02'}, 'block': {'height': 14891946}}, {'smartContract': {'address': {'address': '0x74bef2e2539149343d691c4719566207ae4c4ea8'}}, 'caller': {'address': '0x67368f4c89dda2a82d12d3a703c32c35ff343bf6'}, 'date': {'date': '2022-06-02'}, 'block': {'height': 14887855}}, {'smartContract': {'address': {'address': '0x224e61537eacbfd879200cb925d7f9c45b792cab'}}, 'caller': {'address': '0x67368f4c89dda2a82d12d3a703c32c35ff343bf6'}, 'date': {'date': '2022-05-20'}, 'block': {'height': 14812191}}, {'smartContract': {'address': {'address': '0xec530877efeb8d9e0dd38040f515080a19418bad'}}, 'caller': {'address': '0x67368f4c89dda2a82d12d3a703c32c35ff343bf6'}, 'date': {'date': '2022-05-20'}, 'block': {'height': 14812188}}, {'smartContract': {'address': {'address': '0x5ab9d1abe9db1edde5e56286c54a263ec1361e5d'}}, 'caller': {'address': '0x67368f4c89dda2a82d12d3a703c32c35ff343bf6'}, 'date': {'date': '2022-05-18'}, 'block': {'height': 14801793}}, {'smartContract': {'address': {'address': '0x58652a80171b92cdd95cc307e5cc5fd0a76a2038'}}, 'caller': {'address': '0x67368f4c89dda2a82d12d3a703c32c35ff343bf6'}, 'date': {'date': '2022-05-18'}, 'block': {'height': 14801789}}, {'smartContract': {'address': {'address': '0x09b9189d5e5925e3cad2214cda7fd972870ef55f'}}, 'caller': {'address': '0x67368f4c89dda2a82d12d3a703c32c35ff343bf6'}, 'date': {'date': '2022-05-17'}, 'block': {'height': 14794701}}, {'smartContract': {'address': {'address': '0x58fad01e50f8492ce999eb0d3b1367161442cfcd'}}, 'caller': {'address': '0x67368f4c89dda2a82d12d3a703c32c35ff343bf6'}, 'date': {'date': '2022-05-17'}, 'block': {'height': 14794698}}, {'smartContract': {'address': {'address': '0x78d6058eb89a9475a0e37ed18c7ccff16db391ae'}}, 'caller': {'address': '0x67368f4c89dda2a82d12d3a703c32c35ff343bf6'}, 'date': {'date': '2022-05-17'}, 'block': {'height': 14794694}}, {'smartContract': {'address': {'address': '0x6c3d13c9052069c25f15fd744cff152aad3a51fd'}}, 'caller': {'address': '0x67368f4c89dda2a82d12d3a703c32c35ff343bf6'}, 'date': {'date': '2022-05-17'}, 'block': {'height': 14794691}}, {'smartContract': {'address': {'address': '0x426321c2c20f4daf0001b8520c939eb38eac1ecb'}}, 'caller': {'address': '0x67368f4c89dda2a82d12d3a703c32c35ff343bf6'}, 'date': {'date': '2022-05-17'}, 'block': {'height': 14794686}}, {'smartContract': {'address': {'address': '0xf6456b3b43411dc5d6835ede475f7331742ae7fb'}}, 'caller': {'address': '0x67368f4c89dda2a82d12d3a703c32c35ff343bf6'}, 'date': {'date': '2022-05-17'}, 'block': {'height': 14794386}}, {'smartContract': {'address': {'address': '0x1e8b495397e26a3329dd559654b85325291a69a5'}}, 'caller': {'address': '0x67368f4c89dda2a82d12d3a703c32c35ff343bf6'}, 'date': {'date': '2022-05-17'}, 'block': {'height': 14794382}}, {'smartContract': {'address': {'address': '0x2be31427c22f59288c8fc389ff19dd1655e28720'}}, 'caller': {'address': '0x67368f4c89dda2a82d12d3a703c32c35ff343bf6'}, 'date': {'date': '2022-05-03'}, 'block': {'height': 14702044}}, {'smartContract': {'address': {'address': '0xfc604e9e4bb67d5fff40605cbe47669fe45f02f2'}}, 'caller': {'address': '0x67368f4c89dda2a82d12d3a703c32c35ff343bf6'}, 'date': {'date': '2022-05-03'}, 'block': {'height': 14702040}}, {'smartContract': {'address': {'address': '0x118be5a7250581ac96298d9405734bcd6e731e0e'}}, 'caller': {'address': '0x67368f4c89dda2a82d12d3a703c32c35ff343bf6'}, 'date': {'date': '2022-05-03'}, 'block': {'height': 14702037}}, {'smartContract': {'address': {'address': '0xd492d6a27829c3e35fb4b03d1cded6e7021821ca'}}, 'caller': {'address': '0x67368f4c89dda2a82d12d3a703c32c35ff343bf6'}, 'date': {'date': '2022-04-15'}, 'block': {'height': 14590670}}, {'smartContract': {'address': {'address': '0xc8d9ac11c125dfe2a69d3a7e11e958dc95f3e3fa'}}, 'caller': {'address': '0x67368f4c89dda2a82d12d3a703c32c35ff343bf6'}, 'date': {'date': '2022-04-13'}, 'block': {'height': 14577522}}, {'smartContract': {'address': {'address': '0x792659b0990c790e23db9cf1f1c066d6a780ce10'}}, 'caller': {'address': '0x67368f4c89dda2a82d12d3a703c32c35ff343bf6'}, 'date': {'date': '2022-04-05'}, 'block': {'height': 14527445}}, {'smartContract': {'address': {'address': '0xfd762041f1bc6c16ca2b4fe60b65391d97bc3ed0'}}, 'caller': {'address': '0x67368f4c89dda2a82d12d3a703c32c35ff343bf6'}, 'date': {'date': '2022-03-16'}, 'block': {'height': 14399784}}, {'smartContract': {'address': {'address': '0x3da8d917e406f7ac22ab985870a2f755bbf3d59f'}}, 'caller': {'address': '0x67368f4c89dda2a82d12d3a703c32c35ff343bf6'}, 'date': {'date': '2022-03-16'}, 'block': {'height': 14398401}}, {'smartContract': {'address': {'address': '0x0113de6b8433dee1259e5d69330847b08e7559bf'}}, 'caller': {'address': '0x67368f4c89dda2a82d12d3a703c32c35ff343bf6'}, 'date': {'date': '2022-03-12'}, 'block': {'height': 14368610}}, {'smartContract': {'address': {'address': '0xc01f096cfc8e2b34dbeeb5a979b9359969be08da'}}, 'caller': {'address': '0x67368f4c89dda2a82d12d3a703c32c35ff343bf6'}, 'date': {'date': '2022-03-11'}, 'block': {'height': 14367821}}, {'smartContract': {'address': {'address': '0xf53f00f844b381963a47fde3325011566870b31f'}}, 'caller': {'address': '0x67368f4c89dda2a82d12d3a703c32c35ff343bf6'}, 'date': {'date': '2022-03-11'}, 'block': {'height': 14367801}}, {'smartContract': {'address': {'address': '0x9c17aeeb2f5ddd797bbf7e818a959fcfec6168d6'}}, 'caller': {'address': '0x67368f4c89dda2a82d12d3a703c32c35ff343bf6'}, 'date': {'date': '2022-03-08'}, 'block': {'height': 14343432}}, {'smartContract': {'address': {'address': '0xf45744b96095a664a8fd7de6a3847c5cb273b7d7'}}, 'caller': {'address': '0x67368f4c89dda2a82d12d3a703c32c35ff343bf6'}, 'date': {'date': '2022-03-08'}, 'block': {'height': 14343429}}, {'smartContract': {'address': {'address': '0xe2220ea7da2e20e038a93e9131aa0e0eea1d0830'}}, 'caller': {'address': '0x67368f4c89dda2a82d12d3a703c32c35ff343bf6'}, 'date': {'date': '2022-03-05'}, 'block': {'height': 14327915}}, {'smartContract': {'address': {'address': '0xabb55d166bb028d0d73c9aa31e294c88cfe29579'}}, 'caller': {'address': '0x67368f4c89dda2a82d12d3a703c32c35ff343bf6'}, 'date': {'date': '2022-02-02'}, 'block': {'height': 14123611}}, {'smartContract': {'address': {'address': '0x574703381d4cb4eeb474e43eee97e3d9986e48a7'}}, 'caller': {'address': '0x67368f4c89dda2a82d12d3a703c32c35ff343bf6'}, 'date': {'date': '2022-02-02'}, 'block': {'height': 14123550}}, {'smartContract': {'address': {'address': '0x83a80cb703089702907e46b83421fd8c72892b66'}}, 'caller': {'address': '0x67368f4c89dda2a82d12d3a703c32c35ff343bf6'}, 'date': {'date': '2022-02-02'}, 'block': {'height': 14123550}}, {'smartContract': {'address': {'address': '0xa54d2ebfd977ad836203c85f18db2f0a0cf88854'}}, 'caller': {'address': '0x67368f4c89dda2a82d12d3a703c32c35ff343bf6'}, 'date': {'date': '2022-01-27'}, 'block': {'height': 14088553}}, {'smartContract': {'address': {'address': '0xda4014d4f6f4acaf2934c045cc2969d11ec87214'}}, 'caller': {'address': '0x67368f4c89dda2a82d12d3a703c32c35ff343bf6'}, 'date': {'date': '2022-01-27'}, 'block': {'height': 14088546}}, {'smartContract': {'address': {'address': '0xdfbb89738ef9f1f838c5bbaaa72e98368622dc56'}}, 'caller': {'address': '0x67368f4c89dda2a82d12d3a703c32c35ff343bf6'}, 'date': {'date': '2022-01-27'}, 'block': {'height': 14088543}}, {'smartContract': {'address': {'address': '0xf4e4c445a64d1f3eb7192ef78b956aca78f893e5'}}, 'caller': {'address': '0x67368f4c89dda2a82d12d3a703c32c35ff343bf6'}, 'date': {'date': '2022-01-27'}, 'block': {'height': 14088540}}, {'smartContract': {'address': {'address': '0xa7e737c56c33630210c5e0f12608f0c6308c8012'}}, 'caller': {'address': '0x67368f4c89dda2a82d12d3a703c32c35ff343bf6'}, 'date': {'date': '2022-01-27'}, 'block': {'height': 14088537}}, {'smartContract': {'address': {'address': '0x5ba4901e28e0bc7aeb2326b5a91a02421f61f9dc'}}, 'caller': {'address': '0x67368f4c89dda2a82d12d3a703c32c35ff343bf6'}, 'date': {'date': '2022-01-27'}, 'block': {'height': 14088532}}, {'smartContract': {'address': {'address': '0x81187352861c88b7c9545ec23b5ad40925b1fc42'}}, 'caller': {'address': '0x67368f4c89dda2a82d12d3a703c32c35ff343bf6'}, 'date': {'date': '2022-01-27'}, 'block': {'height': 14088529}}, {'smartContract': {'address': {'address': '0x781ad73f140815763d9a4d4752daf9203361d07d'}}, 'caller': {'address': '0x67368f4c89dda2a82d12d3a703c32c35ff343bf6'}, 'date': {'date': '2022-01-27'}, 'block': {'height': 14088524}}, {'smartContract': {'address': {'address': '0x8523c9e4056b757c513526f4b9e2598b181b9b44'}}, 'caller': {'address': '0x67368f4c89dda2a82d12d3a703c32c35ff343bf6'}, 'date': {'date': '2021-11-12'}, 'block': {'height': 13603211}}, {'smartContract': {'address': {'address': '0xd723f581d5cda90577dc664d0a7e754ebcc938d2'}}, 'caller': {'address': '0x67368f4c89dda2a82d12d3a703c32c35ff343bf6'}, 'date': {'date': '2021-10-16'}, 'block': {'height': 13426110}}, {'smartContract': {'address': {'address': '0xee1ed19e6d5aca3c89e21a9c2df6572c3b2dbbfc'}}, 'caller': {'address': '0x67368f4c89dda2a82d12d3a703c32c35ff343bf6'}, 'date': {'date': '2021-10-16'}, 'block': {'height': 13426105}}, {'smartContract': {'address': {'address': '0x1020bd5ea4543b78919347b1e370d7b68031dc5d'}}, 'caller': {'address': '0x67368f4c89dda2a82d12d3a703c32c35ff343bf6'}, 'date': {'date': '2021-09-22'}, 'block': {'height': 13276745}}, {'smartContract': {'address': {'address': '0xdaf3963c26db74682d84cf8899ec1502429a2946'}}, 'caller': {'address': '0x67368f4c89dda2a82d12d3a703c32c35ff343bf6'}, 'date': {'date': '2021-09-22'}, 'block': {'height': 13276708}}, {'smartContract': {'address': {'address': '0x0e5af5cc3df53fcab8a92f07d6189e4189ed6ceb'}}, 'caller': {'address': '0x67368f4c89dda2a82d12d3a703c32c35ff343bf6'}, 'date': {'date': '2021-09-22'}, 'block': {'height': 13276669}}, {'smartContract': {'address': {'address': '0x7378318e4343117188f40377f4e2f50409b6ec31'}}, 'caller': {'address': '0x67368f4c89dda2a82d12d3a703c32c35ff343bf6'}, 'date': {'date': '2021-09-22'}, 'block': {'height': 13276663}}, {'smartContract': {'address': {'address': '0xb8919522331c59f5c16bdfaa6a121a6e03a91f62'}}, 'caller': {'address': '0x67368f4c89dda2a82d12d3a703c32c35ff343bf6'}, 'date': {'date': '2021-07-28'}, 'block': {'height': 12916875}}, {'smartContract': {'address': {'address': '0x5729890f78c07bc2d1c09345001f6c1f0c9d7d6f'}}, 'caller': {'address': '0x67368f4c89dda2a82d12d3a703c32c35ff343bf6'}, 'date': {'date': '2021-07-28'}, 'block': {'height': 12916278}}, {'smartContract': {'address': {'address': '0xe92d07270433dc6dd9ff1ed637acd792d15d761c'}}, 'caller': {'address': '0x67368f4c89dda2a82d12d3a703c32c35ff343bf6'}, 'date': {'date': '2021-07-28'}, 'block': {'height': 12916204}}, {'smartContract': {'address': {'address': '0x43f7901f45a7feea9c1e795f114c3df9d8792af0'}}, 'caller': {'address': '0x67368f4c89dda2a82d12d3a703c32c35ff343bf6'}, 'date': {'date': '2021-07-28'}, 'block': {'height': 12916168}}]",2021-07-29
419,419,0x5197FBE1a86679FF1360E27862BF88B0c5119BD8,BITPIF,,0xDeF1b9Be18cd90cF82Fa250bc9e9fa94aD96f463,0.0,"[{'smartContract': {'address': {'address': '0x167dfb5789606b73492e7355a22fd61761ec4ca5'}}, 'caller': {'address': '0xa6b71e26c5e0845f74c812102ca7114b6a896ab2'}, 'date': {'date': '2022-07-16'}, 'block': {'height': 15151959}}, {'smartContract': {'address': {'address': '0xccacbaff877003853374bdebca2b0adac463da12'}}, 'caller': {'address': '0xcf8719e3767de77c28f935b30e59b8896f0454f9'}, 'date': {'date': '2022-04-10'}, 'block': {'height': 14557575}}, {'smartContract': {'address': {'address': '0x5f0b3d111dc3e27ecac483c5d981a27974cb84b4'}}, 'caller': {'address': '0xcf8719e3767de77c28f935b30e59b8896f0454f9'}, 'date': {'date': '2022-04-10'}, 'block': {'height': 14557566}}, {'smartContract': {'address': {'address': '0x27195cb7002a9e121249adc693460f98e69f93ef'}}, 'caller': {'address': '0xcf8719e3767de77c28f935b30e59b8896f0454f9'}, 'date': {'date': '2022-04-10'}, 'block': {'height': 14557543}}, {'smartContract': {'address': {'address': '0xfc2c975ac2b14b5f073141a0ba75e1e36d21bbb1'}}, 'caller': {'address': '0xcf8719e3767de77c28f935b30e59b8896f0454f9'}, 'date': {'date': '2022-04-10'}, 'block': {'height': 14557533}}, {'smartContract': {'address': {'address': '0xcf8719e3767de77c28f935b30e59b8896f0454f9'}}, 'caller': {'address': '0xdef1b9be18cd90cf82fa250bc9e9fa94ad96f463'}, 'date': {'date': '2022-04-10'}, 'block': {'height': 14557439}}, {'smartContract': {'address': {'address': '0x5f0a9f3c72e8e38a0c3d95d07533ca1a4b449a44'}}, 'caller': {'address': '0xdef1b9be18cd90cf82fa250bc9e9fa94ad96f463'}, 'date': {'date': '2021-10-23'}, 'block': {'height': 13473252}}, {'smartContract': {'address': {'address': '0xa6421a5425d541c8cabae5276ba26289eecf34c5'}}, 'caller': {'address': '0xae03233307865623aaef76da9ade669b86e6f20a'}, 'date': {'date': '2021-08-03'}, 'block': {'height': 12953691}}, {'smartContract': {'address': {'address': '0xeb20b6dda329685863c7193d8c3b13d3def9a02f'}}, 'caller': {'address': '0x0959158b6040d32d04c301a72cbfd6b39e21c9ae'}, 'date': {'date': '2021-06-26'}, 'block': {'height': 12709281}}, {'smartContract': {'address': {'address': '0xf539c369136c5f86f7bf408e853c2c6ffacacfbd'}}, 'caller': {'address': '0xc0aee478e3658e2610c5f7a4a2e1777ce9e4f2ac'}, 'date': {'date': '2021-06-08'}, 'block': {'height': 12594088}}, {'smartContract': {'address': {'address': '0x6d905919ab41de27dc566acd1f04f4f1ca60a160'}}, 'caller': {'address': '0x69bd9afc2e77dc9e36b9d077d638e7ca7af6ee4d'}, 'date': {'date': '2021-05-25'}, 'block': {'height': 12504548}}, {'smartContract': {'address': {'address': '0x69bd9afc2e77dc9e36b9d077d638e7ca7af6ee4d'}}, 'caller': {'address': '0xdef1b9be18cd90cf82fa250bc9e9fa94ad96f463'}, 'date': {'date': '2021-05-25'}, 'block': {'height': 12503472}}, {'smartContract': {'address': {'address': '0x1da83856f1e2fa6ff07072a4108fd57e13812714'}}, 'caller': {'address': '0xdef1b9be18cd90cf82fa250bc9e9fa94ad96f463'}, 'date': {'date': '2020-11-16'}, 'block': {'height': 11269866}}, {'smartContract': {'address': {'address': '0xd7f0e65960b392c2f1065e13f312ca1c42b2c524'}}, 'caller': {'address': '0x5c69bee701ef814a2b6a3edd4b1652cb9cc5aa6f'}, 'date': {'date': '2020-11-06'}, 'block': {'height': 11205774}}, {'smartContract': {'address': {'address': '0xe53e3168b3542c8992ba13081ad43b0eb0c32cf5'}}, 'caller': {'address': '0xdef1b9be18cd90cf82fa250bc9e9fa94ad96f463'}, 'date': {'date': '2020-11-03'}, 'block': {'height': 11185411}}, {'smartContract': {'address': {'address': '0xd1e1cfd8cd7a76464dee8142a2858b9f2023229a'}}, 'caller': {'address': '0xdef1b9be18cd90cf82fa250bc9e9fa94ad96f463'}, 'date': {'date': '2020-11-03'}, 'block': {'height': 11184492}}, {'smartContract': {'address': {'address': '0xa2b37bb22a3e685c5c7ee19dbcc06344fa35d6dc'}}, 'caller': {'address': '0xdef1b9be18cd90cf82fa250bc9e9fa94ad96f463'}, 'date': {'date': '2020-08-23'}, 'block': {'height': 10719341}}, {'smartContract': {'address': {'address': '0x0111842555a378cbaa937eb02818101d0040733b'}}, 'caller': {'address': '0x5c69bee701ef814a2b6a3edd4b1652cb9cc5aa6f'}, 'date': {'date': '2020-07-06'}, 'block': {'height': 10407078}}, {'smartContract': {'address': {'address': '0x23ea32e648d8986e423b25713f818d5c9292bf17'}}, 'caller': {'address': '0xa26e15c895efc0616177b7c1e7270a4c7d51c997'}, 'date': {'date': '2020-06-10'}, 'block': {'height': 10239224}}, {'smartContract': {'address': {'address': '0x80ebe7560dd4cb6e10fdb5f88c7f4ed157020e22'}}, 'caller': {'address': '0xc0a47dfe034b400b47bdad5fecda2621de6c4d95'}, 'date': {'date': '2020-05-11'}, 'block': {'height': 10046878}}, {'smartContract': {'address': {'address': '0x5197fbe1a86679ff1360e27862bf88b0c5119bd8'}}, 'caller': {'address': '0xdef1b9be18cd90cf82fa250bc9e9fa94ad96f463'}, 'date': {'date': '2020-05-11'}, 'block': {'height': 10046751}}]",2020-05-11
420,420,0x7815bDa662050D84718B988735218CFfd32f75ea,YEL Token,https://github.com/YieldEnhancementLabs,0xc4E3057A4410e118c3B357D049838407Ad95943d,0.0,"[{'smartContract': {'address': {'address': '0x5cfd4128f506bba032b024cf01a43fdcc204dc1f'}}, 'caller': {'address': '0xc4e3057a4410e118c3b357d049838407ad95943d'}, 'date': {'date': '2021-06-08'}, 'block': {'height': 12590997}}, {'smartContract': {'address': {'address': '0x7815bda662050d84718b988735218cffd32f75ea'}}, 'caller': {'address': '0xc4e3057a4410e118c3b357d049838407ad95943d'}, 'date': {'date': '2021-06-08'}, 'block': {'height': 12590936}}]",2021-06-08
421,421,0xEAc9873291dDAcA754EA5642114151f3035c67A2,Protocol: - Generic,,0x291d3813D975317B4375E050217c5335Ab28e87f,0.0,"[{'smartContract': {'address': {'address': '0x359334f6d14b29636c7a56d59e16b452934bf855'}}, 'caller': {'address': '0x291d3813d975317b4375e050217c5335ab28e87f'}, 'date': {'date': '2022-10-24'}, 'block': {'height': 15818956}}, {'smartContract': {'address': {'address': '0xe9db727f613774bbe5383b8d6203cb6ceb8c1631'}}, 'caller': {'address': '0x291d3813d975317b4375e050217c5335ab28e87f'}, 'date': {'date': '2021-12-15'}, 'block': {'height': 13808704}}, {'smartContract': {'address': {'address': '0xeac9873291ddaca754ea5642114151f3035c67a2'}}, 'caller': {'address': '0x291d3813d975317b4375e050217c5335ab28e87f'}, 'date': {'date': '2021-12-15'}, 'block': {'height': 13808579}}]",2021-12-15
422,422,0x83e6f1E41cdd28eAcEB20Cb649155049Fac3D5Aa,PolkastarterToken,,0x529c5a5152Ae3B2F24Bb7800441F9d630e85DE61,0.0,"[{'smartContract': {'address': {'address': '0x83e6f1e41cdd28eaceb20cb649155049fac3d5aa'}}, 'caller': {'address': '0x529c5a5152ae3b2f24bb7800441f9d630e85de61'}, 'date': {'date': '2020-09-28'}, 'block': {'height': 10953732}}, {'smartContract': {'address': {'address': '0xa8ff9e209e70ccbde820b75c51ece964ee165e04'}}, 'caller': {'address': '0x529c5a5152ae3b2f24bb7800441f9d630e85de61'}, 'date': {'date': '2020-09-28'}, 'block': {'height': 10953730}}]",2020-09-29
423,423,0xC91a71A1fFA3d8B22ba615BA1B9c01b2BBBf55ad,ZigZag,https://github.com/ZigZagExchange,0x60bAfCe7AF8Cc6C69D92952453AcEE1d4Da7e7D8,0.0,"[{'smartContract': {'address': {'address': '0xc91c885580da11ac060bdd692bdaa7ee29cfc976'}}, 'caller': {'address': '0x60bafce7af8cc6c69d92952453acee1d4da7e7d8'}, 'date': {'date': '2022-07-26'}, 'block': {'height': 15219240}}, {'smartContract': {'address': {'address': '0xc91a71a1ffa3d8b22ba615ba1b9c01b2bbbf55ad'}}, 'caller': {'address': '0x60bafce7af8cc6c69d92952453acee1d4da7e7d8'}, 'date': {'date': '2022-06-13'}, 'block': {'height': 14958731}}]",2022-06-14
424,424,0x1321f1f1aa541A56C31682c57b80ECfCCd9bB288,ARCx Governance Token,,0x9c767178528c8a205DF63305ebdA4BB6B147889b,0.0,"[{'smartContract': {'address': {'address': '0x01a7829ed334302328840db15da56525a7f677e9'}}, 'caller': {'address': '0x9c767178528c8a205df63305ebda4bb6b147889b'}, 'date': {'date': '2022-11-07'}, 'block': {'height': 15920061}}, {'smartContract': {'address': {'address': '0xba2801c27e44c9cbaa52cad95b993b9a6040f2c8'}}, 'caller': {'address': '0x9c767178528c8a205df63305ebda4bb6b147889b'}, 'date': {'date': '2022-11-03'}, 'block': {'height': 15892657}}, {'smartContract': {'address': {'address': '0x22f7145754ad116c406c0d5c6fa029f63537ae18'}}, 'caller': {'address': '0x9c767178528c8a205df63305ebda4bb6b147889b'}, 'date': {'date': '2022-10-31'}, 'block': {'height': 15868617}}, {'smartContract': {'address': {'address': '0x0bd82cc66200a483bd2dc63011240b749e4d8983'}}, 'caller': {'address': '0x9c767178528c8a205df63305ebda4bb6b147889b'}, 'date': {'date': '2022-10-27'}, 'block': {'height': 15842311}}, {'smartContract': {'address': {'address': '0xd9c4d6e97e4a2cfcc5b569ab857e75c25f58c385'}}, 'caller': {'address': '0x9c767178528c8a205df63305ebda4bb6b147889b'}, 'date': {'date': '2022-10-27'}, 'block': {'height': 15842302}}, {'smartContract': {'address': {'address': '0x09103209c62811229cd7dae2e295f320bedd20bc'}}, 'caller': {'address': '0x9c767178528c8a205df63305ebda4bb6b147889b'}, 'date': {'date': '2022-10-27'}, 'block': {'height': 15842280}}, {'smartContract': {'address': {'address': '0x3b094f5fe47998d43f3d55f7f5f455098de2f3c8'}}, 'caller': {'address': '0x9c767178528c8a205df63305ebda4bb6b147889b'}, 'date': {'date': '2022-10-27'}, 'block': {'height': 15842263}}, {'smartContract': {'address': {'address': '0x6cca7b4461daf16687a2177ccbe307aaeb75218c'}}, 'caller': {'address': '0x9c767178528c8a205df63305ebda4bb6b147889b'}, 'date': {'date': '2022-10-27'}, 'block': {'height': 15841821}}, {'smartContract': {'address': {'address': '0xed88f726baf1aef8ff01ff7fc96b60eaddd2270e'}}, 'caller': {'address': '0x9c767178528c8a205df63305ebda4bb6b147889b'}, 'date': {'date': '2022-10-27'}, 'block': {'height': 15841806}}, {'smartContract': {'address': {'address': '0xb45608c38291971f0b790e6b0e5d64033ea61f53'}}, 'caller': {'address': '0x9c767178528c8a205df63305ebda4bb6b147889b'}, 'date': {'date': '2022-10-27'}, 'block': {'height': 15841782}}, {'smartContract': {'address': {'address': '0xfea2ee696c15732747b57ff7f5032a397908b312'}}, 'caller': {'address': '0x9c767178528c8a205df63305ebda4bb6b147889b'}, 'date': {'date': '2022-10-27'}, 'block': {'height': 15841771}}, {'smartContract': {'address': {'address': '0xa3f75b659045d2c39e7d8a2dcb741bc20db23074'}}, 'caller': {'address': '0x9c767178528c8a205df63305ebda4bb6b147889b'}, 'date': {'date': '2022-10-27'}, 'block': {'height': 15841760}}, {'smartContract': {'address': {'address': '0x3acd681ebb2b71422d6359ded59eac71a1f613d7'}}, 'caller': {'address': '0x9c767178528c8a205df63305ebda4bb6b147889b'}, 'date': {'date': '2022-10-27'}, 'block': {'height': 15841703}}, {'smartContract': {'address': {'address': '0x693c54ccd3b50a00993345bc009e20c5691a0fdf'}}, 'caller': {'address': '0x9c767178528c8a205df63305ebda4bb6b147889b'}, 'date': {'date': '2022-10-27'}, 'block': {'height': 15841696}}, {'smartContract': {'address': {'address': '0x0f5e2c9137cc1e8d8700252ec26ff964c7f9bf60'}}, 'caller': {'address': '0x9c767178528c8a205df63305ebda4bb6b147889b'}, 'date': {'date': '2022-04-12'}, 'block': {'height': 14568863}}, {'smartContract': {'address': {'address': '0x91b1fc48eb9e98d57d7d567391805c1459e2bf6f'}}, 'caller': {'address': '0x9c767178528c8a205df63305ebda4bb6b147889b'}, 'date': {'date': '2022-03-09'}, 'block': {'height': 14355142}}, {'smartContract': {'address': {'address': '0x0c8c14e90efff5a106924d5e77946a7a15b7d435'}}, 'caller': {'address': '0x9c767178528c8a205df63305ebda4bb6b147889b'}, 'date': {'date': '2022-03-09'}, 'block': {'height': 14355141}}, {'smartContract': {'address': {'address': '0x6ef122cacba6eefe4f5331424eb3a0d94d310433'}}, 'caller': {'address': '0x9c767178528c8a205df63305ebda4bb6b147889b'}, 'date': {'date': '2022-01-14'}, 'block': {'height': 14004646}}, {'smartContract': {'address': {'address': '0x5a35c5a4d28fa2cb33eba3de485083b739df63bb'}}, 'caller': {'address': '0x9c767178528c8a205df63305ebda4bb6b147889b'}, 'date': {'date': '2021-12-17'}, 'block': {'height': 13819731}}, {'smartContract': {'address': {'address': '0x477740a17ee61359b88bd9f5204d2397f10b6d72'}}, 'caller': {'address': '0x9c767178528c8a205df63305ebda4bb6b147889b'}, 'date': {'date': '2021-11-24'}, 'block': {'height': 13680010}}, {'smartContract': {'address': {'address': '0x8d9482f6d6f2e6186286f73e7f70392f7d677d44'}}, 'caller': {'address': '0x9c767178528c8a205df63305ebda4bb6b147889b'}, 'date': {'date': '2021-11-18'}, 'block': {'height': 13639845}}, {'smartContract': {'address': {'address': '0x9ee3660d01fe12974468bf916f3a0ad96dc92f31'}}, 'caller': {'address': '0x9c767178528c8a205df63305ebda4bb6b147889b'}, 'date': {'date': '2021-11-18'}, 'block': {'height': 13639785}}, {'smartContract': {'address': {'address': '0x6690d669a4ed1ff2c20536b2fa4d04413c0dbed1'}}, 'caller': {'address': '0x9c767178528c8a205df63305ebda4bb6b147889b'}, 'date': {'date': '2021-10-06'}, 'block': {'height': 13366905}}, {'smartContract': {'address': {'address': '0xad1c28caf4280658533e1ba94f3653f0f47c6824'}}, 'caller': {'address': '0x9c767178528c8a205df63305ebda4bb6b147889b'}, 'date': {'date': '2021-09-23'}, 'block': {'height': 13283205}}, {'smartContract': {'address': {'address': '0xa7db1baed010a7b61b876bf8409a74a18df8a153'}}, 'caller': {'address': '0x9c767178528c8a205df63305ebda4bb6b147889b'}, 'date': {'date': '2021-09-23'}, 'block': {'height': 13283110}}, {'smartContract': {'address': {'address': '0x548ab653a6ab2e54debf05f3a728b602ac1c2e69'}}, 'caller': {'address': '0x9c767178528c8a205df63305ebda4bb6b147889b'}, 'date': {'date': '2021-09-23'}, 'block': {'height': 13282415}}, {'smartContract': {'address': {'address': '0xbfa32fbb6f4e1b8e3ae72173aa3cd4eae8dc0268'}}, 'caller': {'address': '0x9c767178528c8a205df63305ebda4bb6b147889b'}, 'date': {'date': '2021-09-23'}, 'block': {'height': 13282414}}, {'smartContract': {'address': {'address': '0xaf3d36f0e654bfebbd505bb3271017af179bbb26'}}, 'caller': {'address': '0x9c767178528c8a205df63305ebda4bb6b147889b'}, 'date': {'date': '2021-08-24'}, 'block': {'height': 13090802}}, {'smartContract': {'address': {'address': '0x9bffad7a6d5f52dbc51cae33e419793c72fd7d9d'}}, 'caller': {'address': '0x9c767178528c8a205df63305ebda4bb6b147889b'}, 'date': {'date': '2021-08-19'}, 'block': {'height': 13058743}}, {'smartContract': {'address': {'address': '0x4b67b3289fffca4f40c0687f44931c75c473c79e'}}, 'caller': {'address': '0x9c767178528c8a205df63305ebda4bb6b147889b'}, 'date': {'date': '2021-08-19'}, 'block': {'height': 13058742}}, {'smartContract': {'address': {'address': '0xbc4c7957b0d32c660a66c8fad1cfdf008330c154'}}, 'caller': {'address': '0x9c767178528c8a205df63305ebda4bb6b147889b'}, 'date': {'date': '2021-08-19'}, 'block': {'height': 13058712}}, {'smartContract': {'address': {'address': '0xee14e604d6e413f006644f8944dade6b1187e141'}}, 'caller': {'address': '0x9c767178528c8a205df63305ebda4bb6b147889b'}, 'date': {'date': '2021-08-19'}, 'block': {'height': 13058711}}, {'smartContract': {'address': {'address': '0xd054c6481da9d74bd34a4be14ebd3d812595a520'}}, 'caller': {'address': '0x9c767178528c8a205df63305ebda4bb6b147889b'}, 'date': {'date': '2021-08-19'}, 'block': {'height': 13058628}}, {'smartContract': {'address': {'address': '0x6bd7af8191df29b98f09c79cc1d2c1a2682766e5'}}, 'caller': {'address': '0x9c767178528c8a205df63305ebda4bb6b147889b'}, 'date': {'date': '2021-08-19'}, 'block': {'height': 13058627}}, {'smartContract': {'address': {'address': '0xef8f8e370722ae405449cb4cc6864aa0b4a7e6a0'}}, 'caller': {'address': '0x9c767178528c8a205df63305ebda4bb6b147889b'}, 'date': {'date': '2021-08-19'}, 'block': {'height': 13056463}}, {'smartContract': {'address': {'address': '0x302434b8676048b9fde0ad20952999c84c7f1428'}}, 'caller': {'address': '0x9c767178528c8a205df63305ebda4bb6b147889b'}, 'date': {'date': '2021-08-19'}, 'block': {'height': 13056366}}, {'smartContract': {'address': {'address': '0x6839a40a81322e14f4876e86b3cc24e0675495a7'}}, 'caller': {'address': '0x9c767178528c8a205df63305ebda4bb6b147889b'}, 'date': {'date': '2021-08-19'}, 'block': {'height': 13056193}}, {'smartContract': {'address': {'address': '0xfc8da2d8d318ba64307afcc5ba8939047b63ffe7'}}, 'caller': {'address': '0x9c767178528c8a205df63305ebda4bb6b147889b'}, 'date': {'date': '2021-08-19'}, 'block': {'height': 13056183}}, {'smartContract': {'address': {'address': '0xd525beabf69d72e170d6f9ee153d3f6f70f7d177'}}, 'caller': {'address': '0x9c767178528c8a205df63305ebda4bb6b147889b'}, 'date': {'date': '2021-08-19'}, 'block': {'height': 13056059}}, {'smartContract': {'address': {'address': '0x933492b6b7038a7e4f14b64defe40463f9bc3508'}}, 'caller': {'address': '0x9c767178528c8a205df63305ebda4bb6b147889b'}, 'date': {'date': '2021-08-19'}, 'block': {'height': 13053282}}, {'smartContract': {'address': {'address': '0x27b76e100b63731a7cf9386c1decb918e6f54756'}}, 'caller': {'address': '0x9c767178528c8a205df63305ebda4bb6b147889b'}, 'date': {'date': '2021-08-19'}, 'block': {'height': 13053281}}, {'smartContract': {'address': {'address': '0x427d3b028fb15a06c2d75be8e8a2238aad41ed3a'}}, 'caller': {'address': '0x9c767178528c8a205df63305ebda4bb6b147889b'}, 'date': {'date': '2021-08-19'}, 'block': {'height': 13053214}}, {'smartContract': {'address': {'address': '0x97ba29e4fa86972f4bd3d935871e5fe028cb80f7'}}, 'caller': {'address': '0x9c767178528c8a205df63305ebda4bb6b147889b'}, 'date': {'date': '2021-08-19'}, 'block': {'height': 13053205}}, {'smartContract': {'address': {'address': '0xbd3222d94d077279a875699a8057c1f58d8a3894'}}, 'caller': {'address': '0x9c767178528c8a205df63305ebda4bb6b147889b'}, 'date': {'date': '2021-06-01'}, 'block': {'height': 12551048}}, {'smartContract': {'address': {'address': '0x7e32b84f3ed40787acdaf91303317b78a6fae470'}}, 'caller': {'address': '0x9c767178528c8a205df63305ebda4bb6b147889b'}, 'date': {'date': '2021-05-26'}, 'block': {'height': 12507701}}, {'smartContract': {'address': {'address': '0xab0bca3ff56d891cc8b22a5d9705f7088ce3bf3b'}}, 'caller': {'address': '0x9c767178528c8a205df63305ebda4bb6b147889b'}, 'date': {'date': '2021-05-13'}, 'block': {'height': 12423006}}, {'smartContract': {'address': {'address': '0x69b37541d1c00c949b530ccd3d23437188767160'}}, 'caller': {'address': '0x9c767178528c8a205df63305ebda4bb6b147889b'}, 'date': {'date': '2021-05-13'}, 'block': {'height': 12423002}}, {'smartContract': {'address': {'address': '0x87c33321e1755ab54b0a27d4969a72b953486e75'}}, 'caller': {'address': '0xc0aee478e3658e2610c5f7a4a2e1777ce9e4f2ac'}, 'date': {'date': '2021-05-12'}, 'block': {'height': 12421785}}, {'smartContract': {'address': {'address': '0x1321f1f1aa541a56c31682c57b80ecfccd9bb288'}}, 'caller': {'address': '0x9c767178528c8a205df63305ebda4bb6b147889b'}, 'date': {'date': '2021-05-11'}, 'block': {'height': 12416207}}, {'smartContract': {'address': {'address': '0xf22873abe535b58bb2eaaf7cb7cd39b59f9519db'}}, 'caller': {'address': '0x9c767178528c8a205df63305ebda4bb6b147889b'}, 'date': {'date': '2021-05-07'}, 'block': {'height': 12388593}}, {'smartContract': {'address': {'address': '0xfa24de434da926bbb46408e2f3d5048fa6eaf27c'}}, 'caller': {'address': '0x9c767178528c8a205df63305ebda4bb6b147889b'}, 'date': {'date': '2021-05-06'}, 'block': {'height': 12382208}}, {'smartContract': {'address': {'address': '0x42682f95832c6ecb7a997aafc16a3754fdbcb91f'}}, 'caller': {'address': '0x9c767178528c8a205df63305ebda4bb6b147889b'}, 'date': {'date': '2021-05-04'}, 'block': {'height': 12364711}}, {'smartContract': {'address': {'address': '0x2278bdfd94ed4f97c3f13d5cb04cca0d8caae79a'}}, 'caller': {'address': '0x9c767178528c8a205df63305ebda4bb6b147889b'}, 'date': {'date': '2021-04-28'}, 'block': {'height': 12331927}}, {'smartContract': {'address': {'address': '0xc86d5cf39bc6d0eb3a8efabe408268c8af2ebf2f'}}, 'caller': {'address': '0x9c767178528c8a205df63305ebda4bb6b147889b'}, 'date': {'date': '2021-02-23'}, 'block': {'height': 11916079}}, {'smartContract': {'address': {'address': '0x5f64247c77e8f4331c9c2f91647b8f37d639eecf'}}, 'caller': {'address': '0x9c767178528c8a205df63305ebda4bb6b147889b'}, 'date': {'date': '2021-02-23'}, 'block': {'height': 11916078}}, {'smartContract': {'address': {'address': '0x1960afc89ff98f4ee64d29a5082eb5002b376e35'}}, 'caller': {'address': '0x9c767178528c8a205df63305ebda4bb6b147889b'}, 'date': {'date': '2021-02-10'}, 'block': {'height': 11830534}}, {'smartContract': {'address': {'address': '0x706f4af0a7bb113f00e687dafa4d8e84fbc65658'}}, 'caller': {'address': '0x9c767178528c8a205df63305ebda4bb6b147889b'}, 'date': {'date': '2021-02-10'}, 'block': {'height': 11830530}}, {'smartContract': {'address': {'address': '0x2d6c5b9ff886bb4eefed33b2065366f4caa0e6fe'}}, 'caller': {'address': '0x9c767178528c8a205df63305ebda4bb6b147889b'}, 'date': {'date': '2021-02-09'}, 'block': {'height': 11819617}}, {'smartContract': {'address': {'address': '0x2895b9901e9e6de74a132a9e76ae8d3fdd5648a4'}}, 'caller': {'address': '0x9c767178528c8a205df63305ebda4bb6b147889b'}, 'date': {'date': '2021-02-09'}, 'block': {'height': 11819567}}, {'smartContract': {'address': {'address': '0x578823a0c9551c20bd3a516727d3ddbddcb4023c'}}, 'caller': {'address': '0x9c767178528c8a205df63305ebda4bb6b147889b'}, 'date': {'date': '2021-02-08'}, 'block': {'height': 11817289}}, {'smartContract': {'address': {'address': '0x942f94fb1716ab9ecd8edbfbb79f7050f9406948'}}, 'caller': {'address': '0x9c767178528c8a205df63305ebda4bb6b147889b'}, 'date': {'date': '2021-02-02'}, 'block': {'height': 11779467}}, {'smartContract': {'address': {'address': '0x7f38c29ceb46377955e86132ba77f4ed8529373d'}}, 'caller': {'address': '0x9c767178528c8a205df63305ebda4bb6b147889b'}, 'date': {'date': '2021-02-02'}, 'block': {'height': 11777763}}, {'smartContract': {'address': {'address': '0x293c06cea3cb7e452b4d1d66e858bfa361a432d3'}}, 'caller': {'address': '0x9c767178528c8a205df63305ebda4bb6b147889b'}, 'date': {'date': '2021-01-26'}, 'block': {'height': 11728098}}, {'smartContract': {'address': {'address': '0xe62c1b7386f2745ffb3694b493183339f3b994d2'}}, 'caller': {'address': '0x9c767178528c8a205df63305ebda4bb6b147889b'}, 'date': {'date': '2021-01-26'}, 'block': {'height': 11728097}}, {'smartContract': {'address': {'address': '0x06d9d8bf71d79ac1d0ba4d3a8b9a9350fc42181c'}}, 'caller': {'address': '0x9c767178528c8a205df63305ebda4bb6b147889b'}, 'date': {'date': '2021-01-25'}, 'block': {'height': 11727835}}, {'smartContract': {'address': {'address': '0xd89f1191c2ce11b46ca15ba73818dcc703b57794'}}, 'caller': {'address': '0x9c767178528c8a205df63305ebda4bb6b147889b'}, 'date': {'date': '2021-01-23'}, 'block': {'height': 11709112}}, {'smartContract': {'address': {'address': '0x41fbd7fd7c75cd01d0bd89a968cd6af3d8d7f1f3'}}, 'caller': {'address': '0x9c767178528c8a205df63305ebda4bb6b147889b'}, 'date': {'date': '2021-01-23'}, 'block': {'height': 11709111}}, {'smartContract': {'address': {'address': '0x1c92e4e5d58361c0f56acb46ef8d3eefc4af9d67'}}, 'caller': {'address': '0x9c767178528c8a205df63305ebda4bb6b147889b'}, 'date': {'date': '2021-01-23'}, 'block': {'height': 11709110}}, {'smartContract': {'address': {'address': '0x13ee69b159a82698b2a89c00a146b0194acb12ca'}}, 'caller': {'address': '0x9c767178528c8a205df63305ebda4bb6b147889b'}, 'date': {'date': '2021-01-23'}, 'block': {'height': 11709108}}, {'smartContract': {'address': {'address': '0xb17d430f044db786a48c3aff9556f97e754260e3'}}, 'caller': {'address': '0x9c767178528c8a205df63305ebda4bb6b147889b'}, 'date': {'date': '2021-01-23'}, 'block': {'height': 11709106}}, {'smartContract': {'address': {'address': '0x65e3e1c98d4d682de63d9ed734080f2de9f39b6b'}}, 'caller': {'address': '0x9c767178528c8a205df63305ebda4bb6b147889b'}, 'date': {'date': '2021-01-22'}, 'block': {'height': 11703415}}, {'smartContract': {'address': {'address': '0x77ad90c67d2c29364536649205333979f52f3289'}}, 'caller': {'address': '0x9c767178528c8a205df63305ebda4bb6b147889b'}, 'date': {'date': '2021-01-22'}, 'block': {'height': 11703414}}, {'smartContract': {'address': {'address': '0x1e13f7b877093be9689ae453d25755dbac3875ef'}}, 'caller': {'address': '0x9c767178528c8a205df63305ebda4bb6b147889b'}, 'date': {'date': '2021-01-22'}, 'block': {'height': 11702886}}, {'smartContract': {'address': {'address': '0xfa51e57782f82862645de64f318380184947dbbe'}}, 'caller': {'address': '0x9c767178528c8a205df63305ebda4bb6b147889b'}, 'date': {'date': '2021-01-22'}, 'block': {'height': 11702885}}, {'smartContract': {'address': {'address': '0x965a6fe53b2c8b18f3a293f4538180b608be7b06'}}, 'caller': {'address': '0x9c767178528c8a205df63305ebda4bb6b147889b'}, 'date': {'date': '2021-01-22'}, 'block': {'height': 11702878}}, {'smartContract': {'address': {'address': '0x84f71639f595783f6fffe62e999536347b678eeb'}}, 'caller': {'address': '0x9c767178528c8a205df63305ebda4bb6b147889b'}, 'date': {'date': '2021-01-22'}, 'block': {'height': 11702877}}, {'smartContract': {'address': {'address': '0xa7b3074c3783059979ddcdf117170ee8d70b9f3c'}}, 'caller': {'address': '0x9c767178528c8a205df63305ebda4bb6b147889b'}, 'date': {'date': '2021-01-22'}, 'block': {'height': 11702845}}, {'smartContract': {'address': {'address': '0x9b068e85b89f88add014d3d3fa4539f21c4559d2'}}, 'caller': {'address': '0x9c767178528c8a205df63305ebda4bb6b147889b'}, 'date': {'date': '2021-01-22'}, 'block': {'height': 11702844}}, {'smartContract': {'address': {'address': '0xfe95c7b19ac598dc59d2205d8b75334df4b2303d'}}, 'caller': {'address': '0x9c767178528c8a205df63305ebda4bb6b147889b'}, 'date': {'date': '2021-01-22'}, 'block': {'height': 11702824}}, {'smartContract': {'address': {'address': '0xe04f7aa7f84afb284d9e76b876bb672a76fcd0c1'}}, 'caller': {'address': '0x9c767178528c8a205df63305ebda4bb6b147889b'}, 'date': {'date': '2021-01-22'}, 'block': {'height': 11702822}}, {'smartContract': {'address': {'address': '0x7b21db198608f8578974b9bb3859416a8adcacf3'}}, 'caller': {'address': '0x9c767178528c8a205df63305ebda4bb6b147889b'}, 'date': {'date': '2021-01-22'}, 'block': {'height': 11702817}}, {'smartContract': {'address': {'address': '0x579ad95e27f5b3b70e816f2ff7d20152e0b6a91d'}}, 'caller': {'address': '0x9c767178528c8a205df63305ebda4bb6b147889b'}, 'date': {'date': '2021-01-22'}, 'block': {'height': 11702794}}, {'smartContract': {'address': {'address': '0x35a79623e94893aea7b158f8fd649775a6be6240'}}, 'caller': {'address': '0x9c767178528c8a205df63305ebda4bb6b147889b'}, 'date': {'date': '2021-01-22'}, 'block': {'height': 11702792}}, {'smartContract': {'address': {'address': '0x19acc54eb0f31553f43ebf8871bdd03236c22ae2'}}, 'caller': {'address': '0x9c767178528c8a205df63305ebda4bb6b147889b'}, 'date': {'date': '2021-01-22'}, 'block': {'height': 11702784}}, {'smartContract': {'address': {'address': '0x859a64e5e2abce60d0be1edc287e66ffdabe15cf'}}, 'caller': {'address': '0x9c767178528c8a205df63305ebda4bb6b147889b'}, 'date': {'date': '2021-01-22'}, 'block': {'height': 11702783}}, {'smartContract': {'address': {'address': '0x95baadd54a9fdd650c11b570d72eb1bf177adf3d'}}, 'caller': {'address': '0x9c767178528c8a205df63305ebda4bb6b147889b'}, 'date': {'date': '2021-01-22'}, 'block': {'height': 11702782}}, {'smartContract': {'address': {'address': '0xc30a9e9f65f920e47f87e16b5e76fddcb240fdf3'}}, 'caller': {'address': '0x9c767178528c8a205df63305ebda4bb6b147889b'}, 'date': {'date': '2021-01-22'}, 'block': {'height': 11702780}}, {'smartContract': {'address': {'address': '0xec73bb9ce38afe712a4b9a820bc34a2ddf50e990'}}, 'caller': {'address': '0x9c767178528c8a205df63305ebda4bb6b147889b'}, 'date': {'date': '2021-01-22'}, 'block': {'height': 11702778}}, {'smartContract': {'address': {'address': '0x714691b0254136ed03303c348edb1252940da3e0'}}, 'caller': {'address': '0x9c767178528c8a205df63305ebda4bb6b147889b'}, 'date': {'date': '2021-01-22'}, 'block': {'height': 11702776}}]",2021-05-12
425,425,0x4674a4F24C5f63D53F22490Fb3A08eAAAD739ff8,Brokoli Token,,0x333273259d6a4F5Ebd938fCa45c57F104061E26d,0.0,"[{'smartContract': {'address': {'address': '0x86bedb181d8b88513639f233e9203abc1bbbc3b3'}}, 'caller': {'address': '0xa6b71e26c5e0845f74c812102ca7114b6a896ab2'}, 'date': {'date': '2021-10-05'}, 'block': {'height': 13358293}}, {'smartContract': {'address': {'address': '0x90a8825da4c8cf6d7e14c765fe2c411ce33ff117'}}, 'caller': {'address': '0x333273259d6a4f5ebd938fca45c57f104061e26d'}, 'date': {'date': '2021-10-05'}, 'block': {'height': 13357712}}, {'smartContract': {'address': {'address': '0x5cd0811d9a8170908fb7f995ee8c5b78fe1e2f1c'}}, 'caller': {'address': '0x333273259d6a4f5ebd938fca45c57f104061e26d'}, 'date': {'date': '2021-10-04'}, 'block': {'height': 13350926}}, {'smartContract': {'address': {'address': '0x4674a4f24c5f63d53f22490fb3a08eaaad739ff8'}}, 'caller': {'address': '0x333273259d6a4f5ebd938fca45c57f104061e26d'}, 'date': {'date': '2021-09-23'}, 'block': {'height': 13281452}}]",2021-09-23
426,426,0x93ED3FBe21207Ec2E8f2d3c3de6e058Cb73Bc04d,Pinakion (PNK),https://github.com/kleros/kleros,0x00B5ADe4ac1fE9cCc08Addc2C10070642335117F,0.0,[],2018-03-15
427,427,0x949D48EcA67b17269629c7194F4b727d4Ef9E5d6,Merit Circle,https://github.com/Merit-Circle,0x3cB580c041Cce953adfc2148e5BE6c1c893CCa9E,0.0,"[{'smartContract': {'address': {'address': '0x8a1c4920faa7a8e1c70a80a0b1aa3d5a6920962c'}}, 'caller': {'address': '0x3cb580c041cce953adfc2148e5be6c1c893cca9e'}, 'date': {'date': '2022-12-16'}, 'block': {'height': 16198148}}, {'smartContract': {'address': {'address': '0xf1d0d6d6a7680c850f4904e6b5796d21e95e74de'}}, 'caller': {'address': '0x8a1c4920faa7a8e1c70a80a0b1aa3d5a6920962c'}, 'date': {'date': '2022-12-16'}, 'block': {'height': 16198148}}, {'smartContract': {'address': {'address': '0xae33b53e2e42846ee446aafae412caf7253dcb0c'}}, 'caller': {'address': '0x3cb580c041cce953adfc2148e5be6c1c893cca9e'}, 'date': {'date': '2022-12-16'}, 'block': {'height': 16198148}}, {'smartContract': {'address': {'address': '0xea4e66ab9c59211f42fa967da20bcfc47389a067'}}, 'caller': {'address': '0x3cb580c041cce953adfc2148e5be6c1c893cca9e'}, 'date': {'date': '2022-11-05'}, 'block': {'height': 15904677}}, {'smartContract': {'address': {'address': '0x36c62c5f86bef7c13b34765fc444b002295462ea'}}, 'caller': {'address': '0x3cb580c041cce953adfc2148e5be6c1c893cca9e'}, 'date': {'date': '2022-11-05'}, 'block': {'height': 15904643}}, {'smartContract': {'address': {'address': '0xebe3ca21e37723e0be0f519724798fe8eeff83d1'}}, 'caller': {'address': '0x3cb580c041cce953adfc2148e5be6c1c893cca9e'}, 'date': {'date': '2022-11-05'}, 'block': {'height': 15904571}}, {'smartContract': {'address': {'address': '0x74adae862adcccf7a7dbf2f7b139ab56e6b0e79d'}}, 'caller': {'address': '0x3cb580c041cce953adfc2148e5be6c1c893cca9e'}, 'date': {'date': '2022-11-05'}, 'block': {'height': 15904544}}, {'smartContract': {'address': {'address': '0x6411c8b68ce74e2907110e522c67d400fcd3cf4b'}}, 'caller': {'address': '0x3cb580c041cce953adfc2148e5be6c1c893cca9e'}, 'date': {'date': '2022-11-05'}, 'block': {'height': 15904512}}, {'smartContract': {'address': {'address': '0x56234f99393c2af40a3fe901dceef0b03d61a219'}}, 'caller': {'address': '0x3cb580c041cce953adfc2148e5be6c1c893cca9e'}, 'date': {'date': '2022-11-05'}, 'block': {'height': 15904503}}, {'smartContract': {'address': {'address': '0x778fdd0987c7bf6c9bf02186c17d9bfb2fd2dbcc'}}, 'caller': {'address': '0x3cb580c041cce953adfc2148e5be6c1c893cca9e'}, 'date': {'date': '2022-10-12'}, 'block': {'height': 15731090}}, {'smartContract': {'address': {'address': '0xbaffeb35357316c8256e0cf534c9258c2a55a130'}}, 'caller': {'address': '0x3cb580c041cce953adfc2148e5be6c1c893cca9e'}, 'date': {'date': '2022-05-09'}, 'block': {'height': 14742315}}, {'smartContract': {'address': {'address': '0x7765b09faa5c71c1d7ac90aafaac697a6f696be3'}}, 'caller': {'address': '0x3cb580c041cce953adfc2148e5be6c1c893cca9e'}, 'date': {'date': '2022-05-09'}, 'block': {'height': 14742313}}, {'smartContract': {'address': {'address': '0x18abb5273687dbdaef75586789ce5032b128ce15'}}, 'caller': {'address': '0x3cb580c041cce953adfc2148e5be6c1c893cca9e'}, 'date': {'date': '2022-05-09'}, 'block': {'height': 14742309}}, {'smartContract': {'address': {'address': '0x4c298adeb93907d87b04ec9087177c85cca0bd73'}}, 'caller': {'address': '0x3cb580c041cce953adfc2148e5be6c1c893cca9e'}, 'date': {'date': '2022-03-24'}, 'block': {'height': 14449156}}, {'smartContract': {'address': {'address': '0xc5f4e865591842e753ee03b132b99ecd6090da08'}}, 'caller': {'address': '0x3cb580c041cce953adfc2148e5be6c1c893cca9e'}, 'date': {'date': '2022-03-14'}, 'block': {'height': 14384148}}, {'smartContract': {'address': {'address': '0x9b0a422f25a5f26a16b2b3a3eb37a72ae31d3ec3'}}, 'caller': {'address': '0x3cb580c041cce953adfc2148e5be6c1c893cca9e'}, 'date': {'date': '2022-03-14'}, 'block': {'height': 14384076}}, {'smartContract': {'address': {'address': '0xd0eb46d464551441549b9bad5b4aeb2d238df8a1'}}, 'caller': {'address': '0x3cb580c041cce953adfc2148e5be6c1c893cca9e'}, 'date': {'date': '2022-02-16'}, 'block': {'height': 14219037}}, {'smartContract': {'address': {'address': '0x9e11224d85df591fd3ed2b35bb42e9bf43a2ff90'}}, 'caller': {'address': '0x3cb580c041cce953adfc2148e5be6c1c893cca9e'}, 'date': {'date': '2022-02-14'}, 'block': {'height': 14204033}}, {'smartContract': {'address': {'address': '0xf9ef51acc746f48c11ca3d39c130e75c07b67ed6'}}, 'caller': {'address': '0x3cb580c041cce953adfc2148e5be6c1c893cca9e'}, 'date': {'date': '2022-02-14'}, 'block': {'height': 14203993}}, {'smartContract': {'address': {'address': '0x009553ceb93ff03dac4140d80b26912905add1a2'}}, 'caller': {'address': '0x4cc22d43bc646c1e496d4f739a5a0d875eb968c4'}, 'date': {'date': '2022-02-09'}, 'block': {'height': 14173122}}, {'smartContract': {'address': {'address': '0x9eeaecbe2884aa7e82f450e3fc174f30fc2a8de3'}}, 'caller': {'address': '0xc903e762aa576e9767b28e0d91dace9cd01b341a'}, 'date': {'date': '2022-02-09'}, 'block': {'height': 14173106}}, {'smartContract': {'address': {'address': '0xc903e762aa576e9767b28e0d91dace9cd01b341a'}}, 'caller': {'address': '0x3cb580c041cce953adfc2148e5be6c1c893cca9e'}, 'date': {'date': '2022-02-09'}, 'block': {'height': 14173068}}, {'smartContract': {'address': {'address': '0x80e1dc8b02e0d44bfc15e7f839a56c19d9d81a04'}}, 'caller': {'address': '0x3cb580c041cce953adfc2148e5be6c1c893cca9e'}, 'date': {'date': '2022-01-21'}, 'block': {'height': 14050221}}, {'smartContract': {'address': {'address': '0xd191999c397d1d0ae6226d13547ca44378770b0f'}}, 'caller': {'address': '0x3cb580c041cce953adfc2148e5be6c1c893cca9e'}, 'date': {'date': '2021-11-07'}, 'block': {'height': 13568934}}, {'smartContract': {'address': {'address': '0x44c01e5e4216f3162538914d9c7f5e6a0d87820e'}}, 'caller': {'address': '0x3cb580c041cce953adfc2148e5be6c1c893cca9e'}, 'date': {'date': '2021-11-07'}, 'block': {'height': 13568930}}, {'smartContract': {'address': {'address': '0x5c76ad4764a4607cd57644faa937a8ca16729e39'}}, 'caller': {'address': '0x3cb580c041cce953adfc2148e5be6c1c893cca9e'}, 'date': {'date': '2021-11-07'}, 'block': {'height': 13568919}}, {'smartContract': {'address': {'address': '0xfeea44bc2161f2fe11d55e557ae4ec855e2d1168'}}, 'caller': {'address': '0x3cb580c041cce953adfc2148e5be6c1c893cca9e'}, 'date': {'date': '2021-11-07'}, 'block': {'height': 13568900}}, {'smartContract': {'address': {'address': '0x21b56371c9d064fe18cca5798e164c25d73b9d36'}}, 'caller': {'address': '0x3cb580c041cce953adfc2148e5be6c1c893cca9e'}, 'date': {'date': '2021-11-07'}, 'block': {'height': 13568890}}, {'smartContract': {'address': {'address': '0x4f6d9907fbc54fedea9296860d36e14ccc348f7a'}}, 'caller': {'address': '0x3cb580c041cce953adfc2148e5be6c1c893cca9e'}, 'date': {'date': '2021-11-01'}, 'block': {'height': 13531199}}, {'smartContract': {'address': {'address': '0xb79e243c58eb0e9fa5ef3affb5de171fa4e87919'}}, 'caller': {'address': '0x3cb580c041cce953adfc2148e5be6c1c893cca9e'}, 'date': {'date': '2021-11-01'}, 'block': {'height': 13531173}}, {'smartContract': {'address': {'address': '0x74e9d8455cfd96b82901f0ebe32f3a556c374292'}}, 'caller': {'address': '0x3cb580c041cce953adfc2148e5be6c1c893cca9e'}, 'date': {'date': '2021-11-01'}, 'block': {'height': 13531143}}, {'smartContract': {'address': {'address': '0xb5a0cbb4fc7294642216cd7afbc3525b24316cbc'}}, 'caller': {'address': '0x3cb580c041cce953adfc2148e5be6c1c893cca9e'}, 'date': {'date': '2021-11-01'}, 'block': {'height': 13531108}}, {'smartContract': {'address': {'address': '0x97173277fed329ee844bafa44d7719ad372a7150'}}, 'caller': {'address': '0x3cb580c041cce953adfc2148e5be6c1c893cca9e'}, 'date': {'date': '2021-11-01'}, 'block': {'height': 13531078}}, {'smartContract': {'address': {'address': '0x56475a4a8d00b6f7b01e0879cbbba609707aef6b'}}, 'caller': {'address': '0x3cb580c041cce953adfc2148e5be6c1c893cca9e'}, 'date': {'date': '2021-11-01'}, 'block': {'height': 13531059}}, {'smartContract': {'address': {'address': '0x949d48eca67b17269629c7194f4b727d4ef9e5d6'}}, 'caller': {'address': '0x3cb580c041cce953adfc2148e5be6c1c893cca9e'}, 'date': {'date': '2021-10-22'}, 'block': {'height': 13468356}}]",2021-10-22
428,428,0x97872EAfd79940C7b24f7BCc1EADb1457347ADc9,Strips Token (STRP),https://github.com/strips-finance,0x327e2f134f23F47C367559c37ca9cca0763e92a0,0.0,"[{'smartContract': {'address': {'address': '0x1317e28b697184f1ec0fa903ac632f4ba206770d'}}, 'caller': {'address': '0x327e2f134f23f47c367559c37ca9cca0763e92a0'}, 'date': {'date': '2021-11-15'}, 'block': {'height': 13621743}}, {'smartContract': {'address': {'address': '0x9acbeb4338fb2664be1ee82059dda51794fc0978'}}, 'caller': {'address': '0x327e2f134f23f47c367559c37ca9cca0763e92a0'}, 'date': {'date': '2021-10-13'}, 'block': {'height': 13409383}}, {'smartContract': {'address': {'address': '0x894d22c49c08b8dee2451a6dd5d36a43747fe87e'}}, 'caller': {'address': '0x327e2f134f23f47c367559c37ca9cca0763e92a0'}, 'date': {'date': '2021-10-11'}, 'block': {'height': 13397915}}, {'smartContract': {'address': {'address': '0x7d7a2519a30c9e1d2320ac16395fa4c4988284e2'}}, 'caller': {'address': '0x327e2f134f23f47c367559c37ca9cca0763e92a0'}, 'date': {'date': '2021-10-11'}, 'block': {'height': 13397912}}, {'smartContract': {'address': {'address': '0x5d9a8158bfce91b951df0f1644713e7dd6ed7aed'}}, 'caller': {'address': '0x327e2f134f23f47c367559c37ca9cca0763e92a0'}, 'date': {'date': '2021-10-11'}, 'block': {'height': 13397899}}, {'smartContract': {'address': {'address': '0x4509ce79bcf16cbe0298148350d7b3f9ea3e0fd0'}}, 'caller': {'address': '0x327e2f134f23f47c367559c37ca9cca0763e92a0'}, 'date': {'date': '2021-10-11'}, 'block': {'height': 13397897}}, {'smartContract': {'address': {'address': '0x50491cd38153f24396debb0033dce23debb49392'}}, 'caller': {'address': '0xf5bce5077908a1b7370b9ae04adc565ebd643966'}, 'date': {'date': '2021-10-11'}, 'block': {'height': 13396694}}, {'smartContract': {'address': {'address': '0x97872eafd79940c7b24f7bcc1eadb1457347adc9'}}, 'caller': {'address': '0x327e2f134f23f47c367559c37ca9cca0763e92a0'}, 'date': {'date': '2021-10-08'}, 'block': {'height': 13378086}}]",2021-10-08
429,429,0xf5f06fFa53Ad7F5914F493F16E57B56C8dd2eA80,Jelly Token,https://github.com/JellyProtocol,0xF02b411df886F23E2Af4098Ee8Da8268F021119f,0.0,"[{'smartContract': {'address': {'address': '0xfd2d6e32774ed08bbb335620b1368c2bd2ad07ab'}}, 'caller': {'address': '0xf02b411df886f23e2af4098ee8da8268f021119f'}, 'date': {'date': '2022-08-25'}, 'block': {'height': 15409267}}, {'smartContract': {'address': {'address': '0xee93f4e824c63403ed7f8f62523aaba6558ea7f8'}}, 'caller': {'address': '0xf02b411df886f23e2af4098ee8da8268f021119f'}, 'date': {'date': '2022-08-25'}, 'block': {'height': 15409265}}, {'smartContract': {'address': {'address': '0xe5a9001701db5c8b3cef68e41aad1da4ae34b1c1'}}, 'caller': {'address': '0xf02b411df886f23e2af4098ee8da8268f021119f'}, 'date': {'date': '2022-08-25'}, 'block': {'height': 15409260}}, {'smartContract': {'address': {'address': '0x68dd9b8131a7d62330a0ed8052b44e6e6b74fa2d'}}, 'caller': {'address': '0xf02b411df886f23e2af4098ee8da8268f021119f'}, 'date': {'date': '2022-08-12'}, 'block': {'height': 15326663}}, {'smartContract': {'address': {'address': '0x111d113c414a83758e38e912730ca089d4ee93c7'}}, 'caller': {'address': '0xf02b411df886f23e2af4098ee8da8268f021119f'}, 'date': {'date': '2022-07-14'}, 'block': {'height': 15138814}}, {'smartContract': {'address': {'address': '0x501230c71d3cabd1237e767ad6386af49856825e'}}, 'caller': {'address': '0xf02b411df886f23e2af4098ee8da8268f021119f'}, 'date': {'date': '2022-07-14'}, 'block': {'height': 15138765}}, {'smartContract': {'address': {'address': '0x0457a07cf4d6483a4a5bbbfe37732a4a75615941'}}, 'caller': {'address': '0xf02b411df886f23e2af4098ee8da8268f021119f'}, 'date': {'date': '2022-07-14'}, 'block': {'height': 15138760}}, {'smartContract': {'address': {'address': '0x925d548211990d3be21684027e2e6d85788ad630'}}, 'caller': {'address': '0xf02b411df886f23e2af4098ee8da8268f021119f'}, 'date': {'date': '2022-07-14'}, 'block': {'height': 15138749}}, {'smartContract': {'address': {'address': '0x53ba86d80440707de33b86e8fd1ab88ea8735996'}}, 'caller': {'address': '0xf5bce5077908a1b7370b9ae04adc565ebd643966'}, 'date': {'date': '2022-07-06'}, 'block': {'height': 15086544}}, {'smartContract': {'address': {'address': '0xe4755ecce28ed9c1483ed26ea856cf859a9e2400'}}, 'caller': {'address': '0xf5bce5077908a1b7370b9ae04adc565ebd643966'}, 'date': {'date': '2022-07-06'}, 'block': {'height': 15086544}}, {'smartContract': {'address': {'address': '0x59e4f353ba9cd2f17a445699fd2bb4c618f57a94'}}, 'caller': {'address': '0xf5bce5077908a1b7370b9ae04adc565ebd643966'}, 'date': {'date': '2022-07-06'}, 'block': {'height': 15086544}}, {'smartContract': {'address': {'address': '0x031cdc4956413da5a80947e368c8fb7a92162356'}}, 'caller': {'address': '0xf02b411df886f23e2af4098ee8da8268f021119f'}, 'date': {'date': '2022-07-05'}, 'block': {'height': 15083413}}, {'smartContract': {'address': {'address': '0x47da5d22ecfea0098e7d8c7ff95cc38766e4f3e4'}}, 'caller': {'address': '0xf02b411df886f23e2af4098ee8da8268f021119f'}, 'date': {'date': '2022-06-15'}, 'block': {'height': 14965077}}, {'smartContract': {'address': {'address': '0x66f909a550f1daa1b13e42afe16966ce329e28d3'}}, 'caller': {'address': '0xf02b411df886f23e2af4098ee8da8268f021119f'}, 'date': {'date': '2022-04-29'}, 'block': {'height': 14679517}}, {'smartContract': {'address': {'address': '0x8152c6689e2363da6d8cb4af0709b693b0b9acc5'}}, 'caller': {'address': '0xf02b411df886f23e2af4098ee8da8268f021119f'}, 'date': {'date': '2022-04-26'}, 'block': {'height': 14659136}}, {'smartContract': {'address': {'address': '0xbc16c6da3d8a54c62d6e35a9668a9c616d6a0ed6'}}, 'caller': {'address': '0xf02b411df886f23e2af4098ee8da8268f021119f'}, 'date': {'date': '2022-04-26'}, 'block': {'height': 14659135}}, {'smartContract': {'address': {'address': '0xe4f6e82c10752925964a29a025f12adc35426c1c'}}, 'caller': {'address': '0xf02b411df886f23e2af4098ee8da8268f021119f'}, 'date': {'date': '2022-04-24'}, 'block': {'height': 14648893}}, {'smartContract': {'address': {'address': '0xed950eb5acad4cd63784618437baf28fa2ee36ab'}}, 'caller': {'address': '0xf02b411df886f23e2af4098ee8da8268f021119f'}, 'date': {'date': '2022-04-24'}, 'block': {'height': 14648867}}, {'smartContract': {'address': {'address': '0xc693d772f2c32702f0aed894c027d74a74a13ccc'}}, 'caller': {'address': '0xf02b411df886f23e2af4098ee8da8268f021119f'}, 'date': {'date': '2022-04-24'}, 'block': {'height': 14648865}}, {'smartContract': {'address': {'address': '0xfaac1c97b136eeac71c4da05bce3e3f1d5dd18f2'}}, 'caller': {'address': '0xf02b411df886f23e2af4098ee8da8268f021119f'}, 'date': {'date': '2022-04-24'}, 'block': {'height': 14648847}}, {'smartContract': {'address': {'address': '0xacaa402543c8434c6805556e8778b22a6c3dac85'}}, 'caller': {'address': '0xf02b411df886f23e2af4098ee8da8268f021119f'}, 'date': {'date': '2022-04-24'}, 'block': {'height': 14648832}}, {'smartContract': {'address': {'address': '0x405a3b01d83f3a37d3f844eea66bf534a8adfb98'}}, 'caller': {'address': '0xf02b411df886f23e2af4098ee8da8268f021119f'}, 'date': {'date': '2022-02-03'}, 'block': {'height': 14132065}}, {'smartContract': {'address': {'address': '0xb9882fe1e1f50377084b766f13ab09db5494aed6'}}, 'caller': {'address': '0xf5bce5077908a1b7370b9ae04adc565ebd643966'}, 'date': {'date': '2022-02-03'}, 'block': {'height': 14132038}}, {'smartContract': {'address': {'address': '0x6e9afe8424e76a58bbad1f9c36c885ed147cfb0b'}}, 'caller': {'address': '0xf5bce5077908a1b7370b9ae04adc565ebd643966'}, 'date': {'date': '2022-02-03'}, 'block': {'height': 14132038}}, {'smartContract': {'address': {'address': '0xf8dc9d3072870542672aaf3461556033c61676dc'}}, 'caller': {'address': '0xf5bce5077908a1b7370b9ae04adc565ebd643966'}, 'date': {'date': '2022-02-03'}, 'block': {'height': 14132038}}, {'smartContract': {'address': {'address': '0xe68393454ae46b9d18e4079bd2ba6058580fe342'}}, 'caller': {'address': '0xf02b411df886f23e2af4098ee8da8268f021119f'}, 'date': {'date': '2022-02-03'}, 'block': {'height': 14131857}}, {'smartContract': {'address': {'address': '0x8fbba715bdf9104a977d88dac47bb6a2e4925936'}}, 'caller': {'address': '0xf02b411df886f23e2af4098ee8da8268f021119f'}, 'date': {'date': '2022-02-03'}, 'block': {'height': 14131822}}, {'smartContract': {'address': {'address': '0xfd337e13dc6b51ef791cc6b14d407f6105347299'}}, 'caller': {'address': '0xf02b411df886f23e2af4098ee8da8268f021119f'}, 'date': {'date': '2022-02-03'}, 'block': {'height': 14131815}}, {'smartContract': {'address': {'address': '0x91027468e0181e07e0b41705c5df322d23ee0c96'}}, 'caller': {'address': '0xf02b411df886f23e2af4098ee8da8268f021119f'}, 'date': {'date': '2022-02-03'}, 'block': {'height': 14131808}}, {'smartContract': {'address': {'address': '0x642774cec02f2be69d5f129003a19480491e3db8'}}, 'caller': {'address': '0xf02b411df886f23e2af4098ee8da8268f021119f'}, 'date': {'date': '2022-02-03'}, 'block': {'height': 14131804}}, {'smartContract': {'address': {'address': '0xc28ecfb51e0c93914c3af007d6c04594860c7d05'}}, 'caller': {'address': '0xf02b411df886f23e2af4098ee8da8268f021119f'}, 'date': {'date': '2022-02-03'}, 'block': {'height': 14131800}}, {'smartContract': {'address': {'address': '0xaffe2e38beb9a04f5a304f90d7ad180339f8755d'}}, 'caller': {'address': '0xf02b411df886f23e2af4098ee8da8268f021119f'}, 'date': {'date': '2022-02-03'}, 'block': {'height': 14131792}}, {'smartContract': {'address': {'address': '0xf5f06ffa53ad7f5914f493f16e57b56c8dd2ea80'}}, 'caller': {'address': '0xf02b411df886f23e2af4098ee8da8268f021119f'}, 'date': {'date': '2021-10-28'}, 'block': {'height': 13505503}}]",2021-10-28
430,430,0x35e78b3982E87ecfD5b3f3265B601c046cDBe232,SideShift Token,,0x6cf6a8488D70b1743134d6D69950cDa60325A42F,0.0,"[{'smartContract': {'address': {'address': '0x35e78b3982e87ecfd5b3f3265b601c046cdbe232'}}, 'caller': {'address': '0x6cf6a8488d70b1743134d6d69950cda60325a42f'}, 'date': {'date': '2020-09-14'}, 'block': {'height': 10858525}}]",2020-09-14
431,431,0x09ce2B746C32528B7d864A1e3979Bd97d2f095AB,DeFIL-V2,https://github.com/DeFIL-org,0x3f0FE6cCe8d6B52259EC7001bEf898c62c4416Ac,0.0,"[{'smartContract': {'address': {'address': '0x0f703af1a3f2bf8877132109a02659feead4ab9a'}}, 'caller': {'address': '0x3f0fe6cce8d6b52259ec7001bef898c62c4416ac'}, 'date': {'date': '2021-10-18'}, 'block': {'height': 13439328}}, {'smartContract': {'address': {'address': '0x1c7f772eabb3a3bfcb5e8f42432971f69e99103c'}}, 'caller': {'address': '0x3f0fe6cce8d6b52259ec7001bef898c62c4416ac'}, 'date': {'date': '2021-09-23'}, 'block': {'height': 13280652}}, {'smartContract': {'address': {'address': '0x7a664ae67e68a9b2cdadd8486a7c47c972408405'}}, 'caller': {'address': '0x3f0fe6cce8d6b52259ec7001bef898c62c4416ac'}, 'date': {'date': '2021-09-19'}, 'block': {'height': 13254428}}, {'smartContract': {'address': {'address': '0x8a6023e72312ea3439041551a21c3b74021e1cbc'}}, 'caller': {'address': '0x3f0fe6cce8d6b52259ec7001bef898c62c4416ac'}, 'date': {'date': '2021-08-26'}, 'block': {'height': 13098215}}, {'smartContract': {'address': {'address': '0x7fe1c0a5da0fcbe4a8f38662a71c6dbe2260ffd3'}}, 'caller': {'address': '0x3f0fe6cce8d6b52259ec7001bef898c62c4416ac'}, 'date': {'date': '2021-08-25'}, 'block': {'height': 13093041}}, {'smartContract': {'address': {'address': '0x8a1e3e5815cffaf87c220a738b06c23f03543039'}}, 'caller': {'address': '0x3f0fe6cce8d6b52259ec7001bef898c62c4416ac'}, 'date': {'date': '2021-08-24'}, 'block': {'height': 13085766}}, {'smartContract': {'address': {'address': '0x9e08bd9a1e3880902688b32d563046cab74d2f2f'}}, 'caller': {'address': '0x3f0fe6cce8d6b52259ec7001bef898c62c4416ac'}, 'date': {'date': '2021-08-23'}, 'block': {'height': 13082272}}, {'smartContract': {'address': {'address': '0xc8f017593e7d0de9ea116313a255fe4647b2197b'}}, 'caller': {'address': '0x3f0fe6cce8d6b52259ec7001bef898c62c4416ac'}, 'date': {'date': '2021-08-23'}, 'block': {'height': 13082272}}, {'smartContract': {'address': {'address': '0xefeeb899c1a7ea13140c1c161dd3a054eda7d6f6'}}, 'caller': {'address': '0x3f0fe6cce8d6b52259ec7001bef898c62c4416ac'}, 'date': {'date': '2021-08-23'}, 'block': {'height': 13082272}}, {'smartContract': {'address': {'address': '0x71dd9cd476c73f7c94a82e3f00a8ed29268602e1'}}, 'caller': {'address': '0x3f0fe6cce8d6b52259ec7001bef898c62c4416ac'}, 'date': {'date': '2021-08-23'}, 'block': {'height': 13082272}}, {'smartContract': {'address': {'address': '0x01aabbad98a7638b7f8d65e7ec42560f1afbbf0c'}}, 'caller': {'address': '0x3f0fe6cce8d6b52259ec7001bef898c62c4416ac'}, 'date': {'date': '2021-08-23'}, 'block': {'height': 13082267}}, {'smartContract': {'address': {'address': '0x4aa5f09d3f322371ce073425cf22ae098cef6e13'}}, 'caller': {'address': '0x3f0fe6cce8d6b52259ec7001bef898c62c4416ac'}, 'date': {'date': '2021-08-23'}, 'block': {'height': 13082171}}, {'smartContract': {'address': {'address': '0x5e6468b3048d1b5a48ca6eae3953b17fe1165ed9'}}, 'caller': {'address': '0x3f0fe6cce8d6b52259ec7001bef898c62c4416ac'}, 'date': {'date': '2021-08-23'}, 'block': {'height': 13082171}}, {'smartContract': {'address': {'address': '0xe32d18c22e25bc49bf347792f81400224cb5174c'}}, 'caller': {'address': '0x3f0fe6cce8d6b52259ec7001bef898c62c4416ac'}, 'date': {'date': '2021-08-23'}, 'block': {'height': 13082170}}, {'smartContract': {'address': {'address': '0xd89198402b55ea9dfb5b5b00a55ce032c27948bb'}}, 'caller': {'address': '0x3f0fe6cce8d6b52259ec7001bef898c62c4416ac'}, 'date': {'date': '2021-08-23'}, 'block': {'height': 13082160}}, {'smartContract': {'address': {'address': '0xcd429f23088b3fa4aabff61dd5f9e534793f9944'}}, 'caller': {'address': '0x3f0fe6cce8d6b52259ec7001bef898c62c4416ac'}, 'date': {'date': '2021-08-23'}, 'block': {'height': 13082158}}, {'smartContract': {'address': {'address': '0x7f5f88f761cb6408120d290835c9ae617ca79b42'}}, 'caller': {'address': '0x3f0fe6cce8d6b52259ec7001bef898c62c4416ac'}, 'date': {'date': '2021-08-23'}, 'block': {'height': 13082157}}, {'smartContract': {'address': {'address': '0x9cfcb73cb365ed7f38dcf3bc60d2aeafe0d502e2'}}, 'caller': {'address': '0x3f0fe6cce8d6b52259ec7001bef898c62c4416ac'}, 'date': {'date': '2021-08-23'}, 'block': {'height': 13082156}}, {'smartContract': {'address': {'address': '0x0b72c88a4f5e81d96da2ea3e8a26d0113de9d3ac'}}, 'caller': {'address': '0x3f0fe6cce8d6b52259ec7001bef898c62c4416ac'}, 'date': {'date': '2021-08-23'}, 'block': {'height': 13082154}}, {'smartContract': {'address': {'address': '0x097eb2025019ebec0faf9f8077804a10eb692f57'}}, 'caller': {'address': '0x3f0fe6cce8d6b52259ec7001bef898c62c4416ac'}, 'date': {'date': '2021-08-23'}, 'block': {'height': 13082152}}, {'smartContract': {'address': {'address': '0xad1ed31e70b569d78d1930537179a940dda4a9cf'}}, 'caller': {'address': '0x3f0fe6cce8d6b52259ec7001bef898c62c4416ac'}, 'date': {'date': '2021-08-23'}, 'block': {'height': 13082147}}, {'smartContract': {'address': {'address': '0x2d7a678eb9196d0de4f5467141038dbc949c97a1'}}, 'caller': {'address': '0x3f0fe6cce8d6b52259ec7001bef898c62c4416ac'}, 'date': {'date': '2021-08-23'}, 'block': {'height': 13082127}}, {'smartContract': {'address': {'address': '0xca106916ca1f9c53442435036edf9b137b381c90'}}, 'caller': {'address': '0x3f0fe6cce8d6b52259ec7001bef898c62c4416ac'}, 'date': {'date': '2021-08-23'}, 'block': {'height': 13082117}}, {'smartContract': {'address': {'address': '0xe5dbb86ea4669bc8bd3d48d1563dc27c50f8c0ea'}}, 'caller': {'address': '0x3f0fe6cce8d6b52259ec7001bef898c62c4416ac'}, 'date': {'date': '2021-08-23'}, 'block': {'height': 13081937}}, {'smartContract': {'address': {'address': '0xdb30f2ed6a55a7de7031c2ac4119366068049145'}}, 'caller': {'address': '0x3f0fe6cce8d6b52259ec7001bef898c62c4416ac'}, 'date': {'date': '2021-08-23'}, 'block': {'height': 13081908}}, {'smartContract': {'address': {'address': '0x2290a4cc1e5aca21b5b4bffa3c19016008772913'}}, 'caller': {'address': '0x5c69bee701ef814a2b6a3edd4b1652cb9cc5aa6f'}, 'date': {'date': '2021-08-23'}, 'block': {'height': 13081832}}, {'smartContract': {'address': {'address': '0xa2f6a219a51b4682e34a13a94c160d6c79cdca35'}}, 'caller': {'address': '0x5c69bee701ef814a2b6a3edd4b1652cb9cc5aa6f'}, 'date': {'date': '2021-08-23'}, 'block': {'height': 13081816}}, {'smartContract': {'address': {'address': '0x7346ad4c8cd1886ff6d16072bcea5dfc0bc24ca2'}}, 'caller': {'address': '0x3f0fe6cce8d6b52259ec7001bef898c62c4416ac'}, 'date': {'date': '2021-08-23'}, 'block': {'height': 13081801}}, {'smartContract': {'address': {'address': '0xb94e91ea1cf2ab3c44f48123d9e81ca5cdf6fa82'}}, 'caller': {'address': '0x3f0fe6cce8d6b52259ec7001bef898c62c4416ac'}, 'date': {'date': '2021-08-12'}, 'block': {'height': 13009238}}, {'smartContract': {'address': {'address': '0x6b0c7d013cc0b461490287cc20aa9f34f950a6a6'}}, 'caller': {'address': '0x3f0fe6cce8d6b52259ec7001bef898c62c4416ac'}, 'date': {'date': '2021-08-12'}, 'block': {'height': 13009237}}, {'smartContract': {'address': {'address': '0xe67ae15cbb7f6b009f12c4c8999ca3ff4c39463d'}}, 'caller': {'address': '0x3f0fe6cce8d6b52259ec7001bef898c62c4416ac'}, 'date': {'date': '2021-08-12'}, 'block': {'height': 13009232}}, {'smartContract': {'address': {'address': '0xb02f118013150c7f2d4f2030e15f198e1caa60eb'}}, 'caller': {'address': '0x3f0fe6cce8d6b52259ec7001bef898c62c4416ac'}, 'date': {'date': '2021-08-12'}, 'block': {'height': 13009232}}, {'smartContract': {'address': {'address': '0xbe8fb7db7425f9b1f67dc58ac31ddafc532dec9c'}}, 'caller': {'address': '0x3f0fe6cce8d6b52259ec7001bef898c62c4416ac'}, 'date': {'date': '2021-08-12'}, 'block': {'height': 13009231}}, {'smartContract': {'address': {'address': '0x629cdff97a605885a714c6b0bb9e0b7fbded6733'}}, 'caller': {'address': '0x3f0fe6cce8d6b52259ec7001bef898c62c4416ac'}, 'date': {'date': '2021-08-12'}, 'block': {'height': 13009229}}, {'smartContract': {'address': {'address': '0x732b6ba357b6444820a34638833f4865028578ac'}}, 'caller': {'address': '0x3f0fe6cce8d6b52259ec7001bef898c62c4416ac'}, 'date': {'date': '2021-08-12'}, 'block': {'height': 13009227}}, {'smartContract': {'address': {'address': '0xe8d21c3da81cc1ad97abf06a10f3f9952d3f3d11'}}, 'caller': {'address': '0x3f0fe6cce8d6b52259ec7001bef898c62c4416ac'}, 'date': {'date': '2021-08-12'}, 'block': {'height': 13009221}}, {'smartContract': {'address': {'address': '0x036cf3821ea246e935feef1c29ed8ddffac1dbb0'}}, 'caller': {'address': '0x3f0fe6cce8d6b52259ec7001bef898c62c4416ac'}, 'date': {'date': '2021-08-12'}, 'block': {'height': 13009221}}, {'smartContract': {'address': {'address': '0xccb562cf7594bb87d88addae888bb4a12ecbd7da'}}, 'caller': {'address': '0x3f0fe6cce8d6b52259ec7001bef898c62c4416ac'}, 'date': {'date': '2021-08-12'}, 'block': {'height': 13009221}}, {'smartContract': {'address': {'address': '0x9a9e42bc2a0f03be85985356bbe34d9c83b09c68'}}, 'caller': {'address': '0x3f0fe6cce8d6b52259ec7001bef898c62c4416ac'}, 'date': {'date': '2021-08-12'}, 'block': {'height': 13009221}}, {'smartContract': {'address': {'address': '0x3ccd01602d5fa18349ddb25f21079bd018284c8f'}}, 'caller': {'address': '0x3f0fe6cce8d6b52259ec7001bef898c62c4416ac'}, 'date': {'date': '2021-08-12'}, 'block': {'height': 13009221}}, {'smartContract': {'address': {'address': '0xb685bfdad9da7093168ab75204bbcadf0c69c823'}}, 'caller': {'address': '0x3f0fe6cce8d6b52259ec7001bef898c62c4416ac'}, 'date': {'date': '2021-08-12'}, 'block': {'height': 13009221}}, {'smartContract': {'address': {'address': '0x6cc9fedc87010254a35239631353be387e228165'}}, 'caller': {'address': '0x3f0fe6cce8d6b52259ec7001bef898c62c4416ac'}, 'date': {'date': '2021-08-12'}, 'block': {'height': 13009221}}, {'smartContract': {'address': {'address': '0x6b4f20b2259eebb97945b6ef549a1c44fca6cd81'}}, 'caller': {'address': '0x3f0fe6cce8d6b52259ec7001bef898c62c4416ac'}, 'date': {'date': '2021-08-12'}, 'block': {'height': 13009214}}, {'smartContract': {'address': {'address': '0x7a21270190dcb9f9d7f9802f5b0c4ca5e83a974c'}}, 'caller': {'address': '0x3f0fe6cce8d6b52259ec7001bef898c62c4416ac'}, 'date': {'date': '2021-08-12'}, 'block': {'height': 13009210}}, {'smartContract': {'address': {'address': '0x6d4e7702b8eeb1758609e23522490c9e1d8bc145'}}, 'caller': {'address': '0x3f0fe6cce8d6b52259ec7001bef898c62c4416ac'}, 'date': {'date': '2021-08-12'}, 'block': {'height': 13009107}}, {'smartContract': {'address': {'address': '0x2170c379b8bbc66bb8a77fb18136bf3250117cf6'}}, 'caller': {'address': '0x3f0fe6cce8d6b52259ec7001bef898c62c4416ac'}, 'date': {'date': '2021-08-12'}, 'block': {'height': 13009100}}, {'smartContract': {'address': {'address': '0xd86519d8a0c34da2151d460baffdfcabba9cf252'}}, 'caller': {'address': '0x3f0fe6cce8d6b52259ec7001bef898c62c4416ac'}, 'date': {'date': '2021-08-12'}, 'block': {'height': 13009096}}, {'smartContract': {'address': {'address': '0x3c2f55a3e7f4e092723cba44c1cbb859eff60bf3'}}, 'caller': {'address': '0x3f0fe6cce8d6b52259ec7001bef898c62c4416ac'}, 'date': {'date': '2021-08-12'}, 'block': {'height': 13009096}}, {'smartContract': {'address': {'address': '0xb394c6215a5577714a320a6be249dee58cea6f80'}}, 'caller': {'address': '0x3f0fe6cce8d6b52259ec7001bef898c62c4416ac'}, 'date': {'date': '2021-08-12'}, 'block': {'height': 13009092}}, {'smartContract': {'address': {'address': '0xed919c9ceb2408ae263357c4e11e3d43adb72a7f'}}, 'caller': {'address': '0x3f0fe6cce8d6b52259ec7001bef898c62c4416ac'}, 'date': {'date': '2021-08-12'}, 'block': {'height': 13009092}}, {'smartContract': {'address': {'address': '0x6795464efc9e44f6951ce5880c8bdbaf5a54b169'}}, 'caller': {'address': '0x3f0fe6cce8d6b52259ec7001bef898c62c4416ac'}, 'date': {'date': '2021-08-12'}, 'block': {'height': 13009067}}, {'smartContract': {'address': {'address': '0xa8af265dc79b6c45fd311e5ebffe4b5b69e33744'}}, 'caller': {'address': '0x3f0fe6cce8d6b52259ec7001bef898c62c4416ac'}, 'date': {'date': '2021-08-12'}, 'block': {'height': 13009067}}, {'smartContract': {'address': {'address': '0x9d7621b157cb10fa32533f304ab0894fdbda5eb3'}}, 'caller': {'address': '0x3f0fe6cce8d6b52259ec7001bef898c62c4416ac'}, 'date': {'date': '2021-08-12'}, 'block': {'height': 13009067}}, {'smartContract': {'address': {'address': '0xd4e1a98da92b3fa1beaa53e5fc479419a8f6b4df'}}, 'caller': {'address': '0x3f0fe6cce8d6b52259ec7001bef898c62c4416ac'}, 'date': {'date': '2021-08-12'}, 'block': {'height': 13009067}}, {'smartContract': {'address': {'address': '0x69f8eb1727a9e0f0d37113d91ae3075c65b1bb2b'}}, 'caller': {'address': '0x3f0fe6cce8d6b52259ec7001bef898c62c4416ac'}, 'date': {'date': '2021-08-12'}, 'block': {'height': 13009067}}, {'smartContract': {'address': {'address': '0x8340c3858f0c53d29e9c6669a4b625b304400443'}}, 'caller': {'address': '0x3f0fe6cce8d6b52259ec7001bef898c62c4416ac'}, 'date': {'date': '2021-08-12'}, 'block': {'height': 13009067}}, {'smartContract': {'address': {'address': '0xecf802b10219258d7414142e16a58edf8f4a00e7'}}, 'caller': {'address': '0x3f0fe6cce8d6b52259ec7001bef898c62c4416ac'}, 'date': {'date': '2021-08-12'}, 'block': {'height': 13009067}}, {'smartContract': {'address': {'address': '0xc7971be48085a8b7a83f1e59161173d3c132b451'}}, 'caller': {'address': '0x3f0fe6cce8d6b52259ec7001bef898c62c4416ac'}, 'date': {'date': '2021-08-12'}, 'block': {'height': 13009056}}, {'smartContract': {'address': {'address': '0x6e3dc6bca1c35e84262ec62e34bb2dfa788bc737'}}, 'caller': {'address': '0x3f0fe6cce8d6b52259ec7001bef898c62c4416ac'}, 'date': {'date': '2021-08-12'}, 'block': {'height': 13009056}}, {'smartContract': {'address': {'address': '0xd372a3221021df72eda38f77117d3a95f057e163'}}, 'caller': {'address': '0x5c69bee701ef814a2b6a3edd4b1652cb9cc5aa6f'}, 'date': {'date': '2021-08-12'}, 'block': {'height': 13008007}}, {'smartContract': {'address': {'address': '0x9b1322c434584ddca16cb5d8c6d75368b3821e82'}}, 'caller': {'address': '0x3f0fe6cce8d6b52259ec7001bef898c62c4416ac'}, 'date': {'date': '2021-08-12'}, 'block': {'height': 13007950}}, {'smartContract': {'address': {'address': '0x09ce2b746c32528b7d864a1e3979bd97d2f095ab'}}, 'caller': {'address': '0x3f0fe6cce8d6b52259ec7001bef898c62c4416ac'}, 'date': {'date': '2021-08-12'}, 'block': {'height': 13007938}}, {'smartContract': {'address': {'address': '0x4cd7b5789d8a3379b347fcd258777d0e5c8315d5'}}, 'caller': {'address': '0x3f0fe6cce8d6b52259ec7001bef898c62c4416ac'}, 'date': {'date': '2021-08-12'}, 'block': {'height': 13007681}}, {'smartContract': {'address': {'address': '0xfb2fd2068112c050e5c8c9759e201824d1e1adac'}}, 'caller': {'address': '0x3f0fe6cce8d6b52259ec7001bef898c62c4416ac'}, 'date': {'date': '2021-08-12'}, 'block': {'height': 13007660}}, {'smartContract': {'address': {'address': '0x4d5f2059ea6a808b635293bc33ca749372abb9b8'}}, 'caller': {'address': '0x3f0fe6cce8d6b52259ec7001bef898c62c4416ac'}, 'date': {'date': '2021-03-23'}, 'block': {'height': 12095941}}, {'smartContract': {'address': {'address': '0xe0f23bee9c884bf28ebc75ee59fd12377e59a327'}}, 'caller': {'address': '0x3f0fe6cce8d6b52259ec7001bef898c62c4416ac'}, 'date': {'date': '2021-02-23'}, 'block': {'height': 11912821}}, {'smartContract': {'address': {'address': '0xc3533e9c9d835d12c5b895933b65364db4ab5619'}}, 'caller': {'address': '0x3f0fe6cce8d6b52259ec7001bef898c62c4416ac'}, 'date': {'date': '2020-11-23'}, 'block': {'height': 11315227}}, {'smartContract': {'address': {'address': '0xe34cc1f22a63a9c5ac4300a000eece8854a8fa43'}}, 'caller': {'address': '0x3f0fe6cce8d6b52259ec7001bef898c62c4416ac'}, 'date': {'date': '2020-11-21'}, 'block': {'height': 11300616}}, {'smartContract': {'address': {'address': '0x6b062566c677f67aeffcec1a8fe1b52795a33b77'}}, 'caller': {'address': '0x3f0fe6cce8d6b52259ec7001bef898c62c4416ac'}, 'date': {'date': '2020-11-20'}, 'block': {'height': 11293443}}, {'smartContract': {'address': {'address': '0x95bcdb593e50a68b613356698c752171d5e1718e'}}, 'caller': {'address': '0x3f0fe6cce8d6b52259ec7001bef898c62c4416ac'}, 'date': {'date': '2020-11-20'}, 'block': {'height': 11293406}}, {'smartContract': {'address': {'address': '0x160ac8b03738490d3c83e9e42abd0bd1e600dcce'}}, 'caller': {'address': '0x5c69bee701ef814a2b6a3edd4b1652cb9cc5aa6f'}, 'date': {'date': '2020-11-20'}, 'block': {'height': 11293367}}, {'smartContract': {'address': {'address': '0xf0e55fb0cd9f1109691d365764ddb5ffb6bbc8ce'}}, 'caller': {'address': '0x3f0fe6cce8d6b52259ec7001bef898c62c4416ac'}, 'date': {'date': '2020-11-20'}, 'block': {'height': 11292144}}, {'smartContract': {'address': {'address': '0x842738637f84b4dac335b832d9890cf8e11da214'}}, 'caller': {'address': '0x3f0fe6cce8d6b52259ec7001bef898c62c4416ac'}, 'date': {'date': '2020-11-20'}, 'block': {'height': 11292049}}, {'smartContract': {'address': {'address': '0x784ca62029caa80ee54fca4256100f720e894569'}}, 'caller': {'address': '0x3f0fe6cce8d6b52259ec7001bef898c62c4416ac'}, 'date': {'date': '2020-11-20'}, 'block': {'height': 11292029}}, {'smartContract': {'address': {'address': '0x6ded0f2c886568fb4bb6f04f179093d3d167c9d7'}}, 'caller': {'address': '0x3f0fe6cce8d6b52259ec7001bef898c62c4416ac'}, 'date': {'date': '2020-11-20'}, 'block': {'height': 11292020}}, {'smartContract': {'address': {'address': '0x3c392c3fbe6ada6049373478a4f8dd668ab27b0c'}}, 'caller': {'address': '0x3f0fe6cce8d6b52259ec7001bef898c62c4416ac'}, 'date': {'date': '2020-11-20'}, 'block': {'height': 11292012}}, {'smartContract': {'address': {'address': '0x22b475f3e93390b7e523873ad7073337f4e56c2c'}}, 'caller': {'address': '0x3f0fe6cce8d6b52259ec7001bef898c62c4416ac'}, 'date': {'date': '2020-11-20'}, 'block': {'height': 11292008}}]",2021-08-12
432,432,0x1695936d6a953df699C38CA21c2140d497C08BD9,SynLev,,0xa2E316CbfA81640ce509ab487867a136b75C83C4,0.0,"[{'smartContract': {'address': {'address': '0xde32fb530502fa428e7adbb88a129c1eda9d445b'}}, 'caller': {'address': '0xa2e316cbfa81640ce509ab487867a136b75c83c4'}, 'date': {'date': '2021-07-22'}, 'block': {'height': 12876249}}, {'smartContract': {'address': {'address': '0xd7d3d3bb7ca0dc6140bc586bf01f15ccc4dcc1f1'}}, 'caller': {'address': '0xa2e316cbfa81640ce509ab487867a136b75c83c4'}, 'date': {'date': '2021-07-22'}, 'block': {'height': 12876165}}, {'smartContract': {'address': {'address': '0x531167a3ff42145bedb47c5e8b852858e65ef4f4'}}, 'caller': {'address': '0xa2e316cbfa81640ce509ab487867a136b75c83c4'}, 'date': {'date': '2021-07-22'}, 'block': {'height': 12876130}}, {'smartContract': {'address': {'address': '0xf47d1068118509656d390cd2ed6491a8df5f978a'}}, 'caller': {'address': '0xa2e316cbfa81640ce509ab487867a136b75c83c4'}, 'date': {'date': '2021-07-22'}, 'block': {'height': 12876027}}, {'smartContract': {'address': {'address': '0x189c6123658109675e4a31f116a90fc3367d37b1'}}, 'caller': {'address': '0xa2e316cbfa81640ce509ab487867a136b75c83c4'}, 'date': {'date': '2021-01-24'}, 'block': {'height': 11717812}}, {'smartContract': {'address': {'address': '0x1e2561643848129670c6c262020d5cf932aa4dc8'}}, 'caller': {'address': '0xa2e316cbfa81640ce509ab487867a136b75c83c4'}, 'date': {'date': '2021-01-15'}, 'block': {'height': 11659452}}, {'smartContract': {'address': {'address': '0xa202a0f82b5997fbdbcff8862d8cc6e81f0c247b'}}, 'caller': {'address': '0xa2e316cbfa81640ce509ab487867a136b75c83c4'}, 'date': {'date': '2021-01-15'}, 'block': {'height': 11659448}}, {'smartContract': {'address': {'address': '0x19392dbea0cc2de68c47d186903420f07d63917a'}}, 'caller': {'address': '0xa2e316cbfa81640ce509ab487867a136b75c83c4'}, 'date': {'date': '2021-01-15'}, 'block': {'height': 11659424}}, {'smartContract': {'address': {'address': '0x8b1f81c4e7bb8abdcd85ac375bf4826099166121'}}, 'caller': {'address': '0xa2e316cbfa81640ce509ab487867a136b75c83c4'}, 'date': {'date': '2021-01-14'}, 'block': {'height': 11652972}}, {'smartContract': {'address': {'address': '0x2380f780872453178bec735377c1f273924281b2'}}, 'caller': {'address': '0xa2e316cbfa81640ce509ab487867a136b75c83c4'}, 'date': {'date': '2021-01-14'}, 'block': {'height': 11652943}}, {'smartContract': {'address': {'address': '0xee203402b2d74edeb283ee2c2cdae2f118ffa4a3'}}, 'caller': {'address': '0xa2e316cbfa81640ce509ab487867a136b75c83c4'}, 'date': {'date': '2021-01-14'}, 'block': {'height': 11652877}}, {'smartContract': {'address': {'address': '0x9fcd9d93b121e0c4cf2ca41a579ae8b8e84c4e28'}}, 'caller': {'address': '0xa2e316cbfa81640ce509ab487867a136b75c83c4'}, 'date': {'date': '2021-01-12'}, 'block': {'height': 11639459}}, {'smartContract': {'address': {'address': '0x8b8bfcede1faa498976437da23a602789642b903'}}, 'caller': {'address': '0xa2e316cbfa81640ce509ab487867a136b75c83c4'}, 'date': {'date': '2021-01-07'}, 'block': {'height': 11608244}}, {'smartContract': {'address': {'address': '0xbf0175416145f2fe12ed8748bc5a017257986d0f'}}, 'caller': {'address': '0xa2e316cbfa81640ce509ab487867a136b75c83c4'}, 'date': {'date': '2021-01-07'}, 'block': {'height': 11608151}}, {'smartContract': {'address': {'address': '0x717584a1dc53dafdde10b9819601a7082536e79e'}}, 'caller': {'address': '0xa2e316cbfa81640ce509ab487867a136b75c83c4'}, 'date': {'date': '2021-01-07'}, 'block': {'height': 11608083}}, {'smartContract': {'address': {'address': '0x1d01a536c29ff2f0b33330b330c9821f1bc3833c'}}, 'caller': {'address': '0xa2e316cbfa81640ce509ab487867a136b75c83c4'}, 'date': {'date': '2020-12-24'}, 'block': {'height': 11517840}}, {'smartContract': {'address': {'address': '0xaffb517dce853dc73301da62b3d9880fbed0cb04'}}, 'caller': {'address': '0xa2e316cbfa81640ce509ab487867a136b75c83c4'}, 'date': {'date': '2020-12-13'}, 'block': {'height': 11444622}}, {'smartContract': {'address': {'address': '0x3bd5589439b0516f18ba8c326cd2216b6a5e49cb'}}, 'caller': {'address': '0xa2e316cbfa81640ce509ab487867a136b75c83c4'}, 'date': {'date': '2020-12-13'}, 'block': {'height': 11444551}}, {'smartContract': {'address': {'address': '0x50e24e1eca1053132cfda3d14b8d2d73f2071014'}}, 'caller': {'address': '0xa2e316cbfa81640ce509ab487867a136b75c83c4'}, 'date': {'date': '2020-12-07'}, 'block': {'height': 11405760}}, {'smartContract': {'address': {'address': '0xe075f96a73e44921c1b16d95151c9f0b2eebe023'}}, 'caller': {'address': '0xa2e316cbfa81640ce509ab487867a136b75c83c4'}, 'date': {'date': '2020-12-07'}, 'block': {'height': 11405758}}, {'smartContract': {'address': {'address': '0xa81f8460de4008577e7e6a17708102392f9ad92d'}}, 'caller': {'address': '0xa2e316cbfa81640ce509ab487867a136b75c83c4'}, 'date': {'date': '2020-12-07'}, 'block': {'height': 11405732}}, {'smartContract': {'address': {'address': '0xf21c4f3a748f38a0b244f649d19fdcc55678f576'}}, 'caller': {'address': '0xa2e316cbfa81640ce509ab487867a136b75c83c4'}, 'date': {'date': '2020-12-03'}, 'block': {'height': 11380372}}, {'smartContract': {'address': {'address': '0x659ec6c45731011945f35101c8dda1a6c62462c6'}}, 'caller': {'address': '0xa2e316cbfa81640ce509ab487867a136b75c83c4'}, 'date': {'date': '2020-11-18'}, 'block': {'height': 11282386}}, {'smartContract': {'address': {'address': '0x2a77a4ce668484b5361a4525038a1c12d561acd5'}}, 'caller': {'address': '0xa2e316cbfa81640ce509ab487867a136b75c83c4'}, 'date': {'date': '2020-11-17'}, 'block': {'height': 11275402}}, {'smartContract': {'address': {'address': '0x2bab675d19eb672268d04d7d593b935b76f48d26'}}, 'caller': {'address': '0xa2e316cbfa81640ce509ab487867a136b75c83c4'}, 'date': {'date': '2020-11-17'}, 'block': {'height': 11275343}}, {'smartContract': {'address': {'address': '0xddde72a5431a2e73d871431ba79d9f45915f3728'}}, 'caller': {'address': '0xa2e316cbfa81640ce509ab487867a136b75c83c4'}, 'date': {'date': '2020-11-17'}, 'block': {'height': 11275336}}, {'smartContract': {'address': {'address': '0xff40827ee1c4eb6052044101e1c6e28dbe1440e3'}}, 'caller': {'address': '0xa2e316cbfa81640ce509ab487867a136b75c83c4'}, 'date': {'date': '2020-11-17'}, 'block': {'height': 11275311}}, {'smartContract': {'address': {'address': '0xb658e8680c1e1f148fb09cdbb3bd0d58f9c14c00'}}, 'caller': {'address': '0xa2e316cbfa81640ce509ab487867a136b75c83c4'}, 'date': {'date': '2020-11-16'}, 'block': {'height': 11270138}}, {'smartContract': {'address': {'address': '0x70873daaa742bea6d0edf03f4f85c615983c01d7'}}, 'caller': {'address': '0xa2e316cbfa81640ce509ab487867a136b75c83c4'}, 'date': {'date': '2020-11-16'}, 'block': {'height': 11270138}}, {'smartContract': {'address': {'address': '0x80d129a01879422eb102c47ed32dc6e8b123d05f'}}, 'caller': {'address': '0xa2e316cbfa81640ce509ab487867a136b75c83c4'}, 'date': {'date': '2020-11-16'}, 'block': {'height': 11270138}}, {'smartContract': {'address': {'address': '0xaec85ec5d1660f25dd3b8eda0ddbcb70115039f6'}}, 'caller': {'address': '0xa2e316cbfa81640ce509ab487867a136b75c83c4'}, 'date': {'date': '2020-11-16'}, 'block': {'height': 11270131}}, {'smartContract': {'address': {'address': '0x43d055d3bc4c3787febdc286fa72c21f4a02152e'}}, 'caller': {'address': '0xa2e316cbfa81640ce509ab487867a136b75c83c4'}, 'date': {'date': '2020-11-02'}, 'block': {'height': 11178243}}, {'smartContract': {'address': {'address': '0x73f4e0693615ce271ee1750a2f12b3105d83dcf1'}}, 'caller': {'address': '0xa2e316cbfa81640ce509ab487867a136b75c83c4'}, 'date': {'date': '2020-11-02'}, 'block': {'height': 11178236}}, {'smartContract': {'address': {'address': '0xaae6ea9b2884bf263edf6e61fcdca2ea8d807008'}}, 'caller': {'address': '0xa2e316cbfa81640ce509ab487867a136b75c83c4'}, 'date': {'date': '2020-11-02'}, 'block': {'height': 11178200}}, {'smartContract': {'address': {'address': '0x4a754941cce5e611bc89c77f2dd684c420acc5d0'}}, 'caller': {'address': '0xa2e316cbfa81640ce509ab487867a136b75c83c4'}, 'date': {'date': '2020-11-02'}, 'block': {'height': 11178132}}, {'smartContract': {'address': {'address': '0x2b12e6e296b4b758f00e2555c23d50d70b51c4d3'}}, 'caller': {'address': '0xa2e316cbfa81640ce509ab487867a136b75c83c4'}, 'date': {'date': '2020-11-02'}, 'block': {'height': 11178009}}, {'smartContract': {'address': {'address': '0x7196545d854d03d9c87b7588f6d9e1e42d876e95'}}, 'caller': {'address': '0xa2e316cbfa81640ce509ab487867a136b75c83c4'}, 'date': {'date': '2020-11-02'}, 'block': {'height': 11177953}}, {'smartContract': {'address': {'address': '0xe0d6b68403d32dd659e452db880393df15fa00f2'}}, 'caller': {'address': '0xa2e316cbfa81640ce509ab487867a136b75c83c4'}, 'date': {'date': '2020-11-02'}, 'block': {'height': 11177922}}, {'smartContract': {'address': {'address': '0x73f27200093b74b3d21ff4df63e14a9e3fb85cd8'}}, 'caller': {'address': '0xa2e316cbfa81640ce509ab487867a136b75c83c4'}, 'date': {'date': '2020-11-02'}, 'block': {'height': 11177902}}, {'smartContract': {'address': {'address': '0xf4c56485a09388dbdcb01056e76a7b5bf7f5f574'}}, 'caller': {'address': '0xa2e316cbfa81640ce509ab487867a136b75c83c4'}, 'date': {'date': '2020-11-02'}, 'block': {'height': 11177854}}, {'smartContract': {'address': {'address': '0x0070f3e1147c03a1bb0caf80035b7c362d312119'}}, 'caller': {'address': '0xa2e316cbfa81640ce509ab487867a136b75c83c4'}, 'date': {'date': '2020-11-02'}, 'block': {'height': 11177785}}, {'smartContract': {'address': {'address': '0x6e3b2be7d57f58994176b2b2c67a633969f391c7'}}, 'caller': {'address': '0xa2e316cbfa81640ce509ab487867a136b75c83c4'}, 'date': {'date': '2020-10-18'}, 'block': {'height': 11080763}}, {'smartContract': {'address': {'address': '0x1695936d6a953df699c38ca21c2140d497c08bd9'}}, 'caller': {'address': '0xa2e316cbfa81640ce509ab487867a136b75c83c4'}, 'date': {'date': '2020-08-10'}, 'block': {'height': 10634339}}, {'smartContract': {'address': {'address': '0x203243bd77f6ff4d6d0e221fb08a2a932cf42eba'}}, 'caller': {'address': '0xa2e316cbfa81640ce509ab487867a136b75c83c4'}, 'date': {'date': '2020-08-08'}, 'block': {'height': 10619864}}]",2020-08-10
433,433,0x38d9eb07A7b8Df7D86F440A4A5c4a4c1a27E1a08,bloXmove Token,,0xfba1f3F1fa66Fad605FCAd7e8913d067EA0f7477,0.0,"[{'smartContract': {'address': {'address': '0xb1ab3644bbfd8605e53ce5b32cbe012169d9663d'}}, 'caller': {'address': '0xfba1f3f1fa66fad605fcad7e8913d067ea0f7477'}, 'date': {'date': '2021-10-21'}, 'block': {'height': 13460562}}, {'smartContract': {'address': {'address': '0x38d9eb07a7b8df7d86f440a4a5c4a4c1a27e1a08'}}, 'caller': {'address': '0xfba1f3f1fa66fad605fcad7e8913d067ea0f7477'}, 'date': {'date': '2021-10-21'}, 'block': {'height': 13460427}}, {'smartContract': {'address': {'address': '0x2cd40b5ff501d8ee3a2ded01227660dc051d9590'}}, 'caller': {'address': '0xa6b71e26c5e0845f74c812102ca7114b6a896ab2'}, 'date': {'date': '2021-10-21'}, 'block': {'height': 13460304}}, {'smartContract': {'address': {'address': '0x49cedf639f0e6ed75a58489dd11f2f30bd06e64a'}}, 'caller': {'address': '0xa6b71e26c5e0845f74c812102ca7114b6a896ab2'}, 'date': {'date': '2021-10-21'}, 'block': {'height': 13460293}}, {'smartContract': {'address': {'address': '0x3ce099bdbb0082fd28ba992f88334cb9bad4e2a3'}}, 'caller': {'address': '0xa6b71e26c5e0845f74c812102ca7114b6a896ab2'}, 'date': {'date': '2021-10-21'}, 'block': {'height': 13460266}}, {'smartContract': {'address': {'address': '0xa1f3ad8097ec0348f518671ee6641885aac4fe4c'}}, 'caller': {'address': '0xa6b71e26c5e0845f74c812102ca7114b6a896ab2'}, 'date': {'date': '2021-10-20'}, 'block': {'height': 13454131}}, {'smartContract': {'address': {'address': '0x5b8160581f6cd350d6a9b6564f794d2460f5d707'}}, 'caller': {'address': '0xa6b71e26c5e0845f74c812102ca7114b6a896ab2'}, 'date': {'date': '2021-10-20'}, 'block': {'height': 13454114}}, {'smartContract': {'address': {'address': '0x55840430c6a14606a84ff114fe21e7c49cd8a800'}}, 'caller': {'address': '0xa6b71e26c5e0845f74c812102ca7114b6a896ab2'}, 'date': {'date': '2021-10-19'}, 'block': {'height': 13449035}}]",2021-10-21
434,434,0x5067006F830224960Fb419D7f25a3a53e9919BB0,PAD,,0xd13F97A70FFd92229b2cd9129bdE06aA18fdF964,0.0,"[{'smartContract': {'address': {'address': '0x5067006f830224960fb419d7f25a3a53e9919bb0'}}, 'caller': {'address': '0xd13f97a70ffd92229b2cd9129bde06aa18fdf964'}, 'date': {'date': '2021-04-30'}, 'block': {'height': 12343945}}, {'smartContract': {'address': {'address': '0x22ebc88055f1e8205978ae9997cbefdf79e8b1e0'}}, 'caller': {'address': '0xd13f97a70ffd92229b2cd9129bde06aa18fdf964'}, 'date': {'date': '2021-04-09'}, 'block': {'height': 12206615}}]",2021-04-30
435,435,0x501acE9c35E60f03A2af4d484f49F9B1EFde9f40,solace,https://github.com/solace-fi/solace-stats,0x501aCe4732E4A80CC1bc5cd081BEe7f88ff694EF,0.0,[],2021-11-23
436,436,0x56EE175FE37CD461486cE3c3166e0CaFCcd9843f,eWit,,0x5beD4eEcc421bf8d0BA186a42c16026fFe949d49,0.0,"[{'smartContract': {'address': {'address': '0xc340e590ab1810f4e56207896e2876c7e0b9d3af'}}, 'caller': {'address': '0x76e2cfc1f5fa8f6a5b3fc4c8f4788f0116861f9b'}, 'date': {'date': '2021-05-28'}, 'block': {'height': 12524654}}, {'smartContract': {'address': {'address': '0x56ee175fe37cd461486ce3c3166e0cafccd9843f'}}, 'caller': {'address': '0x5bed4eecc421bf8d0ba186a42c16026ffe949d49'}, 'date': {'date': '2021-05-28'}, 'block': {'height': 12524624}}]",2021-05-28
437,437,0x69bBC3F8787d573F1BBDd0a5f40C7bA0Aee9BCC9,(Proxy contract) YUP,https://github.com/yup-io,0x44b8FCEb3BEbA8EEC1fA3542D2490E67c022D477,0.0,"[{'smartContract': {'address': {'address': '0x58f245b6ed08213cd53d013da78c496d19ec9121'}}, 'caller': {'address': '0x44b8fceb3beba8eec1fa3542d2490e67c022d477'}, 'date': {'date': '2020-11-23'}, 'block': {'height': 11314837}}, {'smartContract': {'address': {'address': '0xe4f21716b326c1fd092045bc78ba53757ac8e2fa'}}, 'caller': {'address': '0x44b8fceb3beba8eec1fa3542d2490e67c022d477'}, 'date': {'date': '2020-11-23'}, 'block': {'height': 11314833}}, {'smartContract': {'address': {'address': '0x0139222177a7858077baa2ad17b20f5bbd3b2f72'}}, 'caller': {'address': '0x44b8fceb3beba8eec1fa3542d2490e67c022d477'}, 'date': {'date': '2020-11-23'}, 'block': {'height': 11314593}}, {'smartContract': {'address': {'address': '0x22000780defc72b1a5b81e45be50acbfac8fa2bb'}}, 'caller': {'address': '0x44b8fceb3beba8eec1fa3542d2490e67c022d477'}, 'date': {'date': '2020-11-23'}, 'block': {'height': 11314439}}, {'smartContract': {'address': {'address': '0x1f3e763501fb264d992bc0b5ffbcdf2fe291f830'}}, 'caller': {'address': '0x44b8fceb3beba8eec1fa3542d2490e67c022d477'}, 'date': {'date': '2020-11-23'}, 'block': {'height': 11311839}}, {'smartContract': {'address': {'address': '0xe6692618865bf575f093d1389559fd8e775b29c2'}}, 'caller': {'address': '0x44b8fceb3beba8eec1fa3542d2490e67c022d477'}, 'date': {'date': '2020-11-23'}, 'block': {'height': 11311805}}, {'smartContract': {'address': {'address': '0x6cea147a4c69ddb3834fd4368d98136225222d5e'}}, 'caller': {'address': '0x44b8fceb3beba8eec1fa3542d2490e67c022d477'}, 'date': {'date': '2020-11-23'}, 'block': {'height': 11311675}}, {'smartContract': {'address': {'address': '0xd22929b7a32385acb490af46f0352f96b13e4997'}}, 'caller': {'address': '0x44b8fceb3beba8eec1fa3542d2490e67c022d477'}, 'date': {'date': '2020-11-23'}, 'block': {'height': 11311673}}, {'smartContract': {'address': {'address': '0xdc3a6e5d4b2dc082b2cb9e7d537912cd0e95a67d'}}, 'caller': {'address': '0x44b8fceb3beba8eec1fa3542d2490e67c022d477'}, 'date': {'date': '2020-11-23'}, 'block': {'height': 11311672}}, {'smartContract': {'address': {'address': '0xc560b7e3904f2470cdd7c74f5d11e526cf5bb5a4'}}, 'caller': {'address': '0x44b8fceb3beba8eec1fa3542d2490e67c022d477'}, 'date': {'date': '2020-11-23'}, 'block': {'height': 11311670}}, {'smartContract': {'address': {'address': '0x8ba8e74c56551c639c1f5401fda1be37f531d5bd'}}, 'caller': {'address': '0x44b8fceb3beba8eec1fa3542d2490e67c022d477'}, 'date': {'date': '2020-11-11'}, 'block': {'height': 11236992}}, {'smartContract': {'address': {'address': '0x9a6ab1b490526dc5dd4fce3d7a9036246582fdf0'}}, 'caller': {'address': '0x44b8fceb3beba8eec1fa3542d2490e67c022d477'}, 'date': {'date': '2020-11-11'}, 'block': {'height': 11236968}}, {'smartContract': {'address': {'address': '0x0191fa7da25be7a14fb26c204dec5d8bb82531bc'}}, 'caller': {'address': '0x44b8fceb3beba8eec1fa3542d2490e67c022d477'}, 'date': {'date': '2020-11-11'}, 'block': {'height': 11236823}}, {'smartContract': {'address': {'address': '0x9a2a3fa615784078f24a217ded88c37721e02e50'}}, 'caller': {'address': '0x44b8fceb3beba8eec1fa3542d2490e67c022d477'}, 'date': {'date': '2020-11-11'}, 'block': {'height': 11234684}}, {'smartContract': {'address': {'address': '0x3bbb3e4eceb79bd3612511d844cfc55a325bee1c'}}, 'caller': {'address': '0x44b8fceb3beba8eec1fa3542d2490e67c022d477'}, 'date': {'date': '2020-11-11'}, 'block': {'height': 11234428}}, {'smartContract': {'address': {'address': '0x83a8c64d8039d5cd9a8648c6ce8d6727f63b23a1'}}, 'caller': {'address': '0x44b8fceb3beba8eec1fa3542d2490e67c022d477'}, 'date': {'date': '2020-11-11'}, 'block': {'height': 11234426}}, {'smartContract': {'address': {'address': '0x8571a9abd683bf5124bfdf90dd095e136bea3f79'}}, 'caller': {'address': '0x44b8fceb3beba8eec1fa3542d2490e67c022d477'}, 'date': {'date': '2020-11-11'}, 'block': {'height': 11234423}}, {'smartContract': {'address': {'address': '0x139d4b0bc646c973478c16a10a9f6744b3d48b2f'}}, 'caller': {'address': '0x44b8fceb3beba8eec1fa3542d2490e67c022d477'}, 'date': {'date': '2020-11-11'}, 'block': {'height': 11234377}}, {'smartContract': {'address': {'address': '0x4e7506ab142ea74c6bd50c19f719bd2440a5b7aa'}}, 'caller': {'address': '0x44b8fceb3beba8eec1fa3542d2490e67c022d477'}, 'date': {'date': '2020-11-10'}, 'block': {'height': 11232571}}, {'smartContract': {'address': {'address': '0x80fe83ac3bc4f469cae4bb9cd6d0179464f9b045'}}, 'caller': {'address': '0x44b8fceb3beba8eec1fa3542d2490e67c022d477'}, 'date': {'date': '2020-11-10'}, 'block': {'height': 11232510}}, {'smartContract': {'address': {'address': '0x965d3f56cfb38477cb72356e4ff920cc4c1f6fd2'}}, 'caller': {'address': '0x44b8fceb3beba8eec1fa3542d2490e67c022d477'}, 'date': {'date': '2020-11-10'}, 'block': {'height': 11232500}}, {'smartContract': {'address': {'address': '0x66cb817723cf9be41fe9e6b5535313657114a336'}}, 'caller': {'address': '0x44b8fceb3beba8eec1fa3542d2490e67c022d477'}, 'date': {'date': '2020-11-10'}, 'block': {'height': 11227532}}, {'smartContract': {'address': {'address': '0x73b0d6d41b43938e4f6c63ef2f8ae613b17dab4c'}}, 'caller': {'address': '0x44b8fceb3beba8eec1fa3542d2490e67c022d477'}, 'date': {'date': '2020-11-10'}, 'block': {'height': 11227522}}, {'smartContract': {'address': {'address': '0xb513f69533eb4fc1c1b9965efc0fa14c239ca469'}}, 'caller': {'address': '0x44b8fceb3beba8eec1fa3542d2490e67c022d477'}, 'date': {'date': '2020-11-10'}, 'block': {'height': 11227328}}, {'smartContract': {'address': {'address': '0xf33447f39e72c106915189253964de1c64a8800f'}}, 'caller': {'address': '0x44b8fceb3beba8eec1fa3542d2490e67c022d477'}, 'date': {'date': '2020-11-10'}, 'block': {'height': 11227326}}, {'smartContract': {'address': {'address': '0x6814f4352c36155fcd152e8b097ba02d1d283ad0'}}, 'caller': {'address': '0x44b8fceb3beba8eec1fa3542d2490e67c022d477'}, 'date': {'date': '2020-11-10'}, 'block': {'height': 11227324}}, {'smartContract': {'address': {'address': '0x3087b2d248409684c8fbe5e66b676f2d81db0d56'}}, 'caller': {'address': '0x44b8fceb3beba8eec1fa3542d2490e67c022d477'}, 'date': {'date': '2020-11-10'}, 'block': {'height': 11227324}}, {'smartContract': {'address': {'address': '0xccf211261671044ecc4e5e134a38dfd7f8db7135'}}, 'caller': {'address': '0x44b8fceb3beba8eec1fa3542d2490e67c022d477'}, 'date': {'date': '2020-11-10'}, 'block': {'height': 11227114}}, {'smartContract': {'address': {'address': '0x522639d4474be3b4b73d8ef4e0e321c486a07a83'}}, 'caller': {'address': '0x44b8fceb3beba8eec1fa3542d2490e67c022d477'}, 'date': {'date': '2020-11-10'}, 'block': {'height': 11227105}}, {'smartContract': {'address': {'address': '0xaa3216c38f146b883e07d4f3e98c2104921b76da'}}, 'caller': {'address': '0x44b8fceb3beba8eec1fa3542d2490e67c022d477'}, 'date': {'date': '2020-11-10'}, 'block': {'height': 11227043}}, {'smartContract': {'address': {'address': '0xb9ff13532195e8b213268cb3659efd4493d6a07e'}}, 'caller': {'address': '0x44b8fceb3beba8eec1fa3542d2490e67c022d477'}, 'date': {'date': '2020-11-10'}, 'block': {'height': 11227039}}, {'smartContract': {'address': {'address': '0x0b1ecb7307b51d5a1b7975756da3c4de70d931a5'}}, 'caller': {'address': '0x44b8fceb3beba8eec1fa3542d2490e67c022d477'}, 'date': {'date': '2020-11-10'}, 'block': {'height': 11226990}}, {'smartContract': {'address': {'address': '0x30ef2e70e492922ef87bdb5cf3902770f7789f7a'}}, 'caller': {'address': '0x44b8fceb3beba8eec1fa3542d2490e67c022d477'}, 'date': {'date': '2020-11-10'}, 'block': {'height': 11226916}}, {'smartContract': {'address': {'address': '0xc54b7a5cb358aefd9a953165e9148fb3948e586a'}}, 'caller': {'address': '0x44b8fceb3beba8eec1fa3542d2490e67c022d477'}, 'date': {'date': '2020-11-10'}, 'block': {'height': 11226832}}, {'smartContract': {'address': {'address': '0x22e6e1b99e71547faf93f8fc77660c204c3752a0'}}, 'caller': {'address': '0x44b8fceb3beba8eec1fa3542d2490e67c022d477'}, 'date': {'date': '2020-11-09'}, 'block': {'height': 11225741}}, {'smartContract': {'address': {'address': '0x7bb59045a304daba60b0680b478ce27ceadab7ad'}}, 'caller': {'address': '0x44b8fceb3beba8eec1fa3542d2490e67c022d477'}, 'date': {'date': '2020-11-02'}, 'block': {'height': 11180419}}, {'smartContract': {'address': {'address': '0xf00c054e5bbcff4e4858638d98c5ef687785ae5b'}}, 'caller': {'address': '0x44b8fceb3beba8eec1fa3542d2490e67c022d477'}, 'date': {'date': '2020-11-02'}, 'block': {'height': 11180417}}, {'smartContract': {'address': {'address': '0x18539187e4140d26b5fd1855c375500e11fa2ec9'}}, 'caller': {'address': '0x44b8fceb3beba8eec1fa3542d2490e67c022d477'}, 'date': {'date': '2020-11-02'}, 'block': {'height': 11180404}}, {'smartContract': {'address': {'address': '0x44aea1d460a4d876e3bd1b104a8e3f11ee38d4c2'}}, 'caller': {'address': '0x44b8fceb3beba8eec1fa3542d2490e67c022d477'}, 'date': {'date': '2020-11-02'}, 'block': {'height': 11180343}}, {'smartContract': {'address': {'address': '0x879f91053e6eb1578fad74cd64fba1f74873d4e4'}}, 'caller': {'address': '0x44b8fceb3beba8eec1fa3542d2490e67c022d477'}, 'date': {'date': '2020-11-02'}, 'block': {'height': 11180245}}, {'smartContract': {'address': {'address': '0x8bb94288c8784ba13034a701232d16cc66519380'}}, 'caller': {'address': '0x44b8fceb3beba8eec1fa3542d2490e67c022d477'}, 'date': {'date': '2020-11-02'}, 'block': {'height': 11180244}}, {'smartContract': {'address': {'address': '0xa1000e51e2181285f58e20c8d471a6fdb95c08e9'}}, 'caller': {'address': '0x44b8fceb3beba8eec1fa3542d2490e67c022d477'}, 'date': {'date': '2020-11-02'}, 'block': {'height': 11180179}}, {'smartContract': {'address': {'address': '0x9cd1b233ef43b2d4906b3f4c2e88c8bfbe6fffd1'}}, 'caller': {'address': '0x44b8fceb3beba8eec1fa3542d2490e67c022d477'}, 'date': {'date': '2020-11-02'}, 'block': {'height': 11180157}}, {'smartContract': {'address': {'address': '0x14ff4ff7a5e317549c7693253d744c2663c8a737'}}, 'caller': {'address': '0x44b8fceb3beba8eec1fa3542d2490e67c022d477'}, 'date': {'date': '2020-11-02'}, 'block': {'height': 11180156}}, {'smartContract': {'address': {'address': '0x26963075437833c3e73194b70485f44ae6915eab'}}, 'caller': {'address': '0x44b8fceb3beba8eec1fa3542d2490e67c022d477'}, 'date': {'date': '2020-11-02'}, 'block': {'height': 11180142}}, {'smartContract': {'address': {'address': '0xd7f5969fa2ba523c7f6e3ce0babdbb0294d02d94'}}, 'caller': {'address': '0x44b8fceb3beba8eec1fa3542d2490e67c022d477'}, 'date': {'date': '2020-11-02'}, 'block': {'height': 11180089}}, {'smartContract': {'address': {'address': '0x1b108918508b4dc00f75b0dc8724936d04cc70dd'}}, 'caller': {'address': '0x44b8fceb3beba8eec1fa3542d2490e67c022d477'}, 'date': {'date': '2020-11-02'}, 'block': {'height': 11179607}}, {'smartContract': {'address': {'address': '0x46cdf014ec0a82ae99693cf9c6e952d9d950f48f'}}, 'caller': {'address': '0x44b8fceb3beba8eec1fa3542d2490e67c022d477'}, 'date': {'date': '2020-11-02'}, 'block': {'height': 11179605}}, {'smartContract': {'address': {'address': '0x4e2c2085f322e8d586d3ab3f41ca9d938f986a42'}}, 'caller': {'address': '0x44b8fceb3beba8eec1fa3542d2490e67c022d477'}, 'date': {'date': '2020-11-02'}, 'block': {'height': 11178615}}, {'smartContract': {'address': {'address': '0xcf1bed26873c8a7602c498af9e68da756ca63822'}}, 'caller': {'address': '0x44b8fceb3beba8eec1fa3542d2490e67c022d477'}, 'date': {'date': '2020-11-02'}, 'block': {'height': 11178614}}, {'smartContract': {'address': {'address': '0x743c4834f82ff3935c2bbe06476af49a80c4c4d2'}}, 'caller': {'address': '0x44b8fceb3beba8eec1fa3542d2490e67c022d477'}, 'date': {'date': '2020-10-23'}, 'block': {'height': 11114626}}, {'smartContract': {'address': {'address': '0xd4dc9053c89a35e3e03a84f5b09136bc4a684a4b'}}, 'caller': {'address': '0x44b8fceb3beba8eec1fa3542d2490e67c022d477'}, 'date': {'date': '2020-10-14'}, 'block': {'height': 11056251}}, {'smartContract': {'address': {'address': '0x232addb6eb39e03b73222dde71664faf55328ee4'}}, 'caller': {'address': '0x44b8fceb3beba8eec1fa3542d2490e67c022d477'}, 'date': {'date': '2020-10-14'}, 'block': {'height': 11056230}}, {'smartContract': {'address': {'address': '0x2ccb5fcd3c199de9ad3ab81d2e66598f67d27336'}}, 'caller': {'address': '0x44b8fceb3beba8eec1fa3542d2490e67c022d477'}, 'date': {'date': '2020-10-14'}, 'block': {'height': 11056219}}, {'smartContract': {'address': {'address': '0x444aafe9971b49d3b3bbc63f4a0e8bb54db3acde'}}, 'caller': {'address': '0x44b8fceb3beba8eec1fa3542d2490e67c022d477'}, 'date': {'date': '2020-10-10'}, 'block': {'height': 11030660}}, {'smartContract': {'address': {'address': '0x8e99c8468e2657d86c0dcb4727a67a4d8496618a'}}, 'caller': {'address': '0x44b8fceb3beba8eec1fa3542d2490e67c022d477'}, 'date': {'date': '2020-10-10'}, 'block': {'height': 11030643}}, {'smartContract': {'address': {'address': '0xeec6ae0d97a862619f5056a765813199b5509354'}}, 'caller': {'address': '0x44b8fceb3beba8eec1fa3542d2490e67c022d477'}, 'date': {'date': '2020-10-10'}, 'block': {'height': 11030629}}, {'smartContract': {'address': {'address': '0x38683d8041e2b14783707d362d9cf4156ad76cbc'}}, 'caller': {'address': '0x44b8fceb3beba8eec1fa3542d2490e67c022d477'}, 'date': {'date': '2020-10-10'}, 'block': {'height': 11030570}}, {'smartContract': {'address': {'address': '0x8570b51081f4e8e7c71cf6788f922ccf9458a954'}}, 'caller': {'address': '0x44b8fceb3beba8eec1fa3542d2490e67c022d477'}, 'date': {'date': '2020-10-10'}, 'block': {'height': 11027464}}, {'smartContract': {'address': {'address': '0x2472b15940b57c69d462b209ef3e7cceccbf6cb0'}}, 'caller': {'address': '0x44b8fceb3beba8eec1fa3542d2490e67c022d477'}, 'date': {'date': '2020-10-10'}, 'block': {'height': 11027446}}, {'smartContract': {'address': {'address': '0x69bbc3f8787d573f1bbdd0a5f40c7ba0aee9bcc9'}}, 'caller': {'address': '0x44b8fceb3beba8eec1fa3542d2490e67c022d477'}, 'date': {'date': '2020-10-10'}, 'block': {'height': 11027438}}, {'smartContract': {'address': {'address': '0x466e0f3b9cfded5012081c10b6bb7b457f39ee5c'}}, 'caller': {'address': '0x44b8fceb3beba8eec1fa3542d2490e67c022d477'}, 'date': {'date': '2020-10-10'}, 'block': {'height': 11027437}}, {'smartContract': {'address': {'address': '0xbae9356bb9ff6acef61347e3573fa68196492052'}}, 'caller': {'address': '0x44b8fceb3beba8eec1fa3542d2490e67c022d477'}, 'date': {'date': '2020-10-10'}, 'block': {'height': 11027434}}]",2020-10-10
438,438,0x692aCCdD8b86692427E0aa4752AE917Df01CC56F,Sunrise Token,,0x60d9F2064F4ff0247E9b858Db2D25660913eC718,0.0,"[{'smartContract': {'address': {'address': '0x14d4e43eb52b39c61bb5ed2b6a71adeefa3c0a21'}}, 'caller': {'address': '0x60d9f2064f4ff0247e9b858db2d25660913ec718'}, 'date': {'date': '2022-07-13'}, 'block': {'height': 15134954}}, {'smartContract': {'address': {'address': '0x4df290570f85037e03ff78c5c2b00d9dff6419ab'}}, 'caller': {'address': '0x60d9f2064f4ff0247e9b858db2d25660913ec718'}, 'date': {'date': '2022-07-13'}, 'block': {'height': 15134931}}, {'smartContract': {'address': {'address': '0xa864cb3a4e34eb8549ee9611f3cc39c0a5648c3d'}}, 'caller': {'address': '0x60d9f2064f4ff0247e9b858db2d25660913ec718'}, 'date': {'date': '2022-07-06'}, 'block': {'height': 15087662}}, {'smartContract': {'address': {'address': '0xee2fe93b6eda129eb9a77fc902619bd809cfba99'}}, 'caller': {'address': '0x60d9f2064f4ff0247e9b858db2d25660913ec718'}, 'date': {'date': '2022-07-06'}, 'block': {'height': 15087655}}, {'smartContract': {'address': {'address': '0x23ab7e4e954bd304180f0a46ef61d157856fd756'}}, 'caller': {'address': '0x60d9f2064f4ff0247e9b858db2d25660913ec718'}, 'date': {'date': '2022-07-06'}, 'block': {'height': 15087631}}, {'smartContract': {'address': {'address': '0x05d30c318b4c52713c488cdacfb18cb4f43c41f6'}}, 'caller': {'address': '0x60d9f2064f4ff0247e9b858db2d25660913ec718'}, 'date': {'date': '2021-10-11'}, 'block': {'height': 13395742}}, {'smartContract': {'address': {'address': '0x7dbe40ac6bb41a5fe4fa2c74f31d7defbc793b58'}}, 'caller': {'address': '0x60d9f2064f4ff0247e9b858db2d25660913ec718'}, 'date': {'date': '2021-07-28'}, 'block': {'height': 12915186}}, {'smartContract': {'address': {'address': '0xbf4d18ae16f2deeb1e24a3c85b5f9dcc41d4a09e'}}, 'caller': {'address': '0x60d9f2064f4ff0247e9b858db2d25660913ec718'}, 'date': {'date': '2021-07-27'}, 'block': {'height': 12907226}}, {'smartContract': {'address': {'address': '0x221b6da1c3886094fec690e021766338ee369554'}}, 'caller': {'address': '0x60d9f2064f4ff0247e9b858db2d25660913ec718'}, 'date': {'date': '2021-07-11'}, 'block': {'height': 12804560}}, {'smartContract': {'address': {'address': '0x83a23742e435011ff7f137a580a97d3bea5327f9'}}, 'caller': {'address': '0x60d9f2064f4ff0247e9b858db2d25660913ec718'}, 'date': {'date': '2021-07-11'}, 'block': {'height': 12804552}}, {'smartContract': {'address': {'address': '0x7cfa2726223e8277a490b2ed3c599d0cf8ff3d2b'}}, 'caller': {'address': '0x60d9f2064f4ff0247e9b858db2d25660913ec718'}, 'date': {'date': '2021-06-07'}, 'block': {'height': 12588813}}, {'smartContract': {'address': {'address': '0x692accdd8b86692427e0aa4752ae917df01cc56f'}}, 'caller': {'address': '0x60d9f2064f4ff0247e9b858db2d25660913ec718'}, 'date': {'date': '2021-06-06'}, 'block': {'height': 12582377}}]",2021-06-06
439,439,0x7fC3eC3574d408F3b59CD88709baCb42575EBF2b,(Proxy contract) POP!,,0x286fe087E26d1321E8a4d1B7b22ceba302362483,0.0,"[{'smartContract': {'address': {'address': '0xa78c4bb3fb6b86344fa752006e1934179f1066ac'}}, 'caller': {'address': '0x286fe087e26d1321e8a4d1b7b22ceba302362483'}, 'date': {'date': '2021-05-24'}, 'block': {'height': 12495121}}, {'smartContract': {'address': {'address': '0x40f6240b7b946636e831755ddbb79d5280402c3a'}}, 'caller': {'address': '0x286fe087e26d1321e8a4d1b7b22ceba302362483'}, 'date': {'date': '2021-05-24'}, 'block': {'height': 12495102}}, {'smartContract': {'address': {'address': '0x3c06e2f4fc619c8ca88a068fe9b724cdd140e859'}}, 'caller': {'address': '0x5406e1136f423602c0685df8802f8ef28b73570d'}, 'date': {'date': '2021-05-17'}, 'block': {'height': 12453350}}, {'smartContract': {'address': {'address': '0x3a1fe50f770fe0d9ddc753edfa28fe0bd465b3f9'}}, 'caller': {'address': '0x5406e1136f423602c0685df8802f8ef28b73570d'}, 'date': {'date': '2021-05-15'}, 'block': {'height': 12440885}}, {'smartContract': {'address': {'address': '0x516868185d2969cf8360d4fe362bd0b04b7c4a1f'}}, 'caller': {'address': '0x286fe087e26d1321e8a4d1b7b22ceba302362483'}, 'date': {'date': '2021-05-13'}, 'block': {'height': 12427929}}, {'smartContract': {'address': {'address': '0x11338f71e8842cefe38b434fb56a6640b15bec15'}}, 'caller': {'address': '0x286fe087e26d1321e8a4d1b7b22ceba302362483'}, 'date': {'date': '2021-05-13'}, 'block': {'height': 12425951}}, {'smartContract': {'address': {'address': '0xa121056946d2529560a2df8bdcc8e724f8a99e86'}}, 'caller': {'address': '0x286fe087e26d1321e8a4d1b7b22ceba302362483'}, 'date': {'date': '2021-05-05'}, 'block': {'height': 12373874}}, {'smartContract': {'address': {'address': '0x86668d42bd8cfd40716cbb2d1c05e18e6c4020a7'}}, 'caller': {'address': '0x286fe087e26d1321e8a4d1b7b22ceba302362483'}, 'date': {'date': '2021-05-05'}, 'block': {'height': 12373864}}, {'smartContract': {'address': {'address': '0x0da25a3fbc8e988ae73f2a8c4504b1e242e02308'}}, 'caller': {'address': '0x5406e1136f423602c0685df8802f8ef28b73570d'}, 'date': {'date': '2021-05-05'}, 'block': {'height': 12373822}}, {'smartContract': {'address': {'address': '0x7e5d0da0f5ba5c24043dceb0da78e97dfddca7df'}}, 'caller': {'address': '0x5c69bee701ef814a2b6a3edd4b1652cb9cc5aa6f'}, 'date': {'date': '2021-05-05'}, 'block': {'height': 12373780}}, {'smartContract': {'address': {'address': '0x1a13b10c13650ee3c33f0d6488a84cbb8603b47e'}}, 'caller': {'address': '0x286fe087e26d1321e8a4d1b7b22ceba302362483'}, 'date': {'date': '2021-05-05'}, 'block': {'height': 12373464}}, {'smartContract': {'address': {'address': '0x5406e1136f423602c0685df8802f8ef28b73570d'}}, 'caller': {'address': '0x286fe087e26d1321e8a4d1b7b22ceba302362483'}, 'date': {'date': '2021-05-05'}, 'block': {'height': 12373464}}, {'smartContract': {'address': {'address': '0xec2a0d134ef8ee98ffc4f2cd2882b949d1df2f6c'}}, 'caller': {'address': '0x286fe087e26d1321e8a4d1b7b22ceba302362483'}, 'date': {'date': '2021-05-05'}, 'block': {'height': 12373396}}, {'smartContract': {'address': {'address': '0x0cf9290c977ff074183b5f7b6599756316e0ab3d'}}, 'caller': {'address': '0x286fe087e26d1321e8a4d1b7b22ceba302362483'}, 'date': {'date': '2021-05-05'}, 'block': {'height': 12373395}}, {'smartContract': {'address': {'address': '0xedbc88aab4ecd4bcc8547895beae21e052e3c260'}}, 'caller': {'address': '0x76e2cfc1f5fa8f6a5b3fc4c8f4788f0116861f9b'}, 'date': {'date': '2021-05-05'}, 'block': {'height': 12373300}}, {'smartContract': {'address': {'address': '0x7fc3ec3574d408f3b59cd88709bacb42575ebf2b'}}, 'caller': {'address': '0x286fe087e26d1321e8a4d1b7b22ceba302362483'}, 'date': {'date': '2021-05-05'}, 'block': {'height': 12373300}}, {'smartContract': {'address': {'address': '0xcad1ee3b990812aa0f070bd6360320983a71f00d'}}, 'caller': {'address': '0x286fe087e26d1321e8a4d1b7b22ceba302362483'}, 'date': {'date': '2021-05-05'}, 'block': {'height': 12373264}}]",2021-05-05
440,440,0x88800092fF476844f74dC2FC427974BBee2794Ae,Ambire Wallet,https://github.com/AmbireTech,0xBf07a0Df119Ca234634588fbDb5625594E2a5BCA,0.0,[],2022-01-27
441,441,0xf418588522d5dd018b425E472991E52EBBeEEEEE,Ethereum Push Notification Service,,0x057fcD7BD66e0b0e7CBF387D12b2A49A20d30922,0.0,"[{'smartContract': {'address': {'address': '0x4b130663d72012de32acfbb8e87c8c18f8605b0b'}}, 'caller': {'address': '0x4e5b0ee20b5d7c7d01cb7f9313bc93d5db385c73'}, 'date': {'date': '2022-11-02'}, 'block': {'height': 15884747}}, {'smartContract': {'address': {'address': '0x0ae238d9c64ceac04339995ba94a809f33f3fb8e'}}, 'caller': {'address': '0x4e5b0ee20b5d7c7d01cb7f9313bc93d5db385c73'}, 'date': {'date': '2022-11-02'}, 'block': {'height': 15884745}}, {'smartContract': {'address': {'address': '0x0905620774a7ecbd6da8d1ad17fa23256a7d662e'}}, 'caller': {'address': '0x4e5b0ee20b5d7c7d01cb7f9313bc93d5db385c73'}, 'date': {'date': '2022-11-02'}, 'block': {'height': 15884743}}, {'smartContract': {'address': {'address': '0xc532814a2d59b3db3bdd0e3385b73c9f89d52044'}}, 'caller': {'address': '0x4e5b0ee20b5d7c7d01cb7f9313bc93d5db385c73'}, 'date': {'date': '2022-11-02'}, 'block': {'height': 15884741}}, {'smartContract': {'address': {'address': '0x2c332b1eb20f8401aa68fa6030b8b5aec96f129c'}}, 'caller': {'address': '0x4e5b0ee20b5d7c7d01cb7f9313bc93d5db385c73'}, 'date': {'date': '2022-11-02'}, 'block': {'height': 15884738}}, {'smartContract': {'address': {'address': '0x2cc4fe1bcd25e31ab261940da436802ebdaf1390'}}, 'caller': {'address': '0x4e5b0ee20b5d7c7d01cb7f9313bc93d5db385c73'}, 'date': {'date': '2022-11-02'}, 'block': {'height': 15884736}}, {'smartContract': {'address': {'address': '0xb0109b66a2ace46d2fdbac426a6a100ce7ead263'}}, 'caller': {'address': '0x4e5b0ee20b5d7c7d01cb7f9313bc93d5db385c73'}, 'date': {'date': '2022-11-02'}, 'block': {'height': 15884735}}, {'smartContract': {'address': {'address': '0xbf93a97c0e0b7cc47699781f84122e076f7fdff3'}}, 'caller': {'address': '0x4e5b0ee20b5d7c7d01cb7f9313bc93d5db385c73'}, 'date': {'date': '2022-11-02'}, 'block': {'height': 15884732}}, {'smartContract': {'address': {'address': '0x21193f0a7f6b3ac65d4ae67f179b7cac433320fd'}}, 'caller': {'address': '0x4e5b0ee20b5d7c7d01cb7f9313bc93d5db385c73'}, 'date': {'date': '2022-11-02'}, 'block': {'height': 15884730}}, {'smartContract': {'address': {'address': '0xfd0e86dc05e7b9216fd0b5991e38226cef5c6854'}}, 'caller': {'address': '0x4e5b0ee20b5d7c7d01cb7f9313bc93d5db385c73'}, 'date': {'date': '2022-11-02'}, 'block': {'height': 15884729}}, {'smartContract': {'address': {'address': '0x1d252dd4b58e024d65235f9b3002bfe65978c0ac'}}, 'caller': {'address': '0x4e5b0ee20b5d7c7d01cb7f9313bc93d5db385c73'}, 'date': {'date': '2022-11-02'}, 'block': {'height': 15884727}}, {'smartContract': {'address': {'address': '0x5bb1502a3771a81795aa371f2c9f18abd9641d9f'}}, 'caller': {'address': '0x4e5b0ee20b5d7c7d01cb7f9313bc93d5db385c73'}, 'date': {'date': '2022-11-02'}, 'block': {'height': 15884726}}, {'smartContract': {'address': {'address': '0x8f482cb94fe970175e0cd072a75275d1f7ea6095'}}, 'caller': {'address': '0x4e5b0ee20b5d7c7d01cb7f9313bc93d5db385c73'}, 'date': {'date': '2022-11-02'}, 'block': {'height': 15884696}}, {'smartContract': {'address': {'address': '0x4b890af212305efaf025ce59bae058ae029ceac5'}}, 'caller': {'address': '0x4e5b0ee20b5d7c7d01cb7f9313bc93d5db385c73'}, 'date': {'date': '2022-11-02'}, 'block': {'height': 15884695}}, {'smartContract': {'address': {'address': '0xcc048310f4934e354dec221a1a852071454b4353'}}, 'caller': {'address': '0x4e5b0ee20b5d7c7d01cb7f9313bc93d5db385c73'}, 'date': {'date': '2022-11-02'}, 'block': {'height': 15884692}}, {'smartContract': {'address': {'address': '0x28345e6393f3b60f14dc7de81f2cbb3f30921bcf'}}, 'caller': {'address': '0x4e5b0ee20b5d7c7d01cb7f9313bc93d5db385c73'}, 'date': {'date': '2022-11-02'}, 'block': {'height': 15884691}}, {'smartContract': {'address': {'address': '0x9c360919dbe0497693a8ffdf763db4fa1d6e821e'}}, 'caller': {'address': '0x4e5b0ee20b5d7c7d01cb7f9313bc93d5db385c73'}, 'date': {'date': '2022-11-02'}, 'block': {'height': 15884689}}, {'smartContract': {'address': {'address': '0xdae6f8748c6ab73cf155cb696a0e6c1558e7141f'}}, 'caller': {'address': '0x4e5b0ee20b5d7c7d01cb7f9313bc93d5db385c73'}, 'date': {'date': '2022-11-02'}, 'block': {'height': 15884687}}, {'smartContract': {'address': {'address': '0x3063c8e615b039d164e153292058225509486326'}}, 'caller': {'address': '0x4e5b0ee20b5d7c7d01cb7f9313bc93d5db385c73'}, 'date': {'date': '2022-11-02'}, 'block': {'height': 15884683}}, {'smartContract': {'address': {'address': '0x7f24fcd58e62fca6c78424a91a590988235c6c06'}}, 'caller': {'address': '0x4e5b0ee20b5d7c7d01cb7f9313bc93d5db385c73'}, 'date': {'date': '2022-11-02'}, 'block': {'height': 15884681}}, {'smartContract': {'address': {'address': '0x11bcf1d932012f50e481c22376544875a56cc07b'}}, 'caller': {'address': '0x4e5b0ee20b5d7c7d01cb7f9313bc93d5db385c73'}, 'date': {'date': '2022-11-02'}, 'block': {'height': 15884675}}, {'smartContract': {'address': {'address': '0x082ad8796978926dd976f544b567f3b29a503853'}}, 'caller': {'address': '0x4e5b0ee20b5d7c7d01cb7f9313bc93d5db385c73'}, 'date': {'date': '2022-11-02'}, 'block': {'height': 15884672}}, {'smartContract': {'address': {'address': '0x4e5b0ee20b5d7c7d01cb7f9313bc93d5db385c73'}}, 'caller': {'address': '0x057fcd7bd66e0b0e7cbf387d12b2a49a20d30922'}, 'date': {'date': '2022-11-02'}, 'block': {'height': 15884662}}, {'smartContract': {'address': {'address': '0xfa9111ab31f0aa2b2334d54888e37796fd758e88'}}, 'caller': {'address': '0x057fcd7bd66e0b0e7cbf387d12b2a49a20d30922'}, 'date': {'date': '2022-11-01'}, 'block': {'height': 15877154}}, {'smartContract': {'address': {'address': '0x93af062502f81eabe6a31951320e54b85a15a33d'}}, 'caller': {'address': '0xa6b71e26c5e0845f74c812102ca7114b6a896ab2'}, 'date': {'date': '2022-05-30'}, 'block': {'height': 14873944}}, {'smartContract': {'address': {'address': '0x68c366f6c15d2974455a019393a63e33c221db99'}}, 'caller': {'address': '0xa6b71e26c5e0845f74c812102ca7114b6a896ab2'}, 'date': {'date': '2021-11-06'}, 'block': {'height': 13565815}}, {'smartContract': {'address': {'address': '0x788f0399b9f012926e255d9f22ceea845b8f7a32'}}, 'caller': {'address': '0x1f98431c8ad98523631ae4a59f267346ea31f984'}, 'date': {'date': '2021-05-05'}, 'block': {'height': 12375778}}, {'smartContract': {'address': {'address': '0xd76ff00d0509970f900913a68dfab8f480e29a07'}}, 'caller': {'address': '0x057fcd7bd66e0b0e7cbf387d12b2a49a20d30922'}, 'date': {'date': '2021-04-22'}, 'block': {'height': 12286753}}, {'smartContract': {'address': {'address': '0xc4708bb6ec3b797344f123126171302e4e3e68e2'}}, 'caller': {'address': '0x057fcd7bd66e0b0e7cbf387d12b2a49a20d30922'}, 'date': {'date': '2021-04-15'}, 'block': {'height': 12246924}}, {'smartContract': {'address': {'address': '0x64cfab2ea55adae08c9040fda247828444fb9d0d'}}, 'caller': {'address': '0x057fcd7bd66e0b0e7cbf387d12b2a49a20d30922'}, 'date': {'date': '2021-04-15'}, 'block': {'height': 12246861}}, {'smartContract': {'address': {'address': '0x6baeed93336b277d8949cb89161269032698f443'}}, 'caller': {'address': '0x057fcd7bd66e0b0e7cbf387d12b2a49a20d30922'}, 'date': {'date': '2021-04-15'}, 'block': {'height': 12246382}}, {'smartContract': {'address': {'address': '0x3f8c2152b79276b78315caf66ccf951780580a8a'}}, 'caller': {'address': '0x057fcd7bd66e0b0e7cbf387d12b2a49a20d30922'}, 'date': {'date': '2021-04-15'}, 'block': {'height': 12246380}}, {'smartContract': {'address': {'address': '0x68a9832153fd7f95f1a3fa24fccc3d63a6486e66'}}, 'caller': {'address': '0x057fcd7bd66e0b0e7cbf387d12b2a49a20d30922'}, 'date': {'date': '2021-04-15'}, 'block': {'height': 12244206}}, {'smartContract': {'address': {'address': '0x606ce20b4d2d2682ff251beabdbb3bdfdca5556c'}}, 'caller': {'address': '0x057fcd7bd66e0b0e7cbf387d12b2a49a20d30922'}, 'date': {'date': '2021-04-14'}, 'block': {'height': 12240566}}, {'smartContract': {'address': {'address': '0x6019b84e2ee9eb62bc42e32ab6375a7095886366'}}, 'caller': {'address': '0x057fcd7bd66e0b0e7cbf387d12b2a49a20d30922'}, 'date': {'date': '2021-04-14'}, 'block': {'height': 12237269}}, {'smartContract': {'address': {'address': '0xbb2a70e67770d0a7f5f42d883c5bbe9b85e0dcd6'}}, 'caller': {'address': '0x057fcd7bd66e0b0e7cbf387d12b2a49a20d30922'}, 'date': {'date': '2021-04-14'}, 'block': {'height': 12237265}}, {'smartContract': {'address': {'address': '0xb72ff1e675117bedeff05a7d0a472c3844cfec85'}}, 'caller': {'address': '0x057fcd7bd66e0b0e7cbf387d12b2a49a20d30922'}, 'date': {'date': '2021-04-14'}, 'block': {'height': 12237264}}, {'smartContract': {'address': {'address': '0xb728495e2022ff7aee207417aca9e0d306c0c75e'}}, 'caller': {'address': '0x057fcd7bd66e0b0e7cbf387d12b2a49a20d30922'}, 'date': {'date': '2021-04-13'}, 'block': {'height': 12231117}}, {'smartContract': {'address': {'address': '0x523c323a0db500a17ff47b3bf3061d9d9c23a76f'}}, 'caller': {'address': '0x057fcd7bd66e0b0e7cbf387d12b2a49a20d30922'}, 'date': {'date': '2021-04-13'}, 'block': {'height': 12231071}}, {'smartContract': {'address': {'address': '0xa97cd9008eaf0f00c893b43fcdb54a0a8b1fe098'}}, 'caller': {'address': '0x057fcd7bd66e0b0e7cbf387d12b2a49a20d30922'}, 'date': {'date': '2021-04-12'}, 'block': {'height': 12223444}}, {'smartContract': {'address': {'address': '0x25a29cbb7adaf6599ddc3b9b04490cc77057ae47'}}, 'caller': {'address': '0xb10926ab97774c3d08a7ed4bc7e65eb0ad09bb3d'}, 'date': {'date': '2021-04-12'}, 'block': {'height': 12223386}}, {'smartContract': {'address': {'address': '0xb68f0ae1a6ccbdba31643c95e3450ba1bc9b1bbd'}}, 'caller': {'address': '0xb10926ab97774c3d08a7ed4bc7e65eb0ad09bb3d'}, 'date': {'date': '2021-04-12'}, 'block': {'height': 12223385}}, {'smartContract': {'address': {'address': '0x8d5646a0f5b2d57c29ea9e187c6587526df0ceb4'}}, 'caller': {'address': '0xb10926ab97774c3d08a7ed4bc7e65eb0ad09bb3d'}, 'date': {'date': '2021-04-12'}, 'block': {'height': 12223383}}, {'smartContract': {'address': {'address': '0xeab9d4bc6e4147476bdfd47317d36c206bdd12bc'}}, 'caller': {'address': '0xb10926ab97774c3d08a7ed4bc7e65eb0ad09bb3d'}, 'date': {'date': '2021-04-12'}, 'block': {'height': 12223374}}, {'smartContract': {'address': {'address': '0x9d2d2cec0b5fc546055437dc6cbf07d958437c61'}}, 'caller': {'address': '0xb10926ab97774c3d08a7ed4bc7e65eb0ad09bb3d'}, 'date': {'date': '2021-04-12'}, 'block': {'height': 12223359}}, {'smartContract': {'address': {'address': '0x33feac1ecc7254960b565b5f2cd746b7c76beeae'}}, 'caller': {'address': '0xb10926ab97774c3d08a7ed4bc7e65eb0ad09bb3d'}, 'date': {'date': '2021-04-12'}, 'block': {'height': 12223337}}, {'smartContract': {'address': {'address': '0xf5b46b2645644d6bb8d557685650bcd33a33f796'}}, 'caller': {'address': '0xb10926ab97774c3d08a7ed4bc7e65eb0ad09bb3d'}, 'date': {'date': '2021-04-12'}, 'block': {'height': 12223332}}, {'smartContract': {'address': {'address': '0x4e430412890635c8fd6397e20d4a037a1004f9d8'}}, 'caller': {'address': '0xb10926ab97774c3d08a7ed4bc7e65eb0ad09bb3d'}, 'date': {'date': '2021-04-12'}, 'block': {'height': 12223330}}, {'smartContract': {'address': {'address': '0xec17915c6127f151d429b1c45f064e3ff6066a39'}}, 'caller': {'address': '0xb10926ab97774c3d08a7ed4bc7e65eb0ad09bb3d'}, 'date': {'date': '2021-04-12'}, 'block': {'height': 12223322}}, {'smartContract': {'address': {'address': '0xdd4f5077dcf00c1478f1e78ed58db78cffe460ff'}}, 'caller': {'address': '0xb10926ab97774c3d08a7ed4bc7e65eb0ad09bb3d'}, 'date': {'date': '2021-04-12'}, 'block': {'height': 12223315}}, {'smartContract': {'address': {'address': '0x3acbf9f4f74ba9aeaff756d5f10da14f58a225db'}}, 'caller': {'address': '0xb10926ab97774c3d08a7ed4bc7e65eb0ad09bb3d'}, 'date': {'date': '2021-04-12'}, 'block': {'height': 12223306}}, {'smartContract': {'address': {'address': '0x861c4801d8d02de9c316b230304e0db94c60105f'}}, 'caller': {'address': '0xb10926ab97774c3d08a7ed4bc7e65eb0ad09bb3d'}, 'date': {'date': '2021-04-12'}, 'block': {'height': 12223299}}, {'smartContract': {'address': {'address': '0x76d2a7dcbfcf5c61dbcc13b54a16f56476bb8f14'}}, 'caller': {'address': '0xb10926ab97774c3d08a7ed4bc7e65eb0ad09bb3d'}, 'date': {'date': '2021-04-12'}, 'block': {'height': 12223295}}, {'smartContract': {'address': {'address': '0x811b7c360ac579682e238277dbb91198bcb6c169'}}, 'caller': {'address': '0xb10926ab97774c3d08a7ed4bc7e65eb0ad09bb3d'}, 'date': {'date': '2021-04-12'}, 'block': {'height': 12223293}}, {'smartContract': {'address': {'address': '0x65d9d20ced50743c55d92000c28eb411802991c6'}}, 'caller': {'address': '0xb10926ab97774c3d08a7ed4bc7e65eb0ad09bb3d'}, 'date': {'date': '2021-04-12'}, 'block': {'height': 12223291}}, {'smartContract': {'address': {'address': '0xbb6a610de72f0f5e4d17fadecf9101dbc7af60ca'}}, 'caller': {'address': '0xb10926ab97774c3d08a7ed4bc7e65eb0ad09bb3d'}, 'date': {'date': '2021-04-12'}, 'block': {'height': 12223289}}, {'smartContract': {'address': {'address': '0x8a2c7e8e25551abfec8255c1e51336fdd0229f32'}}, 'caller': {'address': '0xb10926ab97774c3d08a7ed4bc7e65eb0ad09bb3d'}, 'date': {'date': '2021-04-12'}, 'block': {'height': 12223281}}, {'smartContract': {'address': {'address': '0x533bb8c003f4e3690096d59e0eaf4cd6515aa403'}}, 'caller': {'address': '0xb10926ab97774c3d08a7ed4bc7e65eb0ad09bb3d'}, 'date': {'date': '2021-04-12'}, 'block': {'height': 12223280}}, {'smartContract': {'address': {'address': '0x2443f571f280f624db6a4f23d52c164e6fd95464'}}, 'caller': {'address': '0xb10926ab97774c3d08a7ed4bc7e65eb0ad09bb3d'}, 'date': {'date': '2021-04-12'}, 'block': {'height': 12223277}}, {'smartContract': {'address': {'address': '0xc63027944214626184a109685d1fc1dafc1ef8e1'}}, 'caller': {'address': '0xb10926ab97774c3d08a7ed4bc7e65eb0ad09bb3d'}, 'date': {'date': '2021-04-12'}, 'block': {'height': 12223274}}, {'smartContract': {'address': {'address': '0xff5d1524a8680db75cdaee7a2a3f1035bf83fbf9'}}, 'caller': {'address': '0xb10926ab97774c3d08a7ed4bc7e65eb0ad09bb3d'}, 'date': {'date': '2021-04-12'}, 'block': {'height': 12223271}}, {'smartContract': {'address': {'address': '0xb3b77a73edbdd0b07ef469e820ac1681a6586e36'}}, 'caller': {'address': '0xb10926ab97774c3d08a7ed4bc7e65eb0ad09bb3d'}, 'date': {'date': '2021-04-12'}, 'block': {'height': 12223266}}, {'smartContract': {'address': {'address': '0xae2c9f838d3820958af3dca347b4c2397bd3289e'}}, 'caller': {'address': '0xb10926ab97774c3d08a7ed4bc7e65eb0ad09bb3d'}, 'date': {'date': '2021-04-12'}, 'block': {'height': 12223255}}, {'smartContract': {'address': {'address': '0x025b49776fa180fa247517f3c81949eca19ea5d9'}}, 'caller': {'address': '0xb10926ab97774c3d08a7ed4bc7e65eb0ad09bb3d'}, 'date': {'date': '2021-04-12'}, 'block': {'height': 12223253}}, {'smartContract': {'address': {'address': '0x16da2957eadced28e945a68f573d72011fe02267'}}, 'caller': {'address': '0xb10926ab97774c3d08a7ed4bc7e65eb0ad09bb3d'}, 'date': {'date': '2021-04-12'}, 'block': {'height': 12223249}}, {'smartContract': {'address': {'address': '0xda46c241838ab23b57f2b152ca484dc0b4165798'}}, 'caller': {'address': '0xb10926ab97774c3d08a7ed4bc7e65eb0ad09bb3d'}, 'date': {'date': '2021-04-12'}, 'block': {'height': 12223237}}, {'smartContract': {'address': {'address': '0xee881c4ae46c881c73225ca92a093eceb0e52b4a'}}, 'caller': {'address': '0xb10926ab97774c3d08a7ed4bc7e65eb0ad09bb3d'}, 'date': {'date': '2021-04-12'}, 'block': {'height': 12223231}}, {'smartContract': {'address': {'address': '0x7591f0effcc4eba1b1f6f751b08d8e1a754b0440'}}, 'caller': {'address': '0xb10926ab97774c3d08a7ed4bc7e65eb0ad09bb3d'}, 'date': {'date': '2021-04-12'}, 'block': {'height': 12223223}}, {'smartContract': {'address': {'address': '0x1cd6f0e1f95df7d8d3dcf2ad6949b9f6becc3490'}}, 'caller': {'address': '0xb10926ab97774c3d08a7ed4bc7e65eb0ad09bb3d'}, 'date': {'date': '2021-04-12'}, 'block': {'height': 12223219}}, {'smartContract': {'address': {'address': '0x361b969db4c5400bb7ae96d295f8088c970115c1'}}, 'caller': {'address': '0xb10926ab97774c3d08a7ed4bc7e65eb0ad09bb3d'}, 'date': {'date': '2021-04-12'}, 'block': {'height': 12223216}}, {'smartContract': {'address': {'address': '0xe273289a33581fd50e2e70d52520e224f1729daa'}}, 'caller': {'address': '0xb10926ab97774c3d08a7ed4bc7e65eb0ad09bb3d'}, 'date': {'date': '2021-04-12'}, 'block': {'height': 12223210}}, {'smartContract': {'address': {'address': '0x0034d01fde694e7343eb57d0133e96b039f4af2d'}}, 'caller': {'address': '0xb10926ab97774c3d08a7ed4bc7e65eb0ad09bb3d'}, 'date': {'date': '2021-04-12'}, 'block': {'height': 12223198}}, {'smartContract': {'address': {'address': '0x29e9cc60a1ec3463713d090eb11cedfb7d5f60f7'}}, 'caller': {'address': '0xb10926ab97774c3d08a7ed4bc7e65eb0ad09bb3d'}, 'date': {'date': '2021-04-12'}, 'block': {'height': 12223191}}, {'smartContract': {'address': {'address': '0x171cbe47c937af20dd4d7d8c29aff752b2203f1c'}}, 'caller': {'address': '0xb10926ab97774c3d08a7ed4bc7e65eb0ad09bb3d'}, 'date': {'date': '2021-04-12'}, 'block': {'height': 12223188}}, {'smartContract': {'address': {'address': '0x5057bcfa2f973f34f7c91e715460b72758aa521a'}}, 'caller': {'address': '0xb10926ab97774c3d08a7ed4bc7e65eb0ad09bb3d'}, 'date': {'date': '2021-04-12'}, 'block': {'height': 12223181}}, {'smartContract': {'address': {'address': '0x866182d317ae12eb4002297ccaebe8040679eb3a'}}, 'caller': {'address': '0xb10926ab97774c3d08a7ed4bc7e65eb0ad09bb3d'}, 'date': {'date': '2021-04-12'}, 'block': {'height': 12223172}}, {'smartContract': {'address': {'address': '0x30327c438c7d567f7b6be35023a7a93e83b89aa2'}}, 'caller': {'address': '0xb10926ab97774c3d08a7ed4bc7e65eb0ad09bb3d'}, 'date': {'date': '2021-04-12'}, 'block': {'height': 12223164}}, {'smartContract': {'address': {'address': '0x6b3de361b9ced5ef88f5bf67ccd037d4a4040922'}}, 'caller': {'address': '0xb10926ab97774c3d08a7ed4bc7e65eb0ad09bb3d'}, 'date': {'date': '2021-04-12'}, 'block': {'height': 12223161}}, {'smartContract': {'address': {'address': '0x05557c7e532965d90f73e98dc490e1694d1ad822'}}, 'caller': {'address': '0xb10926ab97774c3d08a7ed4bc7e65eb0ad09bb3d'}, 'date': {'date': '2021-04-12'}, 'block': {'height': 12223159}}, {'smartContract': {'address': {'address': '0x5e0c7b18dc16440e3ecf042f28f79a00e95fc2ab'}}, 'caller': {'address': '0xb10926ab97774c3d08a7ed4bc7e65eb0ad09bb3d'}, 'date': {'date': '2021-04-12'}, 'block': {'height': 12223144}}, {'smartContract': {'address': {'address': '0xc881ce99b2346a64d63935c1a34e17b5a75c063b'}}, 'caller': {'address': '0xb10926ab97774c3d08a7ed4bc7e65eb0ad09bb3d'}, 'date': {'date': '2021-04-12'}, 'block': {'height': 12223140}}, {'smartContract': {'address': {'address': '0x81da9b507b569cf77e95c8bf6306eb22b7b0fbac'}}, 'caller': {'address': '0xb10926ab97774c3d08a7ed4bc7e65eb0ad09bb3d'}, 'date': {'date': '2021-04-12'}, 'block': {'height': 12223132}}, {'smartContract': {'address': {'address': '0x76a75e5258182266050bd0a5ed04b51c97dbaf22'}}, 'caller': {'address': '0xb10926ab97774c3d08a7ed4bc7e65eb0ad09bb3d'}, 'date': {'date': '2021-04-12'}, 'block': {'height': 12223128}}, {'smartContract': {'address': {'address': '0x7513321dd3f442fac17bcf37d20c6887f6b86495'}}, 'caller': {'address': '0xb10926ab97774c3d08a7ed4bc7e65eb0ad09bb3d'}, 'date': {'date': '2021-04-12'}, 'block': {'height': 12223125}}, {'smartContract': {'address': {'address': '0x4f14e150381b5ba1bea5dc56ae4940ee51002b0a'}}, 'caller': {'address': '0xb10926ab97774c3d08a7ed4bc7e65eb0ad09bb3d'}, 'date': {'date': '2021-04-12'}, 'block': {'height': 12223123}}, {'smartContract': {'address': {'address': '0x69ecca974b3d53efb18dacba840f858a26270a37'}}, 'caller': {'address': '0xb10926ab97774c3d08a7ed4bc7e65eb0ad09bb3d'}, 'date': {'date': '2021-04-12'}, 'block': {'height': 12223122}}, {'smartContract': {'address': {'address': '0x5e32412b98d987c68ad29afd4648b7160bbf7631'}}, 'caller': {'address': '0xb10926ab97774c3d08a7ed4bc7e65eb0ad09bb3d'}, 'date': {'date': '2021-04-12'}, 'block': {'height': 12223119}}, {'smartContract': {'address': {'address': '0xef92d8134962921c4a5cc14ded31c670aa1ae61e'}}, 'caller': {'address': '0xb10926ab97774c3d08a7ed4bc7e65eb0ad09bb3d'}, 'date': {'date': '2021-04-12'}, 'block': {'height': 12223111}}, {'smartContract': {'address': {'address': '0x2f8964c6144433f22c4904695702677eb2025e3f'}}, 'caller': {'address': '0xb10926ab97774c3d08a7ed4bc7e65eb0ad09bb3d'}, 'date': {'date': '2021-04-12'}, 'block': {'height': 12223109}}, {'smartContract': {'address': {'address': '0x7df7c08c63efeae64d0cebe6806240f0822b2562'}}, 'caller': {'address': '0xb10926ab97774c3d08a7ed4bc7e65eb0ad09bb3d'}, 'date': {'date': '2021-04-12'}, 'block': {'height': 12223106}}, {'smartContract': {'address': {'address': '0x29a779648e5319d0a1b64c31e46a419795197c4a'}}, 'caller': {'address': '0xb10926ab97774c3d08a7ed4bc7e65eb0ad09bb3d'}, 'date': {'date': '2021-04-12'}, 'block': {'height': 12223095}}, {'smartContract': {'address': {'address': '0x2e7ff2501d0eae615bd4583b00df2e74ec3ef552'}}, 'caller': {'address': '0xb10926ab97774c3d08a7ed4bc7e65eb0ad09bb3d'}, 'date': {'date': '2021-04-12'}, 'block': {'height': 12223079}}, {'smartContract': {'address': {'address': '0xd4e95dd5862b952dab95afe48034045d80edccea'}}, 'caller': {'address': '0xb10926ab97774c3d08a7ed4bc7e65eb0ad09bb3d'}, 'date': {'date': '2021-04-12'}, 'block': {'height': 12223076}}, {'smartContract': {'address': {'address': '0x67fd39425872a7e5671fe12a7b8be0a770dc80e3'}}, 'caller': {'address': '0xb10926ab97774c3d08a7ed4bc7e65eb0ad09bb3d'}, 'date': {'date': '2021-04-12'}, 'block': {'height': 12223073}}, {'smartContract': {'address': {'address': '0xf3e2bfcd264db60c2ad410ec72cbbea044b5356d'}}, 'caller': {'address': '0xb10926ab97774c3d08a7ed4bc7e65eb0ad09bb3d'}, 'date': {'date': '2021-04-12'}, 'block': {'height': 12223070}}, {'smartContract': {'address': {'address': '0xaecbab36680b18d64fd8285e3e69c660ba369b25'}}, 'caller': {'address': '0xb10926ab97774c3d08a7ed4bc7e65eb0ad09bb3d'}, 'date': {'date': '2021-04-12'}, 'block': {'height': 12223005}}, {'smartContract': {'address': {'address': '0xc11584958a2cb9b7e34cc596e62a0ac5257a7ce6'}}, 'caller': {'address': '0xb10926ab97774c3d08a7ed4bc7e65eb0ad09bb3d'}, 'date': {'date': '2021-04-12'}, 'block': {'height': 12222953}}, {'smartContract': {'address': {'address': '0x2f028fd8e88bac3717969d131f97ede63277ce8f'}}, 'caller': {'address': '0xb10926ab97774c3d08a7ed4bc7e65eb0ad09bb3d'}, 'date': {'date': '2021-04-12'}, 'block': {'height': 12222950}}, {'smartContract': {'address': {'address': '0x4b3f5359f2ee9b373adc957e21608e13516243e6'}}, 'caller': {'address': '0xb10926ab97774c3d08a7ed4bc7e65eb0ad09bb3d'}, 'date': {'date': '2021-04-12'}, 'block': {'height': 12222877}}, {'smartContract': {'address': {'address': '0x7d6beb270057f486e07a9148bf3be16fdcd4612c'}}, 'caller': {'address': '0xb10926ab97774c3d08a7ed4bc7e65eb0ad09bb3d'}, 'date': {'date': '2021-04-12'}, 'block': {'height': 12222874}}]",2021-04-12
442,442,0xA4EED63db85311E22dF4473f87CcfC3DaDCFA3E3,Rubic (RBC),,0x1e1fEdbeB8CE004a03569A3FF03A1317a6515Cf1,0.0,"[{'smartContract': {'address': {'address': '0x2b7e287d5f87cc25b6bb3d01d47c3e6725a8b19b'}}, 'caller': {'address': '0x1e1fedbeb8ce004a03569a3ff03a1317a6515cf1'}, 'date': {'date': '2022-03-26'}, 'block': {'height': 14460648}}, {'smartContract': {'address': {'address': '0xd35c06a2781f648c75290976ecf71e71582188b7'}}, 'caller': {'address': '0x1e1fedbeb8ce004a03569a3ff03a1317a6515cf1'}, 'date': {'date': '2022-02-19'}, 'block': {'height': 14235572}}, {'smartContract': {'address': {'address': '0x5784b41db244e8af2d55eeefc07281bedb0c4587'}}, 'caller': {'address': '0x1e1fedbeb8ce004a03569a3ff03a1317a6515cf1'}, 'date': {'date': '2022-01-12'}, 'block': {'height': 13991815}}, {'smartContract': {'address': {'address': '0x29f0253a0ff526e88ed4376d684b077f353c2523'}}, 'caller': {'address': '0x1e1fedbeb8ce004a03569a3ff03a1317a6515cf1'}, 'date': {'date': '2022-01-12'}, 'block': {'height': 13991808}}, {'smartContract': {'address': {'address': '0x5d4797408f6f914c86ab49de966f1d30128d31c3'}}, 'caller': {'address': '0x1e1fedbeb8ce004a03569a3ff03a1317a6515cf1'}, 'date': {'date': '2021-11-21'}, 'block': {'height': 13656262}}, {'smartContract': {'address': {'address': '0x339dd668f560e9e276bf10c343a85d0d2975e5b1'}}, 'caller': {'address': '0x1e1fedbeb8ce004a03569a3ff03a1317a6515cf1'}, 'date': {'date': '2021-11-16'}, 'block': {'height': 13627866}}, {'smartContract': {'address': {'address': '0x6fce7a22f0c797c8d52e3fdbf85baa9c3e5c54c6'}}, 'caller': {'address': '0x1e1fedbeb8ce004a03569a3ff03a1317a6515cf1'}, 'date': {'date': '2021-10-13'}, 'block': {'height': 13412661}}, {'smartContract': {'address': {'address': '0x603b669be069eff50acc2d10759666f8d5812951'}}, 'caller': {'address': '0xa5409ec958c83c3f309868babaca7c86dcb077c1'}, 'date': {'date': '2021-09-15'}, 'block': {'height': 13230201}}, {'smartContract': {'address': {'address': '0xc041a899c9f10942104fac7c0f696060e2a021e3'}}, 'caller': {'address': '0x1e1fedbeb8ce004a03569a3ff03a1317a6515cf1'}, 'date': {'date': '2021-08-27'}, 'block': {'height': 13107464}}, {'smartContract': {'address': {'address': '0x0f13828dd57f17934c8c7beb3a3d4149fa9b9b7a'}}, 'caller': {'address': '0x1e1fedbeb8ce004a03569a3ff03a1317a6515cf1'}, 'date': {'date': '2021-08-06'}, 'block': {'height': 12973723}}, {'smartContract': {'address': {'address': '0x09cc2073626f5006af248c33ccb61ddb4fcdf7fe'}}, 'caller': {'address': '0x1e1fedbeb8ce004a03569a3ff03a1317a6515cf1'}, 'date': {'date': '2021-07-30'}, 'block': {'height': 12927795}}, {'smartContract': {'address': {'address': '0x663e8dd30ab6d2a1b8bab01a9c1639879b97b1a2'}}, 'caller': {'address': '0x1e1fedbeb8ce004a03569a3ff03a1317a6515cf1'}, 'date': {'date': '2021-07-28'}, 'block': {'height': 12916330}}, {'smartContract': {'address': {'address': '0x974dbe8c618ebf5d76e555f61709bb31a5ba1b73'}}, 'caller': {'address': '0x246a0038a158ca2d1e14bea853e729eb2a65a9ac'}, 'date': {'date': '2021-07-21'}, 'block': {'height': 12868967}}, {'smartContract': {'address': {'address': '0x246a0038a158ca2d1e14bea853e729eb2a65a9ac'}}, 'caller': {'address': '0x1e1fedbeb8ce004a03569a3ff03a1317a6515cf1'}, 'date': {'date': '2021-07-21'}, 'block': {'height': 12868967}}, {'smartContract': {'address': {'address': '0xf6f11484d32ff8cff04bcdd92a94da22e5635eec'}}, 'caller': {'address': '0x1e1fedbeb8ce004a03569a3ff03a1317a6515cf1'}, 'date': {'date': '2021-07-21'}, 'block': {'height': 12868207}}, {'smartContract': {'address': {'address': '0xb58f478e1fc9009f1bfc21c37475e83d1c3d5e3c'}}, 'caller': {'address': '0x1e1fedbeb8ce004a03569a3ff03a1317a6515cf1'}, 'date': {'date': '2021-07-15'}, 'block': {'height': 12832867}}, {'smartContract': {'address': {'address': '0x4bc1ee97a17918f0b6d0bbe0941c3a846756caed'}}, 'caller': {'address': '0x1e1fedbeb8ce004a03569a3ff03a1317a6515cf1'}, 'date': {'date': '2021-07-07'}, 'block': {'height': 12781982}}, {'smartContract': {'address': {'address': '0x0da25eeb6fc1d7b28cb52434d1de7dd1d9b291b8'}}, 'caller': {'address': '0x1e1fedbeb8ce004a03569a3ff03a1317a6515cf1'}, 'date': {'date': '2021-07-07'}, 'block': {'height': 12779153}}, {'smartContract': {'address': {'address': '0x493438a5109d3914a557a79fd690d534ebb71041'}}, 'caller': {'address': '0x1e1fedbeb8ce004a03569a3ff03a1317a6515cf1'}, 'date': {'date': '2021-06-29'}, 'block': {'height': 12732035}}, {'smartContract': {'address': {'address': '0x1c4da7bd91ab8a5ed6367896acc3f6735a35ce74'}}, 'caller': {'address': '0x493438a5109d3914a557a79fd690d534ebb71041'}, 'date': {'date': '2021-06-29'}, 'block': {'height': 12732035}}, {'smartContract': {'address': {'address': '0x239bb221f1a0c66cb1d322828b41aeaa6196ff54'}}, 'caller': {'address': '0x1e1fedbeb8ce004a03569a3ff03a1317a6515cf1'}, 'date': {'date': '2021-06-15'}, 'block': {'height': 12640064}}, {'smartContract': {'address': {'address': '0x3bf83d66c99e45252a9072e62930592504c3931a'}}, 'caller': {'address': '0x1e1fedbeb8ce004a03569a3ff03a1317a6515cf1'}, 'date': {'date': '2021-06-15'}, 'block': {'height': 12640059}}, {'smartContract': {'address': {'address': '0x7c612fbd66986c8ccfec4b920d1025c7d0a05097'}}, 'caller': {'address': '0x1e1fedbeb8ce004a03569a3ff03a1317a6515cf1'}, 'date': {'date': '2021-06-13'}, 'block': {'height': 12627836}}, {'smartContract': {'address': {'address': '0xb62ace6f1fda46ed2590de1ff64ae56089b5f020'}}, 'caller': {'address': '0x1e1fedbeb8ce004a03569a3ff03a1317a6515cf1'}, 'date': {'date': '2021-06-13'}, 'block': {'height': 12627831}}, {'smartContract': {'address': {'address': '0xeb5ea26eb71e3fb06093a75123a8cabdcf2aeb09'}}, 'caller': {'address': '0x1e1fedbeb8ce004a03569a3ff03a1317a6515cf1'}, 'date': {'date': '2021-06-10'}, 'block': {'height': 12608178}}, {'smartContract': {'address': {'address': '0x962cf5b928539e994a4d03391131f5c39a2a9923'}}, 'caller': {'address': '0x1e1fedbeb8ce004a03569a3ff03a1317a6515cf1'}, 'date': {'date': '2021-06-10'}, 'block': {'height': 12608110}}, {'smartContract': {'address': {'address': '0x5eaf2da67376f4fdc753c05c1e82895ffbb224e0'}}, 'caller': {'address': '0x1e1fedbeb8ce004a03569a3ff03a1317a6515cf1'}, 'date': {'date': '2021-06-10'}, 'block': {'height': 12607828}}, {'smartContract': {'address': {'address': '0xc735e6a6b712346ec8bfee0c91bf5d1de1401f73'}}, 'caller': {'address': '0x1e1fedbeb8ce004a03569a3ff03a1317a6515cf1'}, 'date': {'date': '2021-06-10'}, 'block': {'height': 12607800}}, {'smartContract': {'address': {'address': '0x6061b87c2795e2812942a166ca823126e96b113c'}}, 'caller': {'address': '0x1e1fedbeb8ce004a03569a3ff03a1317a6515cf1'}, 'date': {'date': '2021-06-10'}, 'block': {'height': 12607594}}, {'smartContract': {'address': {'address': '0x1ea4168d327aeabb78647e62eb6cc40607212901'}}, 'caller': {'address': '0x1e1fedbeb8ce004a03569a3ff03a1317a6515cf1'}, 'date': {'date': '2021-06-08'}, 'block': {'height': 12596996}}, {'smartContract': {'address': {'address': '0xf83bc3ab99a2b17aaab3179e40f95bd807a6f377'}}, 'caller': {'address': '0x1e1fedbeb8ce004a03569a3ff03a1317a6515cf1'}, 'date': {'date': '2021-06-05'}, 'block': {'height': 12572481}}, {'smartContract': {'address': {'address': '0x72de803b67b6ab05b61efab2efdcd414d16ebf6d'}}, 'caller': {'address': '0x1e1fedbeb8ce004a03569a3ff03a1317a6515cf1'}, 'date': {'date': '2021-06-05'}, 'block': {'height': 12571942}}, {'smartContract': {'address': {'address': '0x423c53de4a14655283fef788b59d20970c6da912'}}, 'caller': {'address': '0x1e1fedbeb8ce004a03569a3ff03a1317a6515cf1'}, 'date': {'date': '2021-05-24'}, 'block': {'height': 12498633}}, {'smartContract': {'address': {'address': '0xfcc4304b66ad4325face7d3a57d72dbc77594828'}}, 'caller': {'address': '0xfc84c6fb1f12479c59f2ef2fee8872202eaf2884'}, 'date': {'date': '2021-05-20'}, 'block': {'height': 12472564}}, {'smartContract': {'address': {'address': '0xfc84c6fb1f12479c59f2ef2fee8872202eaf2884'}}, 'caller': {'address': '0x1e1fedbeb8ce004a03569a3ff03a1317a6515cf1'}, 'date': {'date': '2021-05-20'}, 'block': {'height': 12472564}}, {'smartContract': {'address': {'address': '0xd7d6ab522fa41caae78f6edeb46a14954ae0c772'}}, 'caller': {'address': '0x1e1fedbeb8ce004a03569a3ff03a1317a6515cf1'}, 'date': {'date': '2021-05-20'}, 'block': {'height': 12472550}}, {'smartContract': {'address': {'address': '0xa11adbf4d1c3b1b83d009eb90379721e4a07b8d5'}}, 'caller': {'address': '0x1e1fedbeb8ce004a03569a3ff03a1317a6515cf1'}, 'date': {'date': '2021-05-20'}, 'block': {'height': 12472163}}, {'smartContract': {'address': {'address': '0xbe93cdf8d764272f8d580eca30fffacfa22ceeb2'}}, 'caller': {'address': '0x1e1fedbeb8ce004a03569a3ff03a1317a6515cf1'}, 'date': {'date': '2021-05-15'}, 'block': {'height': 12436028}}, {'smartContract': {'address': {'address': '0x9f87c7be4f3b7659aa93cbd273be8986c7526498'}}, 'caller': {'address': '0x1e1fedbeb8ce004a03569a3ff03a1317a6515cf1'}, 'date': {'date': '2021-05-14'}, 'block': {'height': 12433786}}, {'smartContract': {'address': {'address': '0x22362be22c7e142ebec4e1de85cf712669ddb427'}}, 'caller': {'address': '0x1e1fedbeb8ce004a03569a3ff03a1317a6515cf1'}, 'date': {'date': '2021-05-13'}, 'block': {'height': 12427141}}, {'smartContract': {'address': {'address': '0xb9f493b6fb4ab7b9845c844557abae84d98cbe24'}}, 'caller': {'address': '0x1e1fedbeb8ce004a03569a3ff03a1317a6515cf1'}, 'date': {'date': '2021-05-13'}, 'block': {'height': 12427133}}, {'smartContract': {'address': {'address': '0x67e4833890be32b598ba113eb7dfeac01f68aa76'}}, 'caller': {'address': '0x1e1fedbeb8ce004a03569a3ff03a1317a6515cf1'}, 'date': {'date': '2021-05-13'}, 'block': {'height': 12427113}}, {'smartContract': {'address': {'address': '0x3327c9069ce0eaed5dd222f9c13be682ff18a1f0'}}, 'caller': {'address': '0x1e1fedbeb8ce004a03569a3ff03a1317a6515cf1'}, 'date': {'date': '2021-05-13'}, 'block': {'height': 12427099}}, {'smartContract': {'address': {'address': '0xe48760ed7a95159daad03c565e4fbdde584ac341'}}, 'caller': {'address': '0x1e1fedbeb8ce004a03569a3ff03a1317a6515cf1'}, 'date': {'date': '2021-05-13'}, 'block': {'height': 12425882}}, {'smartContract': {'address': {'address': '0x3b07f2556cc70d1d58a979d0d3db6f9964585f33'}}, 'caller': {'address': '0x1e1fedbeb8ce004a03569a3ff03a1317a6515cf1'}, 'date': {'date': '2021-05-09'}, 'block': {'height': 12401472}}, {'smartContract': {'address': {'address': '0x0aff88b4cf3015c9c17f1da1fccb88c632f3505e'}}, 'caller': {'address': '0x1e1fedbeb8ce004a03569a3ff03a1317a6515cf1'}, 'date': {'date': '2021-05-09'}, 'block': {'height': 12401437}}, {'smartContract': {'address': {'address': '0x6b023c1e3a860050ee3e608357aae86a113b70f9'}}, 'caller': {'address': '0x1e1fedbeb8ce004a03569a3ff03a1317a6515cf1'}, 'date': {'date': '2021-05-09'}, 'block': {'height': 12398394}}, {'smartContract': {'address': {'address': '0x67df226b3100762cae4ff00910f4b1afa58594ac'}}, 'caller': {'address': '0x1e1fedbeb8ce004a03569a3ff03a1317a6515cf1'}, 'date': {'date': '2021-05-09'}, 'block': {'height': 12398334}}, {'smartContract': {'address': {'address': '0x9fd41229b919545089f338beca0dc501fec496aa'}}, 'caller': {'address': '0x1e1fedbeb8ce004a03569a3ff03a1317a6515cf1'}, 'date': {'date': '2021-05-07'}, 'block': {'height': 12387994}}, {'smartContract': {'address': {'address': '0x89de2a565ce6b212469985f901193abe96fe04ba'}}, 'caller': {'address': '0x1e1fedbeb8ce004a03569a3ff03a1317a6515cf1'}, 'date': {'date': '2021-05-06'}, 'block': {'height': 12382970}}, {'smartContract': {'address': {'address': '0xc88bc3d6bdf5beb23f5b0eda3a24ebc49bbf8be0'}}, 'caller': {'address': '0x1e1fedbeb8ce004a03569a3ff03a1317a6515cf1'}, 'date': {'date': '2021-05-06'}, 'block': {'height': 12381468}}, {'smartContract': {'address': {'address': '0x820b22da86721df08d7f3f324bed50bc772c6d21'}}, 'caller': {'address': '0x1e1fedbeb8ce004a03569a3ff03a1317a6515cf1'}, 'date': {'date': '2021-05-06'}, 'block': {'height': 12381460}}, {'smartContract': {'address': {'address': '0xa74ca0b25226f07bd64423dee843d6df6cc7def3'}}, 'caller': {'address': '0x1e1fedbeb8ce004a03569a3ff03a1317a6515cf1'}, 'date': {'date': '2021-05-05'}, 'block': {'height': 12374065}}, {'smartContract': {'address': {'address': '0x64a88b7d161ced8385ab6e9feca0f68725871094'}}, 'caller': {'address': '0x1e1fedbeb8ce004a03569a3ff03a1317a6515cf1'}, 'date': {'date': '2021-05-05'}, 'block': {'height': 12371057}}, {'smartContract': {'address': {'address': '0x29a3ba62f57dcbf58461a20c4aec6dd1cd8fe172'}}, 'caller': {'address': '0x1e1fedbeb8ce004a03569a3ff03a1317a6515cf1'}, 'date': {'date': '2021-05-04'}, 'block': {'height': 12370117}}, {'smartContract': {'address': {'address': '0xefb60262524f3ae70f407722773a78fd57c0e0d1'}}, 'caller': {'address': '0x1e1fedbeb8ce004a03569a3ff03a1317a6515cf1'}, 'date': {'date': '2021-05-02'}, 'block': {'height': 12356448}}, {'smartContract': {'address': {'address': '0xaf11aa572b968241cba26bbe8ed13bc059dc440f'}}, 'caller': {'address': '0x1e1fedbeb8ce004a03569a3ff03a1317a6515cf1'}, 'date': {'date': '2021-05-01'}, 'block': {'height': 12349966}}, {'smartContract': {'address': {'address': '0xae38d114e4d6a7e5e4b90b1e615fb93b1cb4aca6'}}, 'caller': {'address': '0x1e1fedbeb8ce004a03569a3ff03a1317a6515cf1'}, 'date': {'date': '2021-04-30'}, 'block': {'height': 12343768}}, {'smartContract': {'address': {'address': '0x6496b66ec6e1a6d5dcbca5c95e00707531e65b8f'}}, 'caller': {'address': '0x1e1fedbeb8ce004a03569a3ff03a1317a6515cf1'}, 'date': {'date': '2021-04-30'}, 'block': {'height': 12342484}}, {'smartContract': {'address': {'address': '0x24bdd1c41c68735e3eaaa756f0b3d6bb2db4c5e5'}}, 'caller': {'address': '0x1e1fedbeb8ce004a03569a3ff03a1317a6515cf1'}, 'date': {'date': '2021-04-28'}, 'block': {'height': 12326180}}, {'smartContract': {'address': {'address': '0x2ca68647db1b789e496fafb3ec9447a97cfd716c'}}, 'caller': {'address': '0x1e1fedbeb8ce004a03569a3ff03a1317a6515cf1'}, 'date': {'date': '2021-04-27'}, 'block': {'height': 12322686}}, {'smartContract': {'address': {'address': '0x43a7c80fda1f1d942caa932c07113f865a7c7a7d'}}, 'caller': {'address': '0x1e1fedbeb8ce004a03569a3ff03a1317a6515cf1'}, 'date': {'date': '2021-04-26'}, 'block': {'height': 12315338}}, {'smartContract': {'address': {'address': '0x4be3aba4967dc60edee60552f2ef638a75b800b1'}}, 'caller': {'address': '0x1e1fedbeb8ce004a03569a3ff03a1317a6515cf1'}, 'date': {'date': '2021-04-24'}, 'block': {'height': 12304773}}, {'smartContract': {'address': {'address': '0x8dd4228605e467671941ffb4cae15cf7959c8d9d'}}, 'caller': {'address': '0x1e1fedbeb8ce004a03569a3ff03a1317a6515cf1'}, 'date': {'date': '2021-04-24'}, 'block': {'height': 12304768}}, {'smartContract': {'address': {'address': '0x6dbeec9fdfb46f389e44cef60c66bb8fdf34f3d0'}}, 'caller': {'address': '0x1e1fedbeb8ce004a03569a3ff03a1317a6515cf1'}, 'date': {'date': '2021-04-24'}, 'block': {'height': 12304005}}, {'smartContract': {'address': {'address': '0x68935e39315239928a371f27cec3aefa22e2e387'}}, 'caller': {'address': '0x1e1fedbeb8ce004a03569a3ff03a1317a6515cf1'}, 'date': {'date': '2021-04-24'}, 'block': {'height': 12303956}}, {'smartContract': {'address': {'address': '0x9aa58ba110976638d48d536a9d570c62dcfe377d'}}, 'caller': {'address': '0x1e1fedbeb8ce004a03569a3ff03a1317a6515cf1'}, 'date': {'date': '2021-04-24'}, 'block': {'height': 12303672}}, {'smartContract': {'address': {'address': '0xeb8d08547c92d44ab399c0c64c11ccf5c84f71c5'}}, 'caller': {'address': '0x1e1fedbeb8ce004a03569a3ff03a1317a6515cf1'}, 'date': {'date': '2021-04-24'}, 'block': {'height': 12303077}}, {'smartContract': {'address': {'address': '0xdd3b6a478d64a993b44f010b1de0a277e10a8868'}}, 'caller': {'address': '0x1e1fedbeb8ce004a03569a3ff03a1317a6515cf1'}, 'date': {'date': '2021-04-24'}, 'block': {'height': 12302345}}, {'smartContract': {'address': {'address': '0x9a84cf0b8dca4a95e0bce357a285ddc59b91dac2'}}, 'caller': {'address': '0x1e1fedbeb8ce004a03569a3ff03a1317a6515cf1'}, 'date': {'date': '2021-04-24'}, 'block': {'height': 12302049}}, {'smartContract': {'address': {'address': '0xdb0b753f7c54b5f20c78895a234155e7d90052f6'}}, 'caller': {'address': '0x1e1fedbeb8ce004a03569a3ff03a1317a6515cf1'}, 'date': {'date': '2021-04-24'}, 'block': {'height': 12301935}}, {'smartContract': {'address': {'address': '0x4d777df2777f2fb5a94c1984ffbade74f17137b2'}}, 'caller': {'address': '0x1e1fedbeb8ce004a03569a3ff03a1317a6515cf1'}, 'date': {'date': '2021-04-23'}, 'block': {'height': 12299262}}, {'smartContract': {'address': {'address': '0xd3cb636532e2cb8b70b0dc5e28507dc858a4ee62'}}, 'caller': {'address': '0x1e1fedbeb8ce004a03569a3ff03a1317a6515cf1'}, 'date': {'date': '2021-04-23'}, 'block': {'height': 12298949}}, {'smartContract': {'address': {'address': '0xeb567a8d56503ea235011bc9df8e93a61c7b3cc1'}}, 'caller': {'address': '0x1e1fedbeb8ce004a03569a3ff03a1317a6515cf1'}, 'date': {'date': '2021-04-23'}, 'block': {'height': 12298648}}, {'smartContract': {'address': {'address': '0x757a4f255bdb02784ad905cdf3dd38792fbdbd69'}}, 'caller': {'address': '0x1e1fedbeb8ce004a03569a3ff03a1317a6515cf1'}, 'date': {'date': '2021-04-23'}, 'block': {'height': 12298495}}, {'smartContract': {'address': {'address': '0xc004b20845beb6afd55ac79294e10c295accdda0'}}, 'caller': {'address': '0x1e1fedbeb8ce004a03569a3ff03a1317a6515cf1'}, 'date': {'date': '2021-04-23'}, 'block': {'height': 12296693}}, {'smartContract': {'address': {'address': '0xc262df6af7689e92dec3bd4426759453c4fbe898'}}, 'caller': {'address': '0x1e1fedbeb8ce004a03569a3ff03a1317a6515cf1'}, 'date': {'date': '2021-04-23'}, 'block': {'height': 12296502}}, {'smartContract': {'address': {'address': '0xb508623fda378f788cd9b0bd6a20ff9d294c34ca'}}, 'caller': {'address': '0x1e1fedbeb8ce004a03569a3ff03a1317a6515cf1'}, 'date': {'date': '2021-04-23'}, 'block': {'height': 12295513}}, {'smartContract': {'address': {'address': '0x509507ee5d81894dc9792464d1d683c62473df5a'}}, 'caller': {'address': '0x1e1fedbeb8ce004a03569a3ff03a1317a6515cf1'}, 'date': {'date': '2021-04-23'}, 'block': {'height': 12295442}}, {'smartContract': {'address': {'address': '0x4589d894150bdfe5d89c6c6c19a371b5ce6f1f37'}}, 'caller': {'address': '0x1e1fedbeb8ce004a03569a3ff03a1317a6515cf1'}, 'date': {'date': '2021-04-22'}, 'block': {'height': 12291865}}, {'smartContract': {'address': {'address': '0x7ffec07d57c178fd53f1d4d5dd82bde178f4d55a'}}, 'caller': {'address': '0x1e1fedbeb8ce004a03569a3ff03a1317a6515cf1'}, 'date': {'date': '2021-04-22'}, 'block': {'height': 12291813}}, {'smartContract': {'address': {'address': '0xbc585d576cbfb7a6fecb0eb64ee9929158e0d796'}}, 'caller': {'address': '0x1e1fedbeb8ce004a03569a3ff03a1317a6515cf1'}, 'date': {'date': '2021-04-22'}, 'block': {'height': 12291801}}, {'smartContract': {'address': {'address': '0x9f841194df3c74939ee2cf750eadd9f1a6c372d6'}}, 'caller': {'address': '0x1e1fedbeb8ce004a03569a3ff03a1317a6515cf1'}, 'date': {'date': '2021-04-22'}, 'block': {'height': 12291785}}, {'smartContract': {'address': {'address': '0x5d70afb8ecade25a2e8fe1094323dea94be96bd0'}}, 'caller': {'address': '0x1e1fedbeb8ce004a03569a3ff03a1317a6515cf1'}, 'date': {'date': '2021-04-22'}, 'block': {'height': 12291628}}, {'smartContract': {'address': {'address': '0xee62312f51fa0fa748aea626fe79351944b0fda1'}}, 'caller': {'address': '0x1e1fedbeb8ce004a03569a3ff03a1317a6515cf1'}, 'date': {'date': '2021-04-22'}, 'block': {'height': 12290465}}, {'smartContract': {'address': {'address': '0xbe9f6628f81cb97e7dd9a31287b35e8b67326735'}}, 'caller': {'address': '0x1e1fedbeb8ce004a03569a3ff03a1317a6515cf1'}, 'date': {'date': '2021-04-22'}, 'block': {'height': 12290056}}, {'smartContract': {'address': {'address': '0x7ed07b51975d9e8363b568b2d725be8f3e8516cf'}}, 'caller': {'address': '0x1e1fedbeb8ce004a03569a3ff03a1317a6515cf1'}, 'date': {'date': '2021-04-22'}, 'block': {'height': 12288707}}, {'smartContract': {'address': {'address': '0x2ee33d201f6baedf8d983f318f4196b9515302e4'}}, 'caller': {'address': '0x1e1fedbeb8ce004a03569a3ff03a1317a6515cf1'}, 'date': {'date': '2021-04-21'}, 'block': {'height': 12285627}}, {'smartContract': {'address': {'address': '0x69c699f79f95f1416d2a013772deb213610a9fbb'}}, 'caller': {'address': '0x1e1fedbeb8ce004a03569a3ff03a1317a6515cf1'}, 'date': {'date': '2021-04-21'}, 'block': {'height': 12285586}}, {'smartContract': {'address': {'address': '0x3089dd52ccf6991318e23377c8a752106750ad7d'}}, 'caller': {'address': '0x1e1fedbeb8ce004a03569a3ff03a1317a6515cf1'}, 'date': {'date': '2021-04-21'}, 'block': {'height': 12281265}}, {'smartContract': {'address': {'address': '0x72b03d7e52f96f74dca17c367ef781019424c06b'}}, 'caller': {'address': '0x1e1fedbeb8ce004a03569a3ff03a1317a6515cf1'}, 'date': {'date': '2021-04-16'}, 'block': {'height': 12254134}}, {'smartContract': {'address': {'address': '0x1df7f583c58e1f6c416596628397c742d05cdbfc'}}, 'caller': {'address': '0x1e1fedbeb8ce004a03569a3ff03a1317a6515cf1'}, 'date': {'date': '2021-04-15'}, 'block': {'height': 12246627}}, {'smartContract': {'address': {'address': '0x2c6315132d9392b3ae14215c82727f81f4e793da'}}, 'caller': {'address': '0x1e1fedbeb8ce004a03569a3ff03a1317a6515cf1'}, 'date': {'date': '2021-04-12'}, 'block': {'height': 12226547}}, {'smartContract': {'address': {'address': '0xf9e002c3b4148cb74c29dce184e84c369b0d49db'}}, 'caller': {'address': '0x1e1fedbeb8ce004a03569a3ff03a1317a6515cf1'}, 'date': {'date': '2021-04-12'}, 'block': {'height': 12226534}}, {'smartContract': {'address': {'address': '0xcd32942e82ca833f397d10b403c7efaca26fe927'}}, 'caller': {'address': '0x1e1fedbeb8ce004a03569a3ff03a1317a6515cf1'}, 'date': {'date': '2021-04-11'}, 'block': {'height': 12216848}}, {'smartContract': {'address': {'address': '0x4db121edab8026db09e7f0c8269ac64fbf257c1d'}}, 'caller': {'address': '0x1e1fedbeb8ce004a03569a3ff03a1317a6515cf1'}, 'date': {'date': '2021-04-08'}, 'block': {'height': 12200810}}, {'smartContract': {'address': {'address': '0x1dd368187290d560f163a3765ba7598d58b5ea7b'}}, 'caller': {'address': '0x1e1fedbeb8ce004a03569a3ff03a1317a6515cf1'}, 'date': {'date': '2021-04-05'}, 'block': {'height': 12178717}}, {'smartContract': {'address': {'address': '0x94ae1f487a7ec06ae8d0d6cdcef5f2a4bc2d9512'}}, 'caller': {'address': '0x1e1fedbeb8ce004a03569a3ff03a1317a6515cf1'}, 'date': {'date': '2021-04-01'}, 'block': {'height': 12156682}}, {'smartContract': {'address': {'address': '0x75edf5133e99fb465715e0a8aae43c781f5ad4ad'}}, 'caller': {'address': '0x1e1fedbeb8ce004a03569a3ff03a1317a6515cf1'}, 'date': {'date': '2021-03-26'}, 'block': {'height': 12116681}}, {'smartContract': {'address': {'address': '0x5e57f74025ad9eb5212bef2f95e332dba62878a7'}}, 'caller': {'address': '0x1e1fedbeb8ce004a03569a3ff03a1317a6515cf1'}, 'date': {'date': '2021-03-25'}, 'block': {'height': 12110702}}]",2020-09-21
443,443,0xAACa86B876ca011844b5798ECA7a67591A9743C8,BIOS,,0xf06cff8692A880fFc32a73136b0bBE02161c07F9,0.0,"[{'smartContract': {'address': {'address': '0xaaca86b876ca011844b5798eca7a67591a9743c8'}}, 'caller': {'address': '0xf06cff8692a880ffc32a73136b0bbe02161c07f9'}, 'date': {'date': '2021-05-13'}, 'block': {'height': 12424325}}]",2021-05-13
444,444,0xC98a910eDE52E7d5308525845F19e17470DbCCF7,Wrapped ILCOIN,,0x365EEc11cd58e124e7437aDf068935806E3e6AA2,0.0,"[{'smartContract': {'address': {'address': '0xc7135a7815d84037143222cd74bd2650b4283c1d'}}, 'caller': {'address': '0x365eec11cd58e124e7437adf068935806e3e6aa2'}, 'date': {'date': '2021-05-18'}, 'block': {'height': 12460323}}, {'smartContract': {'address': {'address': '0xe6bdd6464e5e98f19eb3a6180969ca64b29011c5'}}, 'caller': {'address': '0x5c69bee701ef814a2b6a3edd4b1652cb9cc5aa6f'}, 'date': {'date': '2021-02-08'}, 'block': {'height': 11817735}}, {'smartContract': {'address': {'address': '0x32f022be0c05799507dc9fdf9082e7ff3a4c77e7'}}, 'caller': {'address': '0x5c69bee701ef814a2b6a3edd4b1652cb9cc5aa6f'}, 'date': {'date': '2021-02-08'}, 'block': {'height': 11817712}}, {'smartContract': {'address': {'address': '0x53f4bdf9698efeca1eda872876d116aea2298620'}}, 'caller': {'address': '0x5c69bee701ef814a2b6a3edd4b1652cb9cc5aa6f'}, 'date': {'date': '2021-02-08'}, 'block': {'height': 11817673}}, {'smartContract': {'address': {'address': '0xc98a910ede52e7d5308525845f19e17470dbccf7'}}, 'caller': {'address': '0x365eec11cd58e124e7437adf068935806e3e6aa2'}, 'date': {'date': '2020-10-30'}, 'block': {'height': 11158614}}, {'smartContract': {'address': {'address': '0xb227ca1db23bb0482f9be9aab379dece2728a0e4'}}, 'caller': {'address': '0x5c69bee701ef814a2b6a3edd4b1652cb9cc5aa6f'}, 'date': {'date': '2020-10-22'}, 'block': {'height': 11103947}}, {'smartContract': {'address': {'address': '0x91a5f1e760352eb734eae8487d798856e645d1ee'}}, 'caller': {'address': '0x365eec11cd58e124e7437adf068935806e3e6aa2'}, 'date': {'date': '2020-10-22'}, 'block': {'height': 11103910}}, {'smartContract': {'address': {'address': '0x813bd94b8c40e0e7536a4c1438875054caef49df'}}, 'caller': {'address': '0x365eec11cd58e124e7437adf068935806e3e6aa2'}, 'date': {'date': '2020-10-22'}, 'block': {'height': 11103704}}]",2020-10-30
445,445,0xCF3C8Be2e2C42331Da80EF210e9B1b307C03d36A,BetProtocolToken (BEPRO),,0x78Ee4544fae901dcD5bd19ffB8B69Ae4523c750B,0.0,"[{'smartContract': {'address': {'address': '0xcf3c8be2e2c42331da80ef210e9b1b307c03d36a'}}, 'caller': {'address': '0x78ee4544fae901dcd5bd19ffb8b69ae4523c750b'}, 'date': {'date': '2020-09-28'}, 'block': {'height': 10950415}}]",2020-09-28
446,446,0xD90E69f67203EBE02c917B5128629E77B4cd92dc,ONC,https://github.com/onecash/onecash-protocol,0xA9613b2f2f9023b4439Daa19665e87EfD8A808aa,0.0,"[{'smartContract': {'address': {'address': '0xc9ae03864271a8f18bec0afd3c2dccf3d0700950'}}, 'caller': {'address': '0xa9613b2f2f9023b4439daa19665e87efd8a808aa'}, 'date': {'date': '2021-05-31'}, 'block': {'height': 12539666}}, {'smartContract': {'address': {'address': '0xf38b6af0c5a21b9af4ae54ced8f38e1732bb3ef9'}}, 'caller': {'address': '0xa9613b2f2f9023b4439daa19665e87efd8a808aa'}, 'date': {'date': '2021-05-28'}, 'block': {'height': 12522564}}, {'smartContract': {'address': {'address': '0x171b69a1f8fea46df6ea57f4a3e7e038670dce8c'}}, 'caller': {'address': '0xa9613b2f2f9023b4439daa19665e87efd8a808aa'}, 'date': {'date': '2021-05-28'}, 'block': {'height': 12522558}}, {'smartContract': {'address': {'address': '0xfb0adcb3cbc9975517601d270299e2b930589db3'}}, 'caller': {'address': '0xa9613b2f2f9023b4439daa19665e87efd8a808aa'}, 'date': {'date': '2021-05-28'}, 'block': {'height': 12522542}}, {'smartContract': {'address': {'address': '0xaa18d1468eb914e2112f6ef7908ade4d35a42f36'}}, 'caller': {'address': '0xa9613b2f2f9023b4439daa19665e87efd8a808aa'}, 'date': {'date': '2021-05-28'}, 'block': {'height': 12522490}}, {'smartContract': {'address': {'address': '0x1a3eed1b9d04584375a0de8620df265b42ca9e21'}}, 'caller': {'address': '0xa9613b2f2f9023b4439daa19665e87efd8a808aa'}, 'date': {'date': '2021-05-15'}, 'block': {'height': 12439219}}, {'smartContract': {'address': {'address': '0x6acb13480d431c99e68794f038e00857da8d1ff3'}}, 'caller': {'address': '0xa9613b2f2f9023b4439daa19665e87efd8a808aa'}, 'date': {'date': '2021-05-15'}, 'block': {'height': 12439177}}, {'smartContract': {'address': {'address': '0x7d49ee6677cc919dc24c048825605072b4644304'}}, 'caller': {'address': '0xa9613b2f2f9023b4439daa19665e87efd8a808aa'}, 'date': {'date': '2021-05-15'}, 'block': {'height': 12439161}}, {'smartContract': {'address': {'address': '0x6f2eb8957b06b00ccec0f901c8c0100a39585332'}}, 'caller': {'address': '0xa9613b2f2f9023b4439daa19665e87efd8a808aa'}, 'date': {'date': '2021-05-14'}, 'block': {'height': 12430928}}, {'smartContract': {'address': {'address': '0xf6e553231e5ef2625bb1b6be77077f662fa82ffd'}}, 'caller': {'address': '0xa9613b2f2f9023b4439daa19665e87efd8a808aa'}, 'date': {'date': '2021-05-14'}, 'block': {'height': 12430909}}, {'smartContract': {'address': {'address': '0x257d13383d63c2e4e855c0fa9c7824e5c7f8ec85'}}, 'caller': {'address': '0xa9613b2f2f9023b4439daa19665e87efd8a808aa'}, 'date': {'date': '2021-05-14'}, 'block': {'height': 12430882}}, {'smartContract': {'address': {'address': '0x95ab8d6db13cf43d2ea8181b0f064d8fa1a3eec5'}}, 'caller': {'address': '0xa9613b2f2f9023b4439daa19665e87efd8a808aa'}, 'date': {'date': '2021-05-13'}, 'block': {'height': 12423593}}, {'smartContract': {'address': {'address': '0x19ff9203e4ca481d4212a0962bfca538e0840111'}}, 'caller': {'address': '0xa9613b2f2f9023b4439daa19665e87efd8a808aa'}, 'date': {'date': '2021-01-20'}, 'block': {'height': 11689643}}, {'smartContract': {'address': {'address': '0xb3f0348ee3775772aec3dad8e864d158dd5a1eaa'}}, 'caller': {'address': '0xa9613b2f2f9023b4439daa19665e87efd8a808aa'}, 'date': {'date': '2021-01-16'}, 'block': {'height': 11666944}}, {'smartContract': {'address': {'address': '0x9b0af3f435f193214ccc7ec742c0f260dd6aa5c6'}}, 'caller': {'address': '0xa9613b2f2f9023b4439daa19665e87efd8a808aa'}, 'date': {'date': '2021-01-15'}, 'block': {'height': 11656922}}, {'smartContract': {'address': {'address': '0x1b06b7bb383e894185031d9c462d4425088a79ee'}}, 'caller': {'address': '0xa9613b2f2f9023b4439daa19665e87efd8a808aa'}, 'date': {'date': '2021-01-09'}, 'block': {'height': 11618782}}, {'smartContract': {'address': {'address': '0x6c914cdae3e844188865b3cc2e87c98933cfcdb0'}}, 'caller': {'address': '0xa9613b2f2f9023b4439daa19665e87efd8a808aa'}, 'date': {'date': '2021-01-09'}, 'block': {'height': 11618764}}, {'smartContract': {'address': {'address': '0x20ff6aae9d84621a3b2d207f0ae2a4d4512d814f'}}, 'caller': {'address': '0x5c69bee701ef814a2b6a3edd4b1652cb9cc5aa6f'}, 'date': {'date': '2021-01-07'}, 'block': {'height': 11606797}}, {'smartContract': {'address': {'address': '0xc3b2c7c42503ee500d97d49a37cde0f2601d2b06'}}, 'caller': {'address': '0xa9613b2f2f9023b4439daa19665e87efd8a808aa'}, 'date': {'date': '2021-01-07'}, 'block': {'height': 11606770}}, {'smartContract': {'address': {'address': '0x9a0a9164df19f7523255b188b6d0a431c0420c29'}}, 'caller': {'address': '0xa9613b2f2f9023b4439daa19665e87efd8a808aa'}, 'date': {'date': '2021-01-02'}, 'block': {'height': 11572070}}, {'smartContract': {'address': {'address': '0xd22c1549017cf96eaa093ad47da0cf62f42b0562'}}, 'caller': {'address': '0xa9613b2f2f9023b4439daa19665e87efd8a808aa'}, 'date': {'date': '2021-01-02'}, 'block': {'height': 11572040}}, {'smartContract': {'address': {'address': '0x8eebdfc76a9f98d0b36b107a940adadba8c8df27'}}, 'caller': {'address': '0xa9613b2f2f9023b4439daa19665e87efd8a808aa'}, 'date': {'date': '2021-01-02'}, 'block': {'height': 11572030}}, {'smartContract': {'address': {'address': '0xdf86b6b98e265b09cfb8b23e45431615ccb8244a'}}, 'caller': {'address': '0xa9613b2f2f9023b4439daa19665e87efd8a808aa'}, 'date': {'date': '2020-12-24'}, 'block': {'height': 11515519}}, {'smartContract': {'address': {'address': '0x6b338c08cee208d210f650a3d46c0167fe789886'}}, 'caller': {'address': '0xa9613b2f2f9023b4439daa19665e87efd8a808aa'}, 'date': {'date': '2020-12-24'}, 'block': {'height': 11515470}}, {'smartContract': {'address': {'address': '0x10de27accf61c2567a011d525b631b8ba73a2c59'}}, 'caller': {'address': '0xa9613b2f2f9023b4439daa19665e87efd8a808aa'}, 'date': {'date': '2020-12-24'}, 'block': {'height': 11515386}}, {'smartContract': {'address': {'address': '0x33178220f60453128790e8f66842130b28527a8e'}}, 'caller': {'address': '0xa9613b2f2f9023b4439daa19665e87efd8a808aa'}, 'date': {'date': '2020-12-24'}, 'block': {'height': 11515347}}, {'smartContract': {'address': {'address': '0xcc2d481835291fcb26a54d1b924b37b02e227acd'}}, 'caller': {'address': '0xa9613b2f2f9023b4439daa19665e87efd8a808aa'}, 'date': {'date': '2020-12-24'}, 'block': {'height': 11515329}}, {'smartContract': {'address': {'address': '0x11dab122fa5ab4d407521ae1ca416deff198b688'}}, 'caller': {'address': '0xa9613b2f2f9023b4439daa19665e87efd8a808aa'}, 'date': {'date': '2020-12-24'}, 'block': {'height': 11515225}}, {'smartContract': {'address': {'address': '0x78a05fda97c8458f07e03583fdaf05ff6ee4f6c9'}}, 'caller': {'address': '0xa9613b2f2f9023b4439daa19665e87efd8a808aa'}, 'date': {'date': '2020-12-24'}, 'block': {'height': 11515190}}, {'smartContract': {'address': {'address': '0xfd35c0e9706a669d7be9b2d9c69ae2927f1071db'}}, 'caller': {'address': '0xa9613b2f2f9023b4439daa19665e87efd8a808aa'}, 'date': {'date': '2020-12-24'}, 'block': {'height': 11513756}}, {'smartContract': {'address': {'address': '0x121849da59eacd142ed4fd05f66dd5fa9b80e9d4'}}, 'caller': {'address': '0xa9613b2f2f9023b4439daa19665e87efd8a808aa'}, 'date': {'date': '2020-12-23'}, 'block': {'height': 11509568}}, {'smartContract': {'address': {'address': '0xaca262c65b97515db953434be39817007e4d8c6a'}}, 'caller': {'address': '0xa9613b2f2f9023b4439daa19665e87efd8a808aa'}, 'date': {'date': '2020-12-23'}, 'block': {'height': 11509459}}, {'smartContract': {'address': {'address': '0x896dc58182c3b78598c11aa10f940257a1ce32b1'}}, 'caller': {'address': '0x5c69bee701ef814a2b6a3edd4b1652cb9cc5aa6f'}, 'date': {'date': '2020-12-23'}, 'block': {'height': 11509147}}, {'smartContract': {'address': {'address': '0x3ba3c8fb0142a6f2bf3e2990a08957866203f961'}}, 'caller': {'address': '0x5c69bee701ef814a2b6a3edd4b1652cb9cc5aa6f'}, 'date': {'date': '2020-12-23'}, 'block': {'height': 11509135}}, {'smartContract': {'address': {'address': '0x5bb29c33c4a3c29f56f8aca40b4db91d8a5fe2c5'}}, 'caller': {'address': '0xa9613b2f2f9023b4439daa19665e87efd8a808aa'}, 'date': {'date': '2020-12-23'}, 'block': {'height': 11508906}}, {'smartContract': {'address': {'address': '0xd33fd62c14f8ecf216af0c57d3cd205273b6374f'}}, 'caller': {'address': '0xa9613b2f2f9023b4439daa19665e87efd8a808aa'}, 'date': {'date': '2020-12-23'}, 'block': {'height': 11508882}}, {'smartContract': {'address': {'address': '0xd90e69f67203ebe02c917b5128629e77b4cd92dc'}}, 'caller': {'address': '0xa9613b2f2f9023b4439daa19665e87efd8a808aa'}, 'date': {'date': '2020-12-23'}, 'block': {'height': 11508808}}]",2020-12-23
447,447,0x70008F18Fc58928dcE982b0A69C2c21ff80Dca54,X7R,,0xc2eFb0D048435Db5012a594A9085a0a3486891c6,0.0,"[{'smartContract': {'address': {'address': '0x20b05756b316818edff1058c74ae95877c928aea'}}, 'caller': {'address': '0xc2efb0d048435db5012a594a9085a0a3486891c6'}, 'date': {'date': '2022-09-24'}, 'block': {'height': 15602640}}, {'smartContract': {'address': {'address': '0x70008f18fc58928dce982b0a69c2c21ff80dca54'}}, 'caller': {'address': '0xc2efb0d048435db5012a594a9085a0a3486891c6'}, 'date': {'date': '2022-09-24'}, 'block': {'height': 15602630}}]",2022-09-24
448,448,0x9EA3b5b4EC044b70375236A281986106457b20EF,DELTA.financial - deep DeFi derivatives,,0x5A16552f59ea34E44ec81E58b3817833E9fD5436,0.0,"[{'smartContract': {'address': {'address': '0x1d9a94f43a7c6e452a45c0039dde717b8f089a5b'}}, 'caller': {'address': '0x5a16552f59ea34e44ec81e58b3817833e9fd5436'}, 'date': {'date': '2022-03-22'}, 'block': {'height': 14438063}}, {'smartContract': {'address': {'address': '0x9e20ec2933afe047a7854960ba6e81e02c54c38b'}}, 'caller': {'address': '0x5a16552f59ea34e44ec81e58b3817833e9fd5436'}, 'date': {'date': '2022-02-24'}, 'block': {'height': 14270593}}, {'smartContract': {'address': {'address': '0x3554fc4998f83967dcab5b2ef858e8e63fefbd26'}}, 'caller': {'address': '0x5a16552f59ea34e44ec81e58b3817833e9fd5436'}, 'date': {'date': '2022-02-23'}, 'block': {'height': 14264684}}, {'smartContract': {'address': {'address': '0x9d38902cd69a42441a98237d67ea257016dd1796'}}, 'caller': {'address': '0x5a16552f59ea34e44ec81e58b3817833e9fd5436'}, 'date': {'date': '2022-02-04'}, 'block': {'height': 14142090}}, {'smartContract': {'address': {'address': '0x98505e6ec84ce8d5da63eabee768e5a74c5e8d65'}}, 'caller': {'address': '0x5a16552f59ea34e44ec81e58b3817833e9fd5436'}, 'date': {'date': '2022-02-04'}, 'block': {'height': 14142051}}, {'smartContract': {'address': {'address': '0x4668150f005a53997794dade1ef495329ee47f49'}}, 'caller': {'address': '0x5a16552f59ea34e44ec81e58b3817833e9fd5436'}, 'date': {'date': '2022-02-04'}, 'block': {'height': 14141192}}, {'smartContract': {'address': {'address': '0x708722e26de791459e3faee0667d3e26a75059d2'}}, 'caller': {'address': '0x5a16552f59ea34e44ec81e58b3817833e9fd5436'}, 'date': {'date': '2022-01-20'}, 'block': {'height': 14044885}}, {'smartContract': {'address': {'address': '0xf66cd2f8755a21d3c8683a10269f795c0532dd58'}}, 'caller': {'address': '0x5a16552f59ea34e44ec81e58b3817833e9fd5436'}, 'date': {'date': '2022-01-20'}, 'block': {'height': 14044685}}, {'smartContract': {'address': {'address': '0xc3fb0b7a48b56ac5f2cf08ff07ea1878d63caad0'}}, 'caller': {'address': '0x5a16552f59ea34e44ec81e58b3817833e9fd5436'}, 'date': {'date': '2022-01-20'}, 'block': {'height': 14044118}}, {'smartContract': {'address': {'address': '0xe508a37101fce81ab412626ee5f1a648244380de'}}, 'caller': {'address': '0x5a16552f59ea34e44ec81e58b3817833e9fd5436'}, 'date': {'date': '2022-01-19'}, 'block': {'height': 14033238}}, {'smartContract': {'address': {'address': '0x54b276c8a484ebf2a244d933af5ffaf595ea58c5'}}, 'caller': {'address': '0x5a16552f59ea34e44ec81e58b3817833e9fd5436'}, 'date': {'date': '2022-01-19'}, 'block': {'height': 14033217}}, {'smartContract': {'address': {'address': '0x80af363fd2833c24a43d88b78f172b36c17c4cdd'}}, 'caller': {'address': '0x5a16552f59ea34e44ec81e58b3817833e9fd5436'}, 'date': {'date': '2022-01-19'}, 'block': {'height': 14033191}}, {'smartContract': {'address': {'address': '0x6e570dc0531e786a703f778a1d1c2b6ffba0b53d'}}, 'caller': {'address': '0x5a16552f59ea34e44ec81e58b3817833e9fd5436'}, 'date': {'date': '2021-05-05'}, 'block': {'height': 12374679}}, {'smartContract': {'address': {'address': '0xf6dd68031a22c8a3f1e7a424ce8f43a1e1a3be3e'}}, 'caller': {'address': '0x904cf9487312f1034814056f1f99be49e74bcc70'}, 'date': {'date': '2021-04-16'}, 'block': {'height': 12247873}}, {'smartContract': {'address': {'address': '0xb8ee07b5ed2ff9dae6c504c9dee84151f844a591'}}, 'caller': {'address': '0x904cf9487312f1034814056f1f99be49e74bcc70'}, 'date': {'date': '2021-04-16'}, 'block': {'height': 12247873}}, {'smartContract': {'address': {'address': '0xca00f8eef4ce1f9183e06fa25fe7872fedcf7456'}}, 'caller': {'address': '0x904cf9487312f1034814056f1f99be49e74bcc70'}, 'date': {'date': '2021-04-16'}, 'block': {'height': 12247873}}, {'smartContract': {'address': {'address': '0x7ca9b4bab4e16bebedcff403f7397935d905f0d3'}}, 'caller': {'address': '0x5a16552f59ea34e44ec81e58b3817833e9fd5436'}, 'date': {'date': '2021-04-14'}, 'block': {'height': 12240993}}, {'smartContract': {'address': {'address': '0xdaeca59d122b51c815ecb8719629ef1306a32118'}}, 'caller': {'address': '0x5a16552f59ea34e44ec81e58b3817833e9fd5436'}, 'date': {'date': '2021-04-14'}, 'block': {'height': 12240572}}, {'smartContract': {'address': {'address': '0x865834b597be14cb0fe5e1e86bf12ba01fec1d77'}}, 'caller': {'address': '0x5a16552f59ea34e44ec81e58b3817833e9fd5436'}, 'date': {'date': '2021-04-14'}, 'block': {'height': 12240565}}, {'smartContract': {'address': {'address': '0xd8a55f64835d6e9925b1fe69e5e942bc0accf506'}}, 'caller': {'address': '0x5a16552f59ea34e44ec81e58b3817833e9fd5436'}, 'date': {'date': '2021-04-14'}, 'block': {'height': 12240494}}, {'smartContract': {'address': {'address': '0xc0d019a4ffd6d1ba7fba6de77caa81af60586167'}}, 'caller': {'address': '0x5a16552f59ea34e44ec81e58b3817833e9fd5436'}, 'date': {'date': '2021-04-14'}, 'block': {'height': 12238915}}, {'smartContract': {'address': {'address': '0x9dbbfebf347758c5ef6b96fddcb0f6d0fa840220'}}, 'caller': {'address': '0x5a16552f59ea34e44ec81e58b3817833e9fd5436'}, 'date': {'date': '2021-04-14'}, 'block': {'height': 12238874}}, {'smartContract': {'address': {'address': '0x904cf9487312f1034814056f1f99be49e74bcc70'}}, 'caller': {'address': '0x5a16552f59ea34e44ec81e58b3817833e9fd5436'}, 'date': {'date': '2021-04-14'}, 'block': {'height': 12238830}}, {'smartContract': {'address': {'address': '0x75c50f4f9b0478fe6ad8481f44030247b0d8b2fc'}}, 'caller': {'address': '0x5a16552f59ea34e44ec81e58b3817833e9fd5436'}, 'date': {'date': '2021-04-14'}, 'block': {'height': 12238806}}, {'smartContract': {'address': {'address': '0x40874dd359743f9b230076f2fa2711fcfb3b93cb'}}, 'caller': {'address': '0x5a16552f59ea34e44ec81e58b3817833e9fd5436'}, 'date': {'date': '2021-04-14'}, 'block': {'height': 12238766}}, {'smartContract': {'address': {'address': '0xf249c5b422758d91d8f05e1cc5fc85cf4b667461'}}, 'caller': {'address': '0x5a16552f59ea34e44ec81e58b3817833e9fd5436'}, 'date': {'date': '2021-04-08'}, 'block': {'height': 12201660}}, {'smartContract': {'address': {'address': '0x9e349ff624e8872afaefd3d25c4e5666011a67a5'}}, 'caller': {'address': '0x5a16552f59ea34e44ec81e58b3817833e9fd5436'}, 'date': {'date': '2021-04-08'}, 'block': {'height': 12196023}}, {'smartContract': {'address': {'address': '0x25858ce5f5ff0c615942c97068f56eab49fe71da'}}, 'caller': {'address': '0x5a16552f59ea34e44ec81e58b3817833e9fd5436'}, 'date': {'date': '2021-04-08'}, 'block': {'height': 12195904}}, {'smartContract': {'address': {'address': '0xdad70b25fbbaba9613a18d9301987ccd896f9fe8'}}, 'caller': {'address': '0x5a16552f59ea34e44ec81e58b3817833e9fd5436'}, 'date': {'date': '2021-04-07'}, 'block': {'height': 12194040}}, {'smartContract': {'address': {'address': '0xa1a9571fc12f3ee2a750adfd9bd4720ea3de71d0'}}, 'caller': {'address': '0x5a16552f59ea34e44ec81e58b3817833e9fd5436'}, 'date': {'date': '2021-04-07'}, 'block': {'height': 12193971}}, {'smartContract': {'address': {'address': '0x7c0f5f9d36be65227a325e51f215172367d6e01a'}}, 'caller': {'address': '0x5a16552f59ea34e44ec81e58b3817833e9fd5436'}, 'date': {'date': '2021-04-07'}, 'block': {'height': 12193948}}, {'smartContract': {'address': {'address': '0x867dacc8bca7c6339cbdeb9a536507a7d7058634'}}, 'caller': {'address': '0x5a16552f59ea34e44ec81e58b3817833e9fd5436'}, 'date': {'date': '2021-04-07'}, 'block': {'height': 12193848}}, {'smartContract': {'address': {'address': '0xa0bb29c7b5af808bdbf020766113d864f9262a61'}}, 'caller': {'address': '0x5a16552f59ea34e44ec81e58b3817833e9fd5436'}, 'date': {'date': '2021-04-07'}, 'block': {'height': 12193834}}, {'smartContract': {'address': {'address': '0x6bf15a530314d80baa5560539d7f327f3dbe0eec'}}, 'caller': {'address': '0x5a16552f59ea34e44ec81e58b3817833e9fd5436'}, 'date': {'date': '2021-04-06'}, 'block': {'height': 12187341}}, {'smartContract': {'address': {'address': '0x7e7ac62d8d2873c4e9ff93d6f08bd03ff9bbe96c'}}, 'caller': {'address': '0x5a16552f59ea34e44ec81e58b3817833e9fd5436'}, 'date': {'date': '2021-04-02'}, 'block': {'height': 12157095}}, {'smartContract': {'address': {'address': '0x42716df6b1dbda9ac05526f18882cbeb6853387b'}}, 'caller': {'address': '0x5a16552f59ea34e44ec81e58b3817833e9fd5436'}, 'date': {'date': '2021-04-02'}, 'block': {'height': 12157079}}, {'smartContract': {'address': {'address': '0x969a34dea532cdb1340f4291a7bc606f188df248'}}, 'caller': {'address': '0x5a16552f59ea34e44ec81e58b3817833e9fd5436'}, 'date': {'date': '2021-04-02'}, 'block': {'height': 12157062}}, {'smartContract': {'address': {'address': '0x382a9a8927f97f7489af3f0c202b23ed1eb772b5'}}, 'caller': {'address': '0x5c69bee701ef814a2b6a3edd4b1652cb9cc5aa6f'}, 'date': {'date': '2021-03-31'}, 'block': {'height': 12147523}}, {'smartContract': {'address': {'address': '0x7296368fe9bcb25d3ecc19af13655b907818cc09'}}, 'caller': {'address': '0x0629056846681d820728653fe0916cb2e80ff4dd'}, 'date': {'date': '2021-03-31'}, 'block': {'height': 12147523}}, {'smartContract': {'address': {'address': '0xa8a9da203d9840793d86d3d12467aea6f042b8a4'}}, 'caller': {'address': '0x5a16552f59ea34e44ec81e58b3817833e9fd5436'}, 'date': {'date': '2021-03-29'}, 'block': {'height': 12136316}}, {'smartContract': {'address': {'address': '0x36e6b83bfb960f64218b82858ecd89a8351538fb'}}, 'caller': {'address': '0x5a16552f59ea34e44ec81e58b3817833e9fd5436'}, 'date': {'date': '2021-03-29'}, 'block': {'height': 12136302}}, {'smartContract': {'address': {'address': '0x9c92c7dc68c7ad09c6dc286319d206f32d88cac7'}}, 'caller': {'address': '0x5a16552f59ea34e44ec81e58b3817833e9fd5436'}, 'date': {'date': '2021-03-28'}, 'block': {'height': 12129916}}, {'smartContract': {'address': {'address': '0x9282d0831100a8b0d30b862929bd9238913cc7b0'}}, 'caller': {'address': '0x5a16552f59ea34e44ec81e58b3817833e9fd5436'}, 'date': {'date': '2021-03-28'}, 'block': {'height': 12129785}}, {'smartContract': {'address': {'address': '0xed686b17db3ae6fd2f614519b8b47ae1fef8fe15'}}, 'caller': {'address': '0x5a16552f59ea34e44ec81e58b3817833e9fd5436'}, 'date': {'date': '2021-03-28'}, 'block': {'height': 12129743}}, {'smartContract': {'address': {'address': '0x5bcada0d7f07ebe2677e11045644def7949aba1b'}}, 'caller': {'address': '0x5a16552f59ea34e44ec81e58b3817833e9fd5436'}, 'date': {'date': '2021-03-28'}, 'block': {'height': 12129236}}, {'smartContract': {'address': {'address': '0x0912f4ecabe8cbc076d37c248942b8721f169c8e'}}, 'caller': {'address': '0x5a16552f59ea34e44ec81e58b3817833e9fd5436'}, 'date': {'date': '2021-03-28'}, 'block': {'height': 12129224}}, {'smartContract': {'address': {'address': '0xbfa5b7b4b0e22700b49e4051ace0c2a2263629a2'}}, 'caller': {'address': '0x5a16552f59ea34e44ec81e58b3817833e9fd5436'}, 'date': {'date': '2021-03-28'}, 'block': {'height': 12129169}}, {'smartContract': {'address': {'address': '0x3d4eba67a81cda00ac6b4aa0ddb72eecdb612ee1'}}, 'caller': {'address': '0x5a16552f59ea34e44ec81e58b3817833e9fd5436'}, 'date': {'date': '2021-03-28'}, 'block': {'height': 12129088}}, {'smartContract': {'address': {'address': '0xb0a3f83e879c20bbd2187a773ceabf371e788654'}}, 'caller': {'address': '0x5a16552f59ea34e44ec81e58b3817833e9fd5436'}, 'date': {'date': '2021-03-28'}, 'block': {'height': 12129065}}, {'smartContract': {'address': {'address': '0x7b3e8f6f30163d22203d0d86c608ca1a056345bc'}}, 'caller': {'address': '0x5a16552f59ea34e44ec81e58b3817833e9fd5436'}, 'date': {'date': '2021-03-28'}, 'block': {'height': 12128394}}, {'smartContract': {'address': {'address': '0x7d7e813082ef6c143277c71786e5be626ec77b20'}}, 'caller': {'address': '0x5c69bee701ef814a2b6a3edd4b1652cb9cc5aa6f'}, 'date': {'date': '2021-03-28'}, 'block': {'height': 12128383}}, {'smartContract': {'address': {'address': '0xa4079d05467dc8b68f93dff1eb024ab1196f7cb0'}}, 'caller': {'address': '0x5a16552f59ea34e44ec81e58b3817833e9fd5436'}, 'date': {'date': '2021-03-28'}, 'block': {'height': 12128157}}, {'smartContract': {'address': {'address': '0x1b0b4754698aa98cd229f75a463de83242a4765a'}}, 'caller': {'address': '0x5a16552f59ea34e44ec81e58b3817833e9fd5436'}, 'date': {'date': '2021-03-28'}, 'block': {'height': 12128093}}, {'smartContract': {'address': {'address': '0x44d59c297949b49bc63372c13ce39d7aa9fb40a1'}}, 'caller': {'address': '0x5a16552f59ea34e44ec81e58b3817833e9fd5436'}, 'date': {'date': '2021-03-28'}, 'block': {'height': 12128063}}, {'smartContract': {'address': {'address': '0x021af35df295dcfbe769e0e08f22de7252a63c34'}}, 'caller': {'address': '0x5a16552f59ea34e44ec81e58b3817833e9fd5436'}, 'date': {'date': '2021-03-28'}, 'block': {'height': 12128037}}, {'smartContract': {'address': {'address': '0x370f101ad006b10f3050ed2621924e72d1d77436'}}, 'caller': {'address': '0x5a16552f59ea34e44ec81e58b3817833e9fd5436'}, 'date': {'date': '2021-03-28'}, 'block': {'height': 12128000}}, {'smartContract': {'address': {'address': '0x251bbe8c7abc2a1ca8d0b25fc1149abe6160a943'}}, 'caller': {'address': '0x5a16552f59ea34e44ec81e58b3817833e9fd5436'}, 'date': {'date': '2021-03-28'}, 'block': {'height': 12127969}}, {'smartContract': {'address': {'address': '0x5ee58d2c089e98d896f2ed74827135d3cbc4afeb'}}, 'caller': {'address': '0x9ea3b5b4ec044b70375236a281986106457b20ef'}, 'date': {'date': '2021-03-28'}, 'block': {'height': 12127830}}, {'smartContract': {'address': {'address': '0x9ea3b5b4ec044b70375236a281986106457b20ef'}}, 'caller': {'address': '0x5a16552f59ea34e44ec81e58b3817833e9fd5436'}, 'date': {'date': '2021-03-28'}, 'block': {'height': 12127830}}, {'smartContract': {'address': {'address': '0x7be061be6010a2616df43f4dc87d84dc3a3314fe'}}, 'caller': {'address': '0x9ea3b5b4ec044b70375236a281986106457b20ef'}, 'date': {'date': '2021-03-28'}, 'block': {'height': 12127830}}, {'smartContract': {'address': {'address': '0x4a2e6b0722c403af6cf7df7b7615b48be50fc752'}}, 'caller': {'address': '0x9ea3b5b4ec044b70375236a281986106457b20ef'}, 'date': {'date': '2021-03-28'}, 'block': {'height': 12127830}}, {'smartContract': {'address': {'address': '0xeb0ded92a7fb85bdbda0130057e1f562d2fb2718'}}, 'caller': {'address': '0x9ea3b5b4ec044b70375236a281986106457b20ef'}, 'date': {'date': '2021-03-28'}, 'block': {'height': 12127830}}, {'smartContract': {'address': {'address': '0x48f32cffd47a0150c72de7e48b3afe46c306e199'}}, 'caller': {'address': '0x5a16552f59ea34e44ec81e58b3817833e9fd5436'}, 'date': {'date': '2021-03-28'}, 'block': {'height': 12127776}}, {'smartContract': {'address': {'address': '0x3c3f96c761ce8fc34edf974ffd4175c2e433c7f0'}}, 'caller': {'address': '0x48f32cffd47a0150c72de7e48b3afe46c306e199'}, 'date': {'date': '2021-03-28'}, 'block': {'height': 12127776}}, {'smartContract': {'address': {'address': '0xeeeeb23d9e9b6890bebacc498dfcfd514573dba9'}}, 'caller': {'address': '0x48f32cffd47a0150c72de7e48b3afe46c306e199'}, 'date': {'date': '2021-03-28'}, 'block': {'height': 12127776}}, {'smartContract': {'address': {'address': '0xa9fecce91faa34cb08a4b35736d2698e09946149'}}, 'caller': {'address': '0x48f32cffd47a0150c72de7e48b3afe46c306e199'}, 'date': {'date': '2021-03-28'}, 'block': {'height': 12127776}}, {'smartContract': {'address': {'address': '0x463c2610844fa6d37320dd322928c3c3b12a5234'}}, 'caller': {'address': '0x48f32cffd47a0150c72de7e48b3afe46c306e199'}, 'date': {'date': '2021-03-28'}, 'block': {'height': 12127776}}, {'smartContract': {'address': {'address': '0x6b29a3f9a1e378a57410dc480c1b19f4f89de848'}}, 'caller': {'address': '0x5a16552f59ea34e44ec81e58b3817833e9fd5436'}, 'date': {'date': '2021-03-28'}, 'block': {'height': 12127613}}, {'smartContract': {'address': {'address': '0xfcfc434ee5bff924222e084a8876eee74ea7cfba'}}, 'caller': {'address': '0x5a16552f59ea34e44ec81e58b3817833e9fd5436'}, 'date': {'date': '2021-03-28'}, 'block': {'height': 12127610}}, {'smartContract': {'address': {'address': '0x9fe9bb6b66958f2271c4b0ad23f6e8dda8c221be'}}, 'caller': {'address': '0x5a16552f59ea34e44ec81e58b3817833e9fd5436'}, 'date': {'date': '2021-03-28'}, 'block': {'height': 12127540}}, {'smartContract': {'address': {'address': '0xe02c077baae03f1e3827a10088694a6939261d46'}}, 'caller': {'address': '0x5a16552f59ea34e44ec81e58b3817833e9fd5436'}, 'date': {'date': '2021-03-28'}, 'block': {'height': 12127367}}, {'smartContract': {'address': {'address': '0xf6f71504aa757bd12a1d4c41c0e948226c918783'}}, 'caller': {'address': '0x5a16552f59ea34e44ec81e58b3817833e9fd5436'}, 'date': {'date': '2021-03-28'}, 'block': {'height': 12127356}}, {'smartContract': {'address': {'address': '0xa244f14bed2e6cba7c0cc6489441e7aafbbe31af'}}, 'caller': {'address': '0x5a16552f59ea34e44ec81e58b3817833e9fd5436'}, 'date': {'date': '2021-03-25'}, 'block': {'height': 12110824}}, {'smartContract': {'address': {'address': '0xc3977a4acefb771cd7c28cb6229b5d19a3dc1b83'}}, 'caller': {'address': '0x5a16552f59ea34e44ec81e58b3817833e9fd5436'}, 'date': {'date': '2021-03-25'}, 'block': {'height': 12109227}}, {'smartContract': {'address': {'address': '0x98107c16bad83508d23f2933eca63fe5283f43f5'}}, 'caller': {'address': '0x5a16552f59ea34e44ec81e58b3817833e9fd5436'}, 'date': {'date': '2021-03-25'}, 'block': {'height': 12109210}}, {'smartContract': {'address': {'address': '0xe3ad20906d37873b1e082fd5b5134ffe020cd309'}}, 'caller': {'address': '0x5a16552f59ea34e44ec81e58b3817833e9fd5436'}, 'date': {'date': '2021-03-25'}, 'block': {'height': 12109148}}, {'smartContract': {'address': {'address': '0x0c53b4b0a343c70a9e610bde28a269610d7e363c'}}, 'caller': {'address': '0x5a16552f59ea34e44ec81e58b3817833e9fd5436'}, 'date': {'date': '2021-03-25'}, 'block': {'height': 12109082}}, {'smartContract': {'address': {'address': '0xdafce5670d3f67da9a3a44fe6bc36992e5e2beab'}}, 'caller': {'address': '0x5a16552f59ea34e44ec81e58b3817833e9fd5436'}, 'date': {'date': '2021-02-18'}, 'block': {'height': 11877926}}, {'smartContract': {'address': {'address': '0x01ac08e821185b6d87e68c67f9dc79a8988688eb'}}, 'caller': {'address': '0x5c69bee701ef814a2b6a3edd4b1652cb9cc5aa6f'}, 'date': {'date': '2020-12-09'}, 'block': {'height': 11421019}}, {'smartContract': {'address': {'address': '0x00a66189143279b6db9b77294688f47959f37642'}}, 'caller': {'address': '0x5a16552f59ea34e44ec81e58b3817833e9fd5436'}, 'date': {'date': '2020-12-09'}, 'block': {'height': 11418601}}, {'smartContract': {'address': {'address': '0x17b8c1a92b66b1cf3092c5d223cb3a129023b669'}}, 'caller': {'address': '0x5a16552f59ea34e44ec81e58b3817833e9fd5436'}, 'date': {'date': '2020-12-09'}, 'block': {'height': 11418556}}, {'smartContract': {'address': {'address': '0xbb791bc6106e4d949863e2ab76fc01ac0a9d7816'}}, 'caller': {'address': '0x5a16552f59ea34e44ec81e58b3817833e9fd5436'}, 'date': {'date': '2020-12-04'}, 'block': {'height': 11383847}}, {'smartContract': {'address': {'address': '0xaac50b95fbb13956d7c45511f24c3bf9e2a4a76b'}}, 'caller': {'address': '0x5a16552f59ea34e44ec81e58b3817833e9fd5436'}, 'date': {'date': '2020-11-28'}, 'block': {'height': 11343920}}, {'smartContract': {'address': {'address': '0x4b0124c40aa7df9b016b63afce5f0f8e00b5d917'}}, 'caller': {'address': '0x5dca4093bfe88d6fd5511fb78f6a777d47314d35'}, 'date': {'date': '2020-11-24'}, 'block': {'height': 11320749}}, {'smartContract': {'address': {'address': '0x4de45ce3fa6a320e3f28caba0b69fdeaf554566b'}}, 'caller': {'address': '0x7f4d5373f0221b01319713af6d9b42a081027c0e'}, 'date': {'date': '2020-11-24'}, 'block': {'height': 11320742}}, {'smartContract': {'address': {'address': '0xea69ef4516ed527c667d4fcd43ed09143749abed'}}, 'caller': {'address': '0x7f4d5373f0221b01319713af6d9b42a081027c0e'}, 'date': {'date': '2020-11-24'}, 'block': {'height': 11320742}}, {'smartContract': {'address': {'address': '0xf6ed5a4b6dfc907e44ae0e583eaaddcca4b14421'}}, 'caller': {'address': '0x7f4d5373f0221b01319713af6d9b42a081027c0e'}, 'date': {'date': '2020-11-24'}, 'block': {'height': 11320742}}, {'smartContract': {'address': {'address': '0x7f4d5373f0221b01319713af6d9b42a081027c0e'}}, 'caller': {'address': '0x8493a2707a664a3847929a1885ef290a53be6d96'}, 'date': {'date': '2020-11-24'}, 'block': {'height': 11320742}}, {'smartContract': {'address': {'address': '0xe247e058b6caafe30a9cd4973bd536f0592c0362'}}, 'caller': {'address': '0x5dca4093bfe88d6fd5511fb78f6a777d47314d35'}, 'date': {'date': '2020-11-24'}, 'block': {'height': 11320742}}, {'smartContract': {'address': {'address': '0x953a20ca20b66e71c45a48f91b14be4a4749b567'}}, 'caller': {'address': '0x6cae23ae506ea6cd88e203b7a520ea5285422f14'}, 'date': {'date': '2020-11-24'}, 'block': {'height': 11320734}}, {'smartContract': {'address': {'address': '0x76605ac00570934242761657c031ba042cf626ee'}}, 'caller': {'address': '0x6cae23ae506ea6cd88e203b7a520ea5285422f14'}, 'date': {'date': '2020-11-24'}, 'block': {'height': 11320734}}, {'smartContract': {'address': {'address': '0x6cae23ae506ea6cd88e203b7a520ea5285422f14'}}, 'caller': {'address': '0xcaa68f14d434d909783c547a337962c17eee9740'}, 'date': {'date': '2020-11-24'}, 'block': {'height': 11320734}}, {'smartContract': {'address': {'address': '0x5dca4093bfe88d6fd5511fb78f6a777d47314d35'}}, 'caller': {'address': '0x5a16552f59ea34e44ec81e58b3817833e9fd5436'}, 'date': {'date': '2020-11-20'}, 'block': {'height': 11292475}}, {'smartContract': {'address': {'address': '0xd6bd04bb4fddd7faaf6b21d94934f4823b1520af'}}, 'caller': {'address': '0x5a16552f59ea34e44ec81e58b3817833e9fd5436'}, 'date': {'date': '2020-11-19'}, 'block': {'height': 11291501}}, {'smartContract': {'address': {'address': '0x220564c9bd38aa1240c3507007970d9e30c0657d'}}, 'caller': {'address': '0x5a16552f59ea34e44ec81e58b3817833e9fd5436'}, 'date': {'date': '2020-11-12'}, 'block': {'height': 11239613}}, {'smartContract': {'address': {'address': '0x2929f4bbb47bc6b40e098c2d94f373209416c967'}}, 'caller': {'address': '0x5a16552f59ea34e44ec81e58b3817833e9fd5436'}, 'date': {'date': '2020-11-12'}, 'block': {'height': 11239568}}, {'smartContract': {'address': {'address': '0x6fad7d44640c5cd0120deec0301e8cf850becb68'}}, 'caller': {'address': '0x5c69bee701ef814a2b6a3edd4b1652cb9cc5aa6f'}, 'date': {'date': '2020-10-25'}, 'block': {'height': 11122379}}, {'smartContract': {'address': {'address': '0x87cde0888282084c4676fe973b62a10199297597'}}, 'caller': {'address': '0x5a16552f59ea34e44ec81e58b3817833e9fd5436'}, 'date': {'date': '2020-10-25'}, 'block': {'height': 11122290}}, {'smartContract': {'address': {'address': '0x2e2a33ceca9aef101d679ed058368ac994118e7a'}}, 'caller': {'address': '0x5a16552f59ea34e44ec81e58b3817833e9fd5436'}, 'date': {'date': '2020-10-24'}, 'block': {'height': 11121074}}, {'smartContract': {'address': {'address': '0x9e674ca13c796a827901d8612da80116502d54af'}}, 'caller': {'address': '0x5a16552f59ea34e44ec81e58b3817833e9fd5436'}, 'date': {'date': '2020-10-24'}, 'block': {'height': 11121046}}]",2021-03-28
449,449,0xaCd8F2523a4613Eee78904354187c81Bb05ae2b8,SAC,https://github.com/standcash,0x491B44eae5E36CB8804F9eaD6EB75fe701ad48dE,0.0,"[{'smartContract': {'address': {'address': '0x78ba0e160f305c8c03c2c681fb73db897019b63b'}}, 'caller': {'address': '0xa26e15c895efc0616177b7c1e7270a4c7d51c997'}, 'date': {'date': '2021-03-23'}, 'block': {'height': 12096105}}, {'smartContract': {'address': {'address': '0xaaaaffb279674de45221c89caedffa5977193796'}}, 'caller': {'address': '0x491b44eae5e36cb8804f9ead6eb75fe701ad48de'}, 'date': {'date': '2020-12-31'}, 'block': {'height': 11564653}}, {'smartContract': {'address': {'address': '0x4ff46734f3bad3a3e52dd5a0d9e247e600036382'}}, 'caller': {'address': '0x491b44eae5e36cb8804f9ead6eb75fe701ad48de'}, 'date': {'date': '2020-12-31'}, 'block': {'height': 11564650}}, {'smartContract': {'address': {'address': '0xa8aea9a388ae9c161b95d790c2cdadc2ebbf684f'}}, 'caller': {'address': '0x491b44eae5e36cb8804f9ead6eb75fe701ad48de'}, 'date': {'date': '2020-12-31'}, 'block': {'height': 11564639}}, {'smartContract': {'address': {'address': '0xf0cfb1264ec7408a842aa213005da355cf9c9c7d'}}, 'caller': {'address': '0x491b44eae5e36cb8804f9ead6eb75fe701ad48de'}, 'date': {'date': '2020-12-31'}, 'block': {'height': 11564623}}, {'smartContract': {'address': {'address': '0x05a27c63adb54faee48da03d7d10f04dfff1d5aa'}}, 'caller': {'address': '0x491b44eae5e36cb8804f9ead6eb75fe701ad48de'}, 'date': {'date': '2020-12-31'}, 'block': {'height': 11564613}}, {'smartContract': {'address': {'address': '0x0f14a4880b7bc3fc926499df3ab32c72828ecf0e'}}, 'caller': {'address': '0x491b44eae5e36cb8804f9ead6eb75fe701ad48de'}, 'date': {'date': '2020-12-31'}, 'block': {'height': 11564612}}, {'smartContract': {'address': {'address': '0x82fb0cff19e2060e912805fe3496bc878eef17c0'}}, 'caller': {'address': '0x491b44eae5e36cb8804f9ead6eb75fe701ad48de'}, 'date': {'date': '2020-12-31'}, 'block': {'height': 11564604}}, {'smartContract': {'address': {'address': '0xef185df44a1a8e94b3e8ce2a7d1e88fd5f97de90'}}, 'caller': {'address': '0x491b44eae5e36cb8804f9ead6eb75fe701ad48de'}, 'date': {'date': '2020-12-31'}, 'block': {'height': 11564602}}, {'smartContract': {'address': {'address': '0xeae9402b0cdd6ef6a7d8f511f03a655ed6b5f850'}}, 'caller': {'address': '0x491b44eae5e36cb8804f9ead6eb75fe701ad48de'}, 'date': {'date': '2020-12-31'}, 'block': {'height': 11564599}}, {'smartContract': {'address': {'address': '0xf9bb984980e8b503cd9f365101c16e071ec86166'}}, 'caller': {'address': '0x491b44eae5e36cb8804f9ead6eb75fe701ad48de'}, 'date': {'date': '2020-12-31'}, 'block': {'height': 11564597}}, {'smartContract': {'address': {'address': '0xfda19204c625dd82b0066a18f218179778c14e56'}}, 'caller': {'address': '0x491b44eae5e36cb8804f9ead6eb75fe701ad48de'}, 'date': {'date': '2020-12-31'}, 'block': {'height': 11564591}}, {'smartContract': {'address': {'address': '0x4e4c96b68dd328ee3aaa4b7320dd86e21d740332'}}, 'caller': {'address': '0x491b44eae5e36cb8804f9ead6eb75fe701ad48de'}, 'date': {'date': '2020-12-31'}, 'block': {'height': 11564590}}, {'smartContract': {'address': {'address': '0xbd3316c31c48a3cd9a014a8315d05356c5723cf4'}}, 'caller': {'address': '0x491b44eae5e36cb8804f9ead6eb75fe701ad48de'}, 'date': {'date': '2020-12-31'}, 'block': {'height': 11564587}}, {'smartContract': {'address': {'address': '0xa769e25ffd8323c60175d446f2a7e407de3b5c6f'}}, 'caller': {'address': '0x491b44eae5e36cb8804f9ead6eb75fe701ad48de'}, 'date': {'date': '2020-12-31'}, 'block': {'height': 11564584}}, {'smartContract': {'address': {'address': '0x2bb43b2e0fea3fa2bbadbf03fbb5c1e5950d293e'}}, 'caller': {'address': '0x491b44eae5e36cb8804f9ead6eb75fe701ad48de'}, 'date': {'date': '2020-12-31'}, 'block': {'height': 11564583}}, {'smartContract': {'address': {'address': '0x7f28d5a90b3a0be2e34accdef255ec13cf695b1e'}}, 'caller': {'address': '0x491b44eae5e36cb8804f9ead6eb75fe701ad48de'}, 'date': {'date': '2020-12-31'}, 'block': {'height': 11564581}}, {'smartContract': {'address': {'address': '0x841e63a5451e3db6879499d24cae6c6600956839'}}, 'caller': {'address': '0x5c69bee701ef814a2b6a3edd4b1652cb9cc5aa6f'}, 'date': {'date': '2020-12-31'}, 'block': {'height': 11564578}}, {'smartContract': {'address': {'address': '0x24a9ced95bcebda453108e9cb1e1d3c21835b29c'}}, 'caller': {'address': '0x5c69bee701ef814a2b6a3edd4b1652cb9cc5aa6f'}, 'date': {'date': '2020-12-31'}, 'block': {'height': 11564577}}, {'smartContract': {'address': {'address': '0x4c38d0e726b6c86f64c1b281348e725973542043'}}, 'caller': {'address': '0x491b44eae5e36cb8804f9ead6eb75fe701ad48de'}, 'date': {'date': '2020-12-31'}, 'block': {'height': 11564571}}, {'smartContract': {'address': {'address': '0xf2978df893b8f13d5d1244576f714c53b714c747'}}, 'caller': {'address': '0x491b44eae5e36cb8804f9ead6eb75fe701ad48de'}, 'date': {'date': '2020-12-31'}, 'block': {'height': 11564570}}, {'smartContract': {'address': {'address': '0xacd8f2523a4613eee78904354187c81bb05ae2b8'}}, 'caller': {'address': '0x491b44eae5e36cb8804f9ead6eb75fe701ad48de'}, 'date': {'date': '2020-12-31'}, 'block': {'height': 11564566}}, {'smartContract': {'address': {'address': '0xad166a27e04113a91c7c53cac1bea2f6c8d4874a'}}, 'caller': {'address': '0x491b44eae5e36cb8804f9ead6eb75fe701ad48de'}, 'date': {'date': '2020-12-31'}, 'block': {'height': 11564561}}]",2021-01-01
450,450,0x9d1233cc46795E94029fDA81aAaDc1455D510f15,Zero Collateral Dai,,0x6A2E6510B2BBF8C9AD7bC817D0Dc711711E8d747,0.0,[],2020-12-21
451,451,0x7cA4408137eb639570F8E647d9bD7B7E8717514A,AlpaToken (ALPA),https://github.com/AlpacaCity,0x55a0e991015D9d00067f6DFca8C0E1Bebef68cD5,0.0,"[{'smartContract': {'address': {'address': '0xeee72c5da95a1e4bbcf0bf327518045ff5a2916f'}}, 'caller': {'address': '0xc0aee478e3658e2610c5f7a4a2e1777ce9e4f2ac'}, 'date': {'date': '2021-03-23'}, 'block': {'height': 12093583}}, {'smartContract': {'address': {'address': '0xca658217ce94dfb2156a49a8fad0ff752cac39c2'}}, 'caller': {'address': '0xc0aee478e3658e2610c5f7a4a2e1777ce9e4f2ac'}, 'date': {'date': '2020-12-23'}, 'block': {'height': 11508327}}, {'smartContract': {'address': {'address': '0x5820602685a2baa1b5351f0f3da5dcce751e4388'}}, 'caller': {'address': '0xc788b04b13a9dddd3427ad917598bce3d82cb142'}, 'date': {'date': '2020-12-21'}, 'block': {'height': 11494131}}, {'smartContract': {'address': {'address': '0xc788b04b13a9dddd3427ad917598bce3d82cb142'}}, 'caller': {'address': '0x55a0e991015d9d00067f6dfca8c0e1bebef68cd5'}, 'date': {'date': '2020-12-21'}, 'block': {'height': 11494120}}, {'smartContract': {'address': {'address': '0x14a919ebb1f0196135355eb6a37159c8beb4d66d'}}, 'caller': {'address': '0x55a0e991015d9d00067f6dfca8c0e1bebef68cd5'}, 'date': {'date': '2020-12-21'}, 'block': {'height': 11493778}}, {'smartContract': {'address': {'address': '0x3af044268b5784638d57517d55ca74b18635e980'}}, 'caller': {'address': '0x55a0e991015d9d00067f6dfca8c0e1bebef68cd5'}, 'date': {'date': '2020-12-20'}, 'block': {'height': 11492609}}, {'smartContract': {'address': {'address': '0x0bd15cbdc43f4cf8e85be29ead404026d4dcb029'}}, 'caller': {'address': '0x55a0e991015d9d00067f6dfca8c0e1bebef68cd5'}, 'date': {'date': '2020-12-20'}, 'block': {'height': 11492594}}, {'smartContract': {'address': {'address': '0xe1fb77a13c5d7d4930075182a1f7da104b0105cc'}}, 'caller': {'address': '0x55a0e991015d9d00067f6dfca8c0e1bebef68cd5'}, 'date': {'date': '2020-12-20'}, 'block': {'height': 11492493}}, {'smartContract': {'address': {'address': '0xdf003a97fa6b3a14bd8c2ed4c331a9187e127ad2'}}, 'caller': {'address': '0x55a0e991015d9d00067f6dfca8c0e1bebef68cd5'}, 'date': {'date': '2020-12-20'}, 'block': {'height': 11492487}}, {'smartContract': {'address': {'address': '0xe1a46425ada9d916511e4ee63647df539865cdcc'}}, 'caller': {'address': '0x55a0e991015d9d00067f6dfca8c0e1bebef68cd5'}, 'date': {'date': '2020-12-20'}, 'block': {'height': 11492467}}, {'smartContract': {'address': {'address': '0xfd445f2fa5101a805dddf10d2c8399ec28cd5e93'}}, 'caller': {'address': '0xf354a85b4d6266b5dceaa324502395ce686d7de4'}, 'date': {'date': '2020-11-29'}, 'block': {'height': 11352034}}, {'smartContract': {'address': {'address': '0x6d52def64a1a816751d182d43a91ebe6924d3410'}}, 'caller': {'address': '0xf354a85b4d6266b5dceaa324502395ce686d7de4'}, 'date': {'date': '2020-11-29'}, 'block': {'height': 11352028}}, {'smartContract': {'address': {'address': '0xd31904ca2b8d37da0d6c36eeb7ffef2283785de7'}}, 'caller': {'address': '0xf354a85b4d6266b5dceaa324502395ce686d7de4'}, 'date': {'date': '2020-11-29'}, 'block': {'height': 11352018}}, {'smartContract': {'address': {'address': '0xf354a85b4d6266b5dceaa324502395ce686d7de4'}}, 'caller': {'address': '0x55a0e991015d9d00067f6dfca8c0e1bebef68cd5'}, 'date': {'date': '2020-11-29'}, 'block': {'height': 11351981}}, {'smartContract': {'address': {'address': '0x149efae0a509bd1ec930b1031224b6e3c26b1c20'}}, 'caller': {'address': '0x55a0e991015d9d00067f6dfca8c0e1bebef68cd5'}, 'date': {'date': '2020-11-29'}, 'block': {'height': 11351968}}, {'smartContract': {'address': {'address': '0x232f030747008d3ba5d51526f5966d8985218ff0'}}, 'caller': {'address': '0x55a0e991015d9d00067f6dfca8c0e1bebef68cd5'}, 'date': {'date': '2020-11-25'}, 'block': {'height': 11325066}}, {'smartContract': {'address': {'address': '0x748c846065a8b82cc50b64d98a085224573f0c0d'}}, 'caller': {'address': '0xf6fa3b20c00a4ff9ba37467b93eec150d7cc0524'}, 'date': {'date': '2020-11-21'}, 'block': {'height': 11298590}}, {'smartContract': {'address': {'address': '0x47cd72bf56cb1fcfe83d7b40de03031e497decf4'}}, 'caller': {'address': '0xf6fa3b20c00a4ff9ba37467b93eec150d7cc0524'}, 'date': {'date': '2020-11-21'}, 'block': {'height': 11298589}}, {'smartContract': {'address': {'address': '0x2302c3e610e1d7b082049a0de0e622f47878975a'}}, 'caller': {'address': '0xf6fa3b20c00a4ff9ba37467b93eec150d7cc0524'}, 'date': {'date': '2020-11-21'}, 'block': {'height': 11298587}}, {'smartContract': {'address': {'address': '0xd2f95789ac1b9d3d3a71e3fd5cb57e07c7698dac'}}, 'caller': {'address': '0xf6fa3b20c00a4ff9ba37467b93eec150d7cc0524'}, 'date': {'date': '2020-11-21'}, 'block': {'height': 11298581}}, {'smartContract': {'address': {'address': '0xf6fa3b20c00a4ff9ba37467b93eec150d7cc0524'}}, 'caller': {'address': '0x55a0e991015d9d00067f6dfca8c0e1bebef68cd5'}, 'date': {'date': '2020-11-21'}, 'block': {'height': 11298491}}, {'smartContract': {'address': {'address': '0xe179b0d51a88915bb35b86c072081452d91d5687'}}, 'caller': {'address': '0x55a0e991015d9d00067f6dfca8c0e1bebef68cd5'}, 'date': {'date': '2020-11-21'}, 'block': {'height': 11298469}}, {'smartContract': {'address': {'address': '0x823fcda7f7bcb59aad34ceed1c838aedd8010b55'}}, 'caller': {'address': '0x55a0e991015d9d00067f6dfca8c0e1bebef68cd5'}, 'date': {'date': '2020-11-21'}, 'block': {'height': 11298451}}, {'smartContract': {'address': {'address': '0x0fc998c903dbcbe1d0826521b3a44dd23ba17f13'}}, 'caller': {'address': '0x55a0e991015d9d00067f6dfca8c0e1bebef68cd5'}, 'date': {'date': '2020-11-21'}, 'block': {'height': 11298431}}, {'smartContract': {'address': {'address': '0x33ee3b0cf95ba54b77f896112588d08e9ab46f40'}}, 'caller': {'address': '0x55a0e991015d9d00067f6dfca8c0e1bebef68cd5'}, 'date': {'date': '2020-11-19'}, 'block': {'height': 11287136}}, {'smartContract': {'address': {'address': '0x097219679cfd8fd0d2a8b86a933b52235fdcbb79'}}, 'caller': {'address': '0x55a0e991015d9d00067f6dfca8c0e1bebef68cd5'}, 'date': {'date': '2020-11-13'}, 'block': {'height': 11250327}}, {'smartContract': {'address': {'address': '0xe23a7741a5e9500f7a1de4b246d1f7f29f81605f'}}, 'caller': {'address': '0x55a0e991015d9d00067f6dfca8c0e1bebef68cd5'}, 'date': {'date': '2020-11-13'}, 'block': {'height': 11246511}}, {'smartContract': {'address': {'address': '0x741cee6e4bd99df866ab0dd0d0c0b5ed7033344a'}}, 'caller': {'address': '0x55a0e991015d9d00067f6dfca8c0e1bebef68cd5'}, 'date': {'date': '2020-11-11'}, 'block': {'height': 11238309}}, {'smartContract': {'address': {'address': '0xf2b0e72535caa28f1f24412a63542c80b4b0efef'}}, 'caller': {'address': '0x55a0e991015d9d00067f6dfca8c0e1bebef68cd5'}, 'date': {'date': '2020-11-11'}, 'block': {'height': 11238289}}, {'smartContract': {'address': {'address': '0x0511926471cdcf840c8145c1fbcbb0a8c495c1a9'}}, 'caller': {'address': '0x55a0e991015d9d00067f6dfca8c0e1bebef68cd5'}, 'date': {'date': '2020-11-11'}, 'block': {'height': 11234538}}, {'smartContract': {'address': {'address': '0x217a7d0ac6573b0f013e12f92b6d5b250fa15d97'}}, 'caller': {'address': '0x55a0e991015d9d00067f6dfca8c0e1bebef68cd5'}, 'date': {'date': '2020-11-07'}, 'block': {'height': 11212644}}, {'smartContract': {'address': {'address': '0x14285e0c66379c0af1b1e8e9092f67a66ccf5cd7'}}, 'caller': {'address': '0x55a0e991015d9d00067f6dfca8c0e1bebef68cd5'}, 'date': {'date': '2020-11-07'}, 'block': {'height': 11212640}}, {'smartContract': {'address': {'address': '0x2b08c4dfa3ca199cc440c2664ccc0fa96a437ef6'}}, 'caller': {'address': '0x55a0e991015d9d00067f6dfca8c0e1bebef68cd5'}, 'date': {'date': '2020-11-07'}, 'block': {'height': 11212636}}, {'smartContract': {'address': {'address': '0xd4412e098e9a5187a6aed807d9748732cb2281f7'}}, 'caller': {'address': '0x55a0e991015d9d00067f6dfca8c0e1bebef68cd5'}, 'date': {'date': '2020-11-07'}, 'block': {'height': 11212630}}, {'smartContract': {'address': {'address': '0x895fba7ea7bf168ea0b5c3a5d3bb8f59233ce609'}}, 'caller': {'address': '0x55a0e991015d9d00067f6dfca8c0e1bebef68cd5'}, 'date': {'date': '2020-11-06'}, 'block': {'height': 11201447}}, {'smartContract': {'address': {'address': '0x60ca5b56aa6ca6051095aa2a4daea8a4bae6b761'}}, 'caller': {'address': '0x55a0e991015d9d00067f6dfca8c0e1bebef68cd5'}, 'date': {'date': '2020-11-03'}, 'block': {'height': 11182816}}, {'smartContract': {'address': {'address': '0xe0dae278660dd23843737dbb192e5115e3b336f7'}}, 'caller': {'address': '0x55a0e991015d9d00067f6dfca8c0e1bebef68cd5'}, 'date': {'date': '2020-11-02'}, 'block': {'height': 11174606}}, {'smartContract': {'address': {'address': '0x571a37d198f6ddb3ac7d9af9bde49d8ce57b65a1'}}, 'caller': {'address': '0x55a0e991015d9d00067f6dfca8c0e1bebef68cd5'}, 'date': {'date': '2020-11-02'}, 'block': {'height': 11174598}}, {'smartContract': {'address': {'address': '0x7b0d949f19eeb1c2f925fbcfe4698b63f08c3e58'}}, 'caller': {'address': '0x55a0e991015d9d00067f6dfca8c0e1bebef68cd5'}, 'date': {'date': '2020-11-02'}, 'block': {'height': 11174533}}, {'smartContract': {'address': {'address': '0x67d8d2bc6793de7543f6ba92b2640e8c383588dc'}}, 'caller': {'address': '0x55a0e991015d9d00067f6dfca8c0e1bebef68cd5'}, 'date': {'date': '2020-11-02'}, 'block': {'height': 11174533}}, {'smartContract': {'address': {'address': '0x7d0bb62244a43b791ed32a853e86133703319d09'}}, 'caller': {'address': '0x957ab98aa04ffc5c0cb1b61ce016cd954f2756f4'}, 'date': {'date': '2020-10-27'}, 'block': {'height': 11139761}}, {'smartContract': {'address': {'address': '0x8779616897864b84ebedee45f8004e681d8bc18e'}}, 'caller': {'address': '0x55a0e991015d9d00067f6dfca8c0e1bebef68cd5'}, 'date': {'date': '2020-10-27'}, 'block': {'height': 11135632}}, {'smartContract': {'address': {'address': '0x596de192d354b9de5619bc5f5ecba5761036ce77'}}, 'caller': {'address': '0x55a0e991015d9d00067f6dfca8c0e1bebef68cd5'}, 'date': {'date': '2020-10-25'}, 'block': {'height': 11122885}}, {'smartContract': {'address': {'address': '0xc7e5e9434f4a71e6db978bd65b4d61d3593e5f27'}}, 'caller': {'address': '0x55a0e991015d9d00067f6dfca8c0e1bebef68cd5'}, 'date': {'date': '2020-10-25'}, 'block': {'height': 11122875}}, {'smartContract': {'address': {'address': '0x05a9110d28d02c6679ebc47dcffdb7bdcc118674'}}, 'caller': {'address': '0x55a0e991015d9d00067f6dfca8c0e1bebef68cd5'}, 'date': {'date': '2020-10-25'}, 'block': {'height': 11122729}}, {'smartContract': {'address': {'address': '0x18c7f44ee4d6f4d7498837cb7708b76bad6775e6'}}, 'caller': {'address': '0x55a0e991015d9d00067f6dfca8c0e1bebef68cd5'}, 'date': {'date': '2020-10-25'}, 'block': {'height': 11122724}}, {'smartContract': {'address': {'address': '0xdb48ec20fcce2cc730f3b3bceafa456e54ceb98d'}}, 'caller': {'address': '0x55a0e991015d9d00067f6dfca8c0e1bebef68cd5'}, 'date': {'date': '2020-10-25'}, 'block': {'height': 11122708}}, {'smartContract': {'address': {'address': '0x7ca4408137eb639570f8e647d9bd7b7e8717514a'}}, 'caller': {'address': '0x55a0e991015d9d00067f6dfca8c0e1bebef68cd5'}, 'date': {'date': '2020-10-25'}, 'block': {'height': 11122695}}, {'smartContract': {'address': {'address': '0x21a852760822d181acc253cb9029362358f1fc77'}}, 'caller': {'address': '0x55a0e991015d9d00067f6dfca8c0e1bebef68cd5'}, 'date': {'date': '2020-10-25'}, 'block': {'height': 11122686}}, {'smartContract': {'address': {'address': '0x330393a7740cb76928cd4fb813da20f4fb6d1f44'}}, 'caller': {'address': '0x55a0e991015d9d00067f6dfca8c0e1bebef68cd5'}, 'date': {'date': '2020-10-25'}, 'block': {'height': 11122678}}]",2020-10-25
452,452,0xDC59ac4FeFa32293A95889Dc396682858d52e5Db,Bean,,0xC1E088fC1323b20BCBee9bd1B9fC9546db5624C5,0.0,[],2021-08-07
453,453,0xDd1Ad9A21Ce722C151A836373baBe42c868cE9a4,(Proxy contract) Universal Basic Income,,0xA09314345D19bD776F1d10C13e8121aeF1Fc2F53,0.0,"[{'smartContract': {'address': {'address': '0xea7952fac7ff6e997d895c1566599b86b91444c0'}}, 'caller': {'address': '0x5c69bee701ef814a2b6a3edd4b1652cb9cc5aa6f'}, 'date': {'date': '2021-03-10'}, 'block': {'height': 12012354}}, {'smartContract': {'address': {'address': '0xe632ded5195e945a31f56d674aab0c0c9e7e812c'}}, 'caller': {'address': '0x5c69bee701ef814a2b6a3edd4b1652cb9cc5aa6f'}, 'date': {'date': '2021-03-10'}, 'block': {'height': 12012157}}, {'smartContract': {'address': {'address': '0xdd1ad9a21ce722c151a836373babe42c868ce9a4'}}, 'caller': {'address': '0xa09314345d19bd776f1d10c13e8121aef1fc2f53'}, 'date': {'date': '2021-03-10'}, 'block': {'height': 12011877}}, {'smartContract': {'address': {'address': '0x2b59500ad441bf5accf8ff89449552b6487132e0'}}, 'caller': {'address': '0xa09314345d19bd776f1d10c13e8121aef1fc2f53'}, 'date': {'date': '2021-03-10'}, 'block': {'height': 12011814}}, {'smartContract': {'address': {'address': '0x45574741ce337505359cca0d80fa810f49158793'}}, 'caller': {'address': '0xa09314345d19bd776f1d10c13e8121aef1fc2f53'}, 'date': {'date': '2021-03-10'}, 'block': {'height': 12011799}}]",2021-03-10
454,454,0xE41d2489571d322189246DaFA5ebDe1F4699F498,ZRX (ZRX),https://github.com/0xProject/0x-monorepo,0xa3b2d1087bCEBe59d188a23F75620612d967DF72,0.0,[],2017-08-11
455,455,0xE5CAeF4Af8780E59Df925470b050Fb23C43CA68C,Ferrum Network Token,https://github.com/ferrumnet/fenova,0xc2FDCB728170192C72ADa2c08957f2E9390076b7,0.0,"[{'smartContract': {'address': {'address': '0x31a94c7cdfbd3a21db82042202cd0483a7e42ded'}}, 'caller': {'address': '0xc2fdcb728170192c72ada2c08957f2e9390076b7'}, 'date': {'date': '2021-09-14'}, 'block': {'height': 13222170}}, {'smartContract': {'address': {'address': '0xced632ba9b954e53c57c2351b6cd52983e6b60a5'}}, 'caller': {'address': '0xc2fdcb728170192c72ada2c08957f2e9390076b7'}, 'date': {'date': '2021-09-14'}, 'block': {'height': 13222165}}, {'smartContract': {'address': {'address': '0xf6832ea221ebfdc2363729721a146e6745354b14'}}, 'caller': {'address': '0xc2fdcb728170192c72ada2c08957f2e9390076b7'}, 'date': {'date': '2020-10-16'}, 'block': {'height': 11068705}}]",2019-07-30
456,456,0x06A00715E6F92210Af9d7680B584931FAF71A833,Chronicle,,0x85C03354E4c708E0D93d442eeF9E4b3Da1D713dD,0.0,"[{'smartContract': {'address': {'address': '0xc39b20a57ca65c5e9aca8d7c461febbe2f631d91'}}, 'caller': {'address': '0x85c03354e4c708e0d93d442eef9e4b3da1d713dd'}, 'date': {'date': '2021-09-16'}, 'block': {'height': 13236776}}, {'smartContract': {'address': {'address': '0x06a00715e6f92210af9d7680b584931faf71a833'}}, 'caller': {'address': '0x85c03354e4c708e0d93d442eef9e4b3da1d713dd'}, 'date': {'date': '2021-08-27'}, 'block': {'height': 13105722}}, {'smartContract': {'address': {'address': '0x12a57262acf21daf2ca66700e6916954ce87638d'}}, 'caller': {'address': '0x85c03354e4c708e0d93d442eef9e4b3da1d713dd'}, 'date': {'date': '2021-08-27'}, 'block': {'height': 13105499}}]",2021-08-27
457,457,0xb753428af26E81097e7fD17f40c88aaA3E04902c,Spice (SFI),https://github.com/saffron-finance/saffron,0x09E9FF67d9D5A25Fa465Db6f0bEdE5560581f8Cb,0.0,"[{'smartContract': {'address': {'address': '0x9c90e89573fa85e24b0236de44fbf4046dc8dcc9'}}, 'caller': {'address': '0x09e9ff67d9d5a25fa465db6f0bede5560581f8cb'}, 'date': {'date': '2021-08-02'}, 'block': {'height': 12945997}}, {'smartContract': {'address': {'address': '0x5a3892283c80047ac3dc2fb6f15390f546afaddd'}}, 'caller': {'address': '0x09e9ff67d9d5a25fa465db6f0bede5560581f8cb'}, 'date': {'date': '2021-08-02'}, 'block': {'height': 12945285}}, {'smartContract': {'address': {'address': '0x81cea90a692fdedfa673f7a60ca6815fed2fe7f5'}}, 'caller': {'address': '0x09e9ff67d9d5a25fa465db6f0bede5560581f8cb'}, 'date': {'date': '2021-08-02'}, 'block': {'height': 12945284}}, {'smartContract': {'address': {'address': '0xb6a34b15cafcb8fc0ba41810d99431550c9fc99f'}}, 'caller': {'address': '0x09e9ff67d9d5a25fa465db6f0bede5560581f8cb'}, 'date': {'date': '2021-08-02'}, 'block': {'height': 12945278}}, {'smartContract': {'address': {'address': '0xf59dd819c56b80540188f122cc419b92279f9a3a'}}, 'caller': {'address': '0x09e9ff67d9d5a25fa465db6f0bede5560581f8cb'}, 'date': {'date': '2021-08-02'}, 'block': {'height': 12945272}}, {'smartContract': {'address': {'address': '0x25716fcc42d04252d3cbaf7a0cb34eca12f2d1c3'}}, 'caller': {'address': '0x09e9ff67d9d5a25fa465db6f0bede5560581f8cb'}, 'date': {'date': '2021-08-02'}, 'block': {'height': 12945271}}, {'smartContract': {'address': {'address': '0xc55b0941b446592e608f1d7943271ecd83b2b2bf'}}, 'caller': {'address': '0x09e9ff67d9d5a25fa465db6f0bede5560581f8cb'}, 'date': {'date': '2021-08-02'}, 'block': {'height': 12945269}}, {'smartContract': {'address': {'address': '0x3e02bb090cc5117bc57628876cbe6f295d703223'}}, 'caller': {'address': '0x09e9ff67d9d5a25fa465db6f0bede5560581f8cb'}, 'date': {'date': '2021-08-02'}, 'block': {'height': 12945246}}, {'smartContract': {'address': {'address': '0x45bb8902fdc7783ca6a0a05d89c6b67eea15c885'}}, 'caller': {'address': '0x09e9ff67d9d5a25fa465db6f0bede5560581f8cb'}, 'date': {'date': '2021-08-02'}, 'block': {'height': 12945245}}, {'smartContract': {'address': {'address': '0x8c9d9d40b7906f26392478591b08b7aba9067139'}}, 'caller': {'address': '0x09e9ff67d9d5a25fa465db6f0bede5560581f8cb'}, 'date': {'date': '2021-08-02'}, 'block': {'height': 12945243}}, {'smartContract': {'address': {'address': '0x39ff22ea65c306efee274b500241fdf6e0ff941a'}}, 'caller': {'address': '0x09e9ff67d9d5a25fa465db6f0bede5560581f8cb'}, 'date': {'date': '2021-08-02'}, 'block': {'height': 12945242}}, {'smartContract': {'address': {'address': '0xe54e25b3f51390460c4353fcd93c9599e87a888d'}}, 'caller': {'address': '0x09e9ff67d9d5a25fa465db6f0bede5560581f8cb'}, 'date': {'date': '2021-08-02'}, 'block': {'height': 12945241}}, {'smartContract': {'address': {'address': '0x3a9b3f993af7cbe9f8817cc681bae3ff043bc7f2'}}, 'caller': {'address': '0x09e9ff67d9d5a25fa465db6f0bede5560581f8cb'}, 'date': {'date': '2021-08-02'}, 'block': {'height': 12945235}}, {'smartContract': {'address': {'address': '0x5f3fe6dd1724240ae4f8dfe3ddbaf0b849effe64'}}, 'caller': {'address': '0x09e9ff67d9d5a25fa465db6f0bede5560581f8cb'}, 'date': {'date': '2021-08-02'}, 'block': {'height': 12945223}}, {'smartContract': {'address': {'address': '0x8deab46306ae5764ea5e86abc97dfaa17ef37c75'}}, 'caller': {'address': '0x09e9ff67d9d5a25fa465db6f0bede5560581f8cb'}, 'date': {'date': '2021-08-02'}, 'block': {'height': 12945221}}, {'smartContract': {'address': {'address': '0x9149ac23960f748fb615913837c8b137300f3baf'}}, 'caller': {'address': '0x09e9ff67d9d5a25fa465db6f0bede5560581f8cb'}, 'date': {'date': '2021-08-02'}, 'block': {'height': 12945211}}, {'smartContract': {'address': {'address': '0x2a5a257e272e5b86672c6eeb101402e4f3d0b1ca'}}, 'caller': {'address': '0x09e9ff67d9d5a25fa465db6f0bede5560581f8cb'}, 'date': {'date': '2021-08-02'}, 'block': {'height': 12945205}}, {'smartContract': {'address': {'address': '0x7e1952937fb970e9a82b2a75f77ee1c682c52dec'}}, 'caller': {'address': '0x09e9ff67d9d5a25fa465db6f0bede5560581f8cb'}, 'date': {'date': '2021-08-02'}, 'block': {'height': 12945200}}, {'smartContract': {'address': {'address': '0x62464269780ab903b0697502a84271ccc28dcbac'}}, 'caller': {'address': '0x09e9ff67d9d5a25fa465db6f0bede5560581f8cb'}, 'date': {'date': '2021-08-02'}, 'block': {'height': 12945199}}, {'smartContract': {'address': {'address': '0xe9396600b7bdccfcbe9b7b3862d8241d104e7319'}}, 'caller': {'address': '0x09e9ff67d9d5a25fa465db6f0bede5560581f8cb'}, 'date': {'date': '2021-08-02'}, 'block': {'height': 12945183}}, {'smartContract': {'address': {'address': '0x6e8eeaf65170e0fa881cfa81dc1b4cc77e15c53a'}}, 'caller': {'address': '0x09e9ff67d9d5a25fa465db6f0bede5560581f8cb'}, 'date': {'date': '2021-08-02'}, 'block': {'height': 12945182}}, {'smartContract': {'address': {'address': '0x166a56a26e63b045181068ef2d5a3272474360a9'}}, 'caller': {'address': '0x09e9ff67d9d5a25fa465db6f0bede5560581f8cb'}, 'date': {'date': '2021-08-02'}, 'block': {'height': 12945180}}, {'smartContract': {'address': {'address': '0x892c39b93743224bddb66bfca8508b46eb57843c'}}, 'caller': {'address': '0x09e9ff67d9d5a25fa465db6f0bede5560581f8cb'}, 'date': {'date': '2021-08-02'}, 'block': {'height': 12945179}}, {'smartContract': {'address': {'address': '0xb4d52e6843c850cdc183d5e721103204e3081bd7'}}, 'caller': {'address': '0x09e9ff67d9d5a25fa465db6f0bede5560581f8cb'}, 'date': {'date': '2021-08-02'}, 'block': {'height': 12945176}}, {'smartContract': {'address': {'address': '0xdb16eb96f2047e385d5f867de3997893369865ef'}}, 'caller': {'address': '0x09e9ff67d9d5a25fa465db6f0bede5560581f8cb'}, 'date': {'date': '2021-08-02'}, 'block': {'height': 12945172}}, {'smartContract': {'address': {'address': '0xf011ad5a6725ba6985e2cc547c168d7052f564e5'}}, 'caller': {'address': '0x09e9ff67d9d5a25fa465db6f0bede5560581f8cb'}, 'date': {'date': '2021-08-02'}, 'block': {'height': 12945116}}, {'smartContract': {'address': {'address': '0xaca1d8fb01920d5128501887db1a093db70f7c90'}}, 'caller': {'address': '0x09e9ff67d9d5a25fa465db6f0bede5560581f8cb'}, 'date': {'date': '2021-08-02'}, 'block': {'height': 12945114}}, {'smartContract': {'address': {'address': '0x0a9d0dcaaacb073f5dc3ff11e3ae7a23eb13288c'}}, 'caller': {'address': '0x09e9ff67d9d5a25fa465db6f0bede5560581f8cb'}, 'date': {'date': '2021-08-02'}, 'block': {'height': 12945110}}, {'smartContract': {'address': {'address': '0xf4108abe168dd9041f08c58d5ffc1819b36cbde1'}}, 'caller': {'address': '0x09e9ff67d9d5a25fa465db6f0bede5560581f8cb'}, 'date': {'date': '2021-08-02'}, 'block': {'height': 12945109}}, {'smartContract': {'address': {'address': '0x25ae00b481e21a2d957571408d6700e3a3cba60e'}}, 'caller': {'address': '0x09e9ff67d9d5a25fa465db6f0bede5560581f8cb'}, 'date': {'date': '2021-08-02'}, 'block': {'height': 12945107}}, {'smartContract': {'address': {'address': '0xd62b31e65d2b0ee0cffbd95d659245e43cc6633d'}}, 'caller': {'address': '0x09e9ff67d9d5a25fa465db6f0bede5560581f8cb'}, 'date': {'date': '2021-08-02'}, 'block': {'height': 12945106}}, {'smartContract': {'address': {'address': '0x6696b21c5efc05f2e8ec7c277f5a8ba1c4fea2e0'}}, 'caller': {'address': '0x09e9ff67d9d5a25fa465db6f0bede5560581f8cb'}, 'date': {'date': '2021-08-02'}, 'block': {'height': 12945104}}, {'smartContract': {'address': {'address': '0x62b769af50e422098f0cd17cbd7726e1a887cb9b'}}, 'caller': {'address': '0x09e9ff67d9d5a25fa465db6f0bede5560581f8cb'}, 'date': {'date': '2021-08-02'}, 'block': {'height': 12945097}}, {'smartContract': {'address': {'address': '0x0e9d430a1f0212042a386ae2da28f06d855d4a38'}}, 'caller': {'address': '0x09e9ff67d9d5a25fa465db6f0bede5560581f8cb'}, 'date': {'date': '2021-08-02'}, 'block': {'height': 12945095}}, {'smartContract': {'address': {'address': '0xb48ef46bc076a5510f4bbbec8f618e4368828370'}}, 'caller': {'address': '0x09e9ff67d9d5a25fa465db6f0bede5560581f8cb'}, 'date': {'date': '2021-08-02'}, 'block': {'height': 12945090}}, {'smartContract': {'address': {'address': '0x30cced425b92834000dfda7e0e02792d91f3074c'}}, 'caller': {'address': '0x09e9ff67d9d5a25fa465db6f0bede5560581f8cb'}, 'date': {'date': '2021-08-02'}, 'block': {'height': 12945088}}, {'smartContract': {'address': {'address': '0x07c947787d01a68008dfcfc12239d0f72a0187d7'}}, 'caller': {'address': '0x09e9ff67d9d5a25fa465db6f0bede5560581f8cb'}, 'date': {'date': '2021-08-02'}, 'block': {'height': 12945087}}, {'smartContract': {'address': {'address': '0xd50ea848f9190527108491f49d83b9554cf9bbb3'}}, 'caller': {'address': '0x09e9ff67d9d5a25fa465db6f0bede5560581f8cb'}, 'date': {'date': '2021-08-02'}, 'block': {'height': 12945086}}, {'smartContract': {'address': {'address': '0x162bede0ef2976ca76110a76fe2d8efb83388ec9'}}, 'caller': {'address': '0x09e9ff67d9d5a25fa465db6f0bede5560581f8cb'}, 'date': {'date': '2021-08-02'}, 'block': {'height': 12945084}}, {'smartContract': {'address': {'address': '0xed7933f74f059ff355e267c03ee13dd5ab6594a8'}}, 'caller': {'address': '0x09e9ff67d9d5a25fa465db6f0bede5560581f8cb'}, 'date': {'date': '2021-08-02'}, 'block': {'height': 12945083}}, {'smartContract': {'address': {'address': '0x96bbbd648a28533732aa4c45e61cb078fa13c149'}}, 'caller': {'address': '0x09e9ff67d9d5a25fa465db6f0bede5560581f8cb'}, 'date': {'date': '2021-08-02'}, 'block': {'height': 12945082}}, {'smartContract': {'address': {'address': '0x2b685ab7477daab155dbbd77490d44439025eba5'}}, 'caller': {'address': '0x09e9ff67d9d5a25fa465db6f0bede5560581f8cb'}, 'date': {'date': '2021-08-02'}, 'block': {'height': 12945081}}, {'smartContract': {'address': {'address': '0x38d86b7c0c4f625613278f0141d61a51064ef85b'}}, 'caller': {'address': '0x09e9ff67d9d5a25fa465db6f0bede5560581f8cb'}, 'date': {'date': '2021-08-02'}, 'block': {'height': 12945080}}, {'smartContract': {'address': {'address': '0x1f85c320affcdc272135dd6b1cb5712389df3182'}}, 'caller': {'address': '0x09e9ff67d9d5a25fa465db6f0bede5560581f8cb'}, 'date': {'date': '2021-08-02'}, 'block': {'height': 12945079}}, {'smartContract': {'address': {'address': '0xc0de8325940637fe7e612ba37624fe0096e68b81'}}, 'caller': {'address': '0x09e9ff67d9d5a25fa465db6f0bede5560581f8cb'}, 'date': {'date': '2021-08-02'}, 'block': {'height': 12945078}}, {'smartContract': {'address': {'address': '0x12ba864dd057067bea300c0f3faeeaf9a91c0188'}}, 'caller': {'address': '0x09e9ff67d9d5a25fa465db6f0bede5560581f8cb'}, 'date': {'date': '2021-08-02'}, 'block': {'height': 12945077}}, {'smartContract': {'address': {'address': '0x15d373787dc5b2359dc7ff639a9d665f38b0bdc6'}}, 'caller': {'address': '0x09e9ff67d9d5a25fa465db6f0bede5560581f8cb'}, 'date': {'date': '2021-08-02'}, 'block': {'height': 12945075}}, {'smartContract': {'address': {'address': '0xdafc31e1f9c684f66402963fc42fe32747519088'}}, 'caller': {'address': '0x09e9ff67d9d5a25fa465db6f0bede5560581f8cb'}, 'date': {'date': '2021-08-02'}, 'block': {'height': 12945072}}, {'smartContract': {'address': {'address': '0xd973f4728d6fe8dbb83c0533f6a5e4564e832554'}}, 'caller': {'address': '0x09e9ff67d9d5a25fa465db6f0bede5560581f8cb'}, 'date': {'date': '2021-08-02'}, 'block': {'height': 12945067}}, {'smartContract': {'address': {'address': '0x39f2f34a3b0420f31d7d9ed4d4049852284d10c8'}}, 'caller': {'address': '0x09e9ff67d9d5a25fa465db6f0bede5560581f8cb'}, 'date': {'date': '2021-08-02'}, 'block': {'height': 12945061}}, {'smartContract': {'address': {'address': '0x3fa4871bf6e297585bc2a68aa2bb0042097971f9'}}, 'caller': {'address': '0x09e9ff67d9d5a25fa465db6f0bede5560581f8cb'}, 'date': {'date': '2021-08-02'}, 'block': {'height': 12945049}}, {'smartContract': {'address': {'address': '0xb602fe5bc89f639c1fd36d9060b58775f073851e'}}, 'caller': {'address': '0x09e9ff67d9d5a25fa465db6f0bede5560581f8cb'}, 'date': {'date': '2021-08-02'}, 'block': {'height': 12945047}}, {'smartContract': {'address': {'address': '0xb493a4711a74c13e793c8f9ab03b17ecc0567fc3'}}, 'caller': {'address': '0x09e9ff67d9d5a25fa465db6f0bede5560581f8cb'}, 'date': {'date': '2021-08-02'}, 'block': {'height': 12945022}}, {'smartContract': {'address': {'address': '0xe2de2155f66605a3461dc468527e3e940f1d3ace'}}, 'caller': {'address': '0x09e9ff67d9d5a25fa465db6f0bede5560581f8cb'}, 'date': {'date': '2021-08-02'}, 'block': {'height': 12945021}}, {'smartContract': {'address': {'address': '0x3f126ea69cff51c68c744ba766116cf4fc59a02d'}}, 'caller': {'address': '0x09e9ff67d9d5a25fa465db6f0bede5560581f8cb'}, 'date': {'date': '2021-08-02'}, 'block': {'height': 12945019}}, {'smartContract': {'address': {'address': '0x3f3275b02f6cebc734082147af40b6d5cf490c65'}}, 'caller': {'address': '0x09e9ff67d9d5a25fa465db6f0bede5560581f8cb'}, 'date': {'date': '2021-08-02'}, 'block': {'height': 12945017}}, {'smartContract': {'address': {'address': '0x4ee943ad09f647aeec112feac638890bb31e0bd0'}}, 'caller': {'address': '0x09e9ff67d9d5a25fa465db6f0bede5560581f8cb'}, 'date': {'date': '2021-08-02'}, 'block': {'height': 12945011}}, {'smartContract': {'address': {'address': '0x5ed72c1ee65bb82705c743f254a444692a266a80'}}, 'caller': {'address': '0x09e9ff67d9d5a25fa465db6f0bede5560581f8cb'}, 'date': {'date': '2021-08-02'}, 'block': {'height': 12945010}}, {'smartContract': {'address': {'address': '0x42eed207de7c53025f90f2c257fff89027069ca4'}}, 'caller': {'address': '0x09e9ff67d9d5a25fa465db6f0bede5560581f8cb'}, 'date': {'date': '2021-08-02'}, 'block': {'height': 12945009}}, {'smartContract': {'address': {'address': '0x4233f6b72eec3235b320ec9452cb6cf09fcb81d6'}}, 'caller': {'address': '0x09e9ff67d9d5a25fa465db6f0bede5560581f8cb'}, 'date': {'date': '2021-08-02'}, 'block': {'height': 12945001}}, {'smartContract': {'address': {'address': '0x33a107e64969f946723fe0c1659d9ca50d4a238e'}}, 'caller': {'address': '0x09e9ff67d9d5a25fa465db6f0bede5560581f8cb'}, 'date': {'date': '2021-08-02'}, 'block': {'height': 12944997}}, {'smartContract': {'address': {'address': '0x3f87fddf44f3b37684a39cca48f28e3206cd2848'}}, 'caller': {'address': '0x09e9ff67d9d5a25fa465db6f0bede5560581f8cb'}, 'date': {'date': '2021-08-02'}, 'block': {'height': 12944993}}, {'smartContract': {'address': {'address': '0x3bc3661fbbf421b1bef49f9159b1d98785233d5e'}}, 'caller': {'address': '0x09e9ff67d9d5a25fa465db6f0bede5560581f8cb'}, 'date': {'date': '2021-08-02'}, 'block': {'height': 12944992}}, {'smartContract': {'address': {'address': '0xcd51b3aa0ea83d2e4303f7a137262aa8e6d87859'}}, 'caller': {'address': '0x09e9ff67d9d5a25fa465db6f0bede5560581f8cb'}, 'date': {'date': '2021-08-02'}, 'block': {'height': 12944991}}, {'smartContract': {'address': {'address': '0xc9d51e13dc8ab67040696aecdceff7f87dbc1ba2'}}, 'caller': {'address': '0x09e9ff67d9d5a25fa465db6f0bede5560581f8cb'}, 'date': {'date': '2021-08-02'}, 'block': {'height': 12944990}}, {'smartContract': {'address': {'address': '0x0ecc64675d6a34d46054b4a4ed64923d77d82582'}}, 'caller': {'address': '0x09e9ff67d9d5a25fa465db6f0bede5560581f8cb'}, 'date': {'date': '2021-08-02'}, 'block': {'height': 12944989}}, {'smartContract': {'address': {'address': '0x5a8c54d29cc53125862c5eef16cc64c59e0747a9'}}, 'caller': {'address': '0x09e9ff67d9d5a25fa465db6f0bede5560581f8cb'}, 'date': {'date': '2021-08-02'}, 'block': {'height': 12944986}}, {'smartContract': {'address': {'address': '0x668e4e417cbc5676de0342f0979b8fc2b71d7d2a'}}, 'caller': {'address': '0x09e9ff67d9d5a25fa465db6f0bede5560581f8cb'}, 'date': {'date': '2021-08-02'}, 'block': {'height': 12944918}}, {'smartContract': {'address': {'address': '0x0f408aa237ab34e3b478cd66391999dd271f29a3'}}, 'caller': {'address': '0x09e9ff67d9d5a25fa465db6f0bede5560581f8cb'}, 'date': {'date': '2021-08-02'}, 'block': {'height': 12944918}}, {'smartContract': {'address': {'address': '0xd8f548a7f416a2887b02423760c54b76c7f97d04'}}, 'caller': {'address': '0x09e9ff67d9d5a25fa465db6f0bede5560581f8cb'}, 'date': {'date': '2021-08-02'}, 'block': {'height': 12944791}}, {'smartContract': {'address': {'address': '0xeafe39d5f4920313ade6c581c0767ccb5b6b08ff'}}, 'caller': {'address': '0x09e9ff67d9d5a25fa465db6f0bede5560581f8cb'}, 'date': {'date': '2021-08-02'}, 'block': {'height': 12944786}}, {'smartContract': {'address': {'address': '0x92fb910ee371c2444eef79233574b52b4f783dd6'}}, 'caller': {'address': '0x09e9ff67d9d5a25fa465db6f0bede5560581f8cb'}, 'date': {'date': '2021-08-02'}, 'block': {'height': 12944782}}, {'smartContract': {'address': {'address': '0xde73863e972f18d3e79db82c8392ea691c3a8763'}}, 'caller': {'address': '0x09e9ff67d9d5a25fa465db6f0bede5560581f8cb'}, 'date': {'date': '2021-08-02'}, 'block': {'height': 12944779}}, {'smartContract': {'address': {'address': '0x529dbdcd272afab24e95c9ffee452d5f70463f20'}}, 'caller': {'address': '0x09e9ff67d9d5a25fa465db6f0bede5560581f8cb'}, 'date': {'date': '2021-08-02'}, 'block': {'height': 12944774}}, {'smartContract': {'address': {'address': '0xc6f8f45b9bce9e2e0a073436603749725572000a'}}, 'caller': {'address': '0x09e9ff67d9d5a25fa465db6f0bede5560581f8cb'}, 'date': {'date': '2021-08-02'}, 'block': {'height': 12944773}}, {'smartContract': {'address': {'address': '0xd2805e1baa21402d9c60debc19e212b100b11458'}}, 'caller': {'address': '0x09e9ff67d9d5a25fa465db6f0bede5560581f8cb'}, 'date': {'date': '2021-08-02'}, 'block': {'height': 12944765}}, {'smartContract': {'address': {'address': '0x20239c7914450d880fea386a64b2069a1782b579'}}, 'caller': {'address': '0x09e9ff67d9d5a25fa465db6f0bede5560581f8cb'}, 'date': {'date': '2021-08-02'}, 'block': {'height': 12944760}}, {'smartContract': {'address': {'address': '0xfd2459ffa35ae7afd08b9745fb9a3c849ba7324a'}}, 'caller': {'address': '0x09e9ff67d9d5a25fa465db6f0bede5560581f8cb'}, 'date': {'date': '2021-08-02'}, 'block': {'height': 12944756}}, {'smartContract': {'address': {'address': '0xa79ba048e8c4553b4c5efc810b8f236d102ce219'}}, 'caller': {'address': '0x09e9ff67d9d5a25fa465db6f0bede5560581f8cb'}, 'date': {'date': '2021-07-22'}, 'block': {'height': 12874834}}, {'smartContract': {'address': {'address': '0x789fcaa4761072d66575818d0cbdbefd902c214e'}}, 'caller': {'address': '0x09e9ff67d9d5a25fa465db6f0bede5560581f8cb'}, 'date': {'date': '2021-07-22'}, 'block': {'height': 12874577}}, {'smartContract': {'address': {'address': '0xd32660110961cb7f0e15a14fa40b8ae7499fa74f'}}, 'caller': {'address': '0x09e9ff67d9d5a25fa465db6f0bede5560581f8cb'}, 'date': {'date': '2021-07-19'}, 'block': {'height': 12855421}}, {'smartContract': {'address': {'address': '0x0bfe7064da289df7834010be256d5034639a5550'}}, 'caller': {'address': '0x09e9ff67d9d5a25fa465db6f0bede5560581f8cb'}, 'date': {'date': '2021-07-19'}, 'block': {'height': 12855324}}, {'smartContract': {'address': {'address': '0x97e4b35118626e0190a17a725ea989561860e008'}}, 'caller': {'address': '0x09e9ff67d9d5a25fa465db6f0bede5560581f8cb'}, 'date': {'date': '2021-07-19'}, 'block': {'height': 12855323}}, {'smartContract': {'address': {'address': '0x0206dc416802c24d0755e402bce39e23fb8a3b1e'}}, 'caller': {'address': '0x09e9ff67d9d5a25fa465db6f0bede5560581f8cb'}, 'date': {'date': '2021-07-19'}, 'block': {'height': 12855321}}, {'smartContract': {'address': {'address': '0xff8ca05b2c93d6df4b4173a1c1f948c5efc22d10'}}, 'caller': {'address': '0x09e9ff67d9d5a25fa465db6f0bede5560581f8cb'}, 'date': {'date': '2021-07-19'}, 'block': {'height': 12855320}}, {'smartContract': {'address': {'address': '0xba592161b47d6158ecfa89e9b37264802e6acec8'}}, 'caller': {'address': '0x09e9ff67d9d5a25fa465db6f0bede5560581f8cb'}, 'date': {'date': '2021-07-19'}, 'block': {'height': 12855319}}, {'smartContract': {'address': {'address': '0xa06cf3727cb22dd4919742d57790428082c88eed'}}, 'caller': {'address': '0x09e9ff67d9d5a25fa465db6f0bede5560581f8cb'}, 'date': {'date': '2021-07-19'}, 'block': {'height': 12855318}}, {'smartContract': {'address': {'address': '0x5a6ca289808f5f8295e019e41d3971f31c4f9ed9'}}, 'caller': {'address': '0x09e9ff67d9d5a25fa465db6f0bede5560581f8cb'}, 'date': {'date': '2021-07-19'}, 'block': {'height': 12855307}}, {'smartContract': {'address': {'address': '0x2c2e8472a20c162bfaa74a28588203f74e03519f'}}, 'caller': {'address': '0x09e9ff67d9d5a25fa465db6f0bede5560581f8cb'}, 'date': {'date': '2021-07-19'}, 'block': {'height': 12855306}}, {'smartContract': {'address': {'address': '0x44bc12b3e6dcff19d5fd7ab19cec578d1b6edc50'}}, 'caller': {'address': '0x09e9ff67d9d5a25fa465db6f0bede5560581f8cb'}, 'date': {'date': '2021-07-19'}, 'block': {'height': 12855305}}, {'smartContract': {'address': {'address': '0x8d53df23944174a7a442c22e88b4085fdaa9b018'}}, 'caller': {'address': '0x09e9ff67d9d5a25fa465db6f0bede5560581f8cb'}, 'date': {'date': '2021-07-19'}, 'block': {'height': 12855304}}, {'smartContract': {'address': {'address': '0xf9d9fce0d6491bae8f218ae47114599833d857f1'}}, 'caller': {'address': '0x09e9ff67d9d5a25fa465db6f0bede5560581f8cb'}, 'date': {'date': '2021-07-19'}, 'block': {'height': 12855294}}, {'smartContract': {'address': {'address': '0xf52205f10f953c8be60a745f4e2c5ebcd7006f4e'}}, 'caller': {'address': '0x09e9ff67d9d5a25fa465db6f0bede5560581f8cb'}, 'date': {'date': '2021-07-19'}, 'block': {'height': 12855293}}, {'smartContract': {'address': {'address': '0x8c979b9824980208762d3e766c3158410627aac4'}}, 'caller': {'address': '0x09e9ff67d9d5a25fa465db6f0bede5560581f8cb'}, 'date': {'date': '2021-07-19'}, 'block': {'height': 12855285}}, {'smartContract': {'address': {'address': '0x0dd561a68dbc6c15468b4590d2f796af9a9d55b9'}}, 'caller': {'address': '0x09e9ff67d9d5a25fa465db6f0bede5560581f8cb'}, 'date': {'date': '2021-07-19'}, 'block': {'height': 12855284}}, {'smartContract': {'address': {'address': '0xe5cf8bf8b952209dcc38e4f27f1200a2f9c561f1'}}, 'caller': {'address': '0x09e9ff67d9d5a25fa465db6f0bede5560581f8cb'}, 'date': {'date': '2021-07-19'}, 'block': {'height': 12855283}}, {'smartContract': {'address': {'address': '0x26889485fc40fa27f5df91b559b5f31bdbfd0ba5'}}, 'caller': {'address': '0x09e9ff67d9d5a25fa465db6f0bede5560581f8cb'}, 'date': {'date': '2021-07-19'}, 'block': {'height': 12855281}}, {'smartContract': {'address': {'address': '0x7542da5f16c87fe7fcbf45a1499025b788ee2cdf'}}, 'caller': {'address': '0x09e9ff67d9d5a25fa465db6f0bede5560581f8cb'}, 'date': {'date': '2021-07-19'}, 'block': {'height': 12855279}}, {'smartContract': {'address': {'address': '0xcab8fbdaf78e34e664f4d9aa524e4bc194838872'}}, 'caller': {'address': '0x09e9ff67d9d5a25fa465db6f0bede5560581f8cb'}, 'date': {'date': '2021-07-19'}, 'block': {'height': 12855278}}, {'smartContract': {'address': {'address': '0xd336a174e486792b534a9eac27b75f9013837a96'}}, 'caller': {'address': '0x09e9ff67d9d5a25fa465db6f0bede5560581f8cb'}, 'date': {'date': '2021-07-19'}, 'block': {'height': 12855268}}]",2020-10-31
458,458,0xb78B3320493a4EFaa1028130C5Ba26f0B6085Ef8,Dracula Token,https://github.com/Dracula-Protocol,0x94627695F66Ab36Ae00c1995a30Bf5B30E139873,0.0,"[{'smartContract': {'address': {'address': '0xcd19bc5bfb5b98f19711e9d26e6b6d6460724b31'}}, 'caller': {'address': '0x94627695f66ab36ae00c1995a30bf5b30e139873'}, 'date': {'date': '2021-08-07'}, 'block': {'height': 12979136}}, {'smartContract': {'address': {'address': '0xf5282a38e9012ba315585038dd654a8fba121512'}}, 'caller': {'address': '0x94627695f66ab36ae00c1995a30bf5b30e139873'}, 'date': {'date': '2021-08-07'}, 'block': {'height': 12978999}}, {'smartContract': {'address': {'address': '0x9827ee5b4ce63ac423ffbff2f77bb5db5d458833'}}, 'caller': {'address': '0x94627695f66ab36ae00c1995a30bf5b30e139873'}, 'date': {'date': '2021-06-28'}, 'block': {'height': 12719413}}, {'smartContract': {'address': {'address': '0x028b1697b768d36ca457383741344f1bf9b6c9f5'}}, 'caller': {'address': '0x94627695f66ab36ae00c1995a30bf5b30e139873'}, 'date': {'date': '2021-06-28'}, 'block': {'height': 12719405}}, {'smartContract': {'address': {'address': '0xb58e80f655f451f4ad2278a7d806c475accdb8bd'}}, 'caller': {'address': '0x94627695f66ab36ae00c1995a30bf5b30e139873'}, 'date': {'date': '2021-06-28'}, 'block': {'height': 12719403}}, {'smartContract': {'address': {'address': '0x4918944100507ed88f825d2ffbfd74875dd7edc5'}}, 'caller': {'address': '0x94627695f66ab36ae00c1995a30bf5b30e139873'}, 'date': {'date': '2021-06-28'}, 'block': {'height': 12719400}}, {'smartContract': {'address': {'address': '0x62440ae6a5b861d01b0104d6ed77dbeda29c4dc8'}}, 'caller': {'address': '0x94627695f66ab36ae00c1995a30bf5b30e139873'}, 'date': {'date': '2021-06-28'}, 'block': {'height': 12719390}}, {'smartContract': {'address': {'address': '0x4852a488f15ae544c75fed466908a2d1559ebafa'}}, 'caller': {'address': '0x94627695f66ab36ae00c1995a30bf5b30e139873'}, 'date': {'date': '2021-06-28'}, 'block': {'height': 12719283}}, {'smartContract': {'address': {'address': '0xcaabb5e44868f720924aa2c8c4809d4f236ed7ee'}}, 'caller': {'address': '0x94627695f66ab36ae00c1995a30bf5b30e139873'}, 'date': {'date': '2021-06-28'}, 'block': {'height': 12719275}}, {'smartContract': {'address': {'address': '0xca329c19396dfb92f570fd19e6f468af87c9a9c1'}}, 'caller': {'address': '0x94627695f66ab36ae00c1995a30bf5b30e139873'}, 'date': {'date': '2021-06-28'}, 'block': {'height': 12719272}}, {'smartContract': {'address': {'address': '0x44dda8e799de6a4a4a50052793d208b3be16ca33'}}, 'caller': {'address': '0x94627695f66ab36ae00c1995a30bf5b30e139873'}, 'date': {'date': '2021-06-28'}, 'block': {'height': 12719269}}, {'smartContract': {'address': {'address': '0xb3bb0fbc367c43cd53d2fe62da6c274e40b0edb1'}}, 'caller': {'address': '0x94627695f66ab36ae00c1995a30bf5b30e139873'}, 'date': {'date': '2021-05-03'}, 'block': {'height': 12362644}}, {'smartContract': {'address': {'address': '0x9bbb35ddd96963c320027d7e9633ba91422970f4'}}, 'caller': {'address': '0x94627695f66ab36ae00c1995a30bf5b30e139873'}, 'date': {'date': '2021-04-28'}, 'block': {'height': 12330589}}, {'smartContract': {'address': {'address': '0x3aafc074b49d72b66ac466a114205e122b9ad8cf'}}, 'caller': {'address': '0x94627695f66ab36ae00c1995a30bf5b30e139873'}, 'date': {'date': '2021-04-28'}, 'block': {'height': 12330570}}, {'smartContract': {'address': {'address': '0x1543e3d0d71a8ed29019f4eb7b57d319a7051b84'}}, 'caller': {'address': '0x94627695f66ab36ae00c1995a30bf5b30e139873'}, 'date': {'date': '2021-04-28'}, 'block': {'height': 12330564}}, {'smartContract': {'address': {'address': '0xe26ab391a2ba6d9a5399ae412727dd197414cfa1'}}, 'caller': {'address': '0x94627695f66ab36ae00c1995a30bf5b30e139873'}, 'date': {'date': '2021-04-23'}, 'block': {'height': 12299257}}, {'smartContract': {'address': {'address': '0x750ba66b58708c7c1f396844f41dc84b0092f427'}}, 'caller': {'address': '0x94627695f66ab36ae00c1995a30bf5b30e139873'}, 'date': {'date': '2021-04-23'}, 'block': {'height': 12299071}}, {'smartContract': {'address': {'address': '0x707eb2a42bd3788daf749849a26351548f0dab0c'}}, 'caller': {'address': '0x94627695f66ab36ae00c1995a30bf5b30e139873'}, 'date': {'date': '2021-04-22'}, 'block': {'height': 12292609}}, {'smartContract': {'address': {'address': '0x8432bf53c68aed9e703abcd78be3810478f1ee36'}}, 'caller': {'address': '0x94627695f66ab36ae00c1995a30bf5b30e139873'}, 'date': {'date': '2021-04-22'}, 'block': {'height': 12291599}}, {'smartContract': {'address': {'address': '0x8df2844f3f2e3297d57e2a9ee38ab3f7af652e03'}}, 'caller': {'address': '0x94627695f66ab36ae00c1995a30bf5b30e139873'}, 'date': {'date': '2021-04-21'}, 'block': {'height': 12281459}}, {'smartContract': {'address': {'address': '0x680276cf3ea6c52f0fca4ba216c3353fe387ebde'}}, 'caller': {'address': '0x94627695f66ab36ae00c1995a30bf5b30e139873'}, 'date': {'date': '2021-04-16'}, 'block': {'height': 12253832}}, {'smartContract': {'address': {'address': '0x1e455304b42cc684b54d131f5ec713b5ce8b9544'}}, 'caller': {'address': '0x94627695f66ab36ae00c1995a30bf5b30e139873'}, 'date': {'date': '2021-04-16'}, 'block': {'height': 12253784}}, {'smartContract': {'address': {'address': '0xf8cd76cb1bcd0c369de896acb592d92cd823ca03'}}, 'caller': {'address': '0x94627695f66ab36ae00c1995a30bf5b30e139873'}, 'date': {'date': '2021-04-16'}, 'block': {'height': 12253770}}, {'smartContract': {'address': {'address': '0xeb0e5d49c5504dfd850e9d28eb69ba8d8cc02736'}}, 'caller': {'address': '0x94627695f66ab36ae00c1995a30bf5b30e139873'}, 'date': {'date': '2021-04-16'}, 'block': {'height': 12253756}}, {'smartContract': {'address': {'address': '0x2a8021f801df026968d5334faa585596d52d4c38'}}, 'caller': {'address': '0x94627695f66ab36ae00c1995a30bf5b30e139873'}, 'date': {'date': '2021-04-09'}, 'block': {'height': 12203172}}, {'smartContract': {'address': {'address': '0x4e4a9001b2c54c1679d7bfce6d6b3e09714cb2f8'}}, 'caller': {'address': '0x94627695f66ab36ae00c1995a30bf5b30e139873'}, 'date': {'date': '2021-04-08'}, 'block': {'height': 12200590}}, {'smartContract': {'address': {'address': '0xaafa0cc84c02f26008fa496d4e83ab444e08f6dd'}}, 'caller': {'address': '0x94627695f66ab36ae00c1995a30bf5b30e139873'}, 'date': {'date': '2021-04-08'}, 'block': {'height': 12200588}}, {'smartContract': {'address': {'address': '0x7e531c1d6d0f24c0c78e33a8fae6d53b86963823'}}, 'caller': {'address': '0x94627695f66ab36ae00c1995a30bf5b30e139873'}, 'date': {'date': '2021-04-08'}, 'block': {'height': 12200579}}, {'smartContract': {'address': {'address': '0x74492a6d70bf588c4cd293bedff21e83ca91ba72'}}, 'caller': {'address': '0x94627695f66ab36ae00c1995a30bf5b30e139873'}, 'date': {'date': '2021-04-04'}, 'block': {'height': 12170509}}, {'smartContract': {'address': {'address': '0xd5a3f5019faca7eabaf0ad53f1eb9b533f0a92f6'}}, 'caller': {'address': '0x94627695f66ab36ae00c1995a30bf5b30e139873'}, 'date': {'date': '2021-04-03'}, 'block': {'height': 12163404}}, {'smartContract': {'address': {'address': '0x25e61615719f1f36aedb03a615076b3e5aacf0e4'}}, 'caller': {'address': '0x94627695f66ab36ae00c1995a30bf5b30e139873'}, 'date': {'date': '2021-03-28'}, 'block': {'height': 12125295}}, {'smartContract': {'address': {'address': '0x12b7b9e21ad9d7e8992e0c129ed0bcceac185c3e'}}, 'caller': {'address': '0x94627695f66ab36ae00c1995a30bf5b30e139873'}, 'date': {'date': '2021-03-28'}, 'block': {'height': 12125293}}, {'smartContract': {'address': {'address': '0xc2a1b9d197e1e93dfd628876ee01fddbcd7b947b'}}, 'caller': {'address': '0x94627695f66ab36ae00c1995a30bf5b30e139873'}, 'date': {'date': '2021-03-28'}, 'block': {'height': 12125270}}, {'smartContract': {'address': {'address': '0xe4ce241d367b48c4c70719e0a634f1fd16b77b6e'}}, 'caller': {'address': '0x94627695f66ab36ae00c1995a30bf5b30e139873'}, 'date': {'date': '2021-03-28'}, 'block': {'height': 12125267}}, {'smartContract': {'address': {'address': '0x1c5d3785ac5a03be0505421fd36e38862635fd54'}}, 'caller': {'address': '0x94627695f66ab36ae00c1995a30bf5b30e139873'}, 'date': {'date': '2021-03-28'}, 'block': {'height': 12125263}}, {'smartContract': {'address': {'address': '0xc8dfd57e82657f1e7edec5a9aa4906230c29a62a'}}, 'caller': {'address': '0x94627695f66ab36ae00c1995a30bf5b30e139873'}, 'date': {'date': '2021-03-28'}, 'block': {'height': 12125260}}, {'smartContract': {'address': {'address': '0x49351fa7c3d50f6ddbad146f93081bcaa38b41b0'}}, 'caller': {'address': '0x94627695f66ab36ae00c1995a30bf5b30e139873'}, 'date': {'date': '2021-03-28'}, 'block': {'height': 12125259}}, {'smartContract': {'address': {'address': '0xb6e02ff600d8f7a6c057dc262b84cfef6010d99d'}}, 'caller': {'address': '0x94627695f66ab36ae00c1995a30bf5b30e139873'}, 'date': {'date': '2021-03-28'}, 'block': {'height': 12125258}}, {'smartContract': {'address': {'address': '0xc22c12d1a327c1bfe5782bca429a3f7828bc068a'}}, 'caller': {'address': '0x94627695f66ab36ae00c1995a30bf5b30e139873'}, 'date': {'date': '2021-03-28'}, 'block': {'height': 12125256}}, {'smartContract': {'address': {'address': '0xa92bde2a3baa46bf7d284b84d713890c82a11d1b'}}, 'caller': {'address': '0x94627695f66ab36ae00c1995a30bf5b30e139873'}, 'date': {'date': '2020-11-19'}, 'block': {'height': 11286394}}, {'smartContract': {'address': {'address': '0x534d17bf6c1763f62da24a69cc5fb90c7ab5571b'}}, 'caller': {'address': '0x94627695f66ab36ae00c1995a30bf5b30e139873'}, 'date': {'date': '2020-11-18'}, 'block': {'height': 11279320}}, {'smartContract': {'address': {'address': '0xeba1f672df284bf78e33fd521e023632ff17c948'}}, 'caller': {'address': '0x94627695f66ab36ae00c1995a30bf5b30e139873'}, 'date': {'date': '2020-11-18'}, 'block': {'height': 11279318}}, {'smartContract': {'address': {'address': '0x245ccd10c66c9e06a805ea50f7439bc3b540861a'}}, 'caller': {'address': '0x94627695f66ab36ae00c1995a30bf5b30e139873'}, 'date': {'date': '2020-11-18'}, 'block': {'height': 11279317}}, {'smartContract': {'address': {'address': '0xcd2247b2f1ba18dc1373c75b421930e54ac0c4a7'}}, 'caller': {'address': '0x94627695f66ab36ae00c1995a30bf5b30e139873'}, 'date': {'date': '2020-11-08'}, 'block': {'height': 11219255}}, {'smartContract': {'address': {'address': '0xc88a5d099f7daf8bb9511323502daddbda579d28'}}, 'caller': {'address': '0x94627695f66ab36ae00c1995a30bf5b30e139873'}, 'date': {'date': '2020-11-08'}, 'block': {'height': 11218897}}, {'smartContract': {'address': {'address': '0x41aba3bb146e7f9ef4528f548ef933a7d286af75'}}, 'caller': {'address': '0x94627695f66ab36ae00c1995a30bf5b30e139873'}, 'date': {'date': '2020-11-08'}, 'block': {'height': 11218894}}, {'smartContract': {'address': {'address': '0x0d98edf3b3715fe5797d0b489c8bef1e83c1d39e'}}, 'caller': {'address': '0x94627695f66ab36ae00c1995a30bf5b30e139873'}, 'date': {'date': '2020-11-04'}, 'block': {'height': 11193568}}, {'smartContract': {'address': {'address': '0x5abb2d6dd55116bddc568c141fe61dbdc84ac53a'}}, 'caller': {'address': '0x94627695f66ab36ae00c1995a30bf5b30e139873'}, 'date': {'date': '2020-11-01'}, 'block': {'height': 11172818}}, {'smartContract': {'address': {'address': '0x0756dfdcd5afc1909a037b9fa4f23b8abe795357'}}, 'caller': {'address': '0x94627695f66ab36ae00c1995a30bf5b30e139873'}, 'date': {'date': '2020-11-01'}, 'block': {'height': 11172593}}, {'smartContract': {'address': {'address': '0x786fed81fc9602a647b11a02fcfd65ab081dee34'}}, 'caller': {'address': '0x94627695f66ab36ae00c1995a30bf5b30e139873'}, 'date': {'date': '2020-10-31'}, 'block': {'height': 11166657}}, {'smartContract': {'address': {'address': '0x6adc7a9a3ea3d2e3060761db00ad3a4a29d8965a'}}, 'caller': {'address': '0x94627695f66ab36ae00c1995a30bf5b30e139873'}, 'date': {'date': '2020-10-31'}, 'block': {'height': 11166656}}, {'smartContract': {'address': {'address': '0xa2b166860e0fc4ce9ff46b22c3a3716590fb0e48'}}, 'caller': {'address': '0x94627695f66ab36ae00c1995a30bf5b30e139873'}, 'date': {'date': '2020-10-31'}, 'block': {'height': 11165568}}, {'smartContract': {'address': {'address': '0xe12c1478c544677e068e21f7e0e8ee4696ba6aaf'}}, 'caller': {'address': '0x94627695f66ab36ae00c1995a30bf5b30e139873'}, 'date': {'date': '2020-10-31'}, 'block': {'height': 11165278}}, {'smartContract': {'address': {'address': '0x7288ad53f4c36d2c0215b396b193bcb27b31d567'}}, 'caller': {'address': '0x94627695f66ab36ae00c1995a30bf5b30e139873'}, 'date': {'date': '2020-10-24'}, 'block': {'height': 11115755}}, {'smartContract': {'address': {'address': '0x9cd73d0bd3a17be3b8fc59bed0fcf37839734f04'}}, 'caller': {'address': '0x94627695f66ab36ae00c1995a30bf5b30e139873'}, 'date': {'date': '2020-10-22'}, 'block': {'height': 11107552}}, {'smartContract': {'address': {'address': '0x1599ce3e7f85a25ee9aac4d73145813258131c90'}}, 'caller': {'address': '0x94627695f66ab36ae00c1995a30bf5b30e139873'}, 'date': {'date': '2020-10-18'}, 'block': {'height': 11080064}}, {'smartContract': {'address': {'address': '0xf86ebe8d573dc6e79fef62cfcab63fb5ee0e2afc'}}, 'caller': {'address': '0x94627695f66ab36ae00c1995a30bf5b30e139873'}, 'date': {'date': '2020-10-18'}, 'block': {'height': 11080063}}, {'smartContract': {'address': {'address': '0x66a657f70543e166437c66efcb1c8b2b57220750'}}, 'caller': {'address': '0x94627695f66ab36ae00c1995a30bf5b30e139873'}, 'date': {'date': '2020-10-18'}, 'block': {'height': 11080062}}, {'smartContract': {'address': {'address': '0xd0d2a49e04952d84c1b352a4827aff877697314f'}}, 'caller': {'address': '0x94627695f66ab36ae00c1995a30bf5b30e139873'}, 'date': {'date': '2020-10-18'}, 'block': {'height': 11080060}}, {'smartContract': {'address': {'address': '0x5f389d2f80cdf4824350f8f9fba04123e5e0730a'}}, 'caller': {'address': '0x94627695f66ab36ae00c1995a30bf5b30e139873'}, 'date': {'date': '2020-10-14'}, 'block': {'height': 11054785}}, {'smartContract': {'address': {'address': '0x5085ac38d03ef07665f9b1adebd14b6e32cab11d'}}, 'caller': {'address': '0x94627695f66ab36ae00c1995a30bf5b30e139873'}, 'date': {'date': '2020-10-14'}, 'block': {'height': 11054784}}, {'smartContract': {'address': {'address': '0xc9e87b02b5e9526b1a11d54abafbde4e74928375'}}, 'caller': {'address': '0x94627695f66ab36ae00c1995a30bf5b30e139873'}, 'date': {'date': '2020-10-14'}, 'block': {'height': 11054783}}, {'smartContract': {'address': {'address': '0x2736680f6292897fcaaeb69c0178cf226e67485b'}}, 'caller': {'address': '0x94627695f66ab36ae00c1995a30bf5b30e139873'}, 'date': {'date': '2020-10-14'}, 'block': {'height': 11054782}}, {'smartContract': {'address': {'address': '0x6bb3ac9a221de66e27fa524a110242c522eaf88c'}}, 'caller': {'address': '0x94627695f66ab36ae00c1995a30bf5b30e139873'}, 'date': {'date': '2020-10-14'}, 'block': {'height': 11054780}}, {'smartContract': {'address': {'address': '0x2e813f2e524db699d279e631b0f2117856eb902c'}}, 'caller': {'address': '0x94627695f66ab36ae00c1995a30bf5b30e139873'}, 'date': {'date': '2020-10-14'}, 'block': {'height': 11054557}}, {'smartContract': {'address': {'address': '0xfd92f42ba498f7e86882c66f82eac6547a2106f6'}}, 'caller': {'address': '0x94627695f66ab36ae00c1995a30bf5b30e139873'}, 'date': {'date': '2020-10-07'}, 'block': {'height': 11006244}}, {'smartContract': {'address': {'address': '0x7e15af078becbb86af07ebf59378daa813caf54c'}}, 'caller': {'address': '0x94627695f66ab36ae00c1995a30bf5b30e139873'}, 'date': {'date': '2020-10-07'}, 'block': {'height': 11006242}}, {'smartContract': {'address': {'address': '0x5846b3a199d7746e6e4c06c95ddeec299a18063a'}}, 'caller': {'address': '0x94627695f66ab36ae00c1995a30bf5b30e139873'}, 'date': {'date': '2020-10-07'}, 'block': {'height': 11006241}}, {'smartContract': {'address': {'address': '0x5403ffd517dfe40bef9a48997d0c6896ed0c7f28'}}, 'caller': {'address': '0x94627695f66ab36ae00c1995a30bf5b30e139873'}, 'date': {'date': '2020-10-07'}, 'block': {'height': 11006240}}, {'smartContract': {'address': {'address': '0x5e8cc25e7bba1479cee17604b72e8bd64739e3c3'}}, 'caller': {'address': '0x94627695f66ab36ae00c1995a30bf5b30e139873'}, 'date': {'date': '2020-10-06'}, 'block': {'height': 11001630}}, {'smartContract': {'address': {'address': '0x6f4c7a4fd0122016868333769a468068e72b2c48'}}, 'caller': {'address': '0x94627695f66ab36ae00c1995a30bf5b30e139873'}, 'date': {'date': '2020-10-06'}, 'block': {'height': 11001629}}, {'smartContract': {'address': {'address': '0x6e95fded84ca29f5c15501abcf10fd7a410ce353'}}, 'caller': {'address': '0x94627695f66ab36ae00c1995a30bf5b30e139873'}, 'date': {'date': '2020-10-06'}, 'block': {'height': 11001627}}, {'smartContract': {'address': {'address': '0xeb583aaf4f35b84e49ee159d6dcb4a04e4a2a8b5'}}, 'caller': {'address': '0x94627695f66ab36ae00c1995a30bf5b30e139873'}, 'date': {'date': '2020-10-06'}, 'block': {'height': 11001625}}, {'smartContract': {'address': {'address': '0x04a812fb7f02ae13f6267b7ba30b5598a7f6e0eb'}}, 'caller': {'address': '0x94627695f66ab36ae00c1995a30bf5b30e139873'}, 'date': {'date': '2020-10-06'}, 'block': {'height': 11001624}}, {'smartContract': {'address': {'address': '0xd12d68fd52b54908547ebc2cd77ec6ebbefd3099'}}, 'caller': {'address': '0x94627695f66ab36ae00c1995a30bf5b30e139873'}, 'date': {'date': '2020-10-06'}, 'block': {'height': 11001618}}, {'smartContract': {'address': {'address': '0x22b2968814f514d53d5ca11c82ae345b33e823bf'}}, 'caller': {'address': '0x94627695f66ab36ae00c1995a30bf5b30e139873'}, 'date': {'date': '2020-10-06'}, 'block': {'height': 11001616}}, {'smartContract': {'address': {'address': '0x276e62c70e0b540262491199bc1206087f523af6'}}, 'caller': {'address': '0x5c69bee701ef814a2b6a3edd4b1652cb9cc5aa6f'}, 'date': {'date': '2020-10-06'}, 'block': {'height': 11001613}}, {'smartContract': {'address': {'address': '0xb78b3320493a4efaa1028130c5ba26f0b6085ef8'}}, 'caller': {'address': '0x94627695f66ab36ae00c1995a30bf5b30e139873'}, 'date': {'date': '2020-10-06'}, 'block': {'height': 11001608}}]",2020-10-06
459,459,0xc770EEfAd204B5180dF6a14Ee197D99d808ee52d,FOX (FOX),,0x70217E7De3A68187905269462506f81cF344bbad,0.0,[],2019-03-27
460,460,0xcAfE001067cDEF266AfB7Eb5A286dCFD277f3dE5,ParaSwap (PSP),https://github.com/paraswap,0x490CE4616672e93B1c8f5E43aa80312Fd73dEE8C,0.0,"[{'smartContract': {'address': {'address': '0xbbdba695be29a043881c74d288797f50e0dc4259'}}, 'caller': {'address': '0x490ce4616672e93b1c8f5e43aa80312fd73dee8c'}, 'date': {'date': '2022-12-24'}, 'block': {'height': 16257772}}, {'smartContract': {'address': {'address': '0x200345a5821dd742bf135cb6520fd38a7e523e38'}}, 'caller': {'address': '0x490ce4616672e93b1c8f5e43aa80312fd73dee8c'}, 'date': {'date': '2022-12-24'}, 'block': {'height': 16257624}}, {'smartContract': {'address': {'address': '0xcb0e14e96f2cefa8550ad8e4aea344f211e5061d'}}, 'caller': {'address': '0x8e9aa87e45e92bad84d5f8dd1bff34fb92637de9'}, 'date': {'date': '2021-12-29'}, 'block': {'height': 13899835}}, {'smartContract': {'address': {'address': '0x0da2ad0ff3088c66cb0d27bba51024a95f72c484'}}, 'caller': {'address': '0x490ce4616672e93b1c8f5e43aa80312fd73dee8c'}, 'date': {'date': '2021-11-23'}, 'block': {'height': 13671084}}, {'smartContract': {'address': {'address': '0x65a097c9b232a151b5c4df06f2ccc65d4d51f0bc'}}, 'caller': {'address': '0x490ce4616672e93b1c8f5e43aa80312fd73dee8c'}, 'date': {'date': '2021-11-23'}, 'block': {'height': 13670653}}, {'smartContract': {'address': {'address': '0x51d2f2c65d043118eb4329fcbc738943f494609f'}}, 'caller': {'address': '0x490ce4616672e93b1c8f5e43aa80312fd73dee8c'}, 'date': {'date': '2021-11-22'}, 'block': {'height': 13661854}}, {'smartContract': {'address': {'address': '0xb074094d2e858b25d129989644248f9f6946e081'}}, 'caller': {'address': '0x490ce4616672e93b1c8f5e43aa80312fd73dee8c'}, 'date': {'date': '2021-11-22'}, 'block': {'height': 13661850}}, {'smartContract': {'address': {'address': '0x348aa814a72970e76d5756a2cda16e7e8f245aab'}}, 'caller': {'address': '0x490ce4616672e93b1c8f5e43aa80312fd73dee8c'}, 'date': {'date': '2021-11-22'}, 'block': {'height': 13661845}}, {'smartContract': {'address': {'address': '0x6a3cca09b1c2b83834124c8646a68b9bad2a07b9'}}, 'caller': {'address': '0x490ce4616672e93b1c8f5e43aa80312fd73dee8c'}, 'date': {'date': '2021-11-22'}, 'block': {'height': 13661633}}, {'smartContract': {'address': {'address': '0xb1720612d0131839dc489fcf20398ea925282fca'}}, 'caller': {'address': '0xa6b71e26c5e0845f74c812102ca7114b6a896ab2'}, 'date': {'date': '2021-11-22'}, 'block': {'height': 13661339}}, {'smartContract': {'address': {'address': '0x36fbd4fbbceba266c707060be901ca674cc502be'}}, 'caller': {'address': '0xa6b71e26c5e0845f74c812102ca7114b6a896ab2'}, 'date': {'date': '2021-11-17'}, 'block': {'height': 13635687}}, {'smartContract': {'address': {'address': '0x429c73dcb422f23ca9b2c9929ec7687c515dd810'}}, 'caller': {'address': '0xa6b71e26c5e0845f74c812102ca7114b6a896ab2'}, 'date': {'date': '2021-11-17'}, 'block': {'height': 13630027}}, {'smartContract': {'address': {'address': '0xa2487a774beebc05b6d6e8d3e5e7a1f29f1f7524'}}, 'caller': {'address': '0xa6b71e26c5e0845f74c812102ca7114b6a896ab2'}, 'date': {'date': '2021-11-16'}, 'block': {'height': 13629316}}, {'smartContract': {'address': {'address': '0x9ea535a9bcec84be8cf4a6f726baae8e582b0fb8'}}, 'caller': {'address': '0xa6b71e26c5e0845f74c812102ca7114b6a896ab2'}, 'date': {'date': '2021-11-15'}, 'block': {'height': 13620128}}, {'smartContract': {'address': {'address': '0xcafe001067cdef266afb7eb5a286dcfd277f3de5'}}, 'caller': {'address': '0x490ce4616672e93b1c8f5e43aa80312fd73dee8c'}, 'date': {'date': '2021-11-15'}, 'block': {'height': 13619386}}]",2021-11-15
461,461,0xf8E9F10c22840b613cdA05A0c5Fdb59A4d6cd7eF,Dogs Of Elon,,0x8a2B212cA369f4893F298dD0C4aebE0E75C8396e,0.0,"[{'smartContract': {'address': {'address': '0x79798da95c6386921290c244731009d5ac87aa74'}}, 'caller': {'address': '0xa5409ec958c83c3f309868babaca7c86dcb077c1'}, 'date': {'date': '2022-05-25'}, 'block': {'height': 14844326}}, {'smartContract': {'address': {'address': '0x5b586bfe6c283fb4020dddbf1f0a08fd99665819'}}, 'caller': {'address': '0x8a2b212ca369f4893f298dd0c4aebe0e75c8396e'}, 'date': {'date': '2021-11-15'}, 'block': {'height': 13622397}}, {'smartContract': {'address': {'address': '0xaeba219f6bf8ec703a1cf1c4ba540cd4bafa2fbe'}}, 'caller': {'address': '0x8a2b212ca369f4893f298dd0c4aebe0e75c8396e'}, 'date': {'date': '2021-11-10'}, 'block': {'height': 13589514}}, {'smartContract': {'address': {'address': '0xa626eb9cc7dec00703586414d0811e1ba2021443'}}, 'caller': {'address': '0x5c69bee701ef814a2b6a3edd4b1652cb9cc5aa6f'}, 'date': {'date': '2021-11-05'}, 'block': {'height': 13557124}}, {'smartContract': {'address': {'address': '0x9d9681d71142049594020bd863d34d9f48d9df58'}}, 'caller': {'address': '0x5c69bee701ef814a2b6a3edd4b1652cb9cc5aa6f'}, 'date': {'date': '2021-11-05'}, 'block': {'height': 13556654}}, {'smartContract': {'address': {'address': '0x60c6b5dc066e33801f2d9f2830595490a3086b4e'}}, 'caller': {'address': '0x8a2b212ca369f4893f298dd0c4aebe0e75c8396e'}, 'date': {'date': '2021-11-05'}, 'block': {'height': 13554136}}, {'smartContract': {'address': {'address': '0x3c40601f73fbf50b81a72edbf2786f14ebb7371b'}}, 'caller': {'address': '0x8a2b212ca369f4893f298dd0c4aebe0e75c8396e'}, 'date': {'date': '2021-10-19'}, 'block': {'height': 13450324}}, {'smartContract': {'address': {'address': '0xbef1b61dc62b82659f102a332e1276e67371ae6e'}}, 'caller': {'address': '0x3c40601f73fbf50b81a72edbf2786f14ebb7371b'}, 'date': {'date': '2021-10-19'}, 'block': {'height': 13450324}}, {'smartContract': {'address': {'address': '0xf8e9f10c22840b613cda05a0c5fdb59a4d6cd7ef'}}, 'caller': {'address': '0x8a2b212ca369f4893f298dd0c4aebe0e75c8396e'}, 'date': {'date': '2021-10-15'}, 'block': {'height': 13421149}}, {'smartContract': {'address': {'address': '0xd8cdb4b17a741dc7c6a57a650974cd2eba544ff7'}}, 'caller': {'address': '0x8a2b212ca369f4893f298dd0c4aebe0e75c8396e'}, 'date': {'date': '2021-10-13'}, 'block': {'height': 13408732}}]",2021-10-15
